all_reports_hit,bm25_latency_ms,candidate_union_latency_ms,complete_evidence_recall,configuration_checksum,contamination,context_construction_latency_ms,dataset_checksum,deduplication_latency_ms,dense_latency_ms,duplicate_chunk_count,estimated_token_count,evidence_recall,expanded_queries,experiment_id,facet_queries,fusion_latency_ms,index_fingerprint,macro_mrr,normalised_query,original_query,per_report,per_report_hit,per_report_mrr,preserved_acronyms,preserved_numbers,query_transformation_latency_ms,query_type,question_id,removed_phrases,repeated_text_ratio,report_chunk_counts,report_coverage,required_report_ids,reranking_latency_ms,routing_latency_ms,selected_character_count,selected_chunk_count,selection_latency_ms,split,total_retrieval_latency_ms,unique_page_count
True,4.078500001924112,0.14470001042354852,True,04a5ce7716e7f739c55089569953118657c56d931da37da67b3f680d0125b949,0,0.01920000067912042,bf7cf18e02abb87a6e22fe9b686d8f93fa34ceb3f67abc575741c0a63080b56d,0.16169999435078353,32.9718999855686,0,984,1.0,[],RRF_K60,[],0.1745000045048073,d063b65fcefc1858e3315b9e67356a80310b8ae9b4d0864e98dd7c18d8553c1a,1.0,What happened to food inflation in June and July 2025 according to the October 2025 MPR?,What happened to food inflation in June and July 2025 according to the October 2025 MPR?,"{""rbi_mpr_2025_10"": {""accepted_evidence_found"": true, ""accepted_pages"": [10], ""bm25_candidate_ids"": [""rbi_mpr_2025_10_p010_c000"", ""rbi_mpr_2025_10_p024_c000"", ""rbi_mpr_2025_10_p034_c004"", ""rbi_mpr_2025_10_p025_c001"", ""rbi_mpr_2025_10_p102_c000"", ""rbi_mpr_2025_10_p035_c002"", ""rbi_mpr_2025_10_p010_c004"", ""rbi_mpr_2025_10_p014_c000"", ""rbi_mpr_2025_10_p026_c002"", ""rbi_mpr_2025_10_p099_c002"", ""rbi_mpr_2025_10_p034_c000"", ""rbi_mpr_2025_10_p024_c001"", ""rbi_mpr_2025_10_p026_c000"", ""rbi_mpr_2025_10_p013_c002"", ""rbi_mpr_2025_10_p032_c000"", ""rbi_mpr_2025_10_p036_c003"", ""rbi_mpr_2025_10_p030_c000"", ""rbi_mpr_2025_10_p011_c002"", ""rbi_mpr_2025_10_p015_c001"", ""rbi_mpr_2025_10_p066_c001"", ""rbi_mpr_2025_10_p030_c001"", ""rbi_mpr_2025_10_p031_c001"", ""rbi_mpr_2025_10_p013_c004"", ""rbi_mpr_2025_10_p068_c000"", ""rbi_mpr_2025_10_p023_c001"", ""rbi_mpr_2025_10_p035_c003"", ""rbi_mpr_2025_10_p027_c001"", ""rbi_mpr_2025_10_p014_c001"", ""rbi_mpr_2025_10_p024_c003"", ""rbi_mpr_2025_10_p023_c002"", ""rbi_mpr_2025_10_p066_c000"", ""rbi_mpr_2025_10_p025_c002"", ""rbi_mpr_2025_10_p104_c002"", ""rbi_mpr_2025_10_p011_c001"", ""rbi_mpr_2025_10_p105_c000"", ""rbi_mpr_2025_10_p033_c003"", ""rbi_mpr_2025_10_p034_c003"", ""rbi_mpr_2025_10_p101_c001"", ""rbi_mpr_2025_10_p010_c001"", ""rbi_mpr_2025_10_p099_c001"", ""rbi_mpr_2025_10_p025_c000"", ""rbi_mpr_2025_10_p011_c000"", ""rbi_mpr_2025_10_p015_c002"", ""rbi_mpr_2025_10_p010_c003"", ""rbi_mpr_2025_10_p101_c002"", ""rbi_mpr_2025_10_p024_c002"", ""rbi_mpr_2025_10_p027_c000"", ""rbi_mpr_2025_10_p097_c004"", ""rbi_mpr_2025_10_p043_c000"", ""rbi_mpr_2025_10_p010_c005""], ""bm25_candidate_pages"": [10, 24, 34, 25, 102, 35, 10, 14, 26, 99, 34, 24, 26, 13, 32, 36, 30, 11, 15, 66, 30, 31, 13, 68, 23, 35, 27, 14, 24, 23, 66, 25, 104, 11, 105, 33, 34, 101, 10, 99, 25, 11, 15, 10, 101, 24, 27, 97, 43, 10], ""bm25_candidate_scores"": [null, null, null, null, null, null, null, null, null, null, null, null, null, null, null, null, null, null, null, null, null, null, null, null, null, null, null, null, null, null, null, null, null, null, null, null, null, null, null, null, null, null, null, null, null, null, null, null, null, null], ""bm25_first_evidence_rank"": 1, ""candidate_source_expansion"": {""rbi_mpr_2025_10_p010_c000"": [], ""rbi_mpr_2025_10_p010_c001"": [], ""rbi_mpr_2025_10_p010_c002"": [], ""rbi_mpr_2025_10_p010_c003"": [], ""rbi_mpr_2025_10_p010_c004"": [], ""rbi_mpr_2025_10_p010_c005"": [], ""rbi_mpr_2025_10_p011_c000"": [], ""rbi_mpr_2025_10_p011_c001"": [], ""rbi_mpr_2025_10_p011_c002"": [], ""rbi_mpr_2025_10_p013_c002"": [], ""rbi_mpr_2025_10_p013_c004"": [], ""rbi_mpr_2025_10_p014_c000"": [], ""rbi_mpr_2025_10_p014_c001"": [], ""rbi_mpr_2025_10_p015_c001"": [], ""rbi_mpr_2025_10_p015_c002"": [], ""rbi_mpr_2025_10_p023_c000"": [], ""rbi_mpr_2025_10_p023_c001"": [], ""rbi_mpr_2025_10_p023_c002"": [], ""rbi_mpr_2025_10_p024_c000"": [], ""rbi_mpr_2025_10_p024_c001"": [], ""rbi_mpr_2025_10_p024_c002"": [], ""rbi_mpr_2025_10_p024_c003"": [], ""rbi_mpr_2025_10_p025_c000"": [], ""rbi_mpr_2025_10_p025_c001"": [], ""rbi_mpr_2025_10_p025_c002"": [], ""rbi_mpr_2025_10_p026_c000"": [], ""rbi_mpr_2025_10_p026_c002"": [], ""rbi_mpr_2025_10_p026_c003"": [], ""rbi_mpr_2025_10_p027_c000"": [], ""rbi_mpr_2025_10_p027_c001"": [], ""rbi_mpr_2025_10_p027_c003"": [], ""rbi_mpr_2025_10_p028_c000"": [], ""rbi_mpr_2025_10_p028_c001"": [], ""rbi_mpr_2025_10_p028_c002"": [], ""rbi_mpr_2025_10_p029_c000"": [], ""rbi_mpr_2025_10_p029_c002"": [], ""rbi_mpr_2025_10_p030_c000"": [], ""rbi_mpr_2025_10_p030_c001"": [], ""rbi_mpr_2025_10_p031_c000"": [], ""rbi_mpr_2025_10_p031_c001"": [], ""rbi_mpr_2025_10_p032_c000"": [], ""rbi_mpr_2025_10_p032_c001"": [], ""rbi_mpr_2025_10_p032_c002"": [], ""rbi_mpr_2025_10_p033_c001"": [], ""rbi_mpr_2025_10_p033_c003"": [], ""rbi_mpr_2025_10_p034_c000"": [], ""rbi_mpr_2025_10_p034_c001"": [], ""rbi_mpr_2025_10_p034_c002"": [], ""rbi_mpr_2025_10_p034_c003"": [], ""rbi_mpr_2025_10_p034_c004"": [], ""rbi_mpr_2025_10_p035_c002"": [], ""rbi_mpr_2025_10_p035_c003"": [], ""rbi_mpr_2025_10_p036_c000"": [], ""rbi_mpr_2025_10_p036_c003"": [], ""rbi_mpr_2025_10_p038_c000"": [], ""rbi_mpr_2025_10_p040_c000"": [], ""rbi_mpr_2025_10_p041_c003"": [], ""rbi_mpr_2025_10_p041_c004"": [], ""rbi_mpr_2025_10_p043_c000"": [], ""rbi_mpr_2025_10_p066_c000"": [], ""rbi_mpr_2025_10_p066_c001"": [], ""rbi_mpr_2025_10_p068_c000"": [], ""rbi_mpr_2025_10_p097_c004"": [], ""rbi_mpr_2025_10_p099_c001"": [], ""rbi_mpr_2025_10_p099_c002"": [], ""rbi_mpr_2025_10_p101_c001"": [], ""rbi_mpr_2025_10_p101_c002"": [], ""rbi_mpr_2025_10_p102_c000"": [], ""rbi_mpr_2025_10_p104_c002"": [], ""rbi_mpr_2025_10_p105_c000"": []}, ""candidate_source_facet"": {""rbi_mpr_2025_10_p010_c000"": [], ""rbi_mpr_2025_10_p010_c001"": [], ""rbi_mpr_2025_10_p010_c002"": [], ""rbi_mpr_2025_10_p010_c003"": [], ""rbi_mpr_2025_10_p010_c004"": [], ""rbi_mpr_2025_10_p010_c005"": [], ""rbi_mpr_2025_10_p011_c000"": [], ""rbi_mpr_2025_10_p011_c001"": [], ""rbi_mpr_2025_10_p011_c002"": [], ""rbi_mpr_2025_10_p013_c002"": [], ""rbi_mpr_2025_10_p013_c004"": [], ""rbi_mpr_2025_10_p014_c000"": [], ""rbi_mpr_2025_10_p014_c001"": [], ""rbi_mpr_2025_10_p015_c001"": [], ""rbi_mpr_2025_10_p015_c002"": [], ""rbi_mpr_2025_10_p023_c000"": [], ""rbi_mpr_2025_10_p023_c001"": [], ""rbi_mpr_2025_10_p023_c002"": [], ""rbi_mpr_2025_10_p024_c000"": [], ""rbi_mpr_2025_10_p024_c001"": [], ""rbi_mpr_2025_10_p024_c002"": [], ""rbi_mpr_2025_10_p024_c003"": [], ""rbi_mpr_2025_10_p025_c000"": [], ""rbi_mpr_2025_10_p025_c001"": [], ""rbi_mpr_2025_10_p025_c002"": [], ""rbi_mpr_2025_10_p026_c000"": [], ""rbi_mpr_2025_10_p026_c002"": [], ""rbi_mpr_2025_10_p026_c003"": [], ""rbi_mpr_2025_10_p027_c000"": [], ""rbi_mpr_2025_10_p027_c001"": [], ""rbi_mpr_2025_10_p027_c003"": [], ""rbi_mpr_2025_10_p028_c000"": [], ""rbi_mpr_2025_10_p028_c001"": [], ""rbi_mpr_2025_10_p028_c002"": [], ""rbi_mpr_2025_10_p029_c000"": [], ""rbi_mpr_2025_10_p029_c002"": [], ""rbi_mpr_2025_10_p030_c000"": [], ""rbi_mpr_2025_10_p030_c001"": [], ""rbi_mpr_2025_10_p031_c000"": [], ""rbi_mpr_2025_10_p031_c001"": [], ""rbi_mpr_2025_10_p032_c000"": [], ""rbi_mpr_2025_10_p032_c001"": [], ""rbi_mpr_2025_10_p032_c002"": [], ""rbi_mpr_2025_10_p033_c001"": [], ""rbi_mpr_2025_10_p033_c003"": [], ""rbi_mpr_2025_10_p034_c000"": [], ""rbi_mpr_2025_10_p034_c001"": [], ""rbi_mpr_2025_10_p034_c002"": [], ""rbi_mpr_2025_10_p034_c003"": [], ""rbi_mpr_2025_10_p034_c004"": [], ""rbi_mpr_2025_10_p035_c002"": [], ""rbi_mpr_2025_10_p035_c003"": [], ""rbi_mpr_2025_10_p036_c000"": [], ""rbi_mpr_2025_10_p036_c003"": [], ""rbi_mpr_2025_10_p038_c000"": [], ""rbi_mpr_2025_10_p040_c000"": [], ""rbi_mpr_2025_10_p041_c003"": [], ""rbi_mpr_2025_10_p041_c004"": [], ""rbi_mpr_2025_10_p043_c000"": [], ""rbi_mpr_2025_10_p066_c000"": [], ""rbi_mpr_2025_10_p066_c001"": [], ""rbi_mpr_2025_10_p068_c000"": [], ""rbi_mpr_2025_10_p097_c004"": [], ""rbi_mpr_2025_10_p099_c001"": [], ""rbi_mpr_2025_10_p099_c002"": [], ""rbi_mpr_2025_10_p101_c001"": [], ""rbi_mpr_2025_10_p101_c002"": [], ""rbi_mpr_2025_10_p102_c000"": [], ""rbi_mpr_2025_10_p104_c002"": [], ""rbi_mpr_2025_10_p105_c000"": []}, ""candidate_source_query"": {""rbi_mpr_2025_10_p010_c000"": [""What happened to food inflation in June and July 2025 according to the October 2025 MPR?""], ""rbi_mpr_2025_10_p010_c001"": [""What happened to food inflation in June and July 2025 according to the October 2025 MPR?""], ""rbi_mpr_2025_10_p010_c002"": [""What happened to food inflation in June and July 2025 according to the October 2025 MPR?""], ""rbi_mpr_2025_10_p010_c003"": [""What happened to food inflation in June and July 2025 according to the October 2025 MPR?""], ""rbi_mpr_2025_10_p010_c004"": [""What happened to food inflation in June and July 2025 according to the October 2025 MPR?""], ""rbi_mpr_2025_10_p010_c005"": [""What happened to food inflation in June and July 2025 according to the October 2025 MPR?""], ""rbi_mpr_2025_10_p011_c000"": [""What happened to food inflation in June and July 2025 according to the October 2025 MPR?""], ""rbi_mpr_2025_10_p011_c001"": [""What happened to food inflation in June and July 2025 according to the October 2025 MPR?""], ""rbi_mpr_2025_10_p011_c002"": [""What happened to food inflation in June and July 2025 according to the October 2025 MPR?""], ""rbi_mpr_2025_10_p013_c002"": [""What happened to food inflation in June and July 2025 according to the October 2025 MPR?""], ""rbi_mpr_2025_10_p013_c004"": [""What happened to food inflation in June and July 2025 according to the October 2025 MPR?""], ""rbi_mpr_2025_10_p014_c000"": [""What happened to food inflation in June and July 2025 according to the October 2025 MPR?""], ""rbi_mpr_2025_10_p014_c001"": [""What happened to food inflation in June and July 2025 according to the October 2025 MPR?""], ""rbi_mpr_2025_10_p015_c001"": [""What happened to food inflation in June and July 2025 according to the October 2025 MPR?""], ""rbi_mpr_2025_10_p015_c002"": [""What happened to food inflation in June and July 2025 according to the October 2025 MPR?""], ""rbi_mpr_2025_10_p023_c000"": [""What happened to food inflation in June and July 2025 according to the October 2025 MPR?""], ""rbi_mpr_2025_10_p023_c001"": [""What happened to food inflation in June and July 2025 according to the October 2025 MPR?""], ""rbi_mpr_2025_10_p023_c002"": [""What happened to food inflation in June and July 2025 according to the October 2025 MPR?""], ""rbi_mpr_2025_10_p024_c000"": [""What happened to food inflation in June and July 2025 according to the October 2025 MPR?""], ""rbi_mpr_2025_10_p024_c001"": [""What happened to food inflation in June and July 2025 according to the October 2025 MPR?""], ""rbi_mpr_2025_10_p024_c002"": [""What happened to food inflation in June and July 2025 according to the October 2025 MPR?""], ""rbi_mpr_2025_10_p024_c003"": [""What happened to food inflation in June and July 2025 according to the October 2025 MPR?""], ""rbi_mpr_2025_10_p025_c000"": [""What happened to food inflation in June and July 2025 according to the October 2025 MPR?""], ""rbi_mpr_2025_10_p025_c001"": [""What happened to food inflation in June and July 2025 according to the October 2025 MPR?""], ""rbi_mpr_2025_10_p025_c002"": [""What happened to food inflation in June and July 2025 according to the October 2025 MPR?""], ""rbi_mpr_2025_10_p026_c000"": [""What happened to food inflation in June and July 2025 according to the October 2025 MPR?""], ""rbi_mpr_2025_10_p026_c002"": [""What happened to food inflation in June and July 2025 according to the October 2025 MPR?""], ""rbi_mpr_2025_10_p026_c003"": [""What happened to food inflation in June and July 2025 according to the October 2025 MPR?""], ""rbi_mpr_2025_10_p027_c000"": [""What happened to food inflation in June and July 2025 according to the October 2025 MPR?""], ""rbi_mpr_2025_10_p027_c001"": [""What happened to food inflation in June and July 2025 according to the October 2025 MPR?""], ""rbi_mpr_2025_10_p027_c003"": [""What happened to food inflation in June and July 2025 according to the October 2025 MPR?""], ""rbi_mpr_2025_10_p028_c000"": [""What happened to food inflation in June and July 2025 according to the October 2025 MPR?""], ""rbi_mpr_2025_10_p028_c001"": [""What happened to food inflation in June and July 2025 according to the October 2025 MPR?""], ""rbi_mpr_2025_10_p028_c002"": [""What happened to food inflation in June and July 2025 according to the October 2025 MPR?""], ""rbi_mpr_2025_10_p029_c000"": [""What happened to food inflation in June and July 2025 according to the October 2025 MPR?""], ""rbi_mpr_2025_10_p029_c002"": [""What happened to food inflation in June and July 2025 according to the October 2025 MPR?""], ""rbi_mpr_2025_10_p030_c000"": [""What happened to food inflation in June and July 2025 according to the October 2025 MPR?""], ""rbi_mpr_2025_10_p030_c001"": [""What happened to food inflation in June and July 2025 according to the October 2025 MPR?""], ""rbi_mpr_2025_10_p031_c000"": [""What happened to food inflation in June and July 2025 according to the October 2025 MPR?""], ""rbi_mpr_2025_10_p031_c001"": [""What happened to food inflation in June and July 2025 according to the October 2025 MPR?""], ""rbi_mpr_2025_10_p032_c000"": [""What happened to food inflation in June and July 2025 according to the October 2025 MPR?""], ""rbi_mpr_2025_10_p032_c001"": [""What happened to food inflation in June and July 2025 according to the October 2025 MPR?""], ""rbi_mpr_2025_10_p032_c002"": [""What happened to food inflation in June and July 2025 according to the October 2025 MPR?""], ""rbi_mpr_2025_10_p033_c001"": [""What happened to food inflation in June and July 2025 according to the October 2025 MPR?""], ""rbi_mpr_2025_10_p033_c003"": [""What happened to food inflation in June and July 2025 according to the October 2025 MPR?""], ""rbi_mpr_2025_10_p034_c000"": [""What happened to food inflation in June and July 2025 according to the October 2025 MPR?""], ""rbi_mpr_2025_10_p034_c001"": [""What happened to food inflation in June and July 2025 according to the October 2025 MPR?""], ""rbi_mpr_2025_10_p034_c002"": [""What happened to food inflation in June and July 2025 according to the October 2025 MPR?""], ""rbi_mpr_2025_10_p034_c003"": [""What happened to food inflation in June and July 2025 according to the October 2025 MPR?""], ""rbi_mpr_2025_10_p034_c004"": [""What happened to food inflation in June and July 2025 according to the October 2025 MPR?""], ""rbi_mpr_2025_10_p035_c002"": [""What happened to food inflation in June and July 2025 according to the October 2025 MPR?""], ""rbi_mpr_2025_10_p035_c003"": [""What happened to food inflation in June and July 2025 according to the October 2025 MPR?""], ""rbi_mpr_2025_10_p036_c000"": [""What happened to food inflation in June and July 2025 according to the October 2025 MPR?""], ""rbi_mpr_2025_10_p036_c003"": [""What happened to food inflation in June and July 2025 according to the October 2025 MPR?""], ""rbi_mpr_2025_10_p038_c000"": [""What happened to food inflation in June and July 2025 according to the October 2025 MPR?""], ""rbi_mpr_2025_10_p040_c000"": [""What happened to food inflation in June and July 2025 according to the October 2025 MPR?""], ""rbi_mpr_2025_10_p041_c003"": [""What happened to food inflation in June and July 2025 according to the October 2025 MPR?""], ""rbi_mpr_2025_10_p041_c004"": [""What happened to food inflation in June and July 2025 according to the October 2025 MPR?""], ""rbi_mpr_2025_10_p043_c000"": [""What happened to food inflation in June and July 2025 according to the October 2025 MPR?""], ""rbi_mpr_2025_10_p066_c000"": [""What happened to food inflation in June and July 2025 according to the October 2025 MPR?""], ""rbi_mpr_2025_10_p066_c001"": [""What happened to food inflation in June and July 2025 according to the October 2025 MPR?""], ""rbi_mpr_2025_10_p068_c000"": [""What happened to food inflation in June and July 2025 according to the October 2025 MPR?""], ""rbi_mpr_2025_10_p097_c004"": [""What happened to food inflation in June and July 2025 according to the October 2025 MPR?""], ""rbi_mpr_2025_10_p099_c001"": [""What happened to food inflation in June and July 2025 according to the October 2025 MPR?""], ""rbi_mpr_2025_10_p099_c002"": [""What happened to food inflation in June and July 2025 according to the October 2025 MPR?""], ""rbi_mpr_2025_10_p101_c001"": [""What happened to food inflation in June and July 2025 according to the October 2025 MPR?""], ""rbi_mpr_2025_10_p101_c002"": [""What happened to food inflation in June and July 2025 according to the October 2025 MPR?""], ""rbi_mpr_2025_10_p102_c000"": [""What happened to food inflation in June and July 2025 according to the October 2025 MPR?""], ""rbi_mpr_2025_10_p104_c002"": [""What happened to food inflation in June and July 2025 according to the October 2025 MPR?""], ""rbi_mpr_2025_10_p105_c000"": [""What happened to food inflation in June and July 2025 according to the October 2025 MPR?""]}, ""candidate_source_retriever"": {""rbi_mpr_2025_10_p010_c000"": [""bm25"", ""dense""], ""rbi_mpr_2025_10_p010_c001"": [""bm25""], ""rbi_mpr_2025_10_p010_c002"": [""dense""], ""rbi_mpr_2025_10_p010_c003"": [""bm25"", ""dense""], ""rbi_mpr_2025_10_p010_c004"": [""bm25"", ""dense""], ""rbi_mpr_2025_10_p010_c005"": [""bm25""], ""rbi_mpr_2025_10_p011_c000"": [""bm25"", ""dense""], ""rbi_mpr_2025_10_p011_c001"": [""bm25""], ""rbi_mpr_2025_10_p011_c002"": [""bm25"", ""dense""], ""rbi_mpr_2025_10_p013_c002"": [""bm25""], ""rbi_mpr_2025_10_p013_c004"": [""bm25""], ""rbi_mpr_2025_10_p014_c000"": [""bm25"", ""dense""], ""rbi_mpr_2025_10_p014_c001"": [""bm25""], ""rbi_mpr_2025_10_p015_c001"": [""bm25"", ""dense""], ""rbi_mpr_2025_10_p015_c002"": [""bm25"", ""dense""], ""rbi_mpr_2025_10_p023_c000"": [""dense""], ""rbi_mpr_2025_10_p023_c001"": [""bm25"", ""dense""], ""rbi_mpr_2025_10_p023_c002"": [""bm25"", ""dense""], ""rbi_mpr_2025_10_p024_c000"": [""bm25"", ""dense""], ""rbi_mpr_2025_10_p024_c001"": [""bm25"", ""dense""], ""rbi_mpr_2025_10_p024_c002"": [""bm25"", ""dense""], ""rbi_mpr_2025_10_p024_c003"": [""bm25"", ""dense""], ""rbi_mpr_2025_10_p025_c000"": [""bm25"", ""dense""], ""rbi_mpr_2025_10_p025_c001"": [""bm25"", ""dense""], ""rbi_mpr_2025_10_p025_c002"": [""bm25"", ""dense""], ""rbi_mpr_2025_10_p026_c000"": [""bm25"", ""dense""], ""rbi_mpr_2025_10_p026_c002"": [""bm25"", ""dense""], ""rbi_mpr_2025_10_p026_c003"": [""dense""], ""rbi_mpr_2025_10_p027_c000"": [""bm25"", ""dense""], ""rbi_mpr_2025_10_p027_c001"": [""bm25""], ""rbi_mpr_2025_10_p027_c003"": [""dense""], ""rbi_mpr_2025_10_p028_c000"": [""dense""], ""rbi_mpr_2025_10_p028_c001"": [""dense""], ""rbi_mpr_2025_10_p028_c002"": [""dense""], ""rbi_mpr_2025_10_p029_c000"": [""dense""], ""rbi_mpr_2025_10_p029_c002"": [""dense""], ""rbi_mpr_2025_10_p030_c000"": [""bm25"", ""dense""], ""rbi_mpr_2025_10_p030_c001"": [""bm25"", ""dense""], ""rbi_mpr_2025_10_p031_c000"": [""dense""], ""rbi_mpr_2025_10_p031_c001"": [""bm25"", ""dense""], ""rbi_mpr_2025_10_p032_c000"": [""bm25"", ""dense""], ""rbi_mpr_2025_10_p032_c001"": [""dense""], ""rbi_mpr_2025_10_p032_c002"": [""dense""], ""rbi_mpr_2025_10_p033_c001"": [""dense""], ""rbi_mpr_2025_10_p033_c003"": [""bm25""], ""rbi_mpr_2025_10_p034_c000"": [""bm25"", ""dense""], ""rbi_mpr_2025_10_p034_c001"": [""dense""], ""rbi_mpr_2025_10_p034_c002"": [""dense""], ""rbi_mpr_2025_10_p034_c003"": [""bm25""], ""rbi_mpr_2025_10_p034_c004"": [""bm25""], ""rbi_mpr_2025_10_p035_c002"": [""bm25"", ""dense""], ""rbi_mpr_2025_10_p035_c003"": [""bm25"", ""dense""], ""rbi_mpr_2025_10_p036_c000"": [""dense""], ""rbi_mpr_2025_10_p036_c003"": [""bm25"", ""dense""], ""rbi_mpr_2025_10_p038_c000"": [""dense""], ""rbi_mpr_2025_10_p040_c000"": [""dense""], ""rbi_mpr_2025_10_p041_c003"": [""dense""], ""rbi_mpr_2025_10_p041_c004"": [""dense""], ""rbi_mpr_2025_10_p043_c000"": [""bm25""], ""rbi_mpr_2025_10_p066_c000"": [""bm25""], ""rbi_mpr_2025_10_p066_c001"": [""bm25""], ""rbi_mpr_2025_10_p068_c000"": [""bm25""], ""rbi_mpr_2025_10_p097_c004"": [""bm25""], ""rbi_mpr_2025_10_p099_c001"": [""bm25""], ""rbi_mpr_2025_10_p099_c002"": [""bm25""], ""rbi_mpr_2025_10_p101_c001"": [""bm25"", ""dense""], ""rbi_mpr_2025_10_p101_c002"": [""bm25""], ""rbi_mpr_2025_10_p102_c000"": [""bm25"", ""dense""], ""rbi_mpr_2025_10_p104_c002"": [""bm25""], ""rbi_mpr_2025_10_p105_c000"": [""bm25""]}, ""candidate_union_ids"": [""rbi_mpr_2025_10_p025_c000"", ""rbi_mpr_2025_10_p025_c001"", ""rbi_mpr_2025_10_p032_c000"", ""rbi_mpr_2025_10_p010_c000"", ""rbi_mpr_2025_10_p026_c000"", ""rbi_mpr_2025_10_p041_c003"", ""rbi_mpr_2025_10_p025_c002"", ""rbi_mpr_2025_10_p035_c003"", ""rbi_mpr_2025_10_p024_c002"", ""rbi_mpr_2025_10_p010_c003"", ""rbi_mpr_2025_10_p023_c001"", ""rbi_mpr_2025_10_p024_c001"", ""rbi_mpr_2025_10_p010_c004"", ""rbi_mpr_2025_10_p031_c001"", ""rbi_mpr_2025_10_p027_c003"", ""rbi_mpr_2025_10_p024_c000"", ""rbi_mpr_2025_10_p029_c002"", ""rbi_mpr_2025_10_p041_c004"", ""rbi_mpr_2025_10_p035_c002"", ""rbi_mpr_2025_10_p030_c000"", ""rbi_mpr_2025_10_p032_c002"", ""rbi_mpr_2025_10_p031_c000"", ""rbi_mpr_2025_10_p011_c000"", ""rbi_mpr_2025_10_p040_c000"", ""rbi_mpr_2025_10_p028_c001"", ""rbi_mpr_2025_10_p015_c001"", ""rbi_mpr_2025_10_p026_c002"", ""rbi_mpr_2025_10_p014_c000"", ""rbi_mpr_2025_10_p011_c002"", ""rbi_mpr_2025_10_p102_c000"", ""rbi_mpr_2025_10_p034_c001"", ""rbi_mpr_2025_10_p036_c003"", ""rbi_mpr_2025_10_p029_c000"", ""rbi_mpr_2025_10_p030_c001"", ""rbi_mpr_2025_10_p027_c000"", ""rbi_mpr_2025_10_p034_c000"", ""rbi_mpr_2025_10_p024_c003"", ""rbi_mpr_2025_10_p015_c002"", ""rbi_mpr_2025_10_p023_c002"", ""rbi_mpr_2025_10_p028_c002"", ""rbi_mpr_2025_10_p036_c000"", ""rbi_mpr_2025_10_p101_c001"", ""rbi_mpr_2025_10_p033_c001"", ""rbi_mpr_2025_10_p028_c000"", ""rbi_mpr_2025_10_p032_c001"", ""rbi_mpr_2025_10_p026_c003"", ""rbi_mpr_2025_10_p038_c000"", ""rbi_mpr_2025_10_p034_c002"", ""rbi_mpr_2025_10_p010_c002"", ""rbi_mpr_2025_10_p023_c000"", ""rbi_mpr_2025_10_p034_c004"", ""rbi_mpr_2025_10_p099_c002"", ""rbi_mpr_2025_10_p013_c002"", ""rbi_mpr_2025_10_p066_c001"", ""rbi_mpr_2025_10_p013_c004"", ""rbi_mpr_2025_10_p068_c000"", ""rbi_mpr_2025_10_p027_c001"", ""rbi_mpr_2025_10_p014_c001"", ""rbi_mpr_2025_10_p066_c000"", ""rbi_mpr_2025_10_p104_c002"", ""rbi_mpr_2025_10_p011_c001"", ""rbi_mpr_2025_10_p105_c000"", ""rbi_mpr_2025_10_p033_c003"", ""rbi_mpr_2025_10_p034_c003"", ""rbi_mpr_2025_10_p010_c001"", ""rbi_mpr_2025_10_p099_c001"", ""rbi_mpr_2025_10_p101_c002"", ""rbi_mpr_2025_10_p097_c004"", ""rbi_mpr_2025_10_p043_c000"", ""rbi_mpr_2025_10_p010_c005""], ""candidate_union_pages"": [25, 25, 32, 10, 26, 41, 25, 35, 24, 10, 23, 24, 10, 31, 27, 24, 29, 41, 35, 30, 32, 31, 11, 40, 28, 15, 26, 14, 11, 102, 34, 36, 29, 30, 27, 34, 24, 15, 23, 28, 36, 101, 33, 28, 32, 26, 38, 34, 10, 23, 34, 99, 13, 66, 13, 68, 27, 14, 66, 104, 11, 105, 33, 34, 10, 99, 101, 97, 43, 10], ""dense_candidate_ids"": [""rbi_mpr_2025_10_p025_c000"", ""rbi_mpr_2025_10_p025_c001"", ""rbi_mpr_2025_10_p032_c000"", ""rbi_mpr_2025_10_p010_c000"", ""rbi_mpr_2025_10_p026_c000"", ""rbi_mpr_2025_10_p041_c003"", ""rbi_mpr_2025_10_p025_c002"", ""rbi_mpr_2025_10_p035_c003"", ""rbi_mpr_2025_10_p024_c002"", ""rbi_mpr_2025_10_p010_c003"", ""rbi_mpr_2025_10_p023_c001"", ""rbi_mpr_2025_10_p024_c001"", ""rbi_mpr_2025_10_p010_c004"", ""rbi_mpr_2025_10_p031_c001"", ""rbi_mpr_2025_10_p027_c003"", ""rbi_mpr_2025_10_p024_c000"", ""rbi_mpr_2025_10_p029_c002"", ""rbi_mpr_2025_10_p041_c004"", ""rbi_mpr_2025_10_p035_c002"", ""rbi_mpr_2025_10_p030_c000"", ""rbi_mpr_2025_10_p032_c002"", ""rbi_mpr_2025_10_p031_c000"", ""rbi_mpr_2025_10_p011_c000"", ""rbi_mpr_2025_10_p040_c000"", ""rbi_mpr_2025_10_p028_c001"", ""rbi_mpr_2025_10_p015_c001"", ""rbi_mpr_2025_10_p026_c002"", ""rbi_mpr_2025_10_p014_c000"", ""rbi_mpr_2025_10_p011_c002"", ""rbi_mpr_2025_10_p102_c000"", ""rbi_mpr_2025_10_p034_c001"", ""rbi_mpr_2025_10_p036_c003"", ""rbi_mpr_2025_10_p029_c000"", ""rbi_mpr_2025_10_p030_c001"", ""rbi_mpr_2025_10_p027_c000"", ""rbi_mpr_2025_10_p034_c000"", ""rbi_mpr_2025_10_p024_c003"", ""rbi_mpr_2025_10_p015_c002"", ""rbi_mpr_2025_10_p023_c002"", ""rbi_mpr_2025_10_p028_c002"", ""rbi_mpr_2025_10_p036_c000"", ""rbi_mpr_2025_10_p101_c001"", ""rbi_mpr_2025_10_p033_c001"", ""rbi_mpr_2025_10_p028_c000"", ""rbi_mpr_2025_10_p032_c001"", ""rbi_mpr_2025_10_p026_c003"", ""rbi_mpr_2025_10_p038_c000"", ""rbi_mpr_2025_10_p034_c002"", ""rbi_mpr_2025_10_p010_c002"", ""rbi_mpr_2025_10_p023_c000""], ""dense_candidate_pages"": [25, 25, 32, 10, 26, 41, 25, 35, 24, 10, 23, 24, 10, 31, 27, 24, 29, 41, 35, 30, 32, 31, 11, 40, 28, 15, 26, 14, 11, 102, 34, 36, 29, 30, 27, 34, 24, 15, 23, 28, 36, 101, 33, 28, 32, 26, 38, 34, 10, 23], ""dense_candidate_scores"": [0.6280468126334163, 0.6173695829127575, 0.5922477852704451, 0.5887998358874659, 0.5583537954601663, 0.5431219665551776, 0.5415267504858887, 0.5044925254336088, 0.5008424819120199, 0.4993526751108567, 0.49694512068336893, 0.4838235423364723, 0.4800911017260445, 0.47594258742711726, 0.47435596931492463, 0.4740000813260986, 0.4738411034135156, 0.4707417506145699, 0.4666406515202174, 0.46425750011801736, 0.4579939726671164, 0.4577151712642169, 0.456514618284384, 0.4534917620154857, 0.4533756474478382, 0.45328022698280956, 0.45093488130372383, 0.44502247924776706, 0.443395400161004, 0.44303521319362993, 0.43958279624470853, 0.4392489510576537, 0.43504050394014393, 0.431034741017123, 0.4303844572914485, 0.42889363896592114, 0.42503728662087137, 0.41276551518049986, 0.410885681443217, 0.4059534043493811, 0.40302411408417693, 0.39596864734975623, 0.3931254209492113, 0.37667592744389455, 0.3735237646437647, 0.3730985450891383, 0.37106167219430386, 0.3701218396193594, 0.36884183983008356, 0.3685007453850849], ""dense_first_evidence_rank"": 4, ""evidence_rank_after_reranking"": 1, ""evidence_rank_before_reranking"": 1, ""expected_evidence"": [""food inflation turned negative in June and July 2025""], ""loss_stage"": ""evidence_found"", ""report_id"": ""rbi_mpr_2025_10"", ""reranker_input_ids"": [""rbi_mpr_2025_10_p010_c000"", ""rbi_mpr_2025_10_p025_c001"", ""rbi_mpr_2025_10_p024_c000"", ""rbi_mpr_2025_10_p032_c000"", ""rbi_mpr_2025_10_p026_c000"", ""rbi_mpr_2025_10_p010_c004"", ""rbi_mpr_2025_10_p035_c002"", ""rbi_mpr_2025_10_p024_c001"", ""rbi_mpr_2025_10_p102_c000"", ""rbi_mpr_2025_10_p035_c003"", ""rbi_mpr_2025_10_p025_c000"", ""rbi_mpr_2025_10_p014_c000"", ""rbi_mpr_2025_10_p026_c002"", ""rbi_mpr_2025_10_p023_c001"", ""rbi_mpr_2025_10_p025_c002"", ""rbi_mpr_2025_10_p031_c001"", ""rbi_mpr_2025_10_p030_c000"", ""rbi_mpr_2025_10_p034_c000"", ""rbi_mpr_2025_10_p015_c001"", ""rbi_mpr_2025_10_p011_c002"", ""rbi_mpr_2025_10_p036_c003"", ""rbi_mpr_2025_10_p024_c002"", ""rbi_mpr_2025_10_p010_c003"", ""rbi_mpr_2025_10_p030_c001"", ""rbi_mpr_2025_10_p011_c000"", ""rbi_mpr_2025_10_p024_c003"", ""rbi_mpr_2025_10_p023_c002"", ""rbi_mpr_2025_10_p101_c001"", ""rbi_mpr_2025_10_p015_c002"", ""rbi_mpr_2025_10_p027_c000""], ""reranker_input_pages"": [10, 25, 24, 32, 26, 10, 35, 24, 102, 35, 25, 14, 26, 23, 25, 31, 30, 34, 15, 11, 36, 24, 10, 30, 11, 24, 23, 101, 15, 27], ""reranker_input_ranks"": [1, 2, 3, 4, 5, 6, 7, 8, 9, 10, 11, 12, 13, 14, 15, 16, 17, 18, 19, 20, 21, 22, 23, 24, 25, 26, 27, 28, 29, 30], ""reranker_output_ids"": [""rbi_mpr_2025_10_p010_c000"", ""rbi_mpr_2025_10_p102_c000"", ""rbi_mpr_2025_10_p011_c002"", ""rbi_mpr_2025_10_p035_c003"", ""rbi_mpr_2025_10_p032_c000"", ""rbi_mpr_2025_10_p025_c001"", ""rbi_mpr_2025_10_p010_c004"", ""rbi_mpr_2025_10_p026_c000"", ""rbi_mpr_2025_10_p034_c000"", ""rbi_mpr_2025_10_p024_c000"", ""rbi_mpr_2025_10_p030_c000"", ""rbi_mpr_2025_10_p024_c001"", ""rbi_mpr_2025_10_p036_c003"", ""rbi_mpr_2025_10_p024_c002"", ""rbi_mpr_2025_10_p025_c000"", ""rbi_mpr_2025_10_p014_c000"", ""rbi_mpr_2025_10_p015_c002"", ""rbi_mpr_2025_10_p030_c001"", ""rbi_mpr_2025_10_p024_c003"", ""rbi_mpr_2025_10_p011_c000"", ""rbi_mpr_2025_10_p025_c002"", ""rbi_mpr_2025_10_p026_c002"", ""rbi_mpr_2025_10_p010_c003"", ""rbi_mpr_2025_10_p031_c001"", ""rbi_mpr_2025_10_p015_c001"", ""rbi_mpr_2025_10_p023_c002"", ""rbi_mpr_2025_10_p035_c002"", ""rbi_mpr_2025_10_p101_c001"", ""rbi_mpr_2025_10_p023_c001"", ""rbi_mpr_2025_10_p027_c000""], ""reranker_output_pages"": [10, 102, 11, 35, 32, 25, 10, 26, 34, 24, 30, 24, 36, 24, 25, 14, 15, 30, 24, 11, 25, 26, 10, 31, 15, 23, 35, 101, 23, 27], ""reranker_scores"": [7.455930233001709, 6.311703681945801, 6.167206764221191, 6.162416458129883, 5.907863616943359, 5.904942512512207, 5.6006083488464355, 5.5589094161987305, 5.257036209106445, 5.17774772644043, 4.706858158111572, 4.571972846984863, 4.121699333190918, 3.968998432159424, 3.633713722229004, 3.313863754272461, 3.198040246963501, 2.8048226833343506, 2.740795135498047, 1.9675276279449463, 1.8777154684066772, 1.5060118436813354, 0.939220666885376, 0.8057535886764526, 0.5367788076400757, 0.46994251012802124, -0.7573865056037903, -0.8487261533737183, -1.4555840492248535, -4.474484443664551], ""rrf_candidate_ids"": [""rbi_mpr_2025_10_p010_c000"", ""rbi_mpr_2025_10_p025_c001"", ""rbi_mpr_2025_10_p024_c000"", ""rbi_mpr_2025_10_p032_c000"", ""rbi_mpr_2025_10_p026_c000"", ""rbi_mpr_2025_10_p010_c004"", ""rbi_mpr_2025_10_p035_c002"", ""rbi_mpr_2025_10_p024_c001"", ""rbi_mpr_2025_10_p102_c000"", ""rbi_mpr_2025_10_p035_c003"", ""rbi_mpr_2025_10_p025_c000"", ""rbi_mpr_2025_10_p014_c000"", ""rbi_mpr_2025_10_p026_c002"", ""rbi_mpr_2025_10_p023_c001"", ""rbi_mpr_2025_10_p025_c002"", ""rbi_mpr_2025_10_p031_c001"", ""rbi_mpr_2025_10_p030_c000"", ""rbi_mpr_2025_10_p034_c000"", ""rbi_mpr_2025_10_p015_c001"", ""rbi_mpr_2025_10_p011_c002"", ""rbi_mpr_2025_10_p036_c003"", ""rbi_mpr_2025_10_p024_c002"", ""rbi_mpr_2025_10_p010_c003"", ""rbi_mpr_2025_10_p030_c001"", ""rbi_mpr_2025_10_p011_c000"", ""rbi_mpr_2025_10_p024_c003"", ""rbi_mpr_2025_10_p023_c002"", ""rbi_mpr_2025_10_p101_c001"", ""rbi_mpr_2025_10_p015_c002"", ""rbi_mpr_2025_10_p027_c000""], ""rrf_candidate_pages"": [10, 25, 24, 32, 26, 10, 35, 24, 102, 35, 25, 14, 26, 23, 25, 31, 30, 34, 15, 11, 36, 24, 10, 30, 11, 24, 23, 101, 15, 27], ""rrf_first_evidence_rank"": 1, ""rrf_scores"": [0.032018442622950824, 0.031754032258064516, 0.02928692699490662, 0.029206349206349208, 0.029083245521601686, 0.02862400327131466, 0.027809742999616416, 0.027777777777777776, 0.0264957264957265, 0.026333789329685362, 0.02629443272196072, 0.02606951871657754, 0.025987006496751626, 0.025849212924606464, 0.025794938351719664, 0.025708635464733027, 0.02548701298701299, 0.024501173708920188, 0.02428613482484545, 0.024056467876692595, 0.02402745995423341, 0.02392671588733935, 0.0239010989010989, 0.022983976884686105, 0.02185211433971179, 0.021545233406695237, 0.021212121212121213, 0.02000800320128051, 0.01991281949673073, 0.019872110181997048], ""selected_chunk_ids_after_dedup"": [""rbi_mpr_2025_10_p010_c000"", ""rbi_mpr_2025_10_p102_c000"", ""rbi_mpr_2025_10_p011_c002"", ""rbi_mpr_2025_10_p035_c003""], ""selected_chunk_ids_before_dedup"": [""rbi_mpr_2025_10_p010_c000"", ""rbi_mpr_2025_10_p102_c000"", ""rbi_mpr_2025_10_p011_c002"", ""rbi_mpr_2025_10_p035_c003""], ""selected_pages"": [10, 102, 11, 35]}}","{""rbi_mpr_2025_10"": true}","{""rbi_mpr_2025_10"": 1.0}",[],"[""2025"", ""2025""]",0.1328999933321029,single_report,oct_dev_001,[],0.0,"{""rbi_mpr_2025_10"": 4}",1.0,"[""rbi_mpr_2025_10""]",1773.9288000011584,0.09250000584870577,3934,4,0.0046000059228390455,dev,1812.0165999862365,4
True,2.2216000070329756,0.13339999713934958,True,04a5ce7716e7f739c55089569953118657c56d931da37da67b3f680d0125b949,0,0.014699995517730713,bf7cf18e02abb87a6e22fe9b686d8f93fa34ceb3f67abc575741c0a63080b56d,0.2275000006193295,33.4389000054216,0,973,1.0,[],RRF_K60,[],0.11369999265298247,d063b65fcefc1858e3315b9e67356a80310b8ae9b4d0864e98dd7c18d8553c1a,0.25,To what level had the repo rate been brought by October 2025?,To what level had the repo rate been brought by October 2025?,"{""rbi_mpr_2025_10"": {""accepted_evidence_found"": true, ""accepted_pages"": [10], ""bm25_candidate_ids"": [""rbi_mpr_2025_10_p072_c000"", ""rbi_mpr_2025_10_p011_c001"", ""rbi_mpr_2025_10_p012_c002"", ""rbi_mpr_2025_10_p076_c000"", ""rbi_mpr_2025_10_p010_c004"", ""rbi_mpr_2025_10_p066_c000"", ""rbi_mpr_2025_10_p066_c001"", ""rbi_mpr_2025_10_p088_c000"", ""rbi_mpr_2025_10_p071_c000"", ""rbi_mpr_2025_10_p071_c001"", ""rbi_mpr_2025_10_p074_c001"", ""rbi_mpr_2025_10_p074_c000"", ""rbi_mpr_2025_10_p060_c000"", ""rbi_mpr_2025_10_p061_c002"", ""rbi_mpr_2025_10_p011_c002"", ""rbi_mpr_2025_10_p012_c003"", ""rbi_mpr_2025_10_p072_c001"", ""rbi_mpr_2025_10_p083_c001"", ""rbi_mpr_2025_10_p049_c000"", ""rbi_mpr_2025_10_p034_c003"", ""rbi_mpr_2025_10_p040_c002"", ""rbi_mpr_2025_10_p105_c000"", ""rbi_mpr_2025_10_p089_c001"", ""rbi_mpr_2025_10_p073_c002"", ""rbi_mpr_2025_10_p061_c003"", ""rbi_mpr_2025_10_p067_c002"", ""rbi_mpr_2025_10_p010_c005"", ""rbi_mpr_2025_10_p065_c002"", ""rbi_mpr_2025_10_p050_c000"", ""rbi_mpr_2025_10_p048_c000"", ""rbi_mpr_2025_10_p064_c000"", ""rbi_mpr_2025_10_p089_c000"", ""rbi_mpr_2025_10_p065_c001"", ""rbi_mpr_2025_10_p045_c003"", ""rbi_mpr_2025_10_p092_c001"", ""rbi_mpr_2025_10_p091_c000"", ""rbi_mpr_2025_10_p011_c003"", ""rbi_mpr_2025_10_p024_c000"", ""rbi_mpr_2025_10_p010_c001"", ""rbi_mpr_2025_10_p073_c001"", ""rbi_mpr_2025_10_p049_c001"", ""rbi_mpr_2025_10_p067_c001"", ""rbi_mpr_2025_10_p064_c004"", ""rbi_mpr_2025_10_p071_c002"", ""rbi_mpr_2025_10_p102_c000"", ""rbi_mpr_2025_10_p061_c001"", ""rbi_mpr_2025_10_p097_c002"", ""rbi_mpr_2025_10_p075_c000"", ""rbi_mpr_2025_10_p102_c001"", ""rbi_mpr_2025_10_p046_c000""], ""bm25_candidate_pages"": [72, 11, 12, 76, 10, 66, 66, 88, 71, 71, 74, 74, 60, 61, 11, 12, 72, 83, 49, 34, 40, 105, 89, 73, 61, 67, 10, 65, 50, 48, 64, 89, 65, 45, 92, 91, 11, 24, 10, 73, 49, 67, 64, 71, 102, 61, 97, 75, 102, 46], ""bm25_candidate_scores"": [null, null, null, null, null, null, null, null, null, null, null, null, null, null, null, null, null, null, null, null, null, null, null, null, null, null, null, null, null, null, null, null, null, null, null, null, null, null, null, null, null, null, null, null, null, null, null, null, null, null], ""bm25_first_evidence_rank"": 5, ""candidate_source_expansion"": {""rbi_mpr_2025_10_p009_c005"": [], ""rbi_mpr_2025_10_p010_c000"": [], ""rbi_mpr_2025_10_p010_c001"": [], ""rbi_mpr_2025_10_p010_c002"": [], ""rbi_mpr_2025_10_p010_c004"": [], ""rbi_mpr_2025_10_p010_c005"": [], ""rbi_mpr_2025_10_p011_c001"": [], ""rbi_mpr_2025_10_p011_c002"": [], ""rbi_mpr_2025_10_p011_c003"": [], ""rbi_mpr_2025_10_p011_c005"": [], ""rbi_mpr_2025_10_p012_c002"": [], ""rbi_mpr_2025_10_p012_c003"": [], ""rbi_mpr_2025_10_p013_c003"": [], ""rbi_mpr_2025_10_p013_c004"": [], ""rbi_mpr_2025_10_p014_c000"": [], ""rbi_mpr_2025_10_p014_c004"": [], ""rbi_mpr_2025_10_p015_c002"": [], ""rbi_mpr_2025_10_p015_c003"": [], ""rbi_mpr_2025_10_p018_c002"": [], ""rbi_mpr_2025_10_p024_c000"": [], ""rbi_mpr_2025_10_p026_c003"": [], ""rbi_mpr_2025_10_p030_c000"": [], ""rbi_mpr_2025_10_p030_c003"": [], ""rbi_mpr_2025_10_p031_c001"": [], ""rbi_mpr_2025_10_p032_c001"": [], ""rbi_mpr_2025_10_p034_c000"": [], ""rbi_mpr_2025_10_p034_c003"": [], ""rbi_mpr_2025_10_p038_c000"": [], ""rbi_mpr_2025_10_p040_c002"": [], ""rbi_mpr_2025_10_p041_c003"": [], ""rbi_mpr_2025_10_p043_c003"": [], ""rbi_mpr_2025_10_p045_c003"": [], ""rbi_mpr_2025_10_p046_c000"": [], ""rbi_mpr_2025_10_p048_c000"": [], ""rbi_mpr_2025_10_p049_c000"": [], ""rbi_mpr_2025_10_p049_c001"": [], ""rbi_mpr_2025_10_p050_c000"": [], ""rbi_mpr_2025_10_p051_c003"": [], ""rbi_mpr_2025_10_p060_c000"": [], ""rbi_mpr_2025_10_p061_c001"": [], ""rbi_mpr_2025_10_p061_c002"": [], ""rbi_mpr_2025_10_p061_c003"": [], ""rbi_mpr_2025_10_p064_c000"": [], ""rbi_mpr_2025_10_p064_c004"": [], ""rbi_mpr_2025_10_p065_c001"": [], ""rbi_mpr_2025_10_p065_c002"": [], ""rbi_mpr_2025_10_p066_c000"": [], ""rbi_mpr_2025_10_p066_c001"": [], ""rbi_mpr_2025_10_p067_c001"": [], ""rbi_mpr_2025_10_p067_c002"": [], ""rbi_mpr_2025_10_p071_c000"": [], ""rbi_mpr_2025_10_p071_c001"": [], ""rbi_mpr_2025_10_p071_c002"": [], ""rbi_mpr_2025_10_p072_c000"": [], ""rbi_mpr_2025_10_p072_c001"": [], ""rbi_mpr_2025_10_p073_c001"": [], ""rbi_mpr_2025_10_p073_c002"": [], ""rbi_mpr_2025_10_p073_c003"": [], ""rbi_mpr_2025_10_p074_c000"": [], ""rbi_mpr_2025_10_p074_c001"": [], ""rbi_mpr_2025_10_p075_c000"": [], ""rbi_mpr_2025_10_p076_c000"": [], ""rbi_mpr_2025_10_p080_c001"": [], ""rbi_mpr_2025_10_p083_c001"": [], ""rbi_mpr_2025_10_p085_c003"": [], ""rbi_mpr_2025_10_p086_c000"": [], ""rbi_mpr_2025_10_p086_c003"": [], ""rbi_mpr_2025_10_p087_c003"": [], ""rbi_mpr_2025_10_p088_c000"": [], ""rbi_mpr_2025_10_p089_c000"": [], ""rbi_mpr_2025_10_p089_c001"": [], ""rbi_mpr_2025_10_p089_c003"": [], ""rbi_mpr_2025_10_p091_c000"": [], ""rbi_mpr_2025_10_p092_c001"": [], ""rbi_mpr_2025_10_p096_c004"": [], ""rbi_mpr_2025_10_p097_c002"": [], ""rbi_mpr_2025_10_p102_c000"": [], ""rbi_mpr_2025_10_p102_c001"": [], ""rbi_mpr_2025_10_p104_c001"": [], ""rbi_mpr_2025_10_p104_c003"": [], ""rbi_mpr_2025_10_p105_c000"": []}, ""candidate_source_facet"": {""rbi_mpr_2025_10_p009_c005"": [], ""rbi_mpr_2025_10_p010_c000"": [], ""rbi_mpr_2025_10_p010_c001"": [], ""rbi_mpr_2025_10_p010_c002"": [], ""rbi_mpr_2025_10_p010_c004"": [], ""rbi_mpr_2025_10_p010_c005"": [], ""rbi_mpr_2025_10_p011_c001"": [], ""rbi_mpr_2025_10_p011_c002"": [], ""rbi_mpr_2025_10_p011_c003"": [], ""rbi_mpr_2025_10_p011_c005"": [], ""rbi_mpr_2025_10_p012_c002"": [], ""rbi_mpr_2025_10_p012_c003"": [], ""rbi_mpr_2025_10_p013_c003"": [], ""rbi_mpr_2025_10_p013_c004"": [], ""rbi_mpr_2025_10_p014_c000"": [], ""rbi_mpr_2025_10_p014_c004"": [], ""rbi_mpr_2025_10_p015_c002"": [], ""rbi_mpr_2025_10_p015_c003"": [], ""rbi_mpr_2025_10_p018_c002"": [], ""rbi_mpr_2025_10_p024_c000"": [], ""rbi_mpr_2025_10_p026_c003"": [], ""rbi_mpr_2025_10_p030_c000"": [], ""rbi_mpr_2025_10_p030_c003"": [], ""rbi_mpr_2025_10_p031_c001"": [], ""rbi_mpr_2025_10_p032_c001"": [], ""rbi_mpr_2025_10_p034_c000"": [], ""rbi_mpr_2025_10_p034_c003"": [], ""rbi_mpr_2025_10_p038_c000"": [], ""rbi_mpr_2025_10_p040_c002"": [], ""rbi_mpr_2025_10_p041_c003"": [], ""rbi_mpr_2025_10_p043_c003"": [], ""rbi_mpr_2025_10_p045_c003"": [], ""rbi_mpr_2025_10_p046_c000"": [], ""rbi_mpr_2025_10_p048_c000"": [], ""rbi_mpr_2025_10_p049_c000"": [], ""rbi_mpr_2025_10_p049_c001"": [], ""rbi_mpr_2025_10_p050_c000"": [], ""rbi_mpr_2025_10_p051_c003"": [], ""rbi_mpr_2025_10_p060_c000"": [], ""rbi_mpr_2025_10_p061_c001"": [], ""rbi_mpr_2025_10_p061_c002"": [], ""rbi_mpr_2025_10_p061_c003"": [], ""rbi_mpr_2025_10_p064_c000"": [], ""rbi_mpr_2025_10_p064_c004"": [], ""rbi_mpr_2025_10_p065_c001"": [], ""rbi_mpr_2025_10_p065_c002"": [], ""rbi_mpr_2025_10_p066_c000"": [], ""rbi_mpr_2025_10_p066_c001"": [], ""rbi_mpr_2025_10_p067_c001"": [], ""rbi_mpr_2025_10_p067_c002"": [], ""rbi_mpr_2025_10_p071_c000"": [], ""rbi_mpr_2025_10_p071_c001"": [], ""rbi_mpr_2025_10_p071_c002"": [], ""rbi_mpr_2025_10_p072_c000"": [], ""rbi_mpr_2025_10_p072_c001"": [], ""rbi_mpr_2025_10_p073_c001"": [], ""rbi_mpr_2025_10_p073_c002"": [], ""rbi_mpr_2025_10_p073_c003"": [], ""rbi_mpr_2025_10_p074_c000"": [], ""rbi_mpr_2025_10_p074_c001"": [], ""rbi_mpr_2025_10_p075_c000"": [], ""rbi_mpr_2025_10_p076_c000"": [], ""rbi_mpr_2025_10_p080_c001"": [], ""rbi_mpr_2025_10_p083_c001"": [], ""rbi_mpr_2025_10_p085_c003"": [], ""rbi_mpr_2025_10_p086_c000"": [], ""rbi_mpr_2025_10_p086_c003"": [], ""rbi_mpr_2025_10_p087_c003"": [], ""rbi_mpr_2025_10_p088_c000"": [], ""rbi_mpr_2025_10_p089_c000"": [], ""rbi_mpr_2025_10_p089_c001"": [], ""rbi_mpr_2025_10_p089_c003"": [], ""rbi_mpr_2025_10_p091_c000"": [], ""rbi_mpr_2025_10_p092_c001"": [], ""rbi_mpr_2025_10_p096_c004"": [], ""rbi_mpr_2025_10_p097_c002"": [], ""rbi_mpr_2025_10_p102_c000"": [], ""rbi_mpr_2025_10_p102_c001"": [], ""rbi_mpr_2025_10_p104_c001"": [], ""rbi_mpr_2025_10_p104_c003"": [], ""rbi_mpr_2025_10_p105_c000"": []}, ""candidate_source_query"": {""rbi_mpr_2025_10_p009_c005"": [""To what level had the repo rate been brought by October 2025?""], ""rbi_mpr_2025_10_p010_c000"": [""To what level had the repo rate been brought by October 2025?""], ""rbi_mpr_2025_10_p010_c001"": [""To what level had the repo rate been brought by October 2025?""], ""rbi_mpr_2025_10_p010_c002"": [""To what level had the repo rate been brought by October 2025?""], ""rbi_mpr_2025_10_p010_c004"": [""To what level had the repo rate been brought by October 2025?""], ""rbi_mpr_2025_10_p010_c005"": [""To what level had the repo rate been brought by October 2025?""], ""rbi_mpr_2025_10_p011_c001"": [""To what level had the repo rate been brought by October 2025?""], ""rbi_mpr_2025_10_p011_c002"": [""To what level had the repo rate been brought by October 2025?""], ""rbi_mpr_2025_10_p011_c003"": [""To what level had the repo rate been brought by October 2025?""], ""rbi_mpr_2025_10_p011_c005"": [""To what level had the repo rate been brought by October 2025?""], ""rbi_mpr_2025_10_p012_c002"": [""To what level had the repo rate been brought by October 2025?""], ""rbi_mpr_2025_10_p012_c003"": [""To what level had the repo rate been brought by October 2025?""], ""rbi_mpr_2025_10_p013_c003"": [""To what level had the repo rate been brought by October 2025?""], ""rbi_mpr_2025_10_p013_c004"": [""To what level had the repo rate been brought by October 2025?""], ""rbi_mpr_2025_10_p014_c000"": [""To what level had the repo rate been brought by October 2025?""], ""rbi_mpr_2025_10_p014_c004"": [""To what level had the repo rate been brought by October 2025?""], ""rbi_mpr_2025_10_p015_c002"": [""To what level had the repo rate been brought by October 2025?""], ""rbi_mpr_2025_10_p015_c003"": [""To what level had the repo rate been brought by October 2025?""], ""rbi_mpr_2025_10_p018_c002"": [""To what level had the repo rate been brought by October 2025?""], ""rbi_mpr_2025_10_p024_c000"": [""To what level had the repo rate been brought by October 2025?""], ""rbi_mpr_2025_10_p026_c003"": [""To what level had the repo rate been brought by October 2025?""], ""rbi_mpr_2025_10_p030_c000"": [""To what level had the repo rate been brought by October 2025?""], ""rbi_mpr_2025_10_p030_c003"": [""To what level had the repo rate been brought by October 2025?""], ""rbi_mpr_2025_10_p031_c001"": [""To what level had the repo rate been brought by October 2025?""], ""rbi_mpr_2025_10_p032_c001"": [""To what level had the repo rate been brought by October 2025?""], ""rbi_mpr_2025_10_p034_c000"": [""To what level had the repo rate been brought by October 2025?""], ""rbi_mpr_2025_10_p034_c003"": [""To what level had the repo rate been brought by October 2025?""], ""rbi_mpr_2025_10_p038_c000"": [""To what level had the repo rate been brought by October 2025?""], ""rbi_mpr_2025_10_p040_c002"": [""To what level had the repo rate been brought by October 2025?""], ""rbi_mpr_2025_10_p041_c003"": [""To what level had the repo rate been brought by October 2025?""], ""rbi_mpr_2025_10_p043_c003"": [""To what level had the repo rate been brought by October 2025?""], ""rbi_mpr_2025_10_p045_c003"": [""To what level had the repo rate been brought by October 2025?""], ""rbi_mpr_2025_10_p046_c000"": [""To what level had the repo rate been brought by October 2025?""], ""rbi_mpr_2025_10_p048_c000"": [""To what level had the repo rate been brought by October 2025?""], ""rbi_mpr_2025_10_p049_c000"": [""To what level had the repo rate been brought by October 2025?""], ""rbi_mpr_2025_10_p049_c001"": [""To what level had the repo rate been brought by October 2025?""], ""rbi_mpr_2025_10_p050_c000"": [""To what level had the repo rate been brought by October 2025?""], ""rbi_mpr_2025_10_p051_c003"": [""To what level had the repo rate been brought by October 2025?""], ""rbi_mpr_2025_10_p060_c000"": [""To what level had the repo rate been brought by October 2025?""], ""rbi_mpr_2025_10_p061_c001"": [""To what level had the repo rate been brought by October 2025?""], ""rbi_mpr_2025_10_p061_c002"": [""To what level had the repo rate been brought by October 2025?""], ""rbi_mpr_2025_10_p061_c003"": [""To what level had the repo rate been brought by October 2025?""], ""rbi_mpr_2025_10_p064_c000"": [""To what level had the repo rate been brought by October 2025?""], ""rbi_mpr_2025_10_p064_c004"": [""To what level had the repo rate been brought by October 2025?""], ""rbi_mpr_2025_10_p065_c001"": [""To what level had the repo rate been brought by October 2025?""], ""rbi_mpr_2025_10_p065_c002"": [""To what level had the repo rate been brought by October 2025?""], ""rbi_mpr_2025_10_p066_c000"": [""To what level had the repo rate been brought by October 2025?""], ""rbi_mpr_2025_10_p066_c001"": [""To what level had the repo rate been brought by October 2025?""], ""rbi_mpr_2025_10_p067_c001"": [""To what level had the repo rate been brought by October 2025?""], ""rbi_mpr_2025_10_p067_c002"": [""To what level had the repo rate been brought by October 2025?""], ""rbi_mpr_2025_10_p071_c000"": [""To what level had the repo rate been brought by October 2025?""], ""rbi_mpr_2025_10_p071_c001"": [""To what level had the repo rate been brought by October 2025?""], ""rbi_mpr_2025_10_p071_c002"": [""To what level had the repo rate been brought by October 2025?""], ""rbi_mpr_2025_10_p072_c000"": [""To what level had the repo rate been brought by October 2025?""], ""rbi_mpr_2025_10_p072_c001"": [""To what level had the repo rate been brought by October 2025?""], ""rbi_mpr_2025_10_p073_c001"": [""To what level had the repo rate been brought by October 2025?""], ""rbi_mpr_2025_10_p073_c002"": [""To what level had the repo rate been brought by October 2025?""], ""rbi_mpr_2025_10_p073_c003"": [""To what level had the repo rate been brought by October 2025?""], ""rbi_mpr_2025_10_p074_c000"": [""To what level had the repo rate been brought by October 2025?""], ""rbi_mpr_2025_10_p074_c001"": [""To what level had the repo rate been brought by October 2025?""], ""rbi_mpr_2025_10_p075_c000"": [""To what level had the repo rate been brought by October 2025?""], ""rbi_mpr_2025_10_p076_c000"": [""To what level had the repo rate been brought by October 2025?""], ""rbi_mpr_2025_10_p080_c001"": [""To what level had the repo rate been brought by October 2025?""], ""rbi_mpr_2025_10_p083_c001"": [""To what level had the repo rate been brought by October 2025?""], ""rbi_mpr_2025_10_p085_c003"": [""To what level had the repo rate been brought by October 2025?""], ""rbi_mpr_2025_10_p086_c000"": [""To what level had the repo rate been brought by October 2025?""], ""rbi_mpr_2025_10_p086_c003"": [""To what level had the repo rate been brought by October 2025?""], ""rbi_mpr_2025_10_p087_c003"": [""To what level had the repo rate been brought by October 2025?""], ""rbi_mpr_2025_10_p088_c000"": [""To what level had the repo rate been brought by October 2025?""], ""rbi_mpr_2025_10_p089_c000"": [""To what level had the repo rate been brought by October 2025?""], ""rbi_mpr_2025_10_p089_c001"": [""To what level had the repo rate been brought by October 2025?""], ""rbi_mpr_2025_10_p089_c003"": [""To what level had the repo rate been brought by October 2025?""], ""rbi_mpr_2025_10_p091_c000"": [""To what level had the repo rate been brought by October 2025?""], ""rbi_mpr_2025_10_p092_c001"": [""To what level had the repo rate been brought by October 2025?""], ""rbi_mpr_2025_10_p096_c004"": [""To what level had the repo rate been brought by October 2025?""], ""rbi_mpr_2025_10_p097_c002"": [""To what level had the repo rate been brought by October 2025?""], ""rbi_mpr_2025_10_p102_c000"": [""To what level had the repo rate been brought by October 2025?""], ""rbi_mpr_2025_10_p102_c001"": [""To what level had the repo rate been brought by October 2025?""], ""rbi_mpr_2025_10_p104_c001"": [""To what level had the repo rate been brought by October 2025?""], ""rbi_mpr_2025_10_p104_c003"": [""To what level had the repo rate been brought by October 2025?""], ""rbi_mpr_2025_10_p105_c000"": [""To what level had the repo rate been brought by October 2025?""]}, ""candidate_source_retriever"": {""rbi_mpr_2025_10_p009_c005"": [""dense""], ""rbi_mpr_2025_10_p010_c000"": [""dense""], ""rbi_mpr_2025_10_p010_c001"": [""bm25"", ""dense""], ""rbi_mpr_2025_10_p010_c002"": [""dense""], ""rbi_mpr_2025_10_p010_c004"": [""bm25"", ""dense""], ""rbi_mpr_2025_10_p010_c005"": [""bm25""], ""rbi_mpr_2025_10_p011_c001"": [""bm25"", ""dense""], ""rbi_mpr_2025_10_p011_c002"": [""bm25"", ""dense""], ""rbi_mpr_2025_10_p011_c003"": [""bm25"", ""dense""], ""rbi_mpr_2025_10_p011_c005"": [""dense""], ""rbi_mpr_2025_10_p012_c002"": [""bm25""], ""rbi_mpr_2025_10_p012_c003"": [""bm25""], ""rbi_mpr_2025_10_p013_c003"": [""dense""], ""rbi_mpr_2025_10_p013_c004"": [""dense""], ""rbi_mpr_2025_10_p014_c000"": [""dense""], ""rbi_mpr_2025_10_p014_c004"": [""dense""], ""rbi_mpr_2025_10_p015_c002"": [""dense""], ""rbi_mpr_2025_10_p015_c003"": [""dense""], ""rbi_mpr_2025_10_p018_c002"": [""dense""], ""rbi_mpr_2025_10_p024_c000"": [""bm25""], ""rbi_mpr_2025_10_p026_c003"": [""dense""], ""rbi_mpr_2025_10_p030_c000"": [""dense""], ""rbi_mpr_2025_10_p030_c003"": [""dense""], ""rbi_mpr_2025_10_p031_c001"": [""dense""], ""rbi_mpr_2025_10_p032_c001"": [""dense""], ""rbi_mpr_2025_10_p034_c000"": [""dense""], ""rbi_mpr_2025_10_p034_c003"": [""bm25""], ""rbi_mpr_2025_10_p038_c000"": [""dense""], ""rbi_mpr_2025_10_p040_c002"": [""bm25""], ""rbi_mpr_2025_10_p041_c003"": [""dense""], ""rbi_mpr_2025_10_p043_c003"": [""dense""], ""rbi_mpr_2025_10_p045_c003"": [""bm25""], ""rbi_mpr_2025_10_p046_c000"": [""bm25""], ""rbi_mpr_2025_10_p048_c000"": [""bm25""], ""rbi_mpr_2025_10_p049_c000"": [""bm25"", ""dense""], ""rbi_mpr_2025_10_p049_c001"": [""bm25"", ""dense""], ""rbi_mpr_2025_10_p050_c000"": [""bm25""], ""rbi_mpr_2025_10_p051_c003"": [""dense""], ""rbi_mpr_2025_10_p060_c000"": [""bm25""], ""rbi_mpr_2025_10_p061_c001"": [""bm25""], ""rbi_mpr_2025_10_p061_c002"": [""bm25""], ""rbi_mpr_2025_10_p061_c003"": [""bm25""], ""rbi_mpr_2025_10_p064_c000"": [""bm25""], ""rbi_mpr_2025_10_p064_c004"": [""bm25""], ""rbi_mpr_2025_10_p065_c001"": [""bm25""], ""rbi_mpr_2025_10_p065_c002"": [""bm25"", ""dense""], ""rbi_mpr_2025_10_p066_c000"": [""bm25"", ""dense""], ""rbi_mpr_2025_10_p066_c001"": [""bm25"", ""dense""], ""rbi_mpr_2025_10_p067_c001"": [""bm25""], ""rbi_mpr_2025_10_p067_c002"": [""bm25""], ""rbi_mpr_2025_10_p071_c000"": [""bm25"", ""dense""], ""rbi_mpr_2025_10_p071_c001"": [""bm25"", ""dense""], ""rbi_mpr_2025_10_p071_c002"": [""bm25"", ""dense""], ""rbi_mpr_2025_10_p072_c000"": [""bm25"", ""dense""], ""rbi_mpr_2025_10_p072_c001"": [""bm25"", ""dense""], ""rbi_mpr_2025_10_p073_c001"": [""bm25""], ""rbi_mpr_2025_10_p073_c002"": [""bm25"", ""dense""], ""rbi_mpr_2025_10_p073_c003"": [""dense""], ""rbi_mpr_2025_10_p074_c000"": [""bm25"", ""dense""], ""rbi_mpr_2025_10_p074_c001"": [""bm25"", ""dense""], ""rbi_mpr_2025_10_p075_c000"": [""bm25""], ""rbi_mpr_2025_10_p076_c000"": [""bm25""], ""rbi_mpr_2025_10_p080_c001"": [""dense""], ""rbi_mpr_2025_10_p083_c001"": [""bm25""], ""rbi_mpr_2025_10_p085_c003"": [""dense""], ""rbi_mpr_2025_10_p086_c000"": [""dense""], ""rbi_mpr_2025_10_p086_c003"": [""dense""], ""rbi_mpr_2025_10_p087_c003"": [""dense""], ""rbi_mpr_2025_10_p088_c000"": [""bm25""], ""rbi_mpr_2025_10_p089_c000"": [""bm25""], ""rbi_mpr_2025_10_p089_c001"": [""bm25"", ""dense""], ""rbi_mpr_2025_10_p089_c003"": [""dense""], ""rbi_mpr_2025_10_p091_c000"": [""bm25""], ""rbi_mpr_2025_10_p092_c001"": [""bm25""], ""rbi_mpr_2025_10_p096_c004"": [""dense""], ""rbi_mpr_2025_10_p097_c002"": [""bm25""], ""rbi_mpr_2025_10_p102_c000"": [""bm25""], ""rbi_mpr_2025_10_p102_c001"": [""bm25""], ""rbi_mpr_2025_10_p104_c001"": [""dense""], ""rbi_mpr_2025_10_p104_c003"": [""dense""], ""rbi_mpr_2025_10_p105_c000"": [""bm25""]}, ""candidate_union_ids"": [""rbi_mpr_2025_10_p011_c001"", ""rbi_mpr_2025_10_p072_c000"", ""rbi_mpr_2025_10_p011_c003"", ""rbi_mpr_2025_10_p010_c002"", ""rbi_mpr_2025_10_p010_c001"", ""rbi_mpr_2025_10_p073_c002"", ""rbi_mpr_2025_10_p071_c000"", ""rbi_mpr_2025_10_p089_c003"", ""rbi_mpr_2025_10_p071_c001"", ""rbi_mpr_2025_10_p030_c000"", ""rbi_mpr_2025_10_p096_c004"", ""rbi_mpr_2025_10_p066_c001"", ""rbi_mpr_2025_10_p072_c001"", ""rbi_mpr_2025_10_p085_c003"", ""rbi_mpr_2025_10_p010_c004"", ""rbi_mpr_2025_10_p010_c000"", ""rbi_mpr_2025_10_p071_c002"", ""rbi_mpr_2025_10_p049_c000"", ""rbi_mpr_2025_10_p066_c000"", ""rbi_mpr_2025_10_p065_c002"", ""rbi_mpr_2025_10_p015_c003"", ""rbi_mpr_2025_10_p074_c000"", ""rbi_mpr_2025_10_p009_c005"", ""rbi_mpr_2025_10_p049_c001"", ""rbi_mpr_2025_10_p018_c002"", ""rbi_mpr_2025_10_p013_c004"", ""rbi_mpr_2025_10_p011_c005"", ""rbi_mpr_2025_10_p030_c003"", ""rbi_mpr_2025_10_p015_c002"", ""rbi_mpr_2025_10_p014_c000"", ""rbi_mpr_2025_10_p074_c001"", ""rbi_mpr_2025_10_p041_c003"", ""rbi_mpr_2025_10_p104_c001"", ""rbi_mpr_2025_10_p013_c003"", ""rbi_mpr_2025_10_p104_c003"", ""rbi_mpr_2025_10_p043_c003"", ""rbi_mpr_2025_10_p032_c001"", ""rbi_mpr_2025_10_p086_c003"", ""rbi_mpr_2025_10_p073_c003"", ""rbi_mpr_2025_10_p026_c003"", ""rbi_mpr_2025_10_p087_c003"", ""rbi_mpr_2025_10_p089_c001"", ""rbi_mpr_2025_10_p038_c000"", ""rbi_mpr_2025_10_p051_c003"", ""rbi_mpr_2025_10_p034_c000"", ""rbi_mpr_2025_10_p086_c000"", ""rbi_mpr_2025_10_p080_c001"", ""rbi_mpr_2025_10_p011_c002"", ""rbi_mpr_2025_10_p014_c004"", ""rbi_mpr_2025_10_p031_c001"", ""rbi_mpr_2025_10_p012_c002"", ""rbi_mpr_2025_10_p076_c000"", ""rbi_mpr_2025_10_p088_c000"", ""rbi_mpr_2025_10_p060_c000"", ""rbi_mpr_2025_10_p061_c002"", ""rbi_mpr_2025_10_p012_c003"", ""rbi_mpr_2025_10_p083_c001"", ""rbi_mpr_2025_10_p034_c003"", ""rbi_mpr_2025_10_p040_c002"", ""rbi_mpr_2025_10_p105_c000"", ""rbi_mpr_2025_10_p061_c003"", ""rbi_mpr_2025_10_p067_c002"", ""rbi_mpr_2025_10_p010_c005"", ""rbi_mpr_2025_10_p050_c000"", ""rbi_mpr_2025_10_p048_c000"", ""rbi_mpr_2025_10_p064_c000"", ""rbi_mpr_2025_10_p089_c000"", ""rbi_mpr_2025_10_p065_c001"", ""rbi_mpr_2025_10_p045_c003"", ""rbi_mpr_2025_10_p092_c001"", ""rbi_mpr_2025_10_p091_c000"", ""rbi_mpr_2025_10_p024_c000"", ""rbi_mpr_2025_10_p073_c001"", ""rbi_mpr_2025_10_p067_c001"", ""rbi_mpr_2025_10_p064_c004"", ""rbi_mpr_2025_10_p102_c000"", ""rbi_mpr_2025_10_p061_c001"", ""rbi_mpr_2025_10_p097_c002"", ""rbi_mpr_2025_10_p075_c000"", ""rbi_mpr_2025_10_p102_c001"", ""rbi_mpr_2025_10_p046_c000""], ""candidate_union_pages"": [11, 72, 11, 10, 10, 73, 71, 89, 71, 30, 96, 66, 72, 85, 10, 10, 71, 49, 66, 65, 15, 74, 9, 49, 18, 13, 11, 30, 15, 14, 74, 41, 104, 13, 104, 43, 32, 86, 73, 26, 87, 89, 38, 51, 34, 86, 80, 11, 14, 31, 12, 76, 88, 60, 61, 12, 83, 34, 40, 105, 61, 67, 10, 50, 48, 64, 89, 65, 45, 92, 91, 24, 73, 67, 64, 102, 61, 97, 75, 102, 46], ""dense_candidate_ids"": [""rbi_mpr_2025_10_p011_c001"", ""rbi_mpr_2025_10_p072_c000"", ""rbi_mpr_2025_10_p011_c003"", ""rbi_mpr_2025_10_p010_c002"", ""rbi_mpr_2025_10_p010_c001"", ""rbi_mpr_2025_10_p073_c002"", ""rbi_mpr_2025_10_p071_c000"", ""rbi_mpr_2025_10_p089_c003"", ""rbi_mpr_2025_10_p071_c001"", ""rbi_mpr_2025_10_p030_c000"", ""rbi_mpr_2025_10_p096_c004"", ""rbi_mpr_2025_10_p066_c001"", ""rbi_mpr_2025_10_p072_c001"", ""rbi_mpr_2025_10_p085_c003"", ""rbi_mpr_2025_10_p010_c004"", ""rbi_mpr_2025_10_p010_c000"", ""rbi_mpr_2025_10_p071_c002"", ""rbi_mpr_2025_10_p049_c000"", ""rbi_mpr_2025_10_p066_c000"", ""rbi_mpr_2025_10_p065_c002"", ""rbi_mpr_2025_10_p015_c003"", ""rbi_mpr_2025_10_p074_c000"", ""rbi_mpr_2025_10_p009_c005"", ""rbi_mpr_2025_10_p049_c001"", ""rbi_mpr_2025_10_p018_c002"", ""rbi_mpr_2025_10_p013_c004"", ""rbi_mpr_2025_10_p011_c005"", ""rbi_mpr_2025_10_p030_c003"", ""rbi_mpr_2025_10_p015_c002"", ""rbi_mpr_2025_10_p014_c000"", ""rbi_mpr_2025_10_p074_c001"", ""rbi_mpr_2025_10_p041_c003"", ""rbi_mpr_2025_10_p104_c001"", ""rbi_mpr_2025_10_p013_c003"", ""rbi_mpr_2025_10_p104_c003"", ""rbi_mpr_2025_10_p043_c003"", ""rbi_mpr_2025_10_p032_c001"", ""rbi_mpr_2025_10_p086_c003"", ""rbi_mpr_2025_10_p073_c003"", ""rbi_mpr_2025_10_p026_c003"", ""rbi_mpr_2025_10_p087_c003"", ""rbi_mpr_2025_10_p089_c001"", ""rbi_mpr_2025_10_p038_c000"", ""rbi_mpr_2025_10_p051_c003"", ""rbi_mpr_2025_10_p034_c000"", ""rbi_mpr_2025_10_p086_c000"", ""rbi_mpr_2025_10_p080_c001"", ""rbi_mpr_2025_10_p011_c002"", ""rbi_mpr_2025_10_p014_c004"", ""rbi_mpr_2025_10_p031_c001""], ""dense_candidate_pages"": [11, 72, 11, 10, 10, 73, 71, 89, 71, 30, 96, 66, 72, 85, 10, 10, 71, 49, 66, 65, 15, 74, 9, 49, 18, 13, 11, 30, 15, 14, 74, 41, 104, 13, 104, 43, 32, 86, 73, 26, 87, 89, 38, 51, 34, 86, 80, 11, 14, 31], ""dense_candidate_scores"": [0.29186913468833486, 0.26441493044942954, 0.24882540124112895, 0.24095843908547954, 0.2200814191440933, 0.18946493686141563, 0.1807466083658461, 0.1787141187432567, 0.17593883306251135, 0.16481745985224472, 0.16233796075434892, 0.15741124704451648, 0.15476754382482205, 0.14584185283457896, 0.14185358085369015, 0.13879001072913022, 0.13470134495508845, 0.1342873786090144, 0.12752087066798445, 0.12699361359311312, 0.12396064208057223, 0.12362161283115058, 0.11501581642110514, 0.11383739053674058, 0.11222358770725838, 0.1118083569557291, 0.11147573402728106, 0.10592061080615123, 0.10449596303278597, 0.1031548503131694, 0.098979109150104, 0.09824878855910724, 0.09634568976144631, 0.09178953114372168, 0.09143145151877308, 0.09050944706074882, 0.08995108561167642, 0.08760788942186482, 0.08723379399448206, 0.08722502744999183, 0.08664306376575337, 0.08622066804997719, 0.08241935948908263, 0.08163871556096391, 0.07974606918173366, 0.07788596016955385, 0.0763314158090781, 0.07477417405029763, 0.0738949064966633, 0.07194612051521654], ""dense_first_evidence_rank"": 4, ""evidence_rank_after_reranking"": 4, ""evidence_rank_before_reranking"": 6, ""expected_evidence"": [""bringing the repo rate down to 5.5 per cent""], ""loss_stage"": ""evidence_found"", ""report_id"": ""rbi_mpr_2025_10"", ""reranker_input_ids"": [""rbi_mpr_2025_10_p011_c001"", ""rbi_mpr_2025_10_p072_c000"", ""rbi_mpr_2025_10_p071_c000"", ""rbi_mpr_2025_10_p066_c001"", ""rbi_mpr_2025_10_p071_c001"", ""rbi_mpr_2025_10_p010_c004"", ""rbi_mpr_2025_10_p066_c000"", ""rbi_mpr_2025_10_p073_c002"", ""rbi_mpr_2025_10_p072_c001"", ""rbi_mpr_2025_10_p011_c003"", ""rbi_mpr_2025_10_p074_c000"", ""rbi_mpr_2025_10_p010_c001"", ""rbi_mpr_2025_10_p049_c000"", ""rbi_mpr_2025_10_p074_c001"", ""rbi_mpr_2025_10_p065_c002"", ""rbi_mpr_2025_10_p071_c002"", ""rbi_mpr_2025_10_p011_c002"", ""rbi_mpr_2025_10_p089_c001"", ""rbi_mpr_2025_10_p049_c001"", ""rbi_mpr_2025_10_p012_c002"", ""rbi_mpr_2025_10_p010_c002"", ""rbi_mpr_2025_10_p076_c000"", ""rbi_mpr_2025_10_p089_c003"", ""rbi_mpr_2025_10_p088_c000"", ""rbi_mpr_2025_10_p030_c000"", ""rbi_mpr_2025_10_p096_c004"", ""rbi_mpr_2025_10_p060_c000"", ""rbi_mpr_2025_10_p085_c003"", ""rbi_mpr_2025_10_p061_c002"", ""rbi_mpr_2025_10_p010_c000""], ""reranker_input_pages"": [11, 72, 71, 66, 71, 10, 66, 73, 72, 11, 74, 10, 49, 74, 65, 71, 11, 89, 49, 12, 10, 76, 89, 88, 30, 96, 60, 85, 61, 10], ""reranker_input_ranks"": [1, 2, 3, 4, 5, 6, 7, 8, 9, 10, 11, 12, 13, 14, 15, 16, 17, 18, 19, 20, 21, 22, 23, 24, 25, 26, 27, 28, 29, 30], ""reranker_output_ids"": [""rbi_mpr_2025_10_p072_c000"", ""rbi_mpr_2025_10_p066_c000"", ""rbi_mpr_2025_10_p066_c001"", ""rbi_mpr_2025_10_p010_c001"", ""rbi_mpr_2025_10_p074_c000"", ""rbi_mpr_2025_10_p076_c000"", ""rbi_mpr_2025_10_p071_c002"", ""rbi_mpr_2025_10_p071_c001"", ""rbi_mpr_2025_10_p073_c002"", ""rbi_mpr_2025_10_p011_c003"", ""rbi_mpr_2025_10_p072_c001"", ""rbi_mpr_2025_10_p089_c001"", ""rbi_mpr_2025_10_p011_c001"", ""rbi_mpr_2025_10_p010_c000"", ""rbi_mpr_2025_10_p010_c002"", ""rbi_mpr_2025_10_p010_c004"", ""rbi_mpr_2025_10_p088_c000"", ""rbi_mpr_2025_10_p030_c000"", ""rbi_mpr_2025_10_p060_c000"", ""rbi_mpr_2025_10_p074_c001"", ""rbi_mpr_2025_10_p089_c003"", ""rbi_mpr_2025_10_p071_c000"", ""rbi_mpr_2025_10_p049_c000"", ""rbi_mpr_2025_10_p011_c002"", ""rbi_mpr_2025_10_p049_c001"", ""rbi_mpr_2025_10_p065_c002"", ""rbi_mpr_2025_10_p012_c002"", ""rbi_mpr_2025_10_p096_c004"", ""rbi_mpr_2025_10_p085_c003"", ""rbi_mpr_2025_10_p061_c002""], ""reranker_output_pages"": [72, 66, 66, 10, 74, 76, 71, 71, 73, 11, 72, 89, 11, 10, 10, 10, 88, 30, 60, 74, 89, 71, 49, 11, 49, 65, 12, 96, 85, 61], ""reranker_scores"": [4.7712860107421875, 4.426259994506836, 3.6393332481384277, 2.6393532752990723, 2.2453129291534424, 2.14603328704834, 1.6875426769256592, 1.2459298372268677, 1.119711995124817, 0.9683610200881958, 0.7051101326942444, 0.27594804763793945, 0.2347353994846344, 0.14213797450065613, 0.0855880081653595, -0.00014114752411842346, -0.04867434501647949, -0.46229058504104614, -0.9623764753341675, -1.0151450634002686, -2.781010150909424, -2.981639862060547, -3.423372268676758, -3.7347426414489746, -4.511843681335449, -5.514491081237793, -6.26344108581543, -7.367900848388672, -9.558855056762695, -11.301399230957031], ""rrf_candidate_ids"": [""rbi_mpr_2025_10_p011_c001"", ""rbi_mpr_2025_10_p072_c000"", ""rbi_mpr_2025_10_p071_c000"", ""rbi_mpr_2025_10_p066_c001"", ""rbi_mpr_2025_10_p071_c001"", ""rbi_mpr_2025_10_p010_c004"", ""rbi_mpr_2025_10_p066_c000"", ""rbi_mpr_2025_10_p073_c002"", ""rbi_mpr_2025_10_p072_c001"", ""rbi_mpr_2025_10_p011_c003"", ""rbi_mpr_2025_10_p074_c000"", ""rbi_mpr_2025_10_p010_c001"", ""rbi_mpr_2025_10_p049_c000"", ""rbi_mpr_2025_10_p074_c001"", ""rbi_mpr_2025_10_p065_c002"", ""rbi_mpr_2025_10_p071_c002"", ""rbi_mpr_2025_10_p011_c002"", ""rbi_mpr_2025_10_p089_c001"", ""rbi_mpr_2025_10_p049_c001"", ""rbi_mpr_2025_10_p012_c002"", ""rbi_mpr_2025_10_p010_c002"", ""rbi_mpr_2025_10_p076_c000"", ""rbi_mpr_2025_10_p089_c003"", ""rbi_mpr_2025_10_p088_c000"", ""rbi_mpr_2025_10_p030_c000"", ""rbi_mpr_2025_10_p096_c004"", ""rbi_mpr_2025_10_p060_c000"", ""rbi_mpr_2025_10_p085_c003"", ""rbi_mpr_2025_10_p061_c002"", ""rbi_mpr_2025_10_p010_c000""], ""rrf_candidate_pages"": [11, 72, 71, 66, 71, 10, 66, 73, 72, 11, 74, 10, 49, 74, 65, 71, 11, 89, 49, 12, 10, 76, 89, 88, 30, 96, 60, 85, 61, 10], ""rrf_first_evidence_rank"": 6, ""rrf_scores"": [0.03252247488101534, 0.03252247488101534, 0.029418126757516764, 0.028814262023217248, 0.02877846790890269, 0.02871794871794872, 0.027809742999616416, 0.027056277056277056, 0.02668564312399929, 0.026182294223531334, 0.0260840108401084, 0.02548562548562549, 0.025478740668614087, 0.02507351803126451, 0.023863636363636365, 0.022602397602397604, 0.022592592592592595, 0.02185211433971179, 0.021805752003771807, 0.015873015873015872, 0.015625, 0.015625, 0.014705882352941176, 0.014705882352941176, 0.014285714285714285, 0.014084507042253521, 0.0136986301369863, 0.013513513513513514, 0.013513513513513514, 0.013157894736842105], ""selected_chunk_ids_after_dedup"": [""rbi_mpr_2025_10_p072_c000"", ""rbi_mpr_2025_10_p066_c000"", ""rbi_mpr_2025_10_p066_c001"", ""rbi_mpr_2025_10_p010_c001""], ""selected_chunk_ids_before_dedup"": [""rbi_mpr_2025_10_p072_c000"", ""rbi_mpr_2025_10_p066_c000"", ""rbi_mpr_2025_10_p066_c001"", ""rbi_mpr_2025_10_p010_c001""], ""selected_pages"": [72, 66, 66, 10]}}","{""rbi_mpr_2025_10"": true}","{""rbi_mpr_2025_10"": 0.25}",[],"[""2025""]",0.1340000017080456,single_report,oct_dev_002,[],0.0,"{""rbi_mpr_2025_10"": 4}",1.0,"[""rbi_mpr_2025_10""]",1688.8739999994868,0.1218999968841672,3892,4,0.005699999746866524,dev,1725.5290000030072,3
True,3.6371000023791566,0.1669000048423186,True,04a5ce7716e7f739c55089569953118657c56d931da37da67b3f680d0125b949,0,0.02649999805726111,bf7cf18e02abb87a6e22fe9b686d8f93fa34ceb3f67abc575741c0a63080b56d,0.19710000196937472,39.87000000779517,0,973,1.0,[],RRF_K60,[],0.13630000466946512,d063b65fcefc1858e3315b9e67356a80310b8ae9b4d0864e98dd7c18d8553c1a,0.3333333333333333,Where did core inflation broadly remain in the October 2025 report?,Where did core inflation broadly remain in the October 2025 report?,"{""rbi_mpr_2025_10"": {""accepted_evidence_found"": true, ""accepted_pages"": [10], ""bm25_candidate_ids"": [""rbi_mpr_2025_10_p102_c000"", ""rbi_mpr_2025_10_p023_c003"", ""rbi_mpr_2025_10_p011_c000"", ""rbi_mpr_2025_10_p034_c003"", ""rbi_mpr_2025_10_p101_c000"", ""rbi_mpr_2025_10_p031_c000"", ""rbi_mpr_2025_10_p032_c000"", ""rbi_mpr_2025_10_p033_c002"", ""rbi_mpr_2025_10_p076_c000"", ""rbi_mpr_2025_10_p033_c003"", ""rbi_mpr_2025_10_p038_c000"", ""rbi_mpr_2025_10_p096_c000"", ""rbi_mpr_2025_10_p024_c000"", ""rbi_mpr_2025_10_p010_c002"", ""rbi_mpr_2025_10_p041_c004"", ""rbi_mpr_2025_10_p009_c001"", ""rbi_mpr_2025_10_p034_c000"", ""rbi_mpr_2025_10_p101_c002"", ""rbi_mpr_2025_10_p024_c002"", ""rbi_mpr_2025_10_p015_c001"", ""rbi_mpr_2025_10_p073_c002"", ""rbi_mpr_2025_10_p082_c000"", ""rbi_mpr_2025_10_p017_c003"", ""rbi_mpr_2025_10_p071_c001"", ""rbi_mpr_2025_10_p105_c000"", ""rbi_mpr_2025_10_p013_c000"", ""rbi_mpr_2025_10_p011_c001"", ""rbi_mpr_2025_10_p036_c003"", ""rbi_mpr_2025_10_p032_c002"", ""rbi_mpr_2025_10_p023_c001"", ""rbi_mpr_2025_10_p012_c002"", ""rbi_mpr_2025_10_p040_c001"", ""rbi_mpr_2025_10_p024_c001"", ""rbi_mpr_2025_10_p100_c001"", ""rbi_mpr_2025_10_p094_c004"", ""rbi_mpr_2025_10_p025_c001"", ""rbi_mpr_2025_10_p104_c001"", ""rbi_mpr_2025_10_p105_c004"", ""rbi_mpr_2025_10_p030_c000"", ""rbi_mpr_2025_10_p073_c001"", ""rbi_mpr_2025_10_p066_c000"", ""rbi_mpr_2025_10_p033_c000"", ""rbi_mpr_2025_10_p041_c003"", ""rbi_mpr_2025_10_p095_c000"", ""rbi_mpr_2025_10_p035_c003"", ""rbi_mpr_2025_10_p072_c002"", ""rbi_mpr_2025_10_p009_c005"", ""rbi_mpr_2025_10_p026_c000"", ""rbi_mpr_2025_10_p019_c000"", ""rbi_mpr_2025_10_p032_c003""], ""bm25_candidate_pages"": [102, 23, 11, 34, 101, 31, 32, 33, 76, 33, 38, 96, 24, 10, 41, 9, 34, 101, 24, 15, 73, 82, 17, 71, 105, 13, 11, 36, 32, 23, 12, 40, 24, 100, 94, 25, 104, 105, 30, 73, 66, 33, 41, 95, 35, 72, 9, 26, 19, 32], ""bm25_candidate_scores"": [null, null, null, null, null, null, null, null, null, null, null, null, null, null, null, null, null, null, null, null, null, null, null, null, null, null, null, null, null, null, null, null, null, null, null, null, null, null, null, null, null, null, null, null, null, null, null, null, null, null], ""bm25_first_evidence_rank"": 14, ""candidate_source_expansion"": {""rbi_mpr_2025_10_p009_c001"": [], ""rbi_mpr_2025_10_p009_c005"": [], ""rbi_mpr_2025_10_p010_c000"": [], ""rbi_mpr_2025_10_p010_c002"": [], ""rbi_mpr_2025_10_p010_c003"": [], ""rbi_mpr_2025_10_p010_c004"": [], ""rbi_mpr_2025_10_p010_c005"": [], ""rbi_mpr_2025_10_p011_c000"": [], ""rbi_mpr_2025_10_p011_c001"": [], ""rbi_mpr_2025_10_p011_c002"": [], ""rbi_mpr_2025_10_p011_c003"": [], ""rbi_mpr_2025_10_p012_c002"": [], ""rbi_mpr_2025_10_p013_c000"": [], ""rbi_mpr_2025_10_p014_c000"": [], ""rbi_mpr_2025_10_p014_c001"": [], ""rbi_mpr_2025_10_p014_c002"": [], ""rbi_mpr_2025_10_p015_c001"": [], ""rbi_mpr_2025_10_p015_c002"": [], ""rbi_mpr_2025_10_p016_c004"": [], ""rbi_mpr_2025_10_p017_c003"": [], ""rbi_mpr_2025_10_p019_c000"": [], ""rbi_mpr_2025_10_p023_c001"": [], ""rbi_mpr_2025_10_p023_c003"": [], ""rbi_mpr_2025_10_p024_c000"": [], ""rbi_mpr_2025_10_p024_c001"": [], ""rbi_mpr_2025_10_p024_c002"": [], ""rbi_mpr_2025_10_p025_c000"": [], ""rbi_mpr_2025_10_p025_c001"": [], ""rbi_mpr_2025_10_p025_c002"": [], ""rbi_mpr_2025_10_p025_c003"": [], ""rbi_mpr_2025_10_p026_c000"": [], ""rbi_mpr_2025_10_p026_c003"": [], ""rbi_mpr_2025_10_p030_c000"": [], ""rbi_mpr_2025_10_p031_c000"": [], ""rbi_mpr_2025_10_p032_c000"": [], ""rbi_mpr_2025_10_p032_c001"": [], ""rbi_mpr_2025_10_p032_c002"": [], ""rbi_mpr_2025_10_p032_c003"": [], ""rbi_mpr_2025_10_p033_c000"": [], ""rbi_mpr_2025_10_p033_c001"": [], ""rbi_mpr_2025_10_p033_c002"": [], ""rbi_mpr_2025_10_p033_c003"": [], ""rbi_mpr_2025_10_p034_c000"": [], ""rbi_mpr_2025_10_p034_c001"": [], ""rbi_mpr_2025_10_p034_c003"": [], ""rbi_mpr_2025_10_p035_c002"": [], ""rbi_mpr_2025_10_p035_c003"": [], ""rbi_mpr_2025_10_p036_c000"": [], ""rbi_mpr_2025_10_p036_c001"": [], ""rbi_mpr_2025_10_p036_c003"": [], ""rbi_mpr_2025_10_p037_c000"": [], ""rbi_mpr_2025_10_p037_c003"": [], ""rbi_mpr_2025_10_p038_c000"": [], ""rbi_mpr_2025_10_p040_c001"": [], ""rbi_mpr_2025_10_p041_c003"": [], ""rbi_mpr_2025_10_p041_c004"": [], ""rbi_mpr_2025_10_p066_c000"": [], ""rbi_mpr_2025_10_p071_c001"": [], ""rbi_mpr_2025_10_p072_c002"": [], ""rbi_mpr_2025_10_p073_c001"": [], ""rbi_mpr_2025_10_p073_c002"": [], ""rbi_mpr_2025_10_p076_c000"": [], ""rbi_mpr_2025_10_p082_c000"": [], ""rbi_mpr_2025_10_p094_c004"": [], ""rbi_mpr_2025_10_p095_c000"": [], ""rbi_mpr_2025_10_p096_c000"": [], ""rbi_mpr_2025_10_p100_c001"": [], ""rbi_mpr_2025_10_p101_c000"": [], ""rbi_mpr_2025_10_p101_c001"": [], ""rbi_mpr_2025_10_p101_c002"": [], ""rbi_mpr_2025_10_p101_c003"": [], ""rbi_mpr_2025_10_p102_c000"": [], ""rbi_mpr_2025_10_p103_c003"": [], ""rbi_mpr_2025_10_p104_c001"": [], ""rbi_mpr_2025_10_p105_c000"": [], ""rbi_mpr_2025_10_p105_c004"": []}, ""candidate_source_facet"": {""rbi_mpr_2025_10_p009_c001"": [], ""rbi_mpr_2025_10_p009_c005"": [], ""rbi_mpr_2025_10_p010_c000"": [], ""rbi_mpr_2025_10_p010_c002"": [], ""rbi_mpr_2025_10_p010_c003"": [], ""rbi_mpr_2025_10_p010_c004"": [], ""rbi_mpr_2025_10_p010_c005"": [], ""rbi_mpr_2025_10_p011_c000"": [], ""rbi_mpr_2025_10_p011_c001"": [], ""rbi_mpr_2025_10_p011_c002"": [], ""rbi_mpr_2025_10_p011_c003"": [], ""rbi_mpr_2025_10_p012_c002"": [], ""rbi_mpr_2025_10_p013_c000"": [], ""rbi_mpr_2025_10_p014_c000"": [], ""rbi_mpr_2025_10_p014_c001"": [], ""rbi_mpr_2025_10_p014_c002"": [], ""rbi_mpr_2025_10_p015_c001"": [], ""rbi_mpr_2025_10_p015_c002"": [], ""rbi_mpr_2025_10_p016_c004"": [], ""rbi_mpr_2025_10_p017_c003"": [], ""rbi_mpr_2025_10_p019_c000"": [], ""rbi_mpr_2025_10_p023_c001"": [], ""rbi_mpr_2025_10_p023_c003"": [], ""rbi_mpr_2025_10_p024_c000"": [], ""rbi_mpr_2025_10_p024_c001"": [], ""rbi_mpr_2025_10_p024_c002"": [], ""rbi_mpr_2025_10_p025_c000"": [], ""rbi_mpr_2025_10_p025_c001"": [], ""rbi_mpr_2025_10_p025_c002"": [], ""rbi_mpr_2025_10_p025_c003"": [], ""rbi_mpr_2025_10_p026_c000"": [], ""rbi_mpr_2025_10_p026_c003"": [], ""rbi_mpr_2025_10_p030_c000"": [], ""rbi_mpr_2025_10_p031_c000"": [], ""rbi_mpr_2025_10_p032_c000"": [], ""rbi_mpr_2025_10_p032_c001"": [], ""rbi_mpr_2025_10_p032_c002"": [], ""rbi_mpr_2025_10_p032_c003"": [], ""rbi_mpr_2025_10_p033_c000"": [], ""rbi_mpr_2025_10_p033_c001"": [], ""rbi_mpr_2025_10_p033_c002"": [], ""rbi_mpr_2025_10_p033_c003"": [], ""rbi_mpr_2025_10_p034_c000"": [], ""rbi_mpr_2025_10_p034_c001"": [], ""rbi_mpr_2025_10_p034_c003"": [], ""rbi_mpr_2025_10_p035_c002"": [], ""rbi_mpr_2025_10_p035_c003"": [], ""rbi_mpr_2025_10_p036_c000"": [], ""rbi_mpr_2025_10_p036_c001"": [], ""rbi_mpr_2025_10_p036_c003"": [], ""rbi_mpr_2025_10_p037_c000"": [], ""rbi_mpr_2025_10_p037_c003"": [], ""rbi_mpr_2025_10_p038_c000"": [], ""rbi_mpr_2025_10_p040_c001"": [], ""rbi_mpr_2025_10_p041_c003"": [], ""rbi_mpr_2025_10_p041_c004"": [], ""rbi_mpr_2025_10_p066_c000"": [], ""rbi_mpr_2025_10_p071_c001"": [], ""rbi_mpr_2025_10_p072_c002"": [], ""rbi_mpr_2025_10_p073_c001"": [], ""rbi_mpr_2025_10_p073_c002"": [], ""rbi_mpr_2025_10_p076_c000"": [], ""rbi_mpr_2025_10_p082_c000"": [], ""rbi_mpr_2025_10_p094_c004"": [], ""rbi_mpr_2025_10_p095_c000"": [], ""rbi_mpr_2025_10_p096_c000"": [], ""rbi_mpr_2025_10_p100_c001"": [], ""rbi_mpr_2025_10_p101_c000"": [], ""rbi_mpr_2025_10_p101_c001"": [], ""rbi_mpr_2025_10_p101_c002"": [], ""rbi_mpr_2025_10_p101_c003"": [], ""rbi_mpr_2025_10_p102_c000"": [], ""rbi_mpr_2025_10_p103_c003"": [], ""rbi_mpr_2025_10_p104_c001"": [], ""rbi_mpr_2025_10_p105_c000"": [], ""rbi_mpr_2025_10_p105_c004"": []}, ""candidate_source_query"": {""rbi_mpr_2025_10_p009_c001"": [""Where did core inflation broadly remain in the October 2025 report?""], ""rbi_mpr_2025_10_p009_c005"": [""Where did core inflation broadly remain in the October 2025 report?""], ""rbi_mpr_2025_10_p010_c000"": [""Where did core inflation broadly remain in the October 2025 report?""], ""rbi_mpr_2025_10_p010_c002"": [""Where did core inflation broadly remain in the October 2025 report?""], ""rbi_mpr_2025_10_p010_c003"": [""Where did core inflation broadly remain in the October 2025 report?""], ""rbi_mpr_2025_10_p010_c004"": [""Where did core inflation broadly remain in the October 2025 report?""], ""rbi_mpr_2025_10_p010_c005"": [""Where did core inflation broadly remain in the October 2025 report?""], ""rbi_mpr_2025_10_p011_c000"": [""Where did core inflation broadly remain in the October 2025 report?""], ""rbi_mpr_2025_10_p011_c001"": [""Where did core inflation broadly remain in the October 2025 report?""], ""rbi_mpr_2025_10_p011_c002"": [""Where did core inflation broadly remain in the October 2025 report?""], ""rbi_mpr_2025_10_p011_c003"": [""Where did core inflation broadly remain in the October 2025 report?""], ""rbi_mpr_2025_10_p012_c002"": [""Where did core inflation broadly remain in the October 2025 report?""], ""rbi_mpr_2025_10_p013_c000"": [""Where did core inflation broadly remain in the October 2025 report?""], ""rbi_mpr_2025_10_p014_c000"": [""Where did core inflation broadly remain in the October 2025 report?""], ""rbi_mpr_2025_10_p014_c001"": [""Where did core inflation broadly remain in the October 2025 report?""], ""rbi_mpr_2025_10_p014_c002"": [""Where did core inflation broadly remain in the October 2025 report?""], ""rbi_mpr_2025_10_p015_c001"": [""Where did core inflation broadly remain in the October 2025 report?""], ""rbi_mpr_2025_10_p015_c002"": [""Where did core inflation broadly remain in the October 2025 report?""], ""rbi_mpr_2025_10_p016_c004"": [""Where did core inflation broadly remain in the October 2025 report?""], ""rbi_mpr_2025_10_p017_c003"": [""Where did core inflation broadly remain in the October 2025 report?""], ""rbi_mpr_2025_10_p019_c000"": [""Where did core inflation broadly remain in the October 2025 report?""], ""rbi_mpr_2025_10_p023_c001"": [""Where did core inflation broadly remain in the October 2025 report?""], ""rbi_mpr_2025_10_p023_c003"": [""Where did core inflation broadly remain in the October 2025 report?""], ""rbi_mpr_2025_10_p024_c000"": [""Where did core inflation broadly remain in the October 2025 report?""], ""rbi_mpr_2025_10_p024_c001"": [""Where did core inflation broadly remain in the October 2025 report?""], ""rbi_mpr_2025_10_p024_c002"": [""Where did core inflation broadly remain in the October 2025 report?""], ""rbi_mpr_2025_10_p025_c000"": [""Where did core inflation broadly remain in the October 2025 report?""], ""rbi_mpr_2025_10_p025_c001"": [""Where did core inflation broadly remain in the October 2025 report?""], ""rbi_mpr_2025_10_p025_c002"": [""Where did core inflation broadly remain in the October 2025 report?""], ""rbi_mpr_2025_10_p025_c003"": [""Where did core inflation broadly remain in the October 2025 report?""], ""rbi_mpr_2025_10_p026_c000"": [""Where did core inflation broadly remain in the October 2025 report?""], ""rbi_mpr_2025_10_p026_c003"": [""Where did core inflation broadly remain in the October 2025 report?""], ""rbi_mpr_2025_10_p030_c000"": [""Where did core inflation broadly remain in the October 2025 report?""], ""rbi_mpr_2025_10_p031_c000"": [""Where did core inflation broadly remain in the October 2025 report?""], ""rbi_mpr_2025_10_p032_c000"": [""Where did core inflation broadly remain in the October 2025 report?""], ""rbi_mpr_2025_10_p032_c001"": [""Where did core inflation broadly remain in the October 2025 report?""], ""rbi_mpr_2025_10_p032_c002"": [""Where did core inflation broadly remain in the October 2025 report?""], ""rbi_mpr_2025_10_p032_c003"": [""Where did core inflation broadly remain in the October 2025 report?""], ""rbi_mpr_2025_10_p033_c000"": [""Where did core inflation broadly remain in the October 2025 report?""], ""rbi_mpr_2025_10_p033_c001"": [""Where did core inflation broadly remain in the October 2025 report?""], ""rbi_mpr_2025_10_p033_c002"": [""Where did core inflation broadly remain in the October 2025 report?""], ""rbi_mpr_2025_10_p033_c003"": [""Where did core inflation broadly remain in the October 2025 report?""], ""rbi_mpr_2025_10_p034_c000"": [""Where did core inflation broadly remain in the October 2025 report?""], ""rbi_mpr_2025_10_p034_c001"": [""Where did core inflation broadly remain in the October 2025 report?""], ""rbi_mpr_2025_10_p034_c003"": [""Where did core inflation broadly remain in the October 2025 report?""], ""rbi_mpr_2025_10_p035_c002"": [""Where did core inflation broadly remain in the October 2025 report?""], ""rbi_mpr_2025_10_p035_c003"": [""Where did core inflation broadly remain in the October 2025 report?""], ""rbi_mpr_2025_10_p036_c000"": [""Where did core inflation broadly remain in the October 2025 report?""], ""rbi_mpr_2025_10_p036_c001"": [""Where did core inflation broadly remain in the October 2025 report?""], ""rbi_mpr_2025_10_p036_c003"": [""Where did core inflation broadly remain in the October 2025 report?""], ""rbi_mpr_2025_10_p037_c000"": [""Where did core inflation broadly remain in the October 2025 report?""], ""rbi_mpr_2025_10_p037_c003"": [""Where did core inflation broadly remain in the October 2025 report?""], ""rbi_mpr_2025_10_p038_c000"": [""Where did core inflation broadly remain in the October 2025 report?""], ""rbi_mpr_2025_10_p040_c001"": [""Where did core inflation broadly remain in the October 2025 report?""], ""rbi_mpr_2025_10_p041_c003"": [""Where did core inflation broadly remain in the October 2025 report?""], ""rbi_mpr_2025_10_p041_c004"": [""Where did core inflation broadly remain in the October 2025 report?""], ""rbi_mpr_2025_10_p066_c000"": [""Where did core inflation broadly remain in the October 2025 report?""], ""rbi_mpr_2025_10_p071_c001"": [""Where did core inflation broadly remain in the October 2025 report?""], ""rbi_mpr_2025_10_p072_c002"": [""Where did core inflation broadly remain in the October 2025 report?""], ""rbi_mpr_2025_10_p073_c001"": [""Where did core inflation broadly remain in the October 2025 report?""], ""rbi_mpr_2025_10_p073_c002"": [""Where did core inflation broadly remain in the October 2025 report?""], ""rbi_mpr_2025_10_p076_c000"": [""Where did core inflation broadly remain in the October 2025 report?""], ""rbi_mpr_2025_10_p082_c000"": [""Where did core inflation broadly remain in the October 2025 report?""], ""rbi_mpr_2025_10_p094_c004"": [""Where did core inflation broadly remain in the October 2025 report?""], ""rbi_mpr_2025_10_p095_c000"": [""Where did core inflation broadly remain in the October 2025 report?""], ""rbi_mpr_2025_10_p096_c000"": [""Where did core inflation broadly remain in the October 2025 report?""], ""rbi_mpr_2025_10_p100_c001"": [""Where did core inflation broadly remain in the October 2025 report?""], ""rbi_mpr_2025_10_p101_c000"": [""Where did core inflation broadly remain in the October 2025 report?""], ""rbi_mpr_2025_10_p101_c001"": [""Where did core inflation broadly remain in the October 2025 report?""], ""rbi_mpr_2025_10_p101_c002"": [""Where did core inflation broadly remain in the October 2025 report?""], ""rbi_mpr_2025_10_p101_c003"": [""Where did core inflation broadly remain in the October 2025 report?""], ""rbi_mpr_2025_10_p102_c000"": [""Where did core inflation broadly remain in the October 2025 report?""], ""rbi_mpr_2025_10_p103_c003"": [""Where did core inflation broadly remain in the October 2025 report?""], ""rbi_mpr_2025_10_p104_c001"": [""Where did core inflation broadly remain in the October 2025 report?""], ""rbi_mpr_2025_10_p105_c000"": [""Where did core inflation broadly remain in the October 2025 report?""], ""rbi_mpr_2025_10_p105_c004"": [""Where did core inflation broadly remain in the October 2025 report?""]}, ""candidate_source_retriever"": {""rbi_mpr_2025_10_p009_c001"": [""bm25"", ""dense""], ""rbi_mpr_2025_10_p009_c005"": [""bm25""], ""rbi_mpr_2025_10_p010_c000"": [""dense""], ""rbi_mpr_2025_10_p010_c002"": [""bm25"", ""dense""], ""rbi_mpr_2025_10_p010_c003"": [""dense""], ""rbi_mpr_2025_10_p010_c004"": [""dense""], ""rbi_mpr_2025_10_p010_c005"": [""dense""], ""rbi_mpr_2025_10_p011_c000"": [""bm25"", ""dense""], ""rbi_mpr_2025_10_p011_c001"": [""bm25"", ""dense""], ""rbi_mpr_2025_10_p011_c002"": [""dense""], ""rbi_mpr_2025_10_p011_c003"": [""dense""], ""rbi_mpr_2025_10_p012_c002"": [""bm25""], ""rbi_mpr_2025_10_p013_c000"": [""bm25""], ""rbi_mpr_2025_10_p014_c000"": [""dense""], ""rbi_mpr_2025_10_p014_c001"": [""dense""], ""rbi_mpr_2025_10_p014_c002"": [""dense""], ""rbi_mpr_2025_10_p015_c001"": [""bm25"", ""dense""], ""rbi_mpr_2025_10_p015_c002"": [""dense""], ""rbi_mpr_2025_10_p016_c004"": [""dense""], ""rbi_mpr_2025_10_p017_c003"": [""bm25""], ""rbi_mpr_2025_10_p019_c000"": [""bm25""], ""rbi_mpr_2025_10_p023_c001"": [""bm25""], ""rbi_mpr_2025_10_p023_c003"": [""bm25""], ""rbi_mpr_2025_10_p024_c000"": [""bm25"", ""dense""], ""rbi_mpr_2025_10_p024_c001"": [""bm25"", ""dense""], ""rbi_mpr_2025_10_p024_c002"": [""bm25"", ""dense""], ""rbi_mpr_2025_10_p025_c000"": [""dense""], ""rbi_mpr_2025_10_p025_c001"": [""bm25"", ""dense""], ""rbi_mpr_2025_10_p025_c002"": [""dense""], ""rbi_mpr_2025_10_p025_c003"": [""dense""], ""rbi_mpr_2025_10_p026_c000"": [""bm25""], ""rbi_mpr_2025_10_p026_c003"": [""dense""], ""rbi_mpr_2025_10_p030_c000"": [""bm25""], ""rbi_mpr_2025_10_p031_c000"": [""bm25""], ""rbi_mpr_2025_10_p032_c000"": [""bm25"", ""dense""], ""rbi_mpr_2025_10_p032_c001"": [""dense""], ""rbi_mpr_2025_10_p032_c002"": [""bm25"", ""dense""], ""rbi_mpr_2025_10_p032_c003"": [""bm25""], ""rbi_mpr_2025_10_p033_c000"": [""bm25""], ""rbi_mpr_2025_10_p033_c001"": [""dense""], ""rbi_mpr_2025_10_p033_c002"": [""bm25"", ""dense""], ""rbi_mpr_2025_10_p033_c003"": [""bm25"", ""dense""], ""rbi_mpr_2025_10_p034_c000"": [""bm25"", ""dense""], ""rbi_mpr_2025_10_p034_c001"": [""dense""], ""rbi_mpr_2025_10_p034_c003"": [""bm25"", ""dense""], ""rbi_mpr_2025_10_p035_c002"": [""dense""], ""rbi_mpr_2025_10_p035_c003"": [""bm25"", ""dense""], ""rbi_mpr_2025_10_p036_c000"": [""dense""], ""rbi_mpr_2025_10_p036_c001"": [""dense""], ""rbi_mpr_2025_10_p036_c003"": [""bm25""], ""rbi_mpr_2025_10_p037_c000"": [""dense""], ""rbi_mpr_2025_10_p037_c003"": [""dense""], ""rbi_mpr_2025_10_p038_c000"": [""bm25""], ""rbi_mpr_2025_10_p040_c001"": [""bm25"", ""dense""], ""rbi_mpr_2025_10_p041_c003"": [""bm25"", ""dense""], ""rbi_mpr_2025_10_p041_c004"": [""bm25"", ""dense""], ""rbi_mpr_2025_10_p066_c000"": [""bm25""], ""rbi_mpr_2025_10_p071_c001"": [""bm25""], ""rbi_mpr_2025_10_p072_c002"": [""bm25""], ""rbi_mpr_2025_10_p073_c001"": [""bm25""], ""rbi_mpr_2025_10_p073_c002"": [""bm25""], ""rbi_mpr_2025_10_p076_c000"": [""bm25""], ""rbi_mpr_2025_10_p082_c000"": [""bm25""], ""rbi_mpr_2025_10_p094_c004"": [""bm25""], ""rbi_mpr_2025_10_p095_c000"": [""bm25""], ""rbi_mpr_2025_10_p096_c000"": [""bm25"", ""dense""], ""rbi_mpr_2025_10_p100_c001"": [""bm25"", ""dense""], ""rbi_mpr_2025_10_p101_c000"": [""bm25"", ""dense""], ""rbi_mpr_2025_10_p101_c001"": [""dense""], ""rbi_mpr_2025_10_p101_c002"": [""bm25"", ""dense""], ""rbi_mpr_2025_10_p101_c003"": [""dense""], ""rbi_mpr_2025_10_p102_c000"": [""bm25"", ""dense""], ""rbi_mpr_2025_10_p103_c003"": [""dense""], ""rbi_mpr_2025_10_p104_c001"": [""bm25""], ""rbi_mpr_2025_10_p105_c000"": [""bm25""], ""rbi_mpr_2025_10_p105_c004"": [""bm25""]}, ""candidate_union_ids"": [""rbi_mpr_2025_10_p010_c000"", ""rbi_mpr_2025_10_p024_c002"", ""rbi_mpr_2025_10_p041_c003"", ""rbi_mpr_2025_10_p102_c000"", ""rbi_mpr_2025_10_p011_c000"", ""rbi_mpr_2025_10_p014_c000"", ""rbi_mpr_2025_10_p016_c004"", ""rbi_mpr_2025_10_p101_c001"", ""rbi_mpr_2025_10_p015_c001"", ""rbi_mpr_2025_10_p034_c000"", ""rbi_mpr_2025_10_p033_c003"", ""rbi_mpr_2025_10_p011_c002"", ""rbi_mpr_2025_10_p032_c002"", ""rbi_mpr_2025_10_p100_c001"", ""rbi_mpr_2025_10_p033_c002"", ""rbi_mpr_2025_10_p101_c000"", ""rbi_mpr_2025_10_p025_c003"", ""rbi_mpr_2025_10_p101_c002"", ""rbi_mpr_2025_10_p010_c002"", ""rbi_mpr_2025_10_p024_c001"", ""rbi_mpr_2025_10_p014_c001"", ""rbi_mpr_2025_10_p036_c000"", ""rbi_mpr_2025_10_p025_c000"", ""rbi_mpr_2025_10_p024_c000"", ""rbi_mpr_2025_10_p032_c000"", ""rbi_mpr_2025_10_p035_c002"", ""rbi_mpr_2025_10_p041_c004"", ""rbi_mpr_2025_10_p010_c003"", ""rbi_mpr_2025_10_p011_c001"", ""rbi_mpr_2025_10_p101_c003"", ""rbi_mpr_2025_10_p103_c003"", ""rbi_mpr_2025_10_p014_c002"", ""rbi_mpr_2025_10_p035_c003"", ""rbi_mpr_2025_10_p015_c002"", ""rbi_mpr_2025_10_p034_c001"", ""rbi_mpr_2025_10_p009_c001"", ""rbi_mpr_2025_10_p025_c001"", ""rbi_mpr_2025_10_p037_c003"", ""rbi_mpr_2025_10_p033_c001"", ""rbi_mpr_2025_10_p010_c005"", ""rbi_mpr_2025_10_p026_c003"", ""rbi_mpr_2025_10_p040_c001"", ""rbi_mpr_2025_10_p025_c002"", ""rbi_mpr_2025_10_p034_c003"", ""rbi_mpr_2025_10_p010_c004"", ""rbi_mpr_2025_10_p011_c003"", ""rbi_mpr_2025_10_p096_c000"", ""rbi_mpr_2025_10_p037_c000"", ""rbi_mpr_2025_10_p036_c001"", ""rbi_mpr_2025_10_p032_c001"", ""rbi_mpr_2025_10_p023_c003"", ""rbi_mpr_2025_10_p031_c000"", ""rbi_mpr_2025_10_p076_c000"", ""rbi_mpr_2025_10_p038_c000"", ""rbi_mpr_2025_10_p073_c002"", ""rbi_mpr_2025_10_p082_c000"", ""rbi_mpr_2025_10_p017_c003"", ""rbi_mpr_2025_10_p071_c001"", ""rbi_mpr_2025_10_p105_c000"", ""rbi_mpr_2025_10_p013_c000"", ""rbi_mpr_2025_10_p036_c003"", ""rbi_mpr_2025_10_p023_c001"", ""rbi_mpr_2025_10_p012_c002"", ""rbi_mpr_2025_10_p094_c004"", ""rbi_mpr_2025_10_p104_c001"", ""rbi_mpr_2025_10_p105_c004"", ""rbi_mpr_2025_10_p030_c000"", ""rbi_mpr_2025_10_p073_c001"", ""rbi_mpr_2025_10_p066_c000"", ""rbi_mpr_2025_10_p033_c000"", ""rbi_mpr_2025_10_p095_c000"", ""rbi_mpr_2025_10_p072_c002"", ""rbi_mpr_2025_10_p009_c005"", ""rbi_mpr_2025_10_p026_c000"", ""rbi_mpr_2025_10_p019_c000"", ""rbi_mpr_2025_10_p032_c003""], ""candidate_union_pages"": [10, 24, 41, 102, 11, 14, 16, 101, 15, 34, 33, 11, 32, 100, 33, 101, 25, 101, 10, 24, 14, 36, 25, 24, 32, 35, 41, 10, 11, 101, 103, 14, 35, 15, 34, 9, 25, 37, 33, 10, 26, 40, 25, 34, 10, 11, 96, 37, 36, 32, 23, 31, 76, 38, 73, 82, 17, 71, 105, 13, 36, 23, 12, 94, 104, 105, 30, 73, 66, 33, 95, 72, 9, 26, 19, 32], ""dense_candidate_ids"": [""rbi_mpr_2025_10_p010_c000"", ""rbi_mpr_2025_10_p024_c002"", ""rbi_mpr_2025_10_p041_c003"", ""rbi_mpr_2025_10_p102_c000"", ""rbi_mpr_2025_10_p011_c000"", ""rbi_mpr_2025_10_p014_c000"", ""rbi_mpr_2025_10_p016_c004"", ""rbi_mpr_2025_10_p101_c001"", ""rbi_mpr_2025_10_p015_c001"", ""rbi_mpr_2025_10_p034_c000"", ""rbi_mpr_2025_10_p033_c003"", ""rbi_mpr_2025_10_p011_c002"", ""rbi_mpr_2025_10_p032_c002"", ""rbi_mpr_2025_10_p100_c001"", ""rbi_mpr_2025_10_p033_c002"", ""rbi_mpr_2025_10_p101_c000"", ""rbi_mpr_2025_10_p025_c003"", ""rbi_mpr_2025_10_p101_c002"", ""rbi_mpr_2025_10_p010_c002"", ""rbi_mpr_2025_10_p024_c001"", ""rbi_mpr_2025_10_p014_c001"", ""rbi_mpr_2025_10_p036_c000"", ""rbi_mpr_2025_10_p025_c000"", ""rbi_mpr_2025_10_p024_c000"", ""rbi_mpr_2025_10_p032_c000"", ""rbi_mpr_2025_10_p035_c002"", ""rbi_mpr_2025_10_p041_c004"", ""rbi_mpr_2025_10_p010_c003"", ""rbi_mpr_2025_10_p011_c001"", ""rbi_mpr_2025_10_p101_c003"", ""rbi_mpr_2025_10_p103_c003"", ""rbi_mpr_2025_10_p014_c002"", ""rbi_mpr_2025_10_p035_c003"", ""rbi_mpr_2025_10_p015_c002"", ""rbi_mpr_2025_10_p034_c001"", ""rbi_mpr_2025_10_p009_c001"", ""rbi_mpr_2025_10_p025_c001"", ""rbi_mpr_2025_10_p037_c003"", ""rbi_mpr_2025_10_p033_c001"", ""rbi_mpr_2025_10_p010_c005"", ""rbi_mpr_2025_10_p026_c003"", ""rbi_mpr_2025_10_p040_c001"", ""rbi_mpr_2025_10_p025_c002"", ""rbi_mpr_2025_10_p034_c003"", ""rbi_mpr_2025_10_p010_c004"", ""rbi_mpr_2025_10_p011_c003"", ""rbi_mpr_2025_10_p096_c000"", ""rbi_mpr_2025_10_p037_c000"", ""rbi_mpr_2025_10_p036_c001"", ""rbi_mpr_2025_10_p032_c001""], ""dense_candidate_pages"": [10, 24, 41, 102, 11, 14, 16, 101, 15, 34, 33, 11, 32, 100, 33, 101, 25, 101, 10, 24, 14, 36, 25, 24, 32, 35, 41, 10, 11, 101, 103, 14, 35, 15, 34, 9, 25, 37, 33, 10, 26, 40, 25, 34, 10, 11, 96, 37, 36, 32], ""dense_candidate_scores"": [0.5872431841845644, 0.5785855471508508, 0.5613498041865631, 0.5578685166464118, 0.5465130176926671, 0.5237876477098357, 0.5148799955707553, 0.5127236363603923, 0.5047730127104488, 0.5017942420450928, 0.49791281232517903, 0.49539167214095436, 0.494219863311806, 0.4930809290244961, 0.479959392824448, 0.47535101426141835, 0.4683687144560126, 0.46502288688697524, 0.4615717343435092, 0.45483810094431765, 0.44654992318465037, 0.4448724364670683, 0.44477933407870773, 0.44294223724581483, 0.4427630709927951, 0.442391504376323, 0.44110589905619524, 0.43185120976647606, 0.42867477038160406, 0.4278467955426075, 0.42670912566075303, 0.42567560064156884, 0.4242088060196927, 0.41473242430680624, 0.41230274278385026, 0.4108650716342951, 0.41038451326757397, 0.41011224462619356, 0.4098503441095469, 0.3980043401328325, 0.3898479977153072, 0.3884155527749674, 0.38677304794164935, 0.38632776648713174, 0.38475589977191804, 0.3829623827803854, 0.37571725522766575, 0.37085422540593327, 0.3688074480016986, 0.358473167187373], ""dense_first_evidence_rank"": 1, ""evidence_rank_after_reranking"": 3, ""evidence_rank_before_reranking"": 10, ""expected_evidence"": [""Core inflation ( i.e., CPI excluding food and fuel), however, largely remained steady around 4 per cent""], ""loss_stage"": ""evidence_found"", ""report_id"": ""rbi_mpr_2025_10"", ""reranker_input_ids"": [""rbi_mpr_2025_10_p102_c000"", ""rbi_mpr_2025_10_p011_c000"", ""rbi_mpr_2025_10_p024_c002"", ""rbi_mpr_2025_10_p101_c000"", ""rbi_mpr_2025_10_p033_c003"", ""rbi_mpr_2025_10_p033_c002"", ""rbi_mpr_2025_10_p034_c000"", ""rbi_mpr_2025_10_p015_c001"", ""rbi_mpr_2025_10_p032_c000"", ""rbi_mpr_2025_10_p010_c002"", ""rbi_mpr_2025_10_p101_c002"", ""rbi_mpr_2025_10_p024_c000"", ""rbi_mpr_2025_10_p041_c003"", ""rbi_mpr_2025_10_p034_c003"", ""rbi_mpr_2025_10_p032_c002"", ""rbi_mpr_2025_10_p041_c004"", ""rbi_mpr_2025_10_p100_c001"", ""rbi_mpr_2025_10_p009_c001"", ""rbi_mpr_2025_10_p024_c001"", ""rbi_mpr_2025_10_p096_c000"", ""rbi_mpr_2025_10_p011_c001"", ""rbi_mpr_2025_10_p025_c001"", ""rbi_mpr_2025_10_p040_c001"", ""rbi_mpr_2025_10_p035_c003"", ""rbi_mpr_2025_10_p010_c000"", ""rbi_mpr_2025_10_p023_c003"", ""rbi_mpr_2025_10_p014_c000"", ""rbi_mpr_2025_10_p031_c000"", ""rbi_mpr_2025_10_p016_c004"", ""rbi_mpr_2025_10_p101_c001""], ""reranker_input_pages"": [102, 11, 24, 101, 33, 33, 34, 15, 32, 10, 101, 24, 41, 34, 32, 41, 100, 9, 24, 96, 11, 25, 40, 35, 10, 23, 14, 31, 16, 101], ""reranker_input_ranks"": [1, 2, 3, 4, 5, 6, 7, 8, 9, 10, 11, 12, 13, 14, 15, 16, 17, 18, 19, 20, 21, 22, 23, 24, 25, 26, 27, 28, 29, 30], ""reranker_output_ids"": [""rbi_mpr_2025_10_p102_c000"", ""rbi_mpr_2025_10_p034_c000"", ""rbi_mpr_2025_10_p010_c000"", ""rbi_mpr_2025_10_p032_c000"", ""rbi_mpr_2025_10_p023_c003"", ""rbi_mpr_2025_10_p024_c002"", ""rbi_mpr_2025_10_p096_c000"", ""rbi_mpr_2025_10_p033_c003"", ""rbi_mpr_2025_10_p024_c001"", ""rbi_mpr_2025_10_p011_c000"", ""rbi_mpr_2025_10_p024_c000"", ""rbi_mpr_2025_10_p009_c001"", ""rbi_mpr_2025_10_p041_c004"", ""rbi_mpr_2025_10_p015_c001"", ""rbi_mpr_2025_10_p101_c001"", ""rbi_mpr_2025_10_p010_c002"", ""rbi_mpr_2025_10_p025_c001"", ""rbi_mpr_2025_10_p034_c003"", ""rbi_mpr_2025_10_p031_c000"", ""rbi_mpr_2025_10_p101_c000"", ""rbi_mpr_2025_10_p100_c001"", ""rbi_mpr_2025_10_p014_c000"", ""rbi_mpr_2025_10_p101_c002"", ""rbi_mpr_2025_10_p011_c001"", ""rbi_mpr_2025_10_p035_c003"", ""rbi_mpr_2025_10_p040_c001"", ""rbi_mpr_2025_10_p033_c002"", ""rbi_mpr_2025_10_p041_c003"", ""rbi_mpr_2025_10_p032_c002"", ""rbi_mpr_2025_10_p016_c004""], ""reranker_output_pages"": [102, 34, 10, 32, 23, 24, 96, 33, 24, 11, 24, 9, 41, 15, 101, 10, 25, 34, 31, 101, 100, 14, 101, 11, 35, 40, 33, 41, 32, 16], ""reranker_scores"": [7.890542984008789, 5.878744125366211, 5.375269889831543, 4.82735538482666, 4.4317626953125, 4.268946170806885, 4.21063232421875, 3.9773404598236084, 3.7493839263916016, 3.4207611083984375, 3.3212642669677734, 3.2935712337493896, 3.260558843612671, 2.72603178024292, 2.1481130123138428, 1.9618836641311646, 0.8942540884017944, 0.697089672088623, 0.5912589430809021, 0.5477208495140076, 0.4839372932910919, 0.47530487179756165, 0.2810937166213989, -0.2836552560329437, -0.3979182839393616, -1.0819376707077026, -1.3584619760513306, -1.5057532787322998, -2.433554172515869, -2.4523849487304688], ""rrf_candidate_ids"": [""rbi_mpr_2025_10_p102_c000"", ""rbi_mpr_2025_10_p011_c000"", ""rbi_mpr_2025_10_p024_c002"", ""rbi_mpr_2025_10_p101_c000"", ""rbi_mpr_2025_10_p033_c003"", ""rbi_mpr_2025_10_p033_c002"", ""rbi_mpr_2025_10_p034_c000"", ""rbi_mpr_2025_10_p015_c001"", ""rbi_mpr_2025_10_p032_c000"", ""rbi_mpr_2025_10_p010_c002"", ""rbi_mpr_2025_10_p101_c002"", ""rbi_mpr_2025_10_p024_c000"", ""rbi_mpr_2025_10_p041_c003"", ""rbi_mpr_2025_10_p034_c003"", ""rbi_mpr_2025_10_p032_c002"", ""rbi_mpr_2025_10_p041_c004"", ""rbi_mpr_2025_10_p100_c001"", ""rbi_mpr_2025_10_p009_c001"", ""rbi_mpr_2025_10_p024_c001"", ""rbi_mpr_2025_10_p096_c000"", ""rbi_mpr_2025_10_p011_c001"", ""rbi_mpr_2025_10_p025_c001"", ""rbi_mpr_2025_10_p040_c001"", ""rbi_mpr_2025_10_p035_c003"", ""rbi_mpr_2025_10_p010_c000"", ""rbi_mpr_2025_10_p023_c003"", ""rbi_mpr_2025_10_p014_c000"", ""rbi_mpr_2025_10_p031_c000"", ""rbi_mpr_2025_10_p016_c004"", ""rbi_mpr_2025_10_p101_c001""], ""rrf_candidate_pages"": [102, 11, 24, 101, 33, 33, 34, 15, 32, 10, 101, 24, 41, 34, 32, 41, 100, 9, 24, 96, 11, 25, 40, 35, 10, 23, 14, 31, 16, 101], ""rrf_first_evidence_rank"": 10, ""rrf_scores"": [0.032018442622950824, 0.03125763125763126, 0.02878726010616578, 0.02854251012145749, 0.028370221327967807, 0.02803921568627451, 0.027272727272727275, 0.026992753623188405, 0.0266900790166813, 0.026171741361614778, 0.02564102564102564, 0.025603392041748205, 0.02558175373709354, 0.025240384615384616, 0.024934585193166076, 0.024827586206896554, 0.02415181138585394, 0.02357456140350877, 0.023252688172043012, 0.023234683281412254, 0.022730207929742993, 0.02072594501718213, 0.020673486786018755, 0.020276497695852536, 0.01639344262295082, 0.016129032258064516, 0.015151515151515152, 0.015151515151515152, 0.014925373134328358, 0.014705882352941176], ""selected_chunk_ids_after_dedup"": [""rbi_mpr_2025_10_p102_c000"", ""rbi_mpr_2025_10_p034_c000"", ""rbi_mpr_2025_10_p010_c000"", ""rbi_mpr_2025_10_p032_c000""], ""selected_chunk_ids_before_dedup"": [""rbi_mpr_2025_10_p102_c000"", ""rbi_mpr_2025_10_p034_c000"", ""rbi_mpr_2025_10_p010_c000"", ""rbi_mpr_2025_10_p032_c000""], ""selected_pages"": [102, 34, 10, 32]}}","{""rbi_mpr_2025_10"": true}","{""rbi_mpr_2025_10"": 0.3333333333333333}",[],"[""2025""]",0.1264000020455569,single_report,oct_dev_003,[],0.0,"{""rbi_mpr_2025_10"": 4}",1.0,"[""rbi_mpr_2025_10""]",1773.325999994995,0.13269999180920422,3889,4,0.004799992893822491,dev,1817.8977999923518,4
True,3.2072000030893832,0.16490000416524708,True,04a5ce7716e7f739c55089569953118657c56d931da37da67b3f680d0125b949,0,0.02680000034160912,bf7cf18e02abb87a6e22fe9b686d8f93fa34ceb3f67abc575741c0a63080b56d,0.3102000046055764,32.995500005199574,0,967,1.0,[],RRF_K60,[],0.1568000006955117,d063b65fcefc1858e3315b9e67356a80310b8ae9b4d0864e98dd7c18d8553c1a,1.0,What crude-oil baseline assumption was used for H2:2025-26 in October 2025?,What crude-oil baseline assumption was used for H2:2025-26 in October 2025?,"{""rbi_mpr_2025_10"": {""accepted_evidence_found"": true, ""accepted_pages"": [12], ""bm25_candidate_ids"": [""rbi_mpr_2025_10_p012_c000"", ""rbi_mpr_2025_10_p017_c003"", ""rbi_mpr_2025_10_p013_c000"", ""rbi_mpr_2025_10_p017_c002"", ""rbi_mpr_2025_10_p018_c000"", ""rbi_mpr_2025_10_p018_c001"", ""rbi_mpr_2025_10_p108_c000"", ""rbi_mpr_2025_10_p021_c000"", ""rbi_mpr_2025_10_p020_c000"", ""rbi_mpr_2025_10_p024_c000"", ""rbi_mpr_2025_10_p044_c002"", ""rbi_mpr_2025_10_p034_c000"", ""rbi_mpr_2025_10_p009_c005"", ""rbi_mpr_2025_10_p019_c002"", ""rbi_mpr_2025_10_p054_c000"", ""rbi_mpr_2025_10_p025_c001"", ""rbi_mpr_2025_10_p069_c004"", ""rbi_mpr_2025_10_p030_c000"", ""rbi_mpr_2025_10_p066_c000"", ""rbi_mpr_2025_10_p106_c000"", ""rbi_mpr_2025_10_p062_c000"", ""rbi_mpr_2025_10_p021_c004"", ""rbi_mpr_2025_10_p024_c001"", ""rbi_mpr_2025_10_p020_c001"", ""rbi_mpr_2025_10_p084_c000"", ""rbi_mpr_2025_10_p013_c004"", ""rbi_mpr_2025_10_p036_c003"", ""rbi_mpr_2025_10_p017_c004"", ""rbi_mpr_2025_10_p012_c002"", ""rbi_mpr_2025_10_p092_c000"", ""rbi_mpr_2025_10_p023_c001"", ""rbi_mpr_2025_10_p016_c002"", ""rbi_mpr_2025_10_p023_c002"", ""rbi_mpr_2025_10_p021_c005"", ""rbi_mpr_2025_10_p052_c000"", ""rbi_mpr_2025_10_p023_c000"", ""rbi_mpr_2025_10_p038_c000"", ""rbi_mpr_2025_10_p076_c002"", ""rbi_mpr_2025_10_p011_c003"", ""rbi_mpr_2025_10_p010_c004"", ""rbi_mpr_2025_10_p037_c001"", ""rbi_mpr_2025_10_p064_c000"", ""rbi_mpr_2025_10_p054_c001"", ""rbi_mpr_2025_10_p100_c000"", ""rbi_mpr_2025_10_p042_c002"", ""rbi_mpr_2025_10_p011_c002"", ""rbi_mpr_2025_10_p012_c001"", ""rbi_mpr_2025_10_p096_c000"", ""rbi_mpr_2025_10_p040_c000"", ""rbi_mpr_2025_10_p024_c002""], ""bm25_candidate_pages"": [12, 17, 13, 17, 18, 18, 108, 21, 20, 24, 44, 34, 9, 19, 54, 25, 69, 30, 66, 106, 62, 21, 24, 20, 84, 13, 36, 17, 12, 92, 23, 16, 23, 21, 52, 23, 38, 76, 11, 10, 37, 64, 54, 100, 42, 11, 12, 96, 40, 24], ""bm25_candidate_scores"": [null, null, null, null, null, null, null, null, null, null, null, null, null, null, null, null, null, null, null, null, null, null, null, null, null, null, null, null, null, null, null, null, null, null, null, null, null, null, null, null, null, null, null, null, null, null, null, null, null, null], ""bm25_first_evidence_rank"": 1, ""candidate_source_expansion"": {""rbi_mpr_2025_10_p009_c003"": [], ""rbi_mpr_2025_10_p009_c004"": [], ""rbi_mpr_2025_10_p009_c005"": [], ""rbi_mpr_2025_10_p010_c000"": [], ""rbi_mpr_2025_10_p010_c004"": [], ""rbi_mpr_2025_10_p011_c002"": [], ""rbi_mpr_2025_10_p011_c003"": [], ""rbi_mpr_2025_10_p012_c000"": [], ""rbi_mpr_2025_10_p012_c001"": [], ""rbi_mpr_2025_10_p012_c002"": [], ""rbi_mpr_2025_10_p012_c003"": [], ""rbi_mpr_2025_10_p012_c004"": [], ""rbi_mpr_2025_10_p013_c000"": [], ""rbi_mpr_2025_10_p013_c003"": [], ""rbi_mpr_2025_10_p013_c004"": [], ""rbi_mpr_2025_10_p014_c000"": [], ""rbi_mpr_2025_10_p015_c002"": [], ""rbi_mpr_2025_10_p016_c002"": [], ""rbi_mpr_2025_10_p017_c002"": [], ""rbi_mpr_2025_10_p017_c003"": [], ""rbi_mpr_2025_10_p017_c004"": [], ""rbi_mpr_2025_10_p018_c000"": [], ""rbi_mpr_2025_10_p018_c001"": [], ""rbi_mpr_2025_10_p019_c002"": [], ""rbi_mpr_2025_10_p020_c000"": [], ""rbi_mpr_2025_10_p020_c001"": [], ""rbi_mpr_2025_10_p021_c000"": [], ""rbi_mpr_2025_10_p021_c002"": [], ""rbi_mpr_2025_10_p021_c003"": [], ""rbi_mpr_2025_10_p021_c004"": [], ""rbi_mpr_2025_10_p021_c005"": [], ""rbi_mpr_2025_10_p022_c000"": [], ""rbi_mpr_2025_10_p022_c001"": [], ""rbi_mpr_2025_10_p022_c002"": [], ""rbi_mpr_2025_10_p023_c000"": [], ""rbi_mpr_2025_10_p023_c001"": [], ""rbi_mpr_2025_10_p023_c002"": [], ""rbi_mpr_2025_10_p024_c000"": [], ""rbi_mpr_2025_10_p024_c001"": [], ""rbi_mpr_2025_10_p024_c002"": [], ""rbi_mpr_2025_10_p025_c001"": [], ""rbi_mpr_2025_10_p030_c000"": [], ""rbi_mpr_2025_10_p031_c000"": [], ""rbi_mpr_2025_10_p031_c002"": [], ""rbi_mpr_2025_10_p032_c000"": [], ""rbi_mpr_2025_10_p032_c004"": [], ""rbi_mpr_2025_10_p034_c000"": [], ""rbi_mpr_2025_10_p036_c003"": [], ""rbi_mpr_2025_10_p037_c000"": [], ""rbi_mpr_2025_10_p037_c001"": [], ""rbi_mpr_2025_10_p038_c000"": [], ""rbi_mpr_2025_10_p040_c000"": [], ""rbi_mpr_2025_10_p041_c003"": [], ""rbi_mpr_2025_10_p041_c004"": [], ""rbi_mpr_2025_10_p042_c000"": [], ""rbi_mpr_2025_10_p042_c002"": [], ""rbi_mpr_2025_10_p044_c002"": [], ""rbi_mpr_2025_10_p052_c000"": [], ""rbi_mpr_2025_10_p052_c001"": [], ""rbi_mpr_2025_10_p054_c000"": [], ""rbi_mpr_2025_10_p054_c001"": [], ""rbi_mpr_2025_10_p057_c001"": [], ""rbi_mpr_2025_10_p062_c000"": [], ""rbi_mpr_2025_10_p064_c000"": [], ""rbi_mpr_2025_10_p066_c000"": [], ""rbi_mpr_2025_10_p069_c004"": [], ""rbi_mpr_2025_10_p073_c002"": [], ""rbi_mpr_2025_10_p074_c000"": [], ""rbi_mpr_2025_10_p074_c003"": [], ""rbi_mpr_2025_10_p076_c002"": [], ""rbi_mpr_2025_10_p084_c000"": [], ""rbi_mpr_2025_10_p092_c000"": [], ""rbi_mpr_2025_10_p095_c002"": [], ""rbi_mpr_2025_10_p096_c000"": [], ""rbi_mpr_2025_10_p096_c004"": [], ""rbi_mpr_2025_10_p097_c003"": [], ""rbi_mpr_2025_10_p098_c002"": [], ""rbi_mpr_2025_10_p099_c000"": [], ""rbi_mpr_2025_10_p099_c002"": [], ""rbi_mpr_2025_10_p099_c003"": [], ""rbi_mpr_2025_10_p100_c000"": [], ""rbi_mpr_2025_10_p100_c002"": [], ""rbi_mpr_2025_10_p104_c001"": [], ""rbi_mpr_2025_10_p106_c000"": [], ""rbi_mpr_2025_10_p108_c000"": []}, ""candidate_source_facet"": {""rbi_mpr_2025_10_p009_c003"": [], ""rbi_mpr_2025_10_p009_c004"": [], ""rbi_mpr_2025_10_p009_c005"": [], ""rbi_mpr_2025_10_p010_c000"": [], ""rbi_mpr_2025_10_p010_c004"": [], ""rbi_mpr_2025_10_p011_c002"": [], ""rbi_mpr_2025_10_p011_c003"": [], ""rbi_mpr_2025_10_p012_c000"": [], ""rbi_mpr_2025_10_p012_c001"": [], ""rbi_mpr_2025_10_p012_c002"": [], ""rbi_mpr_2025_10_p012_c003"": [], ""rbi_mpr_2025_10_p012_c004"": [], ""rbi_mpr_2025_10_p013_c000"": [], ""rbi_mpr_2025_10_p013_c003"": [], ""rbi_mpr_2025_10_p013_c004"": [], ""rbi_mpr_2025_10_p014_c000"": [], ""rbi_mpr_2025_10_p015_c002"": [], ""rbi_mpr_2025_10_p016_c002"": [], ""rbi_mpr_2025_10_p017_c002"": [], ""rbi_mpr_2025_10_p017_c003"": [], ""rbi_mpr_2025_10_p017_c004"": [], ""rbi_mpr_2025_10_p018_c000"": [], ""rbi_mpr_2025_10_p018_c001"": [], ""rbi_mpr_2025_10_p019_c002"": [], ""rbi_mpr_2025_10_p020_c000"": [], ""rbi_mpr_2025_10_p020_c001"": [], ""rbi_mpr_2025_10_p021_c000"": [], ""rbi_mpr_2025_10_p021_c002"": [], ""rbi_mpr_2025_10_p021_c003"": [], ""rbi_mpr_2025_10_p021_c004"": [], ""rbi_mpr_2025_10_p021_c005"": [], ""rbi_mpr_2025_10_p022_c000"": [], ""rbi_mpr_2025_10_p022_c001"": [], ""rbi_mpr_2025_10_p022_c002"": [], ""rbi_mpr_2025_10_p023_c000"": [], ""rbi_mpr_2025_10_p023_c001"": [], ""rbi_mpr_2025_10_p023_c002"": [], ""rbi_mpr_2025_10_p024_c000"": [], ""rbi_mpr_2025_10_p024_c001"": [], ""rbi_mpr_2025_10_p024_c002"": [], ""rbi_mpr_2025_10_p025_c001"": [], ""rbi_mpr_2025_10_p030_c000"": [], ""rbi_mpr_2025_10_p031_c000"": [], ""rbi_mpr_2025_10_p031_c002"": [], ""rbi_mpr_2025_10_p032_c000"": [], ""rbi_mpr_2025_10_p032_c004"": [], ""rbi_mpr_2025_10_p034_c000"": [], ""rbi_mpr_2025_10_p036_c003"": [], ""rbi_mpr_2025_10_p037_c000"": [], ""rbi_mpr_2025_10_p037_c001"": [], ""rbi_mpr_2025_10_p038_c000"": [], ""rbi_mpr_2025_10_p040_c000"": [], ""rbi_mpr_2025_10_p041_c003"": [], ""rbi_mpr_2025_10_p041_c004"": [], ""rbi_mpr_2025_10_p042_c000"": [], ""rbi_mpr_2025_10_p042_c002"": [], ""rbi_mpr_2025_10_p044_c002"": [], ""rbi_mpr_2025_10_p052_c000"": [], ""rbi_mpr_2025_10_p052_c001"": [], ""rbi_mpr_2025_10_p054_c000"": [], ""rbi_mpr_2025_10_p054_c001"": [], ""rbi_mpr_2025_10_p057_c001"": [], ""rbi_mpr_2025_10_p062_c000"": [], ""rbi_mpr_2025_10_p064_c000"": [], ""rbi_mpr_2025_10_p066_c000"": [], ""rbi_mpr_2025_10_p069_c004"": [], ""rbi_mpr_2025_10_p073_c002"": [], ""rbi_mpr_2025_10_p074_c000"": [], ""rbi_mpr_2025_10_p074_c003"": [], ""rbi_mpr_2025_10_p076_c002"": [], ""rbi_mpr_2025_10_p084_c000"": [], ""rbi_mpr_2025_10_p092_c000"": [], ""rbi_mpr_2025_10_p095_c002"": [], ""rbi_mpr_2025_10_p096_c000"": [], ""rbi_mpr_2025_10_p096_c004"": [], ""rbi_mpr_2025_10_p097_c003"": [], ""rbi_mpr_2025_10_p098_c002"": [], ""rbi_mpr_2025_10_p099_c000"": [], ""rbi_mpr_2025_10_p099_c002"": [], ""rbi_mpr_2025_10_p099_c003"": [], ""rbi_mpr_2025_10_p100_c000"": [], ""rbi_mpr_2025_10_p100_c002"": [], ""rbi_mpr_2025_10_p104_c001"": [], ""rbi_mpr_2025_10_p106_c000"": [], ""rbi_mpr_2025_10_p108_c000"": []}, ""candidate_source_query"": {""rbi_mpr_2025_10_p009_c003"": [""What crude-oil baseline assumption was used for H2:2025-26 in October 2025?""], ""rbi_mpr_2025_10_p009_c004"": [""What crude-oil baseline assumption was used for H2:2025-26 in October 2025?""], ""rbi_mpr_2025_10_p009_c005"": [""What crude-oil baseline assumption was used for H2:2025-26 in October 2025?""], ""rbi_mpr_2025_10_p010_c000"": [""What crude-oil baseline assumption was used for H2:2025-26 in October 2025?""], ""rbi_mpr_2025_10_p010_c004"": [""What crude-oil baseline assumption was used for H2:2025-26 in October 2025?""], ""rbi_mpr_2025_10_p011_c002"": [""What crude-oil baseline assumption was used for H2:2025-26 in October 2025?""], ""rbi_mpr_2025_10_p011_c003"": [""What crude-oil baseline assumption was used for H2:2025-26 in October 2025?""], ""rbi_mpr_2025_10_p012_c000"": [""What crude-oil baseline assumption was used for H2:2025-26 in October 2025?""], ""rbi_mpr_2025_10_p012_c001"": [""What crude-oil baseline assumption was used for H2:2025-26 in October 2025?""], ""rbi_mpr_2025_10_p012_c002"": [""What crude-oil baseline assumption was used for H2:2025-26 in October 2025?""], ""rbi_mpr_2025_10_p012_c003"": [""What crude-oil baseline assumption was used for H2:2025-26 in October 2025?""], ""rbi_mpr_2025_10_p012_c004"": [""What crude-oil baseline assumption was used for H2:2025-26 in October 2025?""], ""rbi_mpr_2025_10_p013_c000"": [""What crude-oil baseline assumption was used for H2:2025-26 in October 2025?""], ""rbi_mpr_2025_10_p013_c003"": [""What crude-oil baseline assumption was used for H2:2025-26 in October 2025?""], ""rbi_mpr_2025_10_p013_c004"": [""What crude-oil baseline assumption was used for H2:2025-26 in October 2025?""], ""rbi_mpr_2025_10_p014_c000"": [""What crude-oil baseline assumption was used for H2:2025-26 in October 2025?""], ""rbi_mpr_2025_10_p015_c002"": [""What crude-oil baseline assumption was used for H2:2025-26 in October 2025?""], ""rbi_mpr_2025_10_p016_c002"": [""What crude-oil baseline assumption was used for H2:2025-26 in October 2025?""], ""rbi_mpr_2025_10_p017_c002"": [""What crude-oil baseline assumption was used for H2:2025-26 in October 2025?""], ""rbi_mpr_2025_10_p017_c003"": [""What crude-oil baseline assumption was used for H2:2025-26 in October 2025?""], ""rbi_mpr_2025_10_p017_c004"": [""What crude-oil baseline assumption was used for H2:2025-26 in October 2025?""], ""rbi_mpr_2025_10_p018_c000"": [""What crude-oil baseline assumption was used for H2:2025-26 in October 2025?""], ""rbi_mpr_2025_10_p018_c001"": [""What crude-oil baseline assumption was used for H2:2025-26 in October 2025?""], ""rbi_mpr_2025_10_p019_c002"": [""What crude-oil baseline assumption was used for H2:2025-26 in October 2025?""], ""rbi_mpr_2025_10_p020_c000"": [""What crude-oil baseline assumption was used for H2:2025-26 in October 2025?""], ""rbi_mpr_2025_10_p020_c001"": [""What crude-oil baseline assumption was used for H2:2025-26 in October 2025?""], ""rbi_mpr_2025_10_p021_c000"": [""What crude-oil baseline assumption was used for H2:2025-26 in October 2025?""], ""rbi_mpr_2025_10_p021_c002"": [""What crude-oil baseline assumption was used for H2:2025-26 in October 2025?""], ""rbi_mpr_2025_10_p021_c003"": [""What crude-oil baseline assumption was used for H2:2025-26 in October 2025?""], ""rbi_mpr_2025_10_p021_c004"": [""What crude-oil baseline assumption was used for H2:2025-26 in October 2025?""], ""rbi_mpr_2025_10_p021_c005"": [""What crude-oil baseline assumption was used for H2:2025-26 in October 2025?""], ""rbi_mpr_2025_10_p022_c000"": [""What crude-oil baseline assumption was used for H2:2025-26 in October 2025?""], ""rbi_mpr_2025_10_p022_c001"": [""What crude-oil baseline assumption was used for H2:2025-26 in October 2025?""], ""rbi_mpr_2025_10_p022_c002"": [""What crude-oil baseline assumption was used for H2:2025-26 in October 2025?""], ""rbi_mpr_2025_10_p023_c000"": [""What crude-oil baseline assumption was used for H2:2025-26 in October 2025?""], ""rbi_mpr_2025_10_p023_c001"": [""What crude-oil baseline assumption was used for H2:2025-26 in October 2025?""], ""rbi_mpr_2025_10_p023_c002"": [""What crude-oil baseline assumption was used for H2:2025-26 in October 2025?""], ""rbi_mpr_2025_10_p024_c000"": [""What crude-oil baseline assumption was used for H2:2025-26 in October 2025?""], ""rbi_mpr_2025_10_p024_c001"": [""What crude-oil baseline assumption was used for H2:2025-26 in October 2025?""], ""rbi_mpr_2025_10_p024_c002"": [""What crude-oil baseline assumption was used for H2:2025-26 in October 2025?""], ""rbi_mpr_2025_10_p025_c001"": [""What crude-oil baseline assumption was used for H2:2025-26 in October 2025?""], ""rbi_mpr_2025_10_p030_c000"": [""What crude-oil baseline assumption was used for H2:2025-26 in October 2025?""], ""rbi_mpr_2025_10_p031_c000"": [""What crude-oil baseline assumption was used for H2:2025-26 in October 2025?""], ""rbi_mpr_2025_10_p031_c002"": [""What crude-oil baseline assumption was used for H2:2025-26 in October 2025?""], ""rbi_mpr_2025_10_p032_c000"": [""What crude-oil baseline assumption was used for H2:2025-26 in October 2025?""], ""rbi_mpr_2025_10_p032_c004"": [""What crude-oil baseline assumption was used for H2:2025-26 in October 2025?""], ""rbi_mpr_2025_10_p034_c000"": [""What crude-oil baseline assumption was used for H2:2025-26 in October 2025?""], ""rbi_mpr_2025_10_p036_c003"": [""What crude-oil baseline assumption was used for H2:2025-26 in October 2025?""], ""rbi_mpr_2025_10_p037_c000"": [""What crude-oil baseline assumption was used for H2:2025-26 in October 2025?""], ""rbi_mpr_2025_10_p037_c001"": [""What crude-oil baseline assumption was used for H2:2025-26 in October 2025?""], ""rbi_mpr_2025_10_p038_c000"": [""What crude-oil baseline assumption was used for H2:2025-26 in October 2025?""], ""rbi_mpr_2025_10_p040_c000"": [""What crude-oil baseline assumption was used for H2:2025-26 in October 2025?""], ""rbi_mpr_2025_10_p041_c003"": [""What crude-oil baseline assumption was used for H2:2025-26 in October 2025?""], ""rbi_mpr_2025_10_p041_c004"": [""What crude-oil baseline assumption was used for H2:2025-26 in October 2025?""], ""rbi_mpr_2025_10_p042_c000"": [""What crude-oil baseline assumption was used for H2:2025-26 in October 2025?""], ""rbi_mpr_2025_10_p042_c002"": [""What crude-oil baseline assumption was used for H2:2025-26 in October 2025?""], ""rbi_mpr_2025_10_p044_c002"": [""What crude-oil baseline assumption was used for H2:2025-26 in October 2025?""], ""rbi_mpr_2025_10_p052_c000"": [""What crude-oil baseline assumption was used for H2:2025-26 in October 2025?""], ""rbi_mpr_2025_10_p052_c001"": [""What crude-oil baseline assumption was used for H2:2025-26 in October 2025?""], ""rbi_mpr_2025_10_p054_c000"": [""What crude-oil baseline assumption was used for H2:2025-26 in October 2025?""], ""rbi_mpr_2025_10_p054_c001"": [""What crude-oil baseline assumption was used for H2:2025-26 in October 2025?""], ""rbi_mpr_2025_10_p057_c001"": [""What crude-oil baseline assumption was used for H2:2025-26 in October 2025?""], ""rbi_mpr_2025_10_p062_c000"": [""What crude-oil baseline assumption was used for H2:2025-26 in October 2025?""], ""rbi_mpr_2025_10_p064_c000"": [""What crude-oil baseline assumption was used for H2:2025-26 in October 2025?""], ""rbi_mpr_2025_10_p066_c000"": [""What crude-oil baseline assumption was used for H2:2025-26 in October 2025?""], ""rbi_mpr_2025_10_p069_c004"": [""What crude-oil baseline assumption was used for H2:2025-26 in October 2025?""], ""rbi_mpr_2025_10_p073_c002"": [""What crude-oil baseline assumption was used for H2:2025-26 in October 2025?""], ""rbi_mpr_2025_10_p074_c000"": [""What crude-oil baseline assumption was used for H2:2025-26 in October 2025?""], ""rbi_mpr_2025_10_p074_c003"": [""What crude-oil baseline assumption was used for H2:2025-26 in October 2025?""], ""rbi_mpr_2025_10_p076_c002"": [""What crude-oil baseline assumption was used for H2:2025-26 in October 2025?""], ""rbi_mpr_2025_10_p084_c000"": [""What crude-oil baseline assumption was used for H2:2025-26 in October 2025?""], ""rbi_mpr_2025_10_p092_c000"": [""What crude-oil baseline assumption was used for H2:2025-26 in October 2025?""], ""rbi_mpr_2025_10_p095_c002"": [""What crude-oil baseline assumption was used for H2:2025-26 in October 2025?""], ""rbi_mpr_2025_10_p096_c000"": [""What crude-oil baseline assumption was used for H2:2025-26 in October 2025?""], ""rbi_mpr_2025_10_p096_c004"": [""What crude-oil baseline assumption was used for H2:2025-26 in October 2025?""], ""rbi_mpr_2025_10_p097_c003"": [""What crude-oil baseline assumption was used for H2:2025-26 in October 2025?""], ""rbi_mpr_2025_10_p098_c002"": [""What crude-oil baseline assumption was used for H2:2025-26 in October 2025?""], ""rbi_mpr_2025_10_p099_c000"": [""What crude-oil baseline assumption was used for H2:2025-26 in October 2025?""], ""rbi_mpr_2025_10_p099_c002"": [""What crude-oil baseline assumption was used for H2:2025-26 in October 2025?""], ""rbi_mpr_2025_10_p099_c003"": [""What crude-oil baseline assumption was used for H2:2025-26 in October 2025?""], ""rbi_mpr_2025_10_p100_c000"": [""What crude-oil baseline assumption was used for H2:2025-26 in October 2025?""], ""rbi_mpr_2025_10_p100_c002"": [""What crude-oil baseline assumption was used for H2:2025-26 in October 2025?""], ""rbi_mpr_2025_10_p104_c001"": [""What crude-oil baseline assumption was used for H2:2025-26 in October 2025?""], ""rbi_mpr_2025_10_p106_c000"": [""What crude-oil baseline assumption was used for H2:2025-26 in October 2025?""], ""rbi_mpr_2025_10_p108_c000"": [""What crude-oil baseline assumption was used for H2:2025-26 in October 2025?""]}, ""candidate_source_retriever"": {""rbi_mpr_2025_10_p009_c003"": [""dense""], ""rbi_mpr_2025_10_p009_c004"": [""dense""], ""rbi_mpr_2025_10_p009_c005"": [""bm25"", ""dense""], ""rbi_mpr_2025_10_p010_c000"": [""dense""], ""rbi_mpr_2025_10_p010_c004"": [""bm25""], ""rbi_mpr_2025_10_p011_c002"": [""bm25"", ""dense""], ""rbi_mpr_2025_10_p011_c003"": [""bm25""], ""rbi_mpr_2025_10_p012_c000"": [""bm25"", ""dense""], ""rbi_mpr_2025_10_p012_c001"": [""bm25"", ""dense""], ""rbi_mpr_2025_10_p012_c002"": [""bm25"", ""dense""], ""rbi_mpr_2025_10_p012_c003"": [""dense""], ""rbi_mpr_2025_10_p012_c004"": [""dense""], ""rbi_mpr_2025_10_p013_c000"": [""bm25"", ""dense""], ""rbi_mpr_2025_10_p013_c003"": [""dense""], ""rbi_mpr_2025_10_p013_c004"": [""bm25"", ""dense""], ""rbi_mpr_2025_10_p014_c000"": [""dense""], ""rbi_mpr_2025_10_p015_c002"": [""dense""], ""rbi_mpr_2025_10_p016_c002"": [""bm25""], ""rbi_mpr_2025_10_p017_c002"": [""bm25""], ""rbi_mpr_2025_10_p017_c003"": [""bm25""], ""rbi_mpr_2025_10_p017_c004"": [""bm25"", ""dense""], ""rbi_mpr_2025_10_p018_c000"": [""bm25""], ""rbi_mpr_2025_10_p018_c001"": [""bm25""], ""rbi_mpr_2025_10_p019_c002"": [""bm25""], ""rbi_mpr_2025_10_p020_c000"": [""bm25"", ""dense""], ""rbi_mpr_2025_10_p020_c001"": [""bm25""], ""rbi_mpr_2025_10_p021_c000"": [""bm25"", ""dense""], ""rbi_mpr_2025_10_p021_c002"": [""dense""], ""rbi_mpr_2025_10_p021_c003"": [""dense""], ""rbi_mpr_2025_10_p021_c004"": [""bm25"", ""dense""], ""rbi_mpr_2025_10_p021_c005"": [""bm25""], ""rbi_mpr_2025_10_p022_c000"": [""dense""], ""rbi_mpr_2025_10_p022_c001"": [""dense""], ""rbi_mpr_2025_10_p022_c002"": [""dense""], ""rbi_mpr_2025_10_p023_c000"": [""bm25""], ""rbi_mpr_2025_10_p023_c001"": [""bm25""], ""rbi_mpr_2025_10_p023_c002"": [""bm25""], ""rbi_mpr_2025_10_p024_c000"": [""bm25""], ""rbi_mpr_2025_10_p024_c001"": [""bm25""], ""rbi_mpr_2025_10_p024_c002"": [""bm25"", ""dense""], ""rbi_mpr_2025_10_p025_c001"": [""bm25""], ""rbi_mpr_2025_10_p030_c000"": [""bm25"", ""dense""], ""rbi_mpr_2025_10_p031_c000"": [""dense""], ""rbi_mpr_2025_10_p031_c002"": [""dense""], ""rbi_mpr_2025_10_p032_c000"": [""dense""], ""rbi_mpr_2025_10_p032_c004"": [""dense""], ""rbi_mpr_2025_10_p034_c000"": [""bm25""], ""rbi_mpr_2025_10_p036_c003"": [""bm25""], ""rbi_mpr_2025_10_p037_c000"": [""dense""], ""rbi_mpr_2025_10_p037_c001"": [""bm25"", ""dense""], ""rbi_mpr_2025_10_p038_c000"": [""bm25""], ""rbi_mpr_2025_10_p040_c000"": [""bm25""], ""rbi_mpr_2025_10_p041_c003"": [""dense""], ""rbi_mpr_2025_10_p041_c004"": [""dense""], ""rbi_mpr_2025_10_p042_c000"": [""dense""], ""rbi_mpr_2025_10_p042_c002"": [""bm25""], ""rbi_mpr_2025_10_p044_c002"": [""bm25""], ""rbi_mpr_2025_10_p052_c000"": [""bm25""], ""rbi_mpr_2025_10_p052_c001"": [""dense""], ""rbi_mpr_2025_10_p054_c000"": [""bm25""], ""rbi_mpr_2025_10_p054_c001"": [""bm25""], ""rbi_mpr_2025_10_p057_c001"": [""dense""], ""rbi_mpr_2025_10_p062_c000"": [""bm25""], ""rbi_mpr_2025_10_p064_c000"": [""bm25""], ""rbi_mpr_2025_10_p066_c000"": [""bm25"", ""dense""], ""rbi_mpr_2025_10_p069_c004"": [""bm25""], ""rbi_mpr_2025_10_p073_c002"": [""dense""], ""rbi_mpr_2025_10_p074_c000"": [""dense""], ""rbi_mpr_2025_10_p074_c003"": [""dense""], ""rbi_mpr_2025_10_p076_c002"": [""bm25""], ""rbi_mpr_2025_10_p084_c000"": [""bm25""], ""rbi_mpr_2025_10_p092_c000"": [""bm25""], ""rbi_mpr_2025_10_p095_c002"": [""dense""], ""rbi_mpr_2025_10_p096_c000"": [""bm25""], ""rbi_mpr_2025_10_p096_c004"": [""dense""], ""rbi_mpr_2025_10_p097_c003"": [""dense""], ""rbi_mpr_2025_10_p098_c002"": [""dense""], ""rbi_mpr_2025_10_p099_c000"": [""dense""], ""rbi_mpr_2025_10_p099_c002"": [""dense""], ""rbi_mpr_2025_10_p099_c003"": [""dense""], ""rbi_mpr_2025_10_p100_c000"": [""bm25""], ""rbi_mpr_2025_10_p100_c002"": [""dense""], ""rbi_mpr_2025_10_p104_c001"": [""dense""], ""rbi_mpr_2025_10_p106_c000"": [""bm25""], ""rbi_mpr_2025_10_p108_c000"": [""bm25""]}, ""candidate_union_ids"": [""rbi_mpr_2025_10_p012_c001"", ""rbi_mpr_2025_10_p012_c000"", ""rbi_mpr_2025_10_p021_c003"", ""rbi_mpr_2025_10_p021_c002"", ""rbi_mpr_2025_10_p099_c002"", ""rbi_mpr_2025_10_p013_c004"", ""rbi_mpr_2025_10_p022_c002"", ""rbi_mpr_2025_10_p012_c002"", ""rbi_mpr_2025_10_p012_c003"", ""rbi_mpr_2025_10_p031_c000"", ""rbi_mpr_2025_10_p012_c004"", ""rbi_mpr_2025_10_p021_c004"", ""rbi_mpr_2025_10_p022_c001"", ""rbi_mpr_2025_10_p041_c003"", ""rbi_mpr_2025_10_p099_c000"", ""rbi_mpr_2025_10_p013_c000"", ""rbi_mpr_2025_10_p096_c004"", ""rbi_mpr_2025_10_p009_c003"", ""rbi_mpr_2025_10_p097_c003"", ""rbi_mpr_2025_10_p031_c002"", ""rbi_mpr_2025_10_p057_c001"", ""rbi_mpr_2025_10_p104_c001"", ""rbi_mpr_2025_10_p011_c002"", ""rbi_mpr_2025_10_p099_c003"", ""rbi_mpr_2025_10_p074_c003"", ""rbi_mpr_2025_10_p100_c002"", ""rbi_mpr_2025_10_p010_c000"", ""rbi_mpr_2025_10_p052_c001"", ""rbi_mpr_2025_10_p022_c000"", ""rbi_mpr_2025_10_p021_c000"", ""rbi_mpr_2025_10_p013_c003"", ""rbi_mpr_2025_10_p024_c002"", ""rbi_mpr_2025_10_p042_c000"", ""rbi_mpr_2025_10_p074_c000"", ""rbi_mpr_2025_10_p037_c000"", ""rbi_mpr_2025_10_p020_c000"", ""rbi_mpr_2025_10_p017_c004"", ""rbi_mpr_2025_10_p095_c002"", ""rbi_mpr_2025_10_p041_c004"", ""rbi_mpr_2025_10_p030_c000"", ""rbi_mpr_2025_10_p015_c002"", ""rbi_mpr_2025_10_p037_c001"", ""rbi_mpr_2025_10_p032_c004"", ""rbi_mpr_2025_10_p073_c002"", ""rbi_mpr_2025_10_p066_c000"", ""rbi_mpr_2025_10_p032_c000"", ""rbi_mpr_2025_10_p009_c004"", ""rbi_mpr_2025_10_p009_c005"", ""rbi_mpr_2025_10_p098_c002"", ""rbi_mpr_2025_10_p014_c000"", ""rbi_mpr_2025_10_p017_c003"", ""rbi_mpr_2025_10_p017_c002"", ""rbi_mpr_2025_10_p018_c000"", ""rbi_mpr_2025_10_p018_c001"", ""rbi_mpr_2025_10_p108_c000"", ""rbi_mpr_2025_10_p024_c000"", ""rbi_mpr_2025_10_p044_c002"", ""rbi_mpr_2025_10_p034_c000"", ""rbi_mpr_2025_10_p019_c002"", ""rbi_mpr_2025_10_p054_c000"", ""rbi_mpr_2025_10_p025_c001"", ""rbi_mpr_2025_10_p069_c004"", ""rbi_mpr_2025_10_p106_c000"", ""rbi_mpr_2025_10_p062_c000"", ""rbi_mpr_2025_10_p024_c001"", ""rbi_mpr_2025_10_p020_c001"", ""rbi_mpr_2025_10_p084_c000"", ""rbi_mpr_2025_10_p036_c003"", ""rbi_mpr_2025_10_p092_c000"", ""rbi_mpr_2025_10_p023_c001"", ""rbi_mpr_2025_10_p016_c002"", ""rbi_mpr_2025_10_p023_c002"", ""rbi_mpr_2025_10_p021_c005"", ""rbi_mpr_2025_10_p052_c000"", ""rbi_mpr_2025_10_p023_c000"", ""rbi_mpr_2025_10_p038_c000"", ""rbi_mpr_2025_10_p076_c002"", ""rbi_mpr_2025_10_p011_c003"", ""rbi_mpr_2025_10_p010_c004"", ""rbi_mpr_2025_10_p064_c000"", ""rbi_mpr_2025_10_p054_c001"", ""rbi_mpr_2025_10_p100_c000"", ""rbi_mpr_2025_10_p042_c002"", ""rbi_mpr_2025_10_p096_c000"", ""rbi_mpr_2025_10_p040_c000""], ""candidate_union_pages"": [12, 12, 21, 21, 99, 13, 22, 12, 12, 31, 12, 21, 22, 41, 99, 13, 96, 9, 97, 31, 57, 104, 11, 99, 74, 100, 10, 52, 22, 21, 13, 24, 42, 74, 37, 20, 17, 95, 41, 30, 15, 37, 32, 73, 66, 32, 9, 9, 98, 14, 17, 17, 18, 18, 108, 24, 44, 34, 19, 54, 25, 69, 106, 62, 24, 20, 84, 36, 92, 23, 16, 23, 21, 52, 23, 38, 76, 11, 10, 64, 54, 100, 42, 96, 40], ""dense_candidate_ids"": [""rbi_mpr_2025_10_p012_c001"", ""rbi_mpr_2025_10_p012_c000"", ""rbi_mpr_2025_10_p021_c003"", ""rbi_mpr_2025_10_p021_c002"", ""rbi_mpr_2025_10_p099_c002"", ""rbi_mpr_2025_10_p013_c004"", ""rbi_mpr_2025_10_p022_c002"", ""rbi_mpr_2025_10_p012_c002"", ""rbi_mpr_2025_10_p012_c003"", ""rbi_mpr_2025_10_p031_c000"", ""rbi_mpr_2025_10_p012_c004"", ""rbi_mpr_2025_10_p021_c004"", ""rbi_mpr_2025_10_p022_c001"", ""rbi_mpr_2025_10_p041_c003"", ""rbi_mpr_2025_10_p099_c000"", ""rbi_mpr_2025_10_p013_c000"", ""rbi_mpr_2025_10_p096_c004"", ""rbi_mpr_2025_10_p009_c003"", ""rbi_mpr_2025_10_p097_c003"", ""rbi_mpr_2025_10_p031_c002"", ""rbi_mpr_2025_10_p057_c001"", ""rbi_mpr_2025_10_p104_c001"", ""rbi_mpr_2025_10_p011_c002"", ""rbi_mpr_2025_10_p099_c003"", ""rbi_mpr_2025_10_p074_c003"", ""rbi_mpr_2025_10_p100_c002"", ""rbi_mpr_2025_10_p010_c000"", ""rbi_mpr_2025_10_p052_c001"", ""rbi_mpr_2025_10_p022_c000"", ""rbi_mpr_2025_10_p021_c000"", ""rbi_mpr_2025_10_p013_c003"", ""rbi_mpr_2025_10_p024_c002"", ""rbi_mpr_2025_10_p042_c000"", ""rbi_mpr_2025_10_p074_c000"", ""rbi_mpr_2025_10_p037_c000"", ""rbi_mpr_2025_10_p020_c000"", ""rbi_mpr_2025_10_p017_c004"", ""rbi_mpr_2025_10_p095_c002"", ""rbi_mpr_2025_10_p041_c004"", ""rbi_mpr_2025_10_p030_c000"", ""rbi_mpr_2025_10_p015_c002"", ""rbi_mpr_2025_10_p037_c001"", ""rbi_mpr_2025_10_p032_c004"", ""rbi_mpr_2025_10_p073_c002"", ""rbi_mpr_2025_10_p066_c000"", ""rbi_mpr_2025_10_p032_c000"", ""rbi_mpr_2025_10_p009_c004"", ""rbi_mpr_2025_10_p009_c005"", ""rbi_mpr_2025_10_p098_c002"", ""rbi_mpr_2025_10_p014_c000""], ""dense_candidate_pages"": [12, 12, 21, 21, 99, 13, 22, 12, 12, 31, 12, 21, 22, 41, 99, 13, 96, 9, 97, 31, 57, 104, 11, 99, 74, 100, 10, 52, 22, 21, 13, 24, 42, 74, 37, 20, 17, 95, 41, 30, 15, 37, 32, 73, 66, 32, 9, 9, 98, 14], ""dense_candidate_scores"": [0.44641126005304954, 0.44424954819292584, 0.3916187554086439, 0.3657317395847677, 0.35683357048660214, 0.3130771759779256, 0.3068438678174069, 0.3015252727101202, 0.29227720047561734, 0.2569398496912344, 0.24437064794092156, 0.21580224961478223, 0.21183151072287387, 0.2074803543763062, 0.19353126480574667, 0.19251931897300012, 0.1753467541346304, 0.17461255603357062, 0.16655938910120005, 0.14113017234584913, 0.13950566421684518, 0.13934896223408177, 0.12837754751081687, 0.12649661795547273, 0.12575500200907497, 0.11886011476748082, 0.11814808590873782, 0.11304958164437495, 0.11288874927045733, 0.11088517238594642, 0.10697571501177294, 0.10684573413096532, 0.1064996242109939, 0.10547739454721072, 0.10531268466323007, 0.10493041274723625, 0.10423557980268572, 0.10049673287128424, 0.09982912679087175, 0.09969948308485221, 0.0981526094508054, 0.09791262529538436, 0.09726322665352849, 0.09689907788239438, 0.09664585961654093, 0.09619244382026071, 0.09530432542843914, 0.09421761108643423, 0.09297748221584967, 0.0911081008969975], ""dense_first_evidence_rank"": 1, ""evidence_rank_after_reranking"": 1, ""evidence_rank_before_reranking"": 1, ""expected_evidence"": [""US$ 70 per barrel during H2: 2025-26""], ""loss_stage"": ""evidence_found"", ""report_id"": ""rbi_mpr_2025_10"", ""reranker_input_ids"": [""rbi_mpr_2025_10_p012_c000"", ""rbi_mpr_2025_10_p013_c000"", ""rbi_mpr_2025_10_p013_c004"", ""rbi_mpr_2025_10_p021_c004"", ""rbi_mpr_2025_10_p012_c002"", ""rbi_mpr_2025_10_p021_c000"", ""rbi_mpr_2025_10_p012_c001"", ""rbi_mpr_2025_10_p020_c000"", ""rbi_mpr_2025_10_p009_c005"", ""rbi_mpr_2025_10_p030_c000"", ""rbi_mpr_2025_10_p066_c000"", ""rbi_mpr_2025_10_p017_c004"", ""rbi_mpr_2025_10_p011_c002"", ""rbi_mpr_2025_10_p024_c002"", ""rbi_mpr_2025_10_p037_c001"", ""rbi_mpr_2025_10_p017_c003"", ""rbi_mpr_2025_10_p021_c003"", ""rbi_mpr_2025_10_p021_c002"", ""rbi_mpr_2025_10_p017_c002"", ""rbi_mpr_2025_10_p099_c002"", ""rbi_mpr_2025_10_p018_c000"", ""rbi_mpr_2025_10_p018_c001"", ""rbi_mpr_2025_10_p022_c002"", ""rbi_mpr_2025_10_p108_c000"", ""rbi_mpr_2025_10_p012_c003"", ""rbi_mpr_2025_10_p031_c000"", ""rbi_mpr_2025_10_p024_c000"", ""rbi_mpr_2025_10_p012_c004"", ""rbi_mpr_2025_10_p044_c002"", ""rbi_mpr_2025_10_p034_c000""], ""reranker_input_pages"": [12, 13, 13, 21, 12, 21, 12, 20, 9, 30, 66, 17, 11, 24, 37, 17, 21, 21, 17, 99, 18, 18, 22, 108, 12, 31, 24, 12, 44, 34], ""reranker_input_ranks"": [1, 2, 3, 4, 5, 6, 7, 8, 9, 10, 11, 12, 13, 14, 15, 16, 17, 18, 19, 20, 21, 22, 23, 24, 25, 26, 27, 28, 29, 30], ""reranker_output_ids"": [""rbi_mpr_2025_10_p012_c000"", ""rbi_mpr_2025_10_p012_c001"", ""rbi_mpr_2025_10_p013_c000"", ""rbi_mpr_2025_10_p012_c002"", ""rbi_mpr_2025_10_p066_c000"", ""rbi_mpr_2025_10_p012_c003"", ""rbi_mpr_2025_10_p022_c002"", ""rbi_mpr_2025_10_p021_c003"", ""rbi_mpr_2025_10_p024_c002"", ""rbi_mpr_2025_10_p009_c005"", ""rbi_mpr_2025_10_p017_c004"", ""rbi_mpr_2025_10_p013_c004"", ""rbi_mpr_2025_10_p031_c000"", ""rbi_mpr_2025_10_p030_c000"", ""rbi_mpr_2025_10_p034_c000"", ""rbi_mpr_2025_10_p021_c000"", ""rbi_mpr_2025_10_p108_c000"", ""rbi_mpr_2025_10_p037_c001"", ""rbi_mpr_2025_10_p024_c000"", ""rbi_mpr_2025_10_p021_c002"", ""rbi_mpr_2025_10_p011_c002"", ""rbi_mpr_2025_10_p012_c004"", ""rbi_mpr_2025_10_p020_c000"", ""rbi_mpr_2025_10_p017_c003"", ""rbi_mpr_2025_10_p099_c002"", ""rbi_mpr_2025_10_p021_c004"", ""rbi_mpr_2025_10_p018_c001"", ""rbi_mpr_2025_10_p018_c000"", ""rbi_mpr_2025_10_p017_c002"", ""rbi_mpr_2025_10_p044_c002""], ""reranker_output_pages"": [12, 12, 13, 12, 66, 12, 22, 21, 24, 9, 17, 13, 31, 30, 34, 21, 108, 37, 24, 21, 11, 12, 20, 17, 99, 21, 18, 18, 17, 44], ""reranker_scores"": [6.0243754386901855, 4.805159568786621, 2.33111310005188, 1.902050256729126, 0.8402992486953735, 0.5519139766693115, -0.3491688668727875, -0.8551028966903687, -1.3583014011383057, -1.4418609142303467, -1.5779292583465576, -1.8129417896270752, -1.9232391119003296, -1.9933210611343384, -2.033669948577881, -2.479063034057617, -2.51554799079895, -2.6338586807250977, -2.7533631324768066, -2.8886852264404297, -2.93902850151062, -3.482041835784912, -4.152813911437988, -4.675905227661133, -5.25640869140625, -6.561522006988525, -9.751897811889648, -10.670821189880371, -10.781070709228516, -11.271836280822754], ""rrf_candidate_ids"": [""rbi_mpr_2025_10_p012_c000"", ""rbi_mpr_2025_10_p013_c000"", ""rbi_mpr_2025_10_p013_c004"", ""rbi_mpr_2025_10_p021_c004"", ""rbi_mpr_2025_10_p012_c002"", ""rbi_mpr_2025_10_p021_c000"", ""rbi_mpr_2025_10_p012_c001"", ""rbi_mpr_2025_10_p020_c000"", ""rbi_mpr_2025_10_p009_c005"", ""rbi_mpr_2025_10_p030_c000"", ""rbi_mpr_2025_10_p066_c000"", ""rbi_mpr_2025_10_p017_c004"", ""rbi_mpr_2025_10_p011_c002"", ""rbi_mpr_2025_10_p024_c002"", ""rbi_mpr_2025_10_p037_c001"", ""rbi_mpr_2025_10_p017_c003"", ""rbi_mpr_2025_10_p021_c003"", ""rbi_mpr_2025_10_p021_c002"", ""rbi_mpr_2025_10_p017_c002"", ""rbi_mpr_2025_10_p099_c002"", ""rbi_mpr_2025_10_p018_c000"", ""rbi_mpr_2025_10_p018_c001"", ""rbi_mpr_2025_10_p022_c002"", ""rbi_mpr_2025_10_p108_c000"", ""rbi_mpr_2025_10_p012_c003"", ""rbi_mpr_2025_10_p031_c000"", ""rbi_mpr_2025_10_p024_c000"", ""rbi_mpr_2025_10_p012_c004"", ""rbi_mpr_2025_10_p044_c002"", ""rbi_mpr_2025_10_p034_c000""], ""rrf_candidate_pages"": [12, 13, 13, 21, 12, 21, 12, 20, 9, 30, 66, 17, 11, 24, 37, 17, 21, 21, 17, 99, 18, 18, 22, 108, 12, 31, 24, 12, 44, 34], ""rrf_first_evidence_rank"": 1, ""rrf_scores"": [0.03252247488101534, 0.029030910609857977, 0.026779422128259338, 0.0260840108401084, 0.02594183740912095, 0.025816993464052286, 0.025739237015474183, 0.024909420289855072, 0.02295788939624556, 0.02282051282051282, 0.02218203737191079, 0.02167291471415183, 0.021482155035235283, 0.019960474308300395, 0.019704911667637354, 0.016129032258064516, 0.015873015873015872, 0.015625, 0.015625, 0.015384615384615385, 0.015384615384615385, 0.015151515151515152, 0.014925373134328358, 0.014925373134328358, 0.014492753623188406, 0.014285714285714285, 0.014285714285714285, 0.014084507042253521, 0.014084507042253521, 0.013888888888888888], ""selected_chunk_ids_after_dedup"": [""rbi_mpr_2025_10_p012_c000"", ""rbi_mpr_2025_10_p012_c001"", ""rbi_mpr_2025_10_p013_c000"", ""rbi_mpr_2025_10_p012_c002""], ""selected_chunk_ids_before_dedup"": [""rbi_mpr_2025_10_p012_c000"", ""rbi_mpr_2025_10_p012_c001"", ""rbi_mpr_2025_10_p013_c000"", ""rbi_mpr_2025_10_p012_c002""], ""selected_pages"": [12, 12, 13, 12]}}","{""rbi_mpr_2025_10"": true}","{""rbi_mpr_2025_10"": 1.0}",[],"[""2025"", ""26"", ""2025""]",0.15309998707380146,single_report,oct_dev_004,[],0.0,"{""rbi_mpr_2025_10"": 4}",1.0,"[""rbi_mpr_2025_10""]",1512.2254000016255,0.18930000078398734,3866,4,0.0051000097300857306,dev,1549.76209999586,2
False,4.183900004136376,0.14859999646432698,False,04a5ce7716e7f739c55089569953118657c56d931da37da67b3f680d0125b949,0,0.08700000762473792,bf7cf18e02abb87a6e22fe9b686d8f93fa34ceb3f67abc575741c0a63080b56d,0.2390000008745119,30.872600007569417,0,850,0.0,[],RRF_K60,[],0.14770000416319817,d063b65fcefc1858e3315b9e67356a80310b8ae9b4d0864e98dd7c18d8553c1a,0.0,What global-growth assumptions for 2025 and 2026 were used in October 2025?,What global-growth assumptions for 2025 and 2026 were used in October 2025?,"{""rbi_mpr_2025_10"": {""accepted_evidence_found"": false, ""accepted_pages"": [12], ""bm25_candidate_ids"": [""rbi_mpr_2025_10_p012_c001"", ""rbi_mpr_2025_10_p032_c000"", ""rbi_mpr_2025_10_p108_c000"", ""rbi_mpr_2025_10_p013_c004"", ""rbi_mpr_2025_10_p080_c000"", ""rbi_mpr_2025_10_p110_c000"", ""rbi_mpr_2025_10_p012_c002"", ""rbi_mpr_2025_10_p044_c002"", ""rbi_mpr_2025_10_p032_c001"", ""rbi_mpr_2025_10_p020_c000"", ""rbi_mpr_2025_10_p021_c000"", ""rbi_mpr_2025_10_p052_c000"", ""rbi_mpr_2025_10_p069_c004"", ""rbi_mpr_2025_10_p017_c002"", ""rbi_mpr_2025_10_p096_c004"", ""rbi_mpr_2025_10_p024_c000"", ""rbi_mpr_2025_10_p027_c000"", ""rbi_mpr_2025_10_p011_c003"", ""rbi_mpr_2025_10_p097_c003"", ""rbi_mpr_2025_10_p020_c001"", ""rbi_mpr_2025_10_p028_c002"", ""rbi_mpr_2025_10_p100_c001"", ""rbi_mpr_2025_10_p099_c000"", ""rbi_mpr_2025_10_p021_c005"", ""rbi_mpr_2025_10_p064_c005"", ""rbi_mpr_2025_10_p010_c002"", ""rbi_mpr_2025_10_p031_c001"", ""rbi_mpr_2025_10_p021_c004"", ""rbi_mpr_2025_10_p017_c000"", ""rbi_mpr_2025_10_p009_c005"", ""rbi_mpr_2025_10_p097_c001"", ""rbi_mpr_2025_10_p062_c000"", ""rbi_mpr_2025_10_p013_c005"", ""rbi_mpr_2025_10_p064_c000"", ""rbi_mpr_2025_10_p040_c000"", ""rbi_mpr_2025_10_p028_c003"", ""rbi_mpr_2025_10_p074_c000"", ""rbi_mpr_2025_10_p096_c000"", ""rbi_mpr_2025_10_p038_c000"", ""rbi_mpr_2025_10_p046_c000"", ""rbi_mpr_2025_10_p055_c000"", ""rbi_mpr_2025_10_p095_c004"", ""rbi_mpr_2025_10_p024_c001"", ""rbi_mpr_2025_10_p064_c004"", ""rbi_mpr_2025_10_p051_c001"", ""rbi_mpr_2025_10_p028_c000"", ""rbi_mpr_2025_10_p066_c000"", ""rbi_mpr_2025_10_p098_c000"", ""rbi_mpr_2025_10_p058_c001"", ""rbi_mpr_2025_10_p010_c001""], ""bm25_candidate_pages"": [12, 32, 108, 13, 80, 110, 12, 44, 32, 20, 21, 52, 69, 17, 96, 24, 27, 11, 97, 20, 28, 100, 99, 21, 64, 10, 31, 21, 17, 9, 97, 62, 13, 64, 40, 28, 74, 96, 38, 46, 55, 95, 24, 64, 51, 28, 66, 98, 58, 10], ""bm25_candidate_scores"": [null, null, null, null, null, null, null, null, null, null, null, null, null, null, null, null, null, null, null, null, null, null, null, null, null, null, null, null, null, null, null, null, null, null, null, null, null, null, null, null, null, null, null, null, null, null, null, null, null, null], ""bm25_first_evidence_rank"": 1, ""candidate_source_expansion"": {""rbi_mpr_2025_10_p009_c000"": [], ""rbi_mpr_2025_10_p009_c001"": [], ""rbi_mpr_2025_10_p009_c005"": [], ""rbi_mpr_2025_10_p010_c001"": [], ""rbi_mpr_2025_10_p010_c002"": [], ""rbi_mpr_2025_10_p010_c003"": [], ""rbi_mpr_2025_10_p011_c000"": [], ""rbi_mpr_2025_10_p011_c002"": [], ""rbi_mpr_2025_10_p011_c003"": [], ""rbi_mpr_2025_10_p012_c001"": [], ""rbi_mpr_2025_10_p012_c002"": [], ""rbi_mpr_2025_10_p013_c002"": [], ""rbi_mpr_2025_10_p013_c003"": [], ""rbi_mpr_2025_10_p013_c004"": [], ""rbi_mpr_2025_10_p013_c005"": [], ""rbi_mpr_2025_10_p014_c000"": [], ""rbi_mpr_2025_10_p015_c002"": [], ""rbi_mpr_2025_10_p016_c001"": [], ""rbi_mpr_2025_10_p017_c000"": [], ""rbi_mpr_2025_10_p017_c002"": [], ""rbi_mpr_2025_10_p017_c004"": [], ""rbi_mpr_2025_10_p017_c005"": [], ""rbi_mpr_2025_10_p019_c001"": [], ""rbi_mpr_2025_10_p019_c002"": [], ""rbi_mpr_2025_10_p020_c000"": [], ""rbi_mpr_2025_10_p020_c001"": [], ""rbi_mpr_2025_10_p020_c003"": [], ""rbi_mpr_2025_10_p021_c000"": [], ""rbi_mpr_2025_10_p021_c001"": [], ""rbi_mpr_2025_10_p021_c002"": [], ""rbi_mpr_2025_10_p021_c004"": [], ""rbi_mpr_2025_10_p021_c005"": [], ""rbi_mpr_2025_10_p022_c001"": [], ""rbi_mpr_2025_10_p022_c002"": [], ""rbi_mpr_2025_10_p024_c000"": [], ""rbi_mpr_2025_10_p024_c001"": [], ""rbi_mpr_2025_10_p027_c000"": [], ""rbi_mpr_2025_10_p028_c000"": [], ""rbi_mpr_2025_10_p028_c002"": [], ""rbi_mpr_2025_10_p028_c003"": [], ""rbi_mpr_2025_10_p031_c001"": [], ""rbi_mpr_2025_10_p032_c000"": [], ""rbi_mpr_2025_10_p032_c001"": [], ""rbi_mpr_2025_10_p034_c000"": [], ""rbi_mpr_2025_10_p038_c000"": [], ""rbi_mpr_2025_10_p040_c000"": [], ""rbi_mpr_2025_10_p041_c003"": [], ""rbi_mpr_2025_10_p042_c002"": [], ""rbi_mpr_2025_10_p042_c003"": [], ""rbi_mpr_2025_10_p042_c004"": [], ""rbi_mpr_2025_10_p043_c001"": [], ""rbi_mpr_2025_10_p043_c003"": [], ""rbi_mpr_2025_10_p044_c002"": [], ""rbi_mpr_2025_10_p046_c000"": [], ""rbi_mpr_2025_10_p049_c000"": [], ""rbi_mpr_2025_10_p051_c001"": [], ""rbi_mpr_2025_10_p052_c000"": [], ""rbi_mpr_2025_10_p052_c002"": [], ""rbi_mpr_2025_10_p055_c000"": [], ""rbi_mpr_2025_10_p057_c001"": [], ""rbi_mpr_2025_10_p058_c001"": [], ""rbi_mpr_2025_10_p058_c002"": [], ""rbi_mpr_2025_10_p062_c000"": [], ""rbi_mpr_2025_10_p063_c000"": [], ""rbi_mpr_2025_10_p064_c000"": [], ""rbi_mpr_2025_10_p064_c004"": [], ""rbi_mpr_2025_10_p064_c005"": [], ""rbi_mpr_2025_10_p066_c000"": [], ""rbi_mpr_2025_10_p069_c004"": [], ""rbi_mpr_2025_10_p074_c000"": [], ""rbi_mpr_2025_10_p080_c000"": [], ""rbi_mpr_2025_10_p095_c000"": [], ""rbi_mpr_2025_10_p095_c002"": [], ""rbi_mpr_2025_10_p095_c003"": [], ""rbi_mpr_2025_10_p095_c004"": [], ""rbi_mpr_2025_10_p096_c000"": [], ""rbi_mpr_2025_10_p096_c004"": [], ""rbi_mpr_2025_10_p097_c000"": [], ""rbi_mpr_2025_10_p097_c001"": [], ""rbi_mpr_2025_10_p097_c002"": [], ""rbi_mpr_2025_10_p097_c003"": [], ""rbi_mpr_2025_10_p097_c004"": [], ""rbi_mpr_2025_10_p098_c000"": [], ""rbi_mpr_2025_10_p098_c002"": [], ""rbi_mpr_2025_10_p099_c000"": [], ""rbi_mpr_2025_10_p100_c001"": [], ""rbi_mpr_2025_10_p108_c000"": [], ""rbi_mpr_2025_10_p110_c000"": []}, ""candidate_source_facet"": {""rbi_mpr_2025_10_p009_c000"": [], ""rbi_mpr_2025_10_p009_c001"": [], ""rbi_mpr_2025_10_p009_c005"": [], ""rbi_mpr_2025_10_p010_c001"": [], ""rbi_mpr_2025_10_p010_c002"": [], ""rbi_mpr_2025_10_p010_c003"": [], ""rbi_mpr_2025_10_p011_c000"": [], ""rbi_mpr_2025_10_p011_c002"": [], ""rbi_mpr_2025_10_p011_c003"": [], ""rbi_mpr_2025_10_p012_c001"": [], ""rbi_mpr_2025_10_p012_c002"": [], ""rbi_mpr_2025_10_p013_c002"": [], ""rbi_mpr_2025_10_p013_c003"": [], ""rbi_mpr_2025_10_p013_c004"": [], ""rbi_mpr_2025_10_p013_c005"": [], ""rbi_mpr_2025_10_p014_c000"": [], ""rbi_mpr_2025_10_p015_c002"": [], ""rbi_mpr_2025_10_p016_c001"": [], ""rbi_mpr_2025_10_p017_c000"": [], ""rbi_mpr_2025_10_p017_c002"": [], ""rbi_mpr_2025_10_p017_c004"": [], ""rbi_mpr_2025_10_p017_c005"": [], ""rbi_mpr_2025_10_p019_c001"": [], ""rbi_mpr_2025_10_p019_c002"": [], ""rbi_mpr_2025_10_p020_c000"": [], ""rbi_mpr_2025_10_p020_c001"": [], ""rbi_mpr_2025_10_p020_c003"": [], ""rbi_mpr_2025_10_p021_c000"": [], ""rbi_mpr_2025_10_p021_c001"": [], ""rbi_mpr_2025_10_p021_c002"": [], ""rbi_mpr_2025_10_p021_c004"": [], ""rbi_mpr_2025_10_p021_c005"": [], ""rbi_mpr_2025_10_p022_c001"": [], ""rbi_mpr_2025_10_p022_c002"": [], ""rbi_mpr_2025_10_p024_c000"": [], ""rbi_mpr_2025_10_p024_c001"": [], ""rbi_mpr_2025_10_p027_c000"": [], ""rbi_mpr_2025_10_p028_c000"": [], ""rbi_mpr_2025_10_p028_c002"": [], ""rbi_mpr_2025_10_p028_c003"": [], ""rbi_mpr_2025_10_p031_c001"": [], ""rbi_mpr_2025_10_p032_c000"": [], ""rbi_mpr_2025_10_p032_c001"": [], ""rbi_mpr_2025_10_p034_c000"": [], ""rbi_mpr_2025_10_p038_c000"": [], ""rbi_mpr_2025_10_p040_c000"": [], ""rbi_mpr_2025_10_p041_c003"": [], ""rbi_mpr_2025_10_p042_c002"": [], ""rbi_mpr_2025_10_p042_c003"": [], ""rbi_mpr_2025_10_p042_c004"": [], ""rbi_mpr_2025_10_p043_c001"": [], ""rbi_mpr_2025_10_p043_c003"": [], ""rbi_mpr_2025_10_p044_c002"": [], ""rbi_mpr_2025_10_p046_c000"": [], ""rbi_mpr_2025_10_p049_c000"": [], ""rbi_mpr_2025_10_p051_c001"": [], ""rbi_mpr_2025_10_p052_c000"": [], ""rbi_mpr_2025_10_p052_c002"": [], ""rbi_mpr_2025_10_p055_c000"": [], ""rbi_mpr_2025_10_p057_c001"": [], ""rbi_mpr_2025_10_p058_c001"": [], ""rbi_mpr_2025_10_p058_c002"": [], ""rbi_mpr_2025_10_p062_c000"": [], ""rbi_mpr_2025_10_p063_c000"": [], ""rbi_mpr_2025_10_p064_c000"": [], ""rbi_mpr_2025_10_p064_c004"": [], ""rbi_mpr_2025_10_p064_c005"": [], ""rbi_mpr_2025_10_p066_c000"": [], ""rbi_mpr_2025_10_p069_c004"": [], ""rbi_mpr_2025_10_p074_c000"": [], ""rbi_mpr_2025_10_p080_c000"": [], ""rbi_mpr_2025_10_p095_c000"": [], ""rbi_mpr_2025_10_p095_c002"": [], ""rbi_mpr_2025_10_p095_c003"": [], ""rbi_mpr_2025_10_p095_c004"": [], ""rbi_mpr_2025_10_p096_c000"": [], ""rbi_mpr_2025_10_p096_c004"": [], ""rbi_mpr_2025_10_p097_c000"": [], ""rbi_mpr_2025_10_p097_c001"": [], ""rbi_mpr_2025_10_p097_c002"": [], ""rbi_mpr_2025_10_p097_c003"": [], ""rbi_mpr_2025_10_p097_c004"": [], ""rbi_mpr_2025_10_p098_c000"": [], ""rbi_mpr_2025_10_p098_c002"": [], ""rbi_mpr_2025_10_p099_c000"": [], ""rbi_mpr_2025_10_p100_c001"": [], ""rbi_mpr_2025_10_p108_c000"": [], ""rbi_mpr_2025_10_p110_c000"": []}, ""candidate_source_query"": {""rbi_mpr_2025_10_p009_c000"": [""What global-growth assumptions for 2025 and 2026 were used in October 2025?""], ""rbi_mpr_2025_10_p009_c001"": [""What global-growth assumptions for 2025 and 2026 were used in October 2025?""], ""rbi_mpr_2025_10_p009_c005"": [""What global-growth assumptions for 2025 and 2026 were used in October 2025?""], ""rbi_mpr_2025_10_p010_c001"": [""What global-growth assumptions for 2025 and 2026 were used in October 2025?""], ""rbi_mpr_2025_10_p010_c002"": [""What global-growth assumptions for 2025 and 2026 were used in October 2025?""], ""rbi_mpr_2025_10_p010_c003"": [""What global-growth assumptions for 2025 and 2026 were used in October 2025?""], ""rbi_mpr_2025_10_p011_c000"": [""What global-growth assumptions for 2025 and 2026 were used in October 2025?""], ""rbi_mpr_2025_10_p011_c002"": [""What global-growth assumptions for 2025 and 2026 were used in October 2025?""], ""rbi_mpr_2025_10_p011_c003"": [""What global-growth assumptions for 2025 and 2026 were used in October 2025?""], ""rbi_mpr_2025_10_p012_c001"": [""What global-growth assumptions for 2025 and 2026 were used in October 2025?""], ""rbi_mpr_2025_10_p012_c002"": [""What global-growth assumptions for 2025 and 2026 were used in October 2025?""], ""rbi_mpr_2025_10_p013_c002"": [""What global-growth assumptions for 2025 and 2026 were used in October 2025?""], ""rbi_mpr_2025_10_p013_c003"": [""What global-growth assumptions for 2025 and 2026 were used in October 2025?""], ""rbi_mpr_2025_10_p013_c004"": [""What global-growth assumptions for 2025 and 2026 were used in October 2025?""], ""rbi_mpr_2025_10_p013_c005"": [""What global-growth assumptions for 2025 and 2026 were used in October 2025?""], ""rbi_mpr_2025_10_p014_c000"": [""What global-growth assumptions for 2025 and 2026 were used in October 2025?""], ""rbi_mpr_2025_10_p015_c002"": [""What global-growth assumptions for 2025 and 2026 were used in October 2025?""], ""rbi_mpr_2025_10_p016_c001"": [""What global-growth assumptions for 2025 and 2026 were used in October 2025?""], ""rbi_mpr_2025_10_p017_c000"": [""What global-growth assumptions for 2025 and 2026 were used in October 2025?""], ""rbi_mpr_2025_10_p017_c002"": [""What global-growth assumptions for 2025 and 2026 were used in October 2025?""], ""rbi_mpr_2025_10_p017_c004"": [""What global-growth assumptions for 2025 and 2026 were used in October 2025?""], ""rbi_mpr_2025_10_p017_c005"": [""What global-growth assumptions for 2025 and 2026 were used in October 2025?""], ""rbi_mpr_2025_10_p019_c001"": [""What global-growth assumptions for 2025 and 2026 were used in October 2025?""], ""rbi_mpr_2025_10_p019_c002"": [""What global-growth assumptions for 2025 and 2026 were used in October 2025?""], ""rbi_mpr_2025_10_p020_c000"": [""What global-growth assumptions for 2025 and 2026 were used in October 2025?""], ""rbi_mpr_2025_10_p020_c001"": [""What global-growth assumptions for 2025 and 2026 were used in October 2025?""], ""rbi_mpr_2025_10_p020_c003"": [""What global-growth assumptions for 2025 and 2026 were used in October 2025?""], ""rbi_mpr_2025_10_p021_c000"": [""What global-growth assumptions for 2025 and 2026 were used in October 2025?""], ""rbi_mpr_2025_10_p021_c001"": [""What global-growth assumptions for 2025 and 2026 were used in October 2025?""], ""rbi_mpr_2025_10_p021_c002"": [""What global-growth assumptions for 2025 and 2026 were used in October 2025?""], ""rbi_mpr_2025_10_p021_c004"": [""What global-growth assumptions for 2025 and 2026 were used in October 2025?""], ""rbi_mpr_2025_10_p021_c005"": [""What global-growth assumptions for 2025 and 2026 were used in October 2025?""], ""rbi_mpr_2025_10_p022_c001"": [""What global-growth assumptions for 2025 and 2026 were used in October 2025?""], ""rbi_mpr_2025_10_p022_c002"": [""What global-growth assumptions for 2025 and 2026 were used in October 2025?""], ""rbi_mpr_2025_10_p024_c000"": [""What global-growth assumptions for 2025 and 2026 were used in October 2025?""], ""rbi_mpr_2025_10_p024_c001"": [""What global-growth assumptions for 2025 and 2026 were used in October 2025?""], ""rbi_mpr_2025_10_p027_c000"": [""What global-growth assumptions for 2025 and 2026 were used in October 2025?""], ""rbi_mpr_2025_10_p028_c000"": [""What global-growth assumptions for 2025 and 2026 were used in October 2025?""], ""rbi_mpr_2025_10_p028_c002"": [""What global-growth assumptions for 2025 and 2026 were used in October 2025?""], ""rbi_mpr_2025_10_p028_c003"": [""What global-growth assumptions for 2025 and 2026 were used in October 2025?""], ""rbi_mpr_2025_10_p031_c001"": [""What global-growth assumptions for 2025 and 2026 were used in October 2025?""], ""rbi_mpr_2025_10_p032_c000"": [""What global-growth assumptions for 2025 and 2026 were used in October 2025?""], ""rbi_mpr_2025_10_p032_c001"": [""What global-growth assumptions for 2025 and 2026 were used in October 2025?""], ""rbi_mpr_2025_10_p034_c000"": [""What global-growth assumptions for 2025 and 2026 were used in October 2025?""], ""rbi_mpr_2025_10_p038_c000"": [""What global-growth assumptions for 2025 and 2026 were used in October 2025?""], ""rbi_mpr_2025_10_p040_c000"": [""What global-growth assumptions for 2025 and 2026 were used in October 2025?""], ""rbi_mpr_2025_10_p041_c003"": [""What global-growth assumptions for 2025 and 2026 were used in October 2025?""], ""rbi_mpr_2025_10_p042_c002"": [""What global-growth assumptions for 2025 and 2026 were used in October 2025?""], ""rbi_mpr_2025_10_p042_c003"": [""What global-growth assumptions for 2025 and 2026 were used in October 2025?""], ""rbi_mpr_2025_10_p042_c004"": [""What global-growth assumptions for 2025 and 2026 were used in October 2025?""], ""rbi_mpr_2025_10_p043_c001"": [""What global-growth assumptions for 2025 and 2026 were used in October 2025?""], ""rbi_mpr_2025_10_p043_c003"": [""What global-growth assumptions for 2025 and 2026 were used in October 2025?""], ""rbi_mpr_2025_10_p044_c002"": [""What global-growth assumptions for 2025 and 2026 were used in October 2025?""], ""rbi_mpr_2025_10_p046_c000"": [""What global-growth assumptions for 2025 and 2026 were used in October 2025?""], ""rbi_mpr_2025_10_p049_c000"": [""What global-growth assumptions for 2025 and 2026 were used in October 2025?""], ""rbi_mpr_2025_10_p051_c001"": [""What global-growth assumptions for 2025 and 2026 were used in October 2025?""], ""rbi_mpr_2025_10_p052_c000"": [""What global-growth assumptions for 2025 and 2026 were used in October 2025?""], ""rbi_mpr_2025_10_p052_c002"": [""What global-growth assumptions for 2025 and 2026 were used in October 2025?""], ""rbi_mpr_2025_10_p055_c000"": [""What global-growth assumptions for 2025 and 2026 were used in October 2025?""], ""rbi_mpr_2025_10_p057_c001"": [""What global-growth assumptions for 2025 and 2026 were used in October 2025?""], ""rbi_mpr_2025_10_p058_c001"": [""What global-growth assumptions for 2025 and 2026 were used in October 2025?""], ""rbi_mpr_2025_10_p058_c002"": [""What global-growth assumptions for 2025 and 2026 were used in October 2025?""], ""rbi_mpr_2025_10_p062_c000"": [""What global-growth assumptions for 2025 and 2026 were used in October 2025?""], ""rbi_mpr_2025_10_p063_c000"": [""What global-growth assumptions for 2025 and 2026 were used in October 2025?""], ""rbi_mpr_2025_10_p064_c000"": [""What global-growth assumptions for 2025 and 2026 were used in October 2025?""], ""rbi_mpr_2025_10_p064_c004"": [""What global-growth assumptions for 2025 and 2026 were used in October 2025?""], ""rbi_mpr_2025_10_p064_c005"": [""What global-growth assumptions for 2025 and 2026 were used in October 2025?""], ""rbi_mpr_2025_10_p066_c000"": [""What global-growth assumptions for 2025 and 2026 were used in October 2025?""], ""rbi_mpr_2025_10_p069_c004"": [""What global-growth assumptions for 2025 and 2026 were used in October 2025?""], ""rbi_mpr_2025_10_p074_c000"": [""What global-growth assumptions for 2025 and 2026 were used in October 2025?""], ""rbi_mpr_2025_10_p080_c000"": [""What global-growth assumptions for 2025 and 2026 were used in October 2025?""], ""rbi_mpr_2025_10_p095_c000"": [""What global-growth assumptions for 2025 and 2026 were used in October 2025?""], ""rbi_mpr_2025_10_p095_c002"": [""What global-growth assumptions for 2025 and 2026 were used in October 2025?""], ""rbi_mpr_2025_10_p095_c003"": [""What global-growth assumptions for 2025 and 2026 were used in October 2025?""], ""rbi_mpr_2025_10_p095_c004"": [""What global-growth assumptions for 2025 and 2026 were used in October 2025?""], ""rbi_mpr_2025_10_p096_c000"": [""What global-growth assumptions for 2025 and 2026 were used in October 2025?""], ""rbi_mpr_2025_10_p096_c004"": [""What global-growth assumptions for 2025 and 2026 were used in October 2025?""], ""rbi_mpr_2025_10_p097_c000"": [""What global-growth assumptions for 2025 and 2026 were used in October 2025?""], ""rbi_mpr_2025_10_p097_c001"": [""What global-growth assumptions for 2025 and 2026 were used in October 2025?""], ""rbi_mpr_2025_10_p097_c002"": [""What global-growth assumptions for 2025 and 2026 were used in October 2025?""], ""rbi_mpr_2025_10_p097_c003"": [""What global-growth assumptions for 2025 and 2026 were used in October 2025?""], ""rbi_mpr_2025_10_p097_c004"": [""What global-growth assumptions for 2025 and 2026 were used in October 2025?""], ""rbi_mpr_2025_10_p098_c000"": [""What global-growth assumptions for 2025 and 2026 were used in October 2025?""], ""rbi_mpr_2025_10_p098_c002"": [""What global-growth assumptions for 2025 and 2026 were used in October 2025?""], ""rbi_mpr_2025_10_p099_c000"": [""What global-growth assumptions for 2025 and 2026 were used in October 2025?""], ""rbi_mpr_2025_10_p100_c001"": [""What global-growth assumptions for 2025 and 2026 were used in October 2025?""], ""rbi_mpr_2025_10_p108_c000"": [""What global-growth assumptions for 2025 and 2026 were used in October 2025?""], ""rbi_mpr_2025_10_p110_c000"": [""What global-growth assumptions for 2025 and 2026 were used in October 2025?""]}, ""candidate_source_retriever"": {""rbi_mpr_2025_10_p009_c000"": [""dense""], ""rbi_mpr_2025_10_p009_c001"": [""dense""], ""rbi_mpr_2025_10_p009_c005"": [""bm25"", ""dense""], ""rbi_mpr_2025_10_p010_c001"": [""bm25""], ""rbi_mpr_2025_10_p010_c002"": [""bm25""], ""rbi_mpr_2025_10_p010_c003"": [""dense""], ""rbi_mpr_2025_10_p011_c000"": [""dense""], ""rbi_mpr_2025_10_p011_c002"": [""dense""], ""rbi_mpr_2025_10_p011_c003"": [""bm25""], ""rbi_mpr_2025_10_p012_c001"": [""bm25""], ""rbi_mpr_2025_10_p012_c002"": [""bm25""], ""rbi_mpr_2025_10_p013_c002"": [""dense""], ""rbi_mpr_2025_10_p013_c003"": [""dense""], ""rbi_mpr_2025_10_p013_c004"": [""bm25"", ""dense""], ""rbi_mpr_2025_10_p013_c005"": [""bm25"", ""dense""], ""rbi_mpr_2025_10_p014_c000"": [""dense""], ""rbi_mpr_2025_10_p015_c002"": [""dense""], ""rbi_mpr_2025_10_p016_c001"": [""dense""], ""rbi_mpr_2025_10_p017_c000"": [""bm25""], ""rbi_mpr_2025_10_p017_c002"": [""bm25""], ""rbi_mpr_2025_10_p017_c004"": [""dense""], ""rbi_mpr_2025_10_p017_c005"": [""dense""], ""rbi_mpr_2025_10_p019_c001"": [""dense""], ""rbi_mpr_2025_10_p019_c002"": [""dense""], ""rbi_mpr_2025_10_p020_c000"": [""bm25"", ""dense""], ""rbi_mpr_2025_10_p020_c001"": [""bm25""], ""rbi_mpr_2025_10_p020_c003"": [""dense""], ""rbi_mpr_2025_10_p021_c000"": [""bm25"", ""dense""], ""rbi_mpr_2025_10_p021_c001"": [""dense""], ""rbi_mpr_2025_10_p021_c002"": [""dense""], ""rbi_mpr_2025_10_p021_c004"": [""bm25"", ""dense""], ""rbi_mpr_2025_10_p021_c005"": [""bm25""], ""rbi_mpr_2025_10_p022_c001"": [""dense""], ""rbi_mpr_2025_10_p022_c002"": [""dense""], ""rbi_mpr_2025_10_p024_c000"": [""bm25""], ""rbi_mpr_2025_10_p024_c001"": [""bm25""], ""rbi_mpr_2025_10_p027_c000"": [""bm25""], ""rbi_mpr_2025_10_p028_c000"": [""bm25"", ""dense""], ""rbi_mpr_2025_10_p028_c002"": [""bm25""], ""rbi_mpr_2025_10_p028_c003"": [""bm25""], ""rbi_mpr_2025_10_p031_c001"": [""bm25""], ""rbi_mpr_2025_10_p032_c000"": [""bm25""], ""rbi_mpr_2025_10_p032_c001"": [""bm25""], ""rbi_mpr_2025_10_p034_c000"": [""dense""], ""rbi_mpr_2025_10_p038_c000"": [""bm25"", ""dense""], ""rbi_mpr_2025_10_p040_c000"": [""bm25""], ""rbi_mpr_2025_10_p041_c003"": [""dense""], ""rbi_mpr_2025_10_p042_c002"": [""dense""], ""rbi_mpr_2025_10_p042_c003"": [""dense""], ""rbi_mpr_2025_10_p042_c004"": [""dense""], ""rbi_mpr_2025_10_p043_c001"": [""dense""], ""rbi_mpr_2025_10_p043_c003"": [""dense""], ""rbi_mpr_2025_10_p044_c002"": [""bm25""], ""rbi_mpr_2025_10_p046_c000"": [""bm25""], ""rbi_mpr_2025_10_p049_c000"": [""dense""], ""rbi_mpr_2025_10_p051_c001"": [""bm25""], ""rbi_mpr_2025_10_p052_c000"": [""bm25""], ""rbi_mpr_2025_10_p052_c002"": [""dense""], ""rbi_mpr_2025_10_p055_c000"": [""bm25""], ""rbi_mpr_2025_10_p057_c001"": [""dense""], ""rbi_mpr_2025_10_p058_c001"": [""bm25""], ""rbi_mpr_2025_10_p058_c002"": [""dense""], ""rbi_mpr_2025_10_p062_c000"": [""bm25""], ""rbi_mpr_2025_10_p063_c000"": [""dense""], ""rbi_mpr_2025_10_p064_c000"": [""bm25""], ""rbi_mpr_2025_10_p064_c004"": [""bm25""], ""rbi_mpr_2025_10_p064_c005"": [""bm25""], ""rbi_mpr_2025_10_p066_c000"": [""bm25""], ""rbi_mpr_2025_10_p069_c004"": [""bm25""], ""rbi_mpr_2025_10_p074_c000"": [""bm25""], ""rbi_mpr_2025_10_p080_c000"": [""bm25""], ""rbi_mpr_2025_10_p095_c000"": [""dense""], ""rbi_mpr_2025_10_p095_c002"": [""dense""], ""rbi_mpr_2025_10_p095_c003"": [""dense""], ""rbi_mpr_2025_10_p095_c004"": [""bm25""], ""rbi_mpr_2025_10_p096_c000"": [""bm25""], ""rbi_mpr_2025_10_p096_c004"": [""bm25"", ""dense""], ""rbi_mpr_2025_10_p097_c000"": [""dense""], ""rbi_mpr_2025_10_p097_c001"": [""bm25""], ""rbi_mpr_2025_10_p097_c002"": [""dense""], ""rbi_mpr_2025_10_p097_c003"": [""bm25"", ""dense""], ""rbi_mpr_2025_10_p097_c004"": [""dense""], ""rbi_mpr_2025_10_p098_c000"": [""bm25"", ""dense""], ""rbi_mpr_2025_10_p098_c002"": [""dense""], ""rbi_mpr_2025_10_p099_c000"": [""bm25"", ""dense""], ""rbi_mpr_2025_10_p100_c001"": [""bm25""], ""rbi_mpr_2025_10_p108_c000"": [""bm25""], ""rbi_mpr_2025_10_p110_c000"": [""bm25""]}, ""candidate_union_ids"": [""rbi_mpr_2025_10_p013_c003"", ""rbi_mpr_2025_10_p096_c004"", ""rbi_mpr_2025_10_p097_c003"", ""rbi_mpr_2025_10_p043_c003"", ""rbi_mpr_2025_10_p020_c000"", ""rbi_mpr_2025_10_p097_c004"", ""rbi_mpr_2025_10_p011_c002"", ""rbi_mpr_2025_10_p095_c000"", ""rbi_mpr_2025_10_p017_c004"", ""rbi_mpr_2025_10_p098_c000"", ""rbi_mpr_2025_10_p009_c005"", ""rbi_mpr_2025_10_p099_c000"", ""rbi_mpr_2025_10_p013_c004"", ""rbi_mpr_2025_10_p013_c005"", ""rbi_mpr_2025_10_p022_c002"", ""rbi_mpr_2025_10_p011_c000"", ""rbi_mpr_2025_10_p041_c003"", ""rbi_mpr_2025_10_p098_c002"", ""rbi_mpr_2025_10_p015_c002"", ""rbi_mpr_2025_10_p013_c002"", ""rbi_mpr_2025_10_p010_c003"", ""rbi_mpr_2025_10_p020_c003"", ""rbi_mpr_2025_10_p021_c000"", ""rbi_mpr_2025_10_p097_c002"", ""rbi_mpr_2025_10_p038_c000"", ""rbi_mpr_2025_10_p042_c004"", ""rbi_mpr_2025_10_p017_c005"", ""rbi_mpr_2025_10_p058_c002"", ""rbi_mpr_2025_10_p019_c001"", ""rbi_mpr_2025_10_p042_c002"", ""rbi_mpr_2025_10_p014_c000"", ""rbi_mpr_2025_10_p057_c001"", ""rbi_mpr_2025_10_p019_c002"", ""rbi_mpr_2025_10_p034_c000"", ""rbi_mpr_2025_10_p042_c003"", ""rbi_mpr_2025_10_p095_c002"", ""rbi_mpr_2025_10_p028_c000"", ""rbi_mpr_2025_10_p016_c001"", ""rbi_mpr_2025_10_p021_c002"", ""rbi_mpr_2025_10_p097_c000"", ""rbi_mpr_2025_10_p022_c001"", ""rbi_mpr_2025_10_p009_c001"", ""rbi_mpr_2025_10_p009_c000"", ""rbi_mpr_2025_10_p021_c004"", ""rbi_mpr_2025_10_p052_c002"", ""rbi_mpr_2025_10_p049_c000"", ""rbi_mpr_2025_10_p021_c001"", ""rbi_mpr_2025_10_p095_c003"", ""rbi_mpr_2025_10_p043_c001"", ""rbi_mpr_2025_10_p063_c000"", ""rbi_mpr_2025_10_p012_c001"", ""rbi_mpr_2025_10_p032_c000"", ""rbi_mpr_2025_10_p108_c000"", ""rbi_mpr_2025_10_p080_c000"", ""rbi_mpr_2025_10_p110_c000"", ""rbi_mpr_2025_10_p012_c002"", ""rbi_mpr_2025_10_p044_c002"", ""rbi_mpr_2025_10_p032_c001"", ""rbi_mpr_2025_10_p052_c000"", ""rbi_mpr_2025_10_p069_c004"", ""rbi_mpr_2025_10_p017_c002"", ""rbi_mpr_2025_10_p024_c000"", ""rbi_mpr_2025_10_p027_c000"", ""rbi_mpr_2025_10_p011_c003"", ""rbi_mpr_2025_10_p020_c001"", ""rbi_mpr_2025_10_p028_c002"", ""rbi_mpr_2025_10_p100_c001"", ""rbi_mpr_2025_10_p021_c005"", ""rbi_mpr_2025_10_p064_c005"", ""rbi_mpr_2025_10_p010_c002"", ""rbi_mpr_2025_10_p031_c001"", ""rbi_mpr_2025_10_p017_c000"", ""rbi_mpr_2025_10_p097_c001"", ""rbi_mpr_2025_10_p062_c000"", ""rbi_mpr_2025_10_p064_c000"", ""rbi_mpr_2025_10_p040_c000"", ""rbi_mpr_2025_10_p028_c003"", ""rbi_mpr_2025_10_p074_c000"", ""rbi_mpr_2025_10_p096_c000"", ""rbi_mpr_2025_10_p046_c000"", ""rbi_mpr_2025_10_p055_c000"", ""rbi_mpr_2025_10_p095_c004"", ""rbi_mpr_2025_10_p024_c001"", ""rbi_mpr_2025_10_p064_c004"", ""rbi_mpr_2025_10_p051_c001"", ""rbi_mpr_2025_10_p066_c000"", ""rbi_mpr_2025_10_p058_c001"", ""rbi_mpr_2025_10_p010_c001""], ""candidate_union_pages"": [13, 96, 97, 43, 20, 97, 11, 95, 17, 98, 9, 99, 13, 13, 22, 11, 41, 98, 15, 13, 10, 20, 21, 97, 38, 42, 17, 58, 19, 42, 14, 57, 19, 34, 42, 95, 28, 16, 21, 97, 22, 9, 9, 21, 52, 49, 21, 95, 43, 63, 12, 32, 108, 80, 110, 12, 44, 32, 52, 69, 17, 24, 27, 11, 20, 28, 100, 21, 64, 10, 31, 17, 97, 62, 64, 40, 28, 74, 96, 46, 55, 95, 24, 64, 51, 66, 58, 10], ""dense_candidate_ids"": [""rbi_mpr_2025_10_p013_c003"", ""rbi_mpr_2025_10_p096_c004"", ""rbi_mpr_2025_10_p097_c003"", ""rbi_mpr_2025_10_p043_c003"", ""rbi_mpr_2025_10_p020_c000"", ""rbi_mpr_2025_10_p097_c004"", ""rbi_mpr_2025_10_p011_c002"", ""rbi_mpr_2025_10_p095_c000"", ""rbi_mpr_2025_10_p017_c004"", ""rbi_mpr_2025_10_p098_c000"", ""rbi_mpr_2025_10_p009_c005"", ""rbi_mpr_2025_10_p099_c000"", ""rbi_mpr_2025_10_p013_c004"", ""rbi_mpr_2025_10_p013_c005"", ""rbi_mpr_2025_10_p022_c002"", ""rbi_mpr_2025_10_p011_c000"", ""rbi_mpr_2025_10_p041_c003"", ""rbi_mpr_2025_10_p098_c002"", ""rbi_mpr_2025_10_p015_c002"", ""rbi_mpr_2025_10_p013_c002"", ""rbi_mpr_2025_10_p010_c003"", ""rbi_mpr_2025_10_p020_c003"", ""rbi_mpr_2025_10_p021_c000"", ""rbi_mpr_2025_10_p097_c002"", ""rbi_mpr_2025_10_p038_c000"", ""rbi_mpr_2025_10_p042_c004"", ""rbi_mpr_2025_10_p017_c005"", ""rbi_mpr_2025_10_p058_c002"", ""rbi_mpr_2025_10_p019_c001"", ""rbi_mpr_2025_10_p042_c002"", ""rbi_mpr_2025_10_p014_c000"", ""rbi_mpr_2025_10_p057_c001"", ""rbi_mpr_2025_10_p019_c002"", ""rbi_mpr_2025_10_p034_c000"", ""rbi_mpr_2025_10_p042_c003"", ""rbi_mpr_2025_10_p095_c002"", ""rbi_mpr_2025_10_p028_c000"", ""rbi_mpr_2025_10_p016_c001"", ""rbi_mpr_2025_10_p021_c002"", ""rbi_mpr_2025_10_p097_c000"", ""rbi_mpr_2025_10_p022_c001"", ""rbi_mpr_2025_10_p009_c001"", ""rbi_mpr_2025_10_p009_c000"", ""rbi_mpr_2025_10_p021_c004"", ""rbi_mpr_2025_10_p052_c002"", ""rbi_mpr_2025_10_p049_c000"", ""rbi_mpr_2025_10_p021_c001"", ""rbi_mpr_2025_10_p095_c003"", ""rbi_mpr_2025_10_p043_c001"", ""rbi_mpr_2025_10_p063_c000""], ""dense_candidate_pages"": [13, 96, 97, 43, 20, 97, 11, 95, 17, 98, 9, 99, 13, 13, 22, 11, 41, 98, 15, 13, 10, 20, 21, 97, 38, 42, 17, 58, 19, 42, 14, 57, 19, 34, 42, 95, 28, 16, 21, 97, 22, 9, 9, 21, 52, 49, 21, 95, 43, 63], ""dense_candidate_scores"": [0.44701480292372553, 0.4465510611495602, 0.43902553061369753, 0.40011459069092437, 0.3691299135396555, 0.3683991293333251, 0.36754810016819317, 0.35788778960840517, 0.34908365012926745, 0.3395827389505477, 0.33490679898935516, 0.3299598126453889, 0.32889463534297314, 0.32441813426893407, 0.2950528233311507, 0.2857728459323251, 0.2805183140347749, 0.27068343122845473, 0.2705344842658173, 0.2698560885921859, 0.26898381741540445, 0.2647080196339743, 0.26456227583182357, 0.25946318151158165, 0.257135748243113, 0.25187953047162237, 0.24827184453278683, 0.24452793997956412, 0.24341054273184337, 0.24063770156831166, 0.2386633745966673, 0.23667615068937864, 0.23440991464494787, 0.2222608326805916, 0.2207818154726473, 0.2203924628861037, 0.21985205599449698, 0.21909804887463713, 0.21849838351402406, 0.21461025244519716, 0.20973386207248668, 0.2079006427496568, 0.207680720494127, 0.2065481503809422, 0.20586967041361381, 0.20298218982213256, 0.19472629654842455, 0.1932990356704516, 0.1917508133372524, 0.1889467835058226], ""dense_first_evidence_rank"": null, ""evidence_rank_after_reranking"": 9, ""evidence_rank_before_reranking"": 14, ""expected_evidence"": [""3.0 per cent in 2025 3.1 per cent in 2026""], ""loss_stage"": ""lost_by_quota"", ""report_id"": ""rbi_mpr_2025_10"", ""reranker_input_ids"": [""rbi_mpr_2025_10_p020_c000"", ""rbi_mpr_2025_10_p096_c004"", ""rbi_mpr_2025_10_p013_c004"", ""rbi_mpr_2025_10_p097_c003"", ""rbi_mpr_2025_10_p021_c000"", ""rbi_mpr_2025_10_p099_c000"", ""rbi_mpr_2025_10_p009_c005"", ""rbi_mpr_2025_10_p013_c005"", ""rbi_mpr_2025_10_p098_c000"", ""rbi_mpr_2025_10_p038_c000"", ""rbi_mpr_2025_10_p021_c004"", ""rbi_mpr_2025_10_p028_c000"", ""rbi_mpr_2025_10_p013_c003"", ""rbi_mpr_2025_10_p012_c001"", ""rbi_mpr_2025_10_p032_c000"", ""rbi_mpr_2025_10_p108_c000"", ""rbi_mpr_2025_10_p043_c003"", ""rbi_mpr_2025_10_p080_c000"", ""rbi_mpr_2025_10_p097_c004"", ""rbi_mpr_2025_10_p110_c000"", ""rbi_mpr_2025_10_p011_c002"", ""rbi_mpr_2025_10_p012_c002"", ""rbi_mpr_2025_10_p095_c000"", ""rbi_mpr_2025_10_p044_c002"", ""rbi_mpr_2025_10_p017_c004"", ""rbi_mpr_2025_10_p032_c001"", ""rbi_mpr_2025_10_p052_c000"", ""rbi_mpr_2025_10_p069_c004"", ""rbi_mpr_2025_10_p017_c002"", ""rbi_mpr_2025_10_p022_c002""], ""reranker_input_pages"": [20, 96, 13, 97, 21, 99, 9, 13, 98, 38, 21, 28, 13, 12, 32, 108, 43, 80, 97, 110, 11, 12, 95, 44, 17, 32, 52, 69, 17, 22], ""reranker_input_ranks"": [1, 2, 3, 4, 5, 6, 7, 8, 9, 10, 11, 12, 13, 14, 15, 16, 17, 18, 19, 20, 21, 22, 23, 24, 25, 26, 27, 28, 29, 30], ""reranker_output_ids"": [""rbi_mpr_2025_10_p098_c000"", ""rbi_mpr_2025_10_p013_c004"", ""rbi_mpr_2025_10_p013_c003"", ""rbi_mpr_2025_10_p009_c005"", ""rbi_mpr_2025_10_p038_c000"", ""rbi_mpr_2025_10_p099_c000"", ""rbi_mpr_2025_10_p011_c002"", ""rbi_mpr_2025_10_p052_c000"", ""rbi_mpr_2025_10_p012_c001"", ""rbi_mpr_2025_10_p097_c003"", ""rbi_mpr_2025_10_p097_c004"", ""rbi_mpr_2025_10_p021_c000"", ""rbi_mpr_2025_10_p110_c000"", ""rbi_mpr_2025_10_p080_c000"", ""rbi_mpr_2025_10_p096_c004"", ""rbi_mpr_2025_10_p017_c004"", ""rbi_mpr_2025_10_p032_c000"", ""rbi_mpr_2025_10_p108_c000"", ""rbi_mpr_2025_10_p028_c000"", ""rbi_mpr_2025_10_p095_c000"", ""rbi_mpr_2025_10_p012_c002"", ""rbi_mpr_2025_10_p013_c005"", ""rbi_mpr_2025_10_p020_c000"", ""rbi_mpr_2025_10_p043_c003"", ""rbi_mpr_2025_10_p022_c002"", ""rbi_mpr_2025_10_p032_c001"", ""rbi_mpr_2025_10_p069_c004"", ""rbi_mpr_2025_10_p021_c004"", ""rbi_mpr_2025_10_p017_c002"", ""rbi_mpr_2025_10_p044_c002""], ""reranker_output_pages"": [98, 13, 13, 9, 38, 99, 11, 52, 12, 97, 97, 21, 110, 80, 96, 17, 32, 108, 28, 95, 12, 13, 20, 43, 22, 32, 69, 21, 17, 44], ""reranker_scores"": [4.760432720184326, 4.245754241943359, 3.6228103637695312, 3.528205394744873, 2.8058176040649414, 2.801480531692505, 2.3274731636047363, 2.315870761871338, 2.162601947784424, 1.8260114192962646, 1.631404161453247, 1.423980712890625, 1.2801947593688965, 0.9987468123435974, 0.9624329805374146, 0.9293134212493896, 0.9291874170303345, 0.6289122700691223, 0.41619396209716797, 0.31359434127807617, 0.03922169283032417, -0.006055757403373718, -0.684284508228302, -2.7790911197662354, -4.1845526695251465, -4.206788063049316, -7.456247329711914, -7.842125415802002, -10.85338020324707, -10.954877853393555], ""rrf_candidate_ids"": [""rbi_mpr_2025_10_p020_c000"", ""rbi_mpr_2025_10_p096_c004"", ""rbi_mpr_2025_10_p013_c004"", ""rbi_mpr_2025_10_p097_c003"", ""rbi_mpr_2025_10_p021_c000"", ""rbi_mpr_2025_10_p099_c000"", ""rbi_mpr_2025_10_p009_c005"", ""rbi_mpr_2025_10_p013_c005"", ""rbi_mpr_2025_10_p098_c000"", ""rbi_mpr_2025_10_p038_c000"", ""rbi_mpr_2025_10_p021_c004"", ""rbi_mpr_2025_10_p028_c000"", ""rbi_mpr_2025_10_p013_c003"", ""rbi_mpr_2025_10_p012_c001"", ""rbi_mpr_2025_10_p032_c000"", ""rbi_mpr_2025_10_p108_c000"", ""rbi_mpr_2025_10_p043_c003"", ""rbi_mpr_2025_10_p080_c000"", ""rbi_mpr_2025_10_p097_c004"", ""rbi_mpr_2025_10_p110_c000"", ""rbi_mpr_2025_10_p011_c002"", ""rbi_mpr_2025_10_p012_c002"", ""rbi_mpr_2025_10_p095_c000"", ""rbi_mpr_2025_10_p044_c002"", ""rbi_mpr_2025_10_p017_c004"", ""rbi_mpr_2025_10_p032_c001"", ""rbi_mpr_2025_10_p052_c000"", ""rbi_mpr_2025_10_p069_c004"", ""rbi_mpr_2025_10_p017_c002"", ""rbi_mpr_2025_10_p022_c002""], ""rrf_candidate_pages"": [20, 96, 13, 97, 21, 99, 9, 13, 98, 38, 21, 28, 13, 12, 32, 108, 43, 80, 97, 110, 11, 12, 95, 44, 17, 32, 52, 69, 17, 22], ""rrf_first_evidence_rank"": 14, ""rrf_scores"": [0.02967032967032967, 0.02946236559139785, 0.0293236301369863, 0.028531243721117136, 0.026132699813337858, 0.025937081659973226, 0.025195618153364633, 0.024266201685556526, 0.023544973544973542, 0.021865715983363045, 0.02097902097902098, 0.019743240614666407, 0.01639344262295082, 0.01639344262295082, 0.016129032258064516, 0.015873015873015872, 0.015625, 0.015384615384615385, 0.015151515151515152, 0.015151515151515152, 0.014925373134328358, 0.014925373134328358, 0.014705882352941176, 0.014705882352941176, 0.014492753623188406, 0.014492753623188406, 0.013888888888888888, 0.0136986301369863, 0.013513513513513514, 0.013333333333333334], ""selected_chunk_ids_after_dedup"": [""rbi_mpr_2025_10_p098_c000"", ""rbi_mpr_2025_10_p013_c004"", ""rbi_mpr_2025_10_p013_c003"", ""rbi_mpr_2025_10_p009_c005""], ""selected_chunk_ids_before_dedup"": [""rbi_mpr_2025_10_p098_c000"", ""rbi_mpr_2025_10_p013_c004"", ""rbi_mpr_2025_10_p013_c003"", ""rbi_mpr_2025_10_p009_c005""], ""selected_pages"": [98, 13, 13, 9]}}","{""rbi_mpr_2025_10"": false}","{""rbi_mpr_2025_10"": 0.0}",[],"[""2025"", ""2026"", ""2025""]",0.12830000196117908,single_report,oct_dev_005,[],0.0,"{""rbi_mpr_2025_10"": 4}",1.0,"[""rbi_mpr_2025_10""]",1983.9481999952113,0.10999999358318746,3398,4,0.007800001185387373,dev,2020.2431999932742,3
True,5.226900000707246,0.1618999958736822,True,04a5ce7716e7f739c55089569953118657c56d931da37da67b3f680d0125b949,0,0.024300010409206152,bf7cf18e02abb87a6e22fe9b686d8f93fa34ceb3f67abc575741c0a63080b56d,0.40859999717213213,52.4643999960972,0,863,1.0,[],RRF_K60,[],0.12029999925289303,d063b65fcefc1858e3315b9e67356a80310b8ae9b4d0864e98dd7c18d8553c1a,1.0,"According to the October 2025 MPR, how much had the Centre raised through gross market borrowings by late September 2025?","According to the October 2025 MPR, how much had the Centre raised through gross market borrowings by late September 2025?","{""rbi_mpr_2025_10"": {""accepted_evidence_found"": true, ""accepted_pages"": [52], ""bm25_candidate_ids"": [""rbi_mpr_2025_10_p052_c000"", ""rbi_mpr_2025_10_p052_c001"", ""rbi_mpr_2025_10_p080_c000"", ""rbi_mpr_2025_10_p052_c004"", ""rbi_mpr_2025_10_p072_c000"", ""rbi_mpr_2025_10_p009_c005"", ""rbi_mpr_2025_10_p107_c001"", ""rbi_mpr_2025_10_p011_c001"", ""rbi_mpr_2025_10_p096_c000"", ""rbi_mpr_2025_10_p077_c002"", ""rbi_mpr_2025_10_p012_c003"", ""rbi_mpr_2025_10_p024_c001"", ""rbi_mpr_2025_10_p073_c001"", ""rbi_mpr_2025_10_p030_c000"", ""rbi_mpr_2025_10_p046_c002"", ""rbi_mpr_2025_10_p010_c004"", ""rbi_mpr_2025_10_p066_c001"", ""rbi_mpr_2025_10_p013_c000"", ""rbi_mpr_2025_10_p079_c002"", ""rbi_mpr_2025_10_p051_c000"", ""rbi_mpr_2025_10_p071_c001"", ""rbi_mpr_2025_10_p060_c000"", ""rbi_mpr_2025_10_p088_c000"", ""rbi_mpr_2025_10_p105_c001"", ""rbi_mpr_2025_10_p102_c000"", ""rbi_mpr_2025_10_p099_c001"", ""rbi_mpr_2025_10_p009_c004"", ""rbi_mpr_2025_10_p052_c003"", ""rbi_mpr_2025_10_p055_c000"", ""rbi_mpr_2025_10_p066_c000"", ""rbi_mpr_2025_10_p055_c002"", ""rbi_mpr_2025_10_p010_c005"", ""rbi_mpr_2025_10_p076_c000"", ""rbi_mpr_2025_10_p107_c000"", ""rbi_mpr_2025_10_p074_c001"", ""rbi_mpr_2025_10_p073_c002"", ""rbi_mpr_2025_10_p057_c000"", ""rbi_mpr_2025_10_p014_c000"", ""rbi_mpr_2025_10_p052_c002"", ""rbi_mpr_2025_10_p097_c001"", ""rbi_mpr_2025_10_p044_c002"", ""rbi_mpr_2025_10_p104_c002"", ""rbi_mpr_2025_10_p079_c001"", ""rbi_mpr_2025_10_p011_c002"", ""rbi_mpr_2025_10_p055_c001"", ""rbi_mpr_2025_10_p054_c001"", ""rbi_mpr_2025_10_p046_c000"", ""rbi_mpr_2025_10_p034_c003"", ""rbi_mpr_2025_10_p064_c004"", ""rbi_mpr_2025_10_p107_c002""], ""bm25_candidate_pages"": [52, 52, 80, 52, 72, 9, 107, 11, 96, 77, 12, 24, 73, 30, 46, 10, 66, 13, 79, 51, 71, 60, 88, 105, 102, 99, 9, 52, 55, 66, 55, 10, 76, 107, 74, 73, 57, 14, 52, 97, 44, 104, 79, 11, 55, 54, 46, 34, 64, 107], ""bm25_candidate_scores"": [null, null, null, null, null, null, null, null, null, null, null, null, null, null, null, null, null, null, null, null, null, null, null, null, null, null, null, null, null, null, null, null, null, null, null, null, null, null, null, null, null, null, null, null, null, null, null, null, null, null], ""bm25_first_evidence_rank"": 1, ""candidate_source_expansion"": {""rbi_mpr_2025_10_p009_c004"": [], ""rbi_mpr_2025_10_p009_c005"": [], ""rbi_mpr_2025_10_p010_c000"": [], ""rbi_mpr_2025_10_p010_c001"": [], ""rbi_mpr_2025_10_p010_c002"": [], ""rbi_mpr_2025_10_p010_c004"": [], ""rbi_mpr_2025_10_p010_c005"": [], ""rbi_mpr_2025_10_p011_c001"": [], ""rbi_mpr_2025_10_p011_c002"": [], ""rbi_mpr_2025_10_p011_c003"": [], ""rbi_mpr_2025_10_p012_c002"": [], ""rbi_mpr_2025_10_p012_c003"": [], ""rbi_mpr_2025_10_p013_c000"": [], ""rbi_mpr_2025_10_p014_c000"": [], ""rbi_mpr_2025_10_p014_c001"": [], ""rbi_mpr_2025_10_p014_c002"": [], ""rbi_mpr_2025_10_p016_c001"": [], ""rbi_mpr_2025_10_p019_c002"": [], ""rbi_mpr_2025_10_p024_c001"": [], ""rbi_mpr_2025_10_p030_c000"": [], ""rbi_mpr_2025_10_p034_c003"": [], ""rbi_mpr_2025_10_p038_c000"": [], ""rbi_mpr_2025_10_p041_c002"": [], ""rbi_mpr_2025_10_p041_c003"": [], ""rbi_mpr_2025_10_p042_c003"": [], ""rbi_mpr_2025_10_p043_c000"": [], ""rbi_mpr_2025_10_p044_c000"": [], ""rbi_mpr_2025_10_p044_c002"": [], ""rbi_mpr_2025_10_p046_c000"": [], ""rbi_mpr_2025_10_p046_c002"": [], ""rbi_mpr_2025_10_p047_c000"": [], ""rbi_mpr_2025_10_p049_c000"": [], ""rbi_mpr_2025_10_p049_c001"": [], ""rbi_mpr_2025_10_p049_c003"": [], ""rbi_mpr_2025_10_p050_c000"": [], ""rbi_mpr_2025_10_p051_c000"": [], ""rbi_mpr_2025_10_p052_c000"": [], ""rbi_mpr_2025_10_p052_c001"": [], ""rbi_mpr_2025_10_p052_c002"": [], ""rbi_mpr_2025_10_p052_c003"": [], ""rbi_mpr_2025_10_p052_c004"": [], ""rbi_mpr_2025_10_p054_c001"": [], ""rbi_mpr_2025_10_p054_c003"": [], ""rbi_mpr_2025_10_p055_c000"": [], ""rbi_mpr_2025_10_p055_c001"": [], ""rbi_mpr_2025_10_p055_c002"": [], ""rbi_mpr_2025_10_p056_c002"": [], ""rbi_mpr_2025_10_p057_c000"": [], ""rbi_mpr_2025_10_p060_c000"": [], ""rbi_mpr_2025_10_p060_c001"": [], ""rbi_mpr_2025_10_p062_c000"": [], ""rbi_mpr_2025_10_p064_c004"": [], ""rbi_mpr_2025_10_p066_c000"": [], ""rbi_mpr_2025_10_p066_c001"": [], ""rbi_mpr_2025_10_p068_c002"": [], ""rbi_mpr_2025_10_p071_c001"": [], ""rbi_mpr_2025_10_p071_c002"": [], ""rbi_mpr_2025_10_p072_c000"": [], ""rbi_mpr_2025_10_p072_c002"": [], ""rbi_mpr_2025_10_p073_c000"": [], ""rbi_mpr_2025_10_p073_c001"": [], ""rbi_mpr_2025_10_p073_c002"": [], ""rbi_mpr_2025_10_p073_c003"": [], ""rbi_mpr_2025_10_p073_c004"": [], ""rbi_mpr_2025_10_p074_c001"": [], ""rbi_mpr_2025_10_p076_c000"": [], ""rbi_mpr_2025_10_p077_c002"": [], ""rbi_mpr_2025_10_p079_c001"": [], ""rbi_mpr_2025_10_p079_c002"": [], ""rbi_mpr_2025_10_p080_c000"": [], ""rbi_mpr_2025_10_p085_c002"": [], ""rbi_mpr_2025_10_p086_c000"": [], ""rbi_mpr_2025_10_p087_c001"": [], ""rbi_mpr_2025_10_p087_c003"": [], ""rbi_mpr_2025_10_p088_c000"": [], ""rbi_mpr_2025_10_p089_c001"": [], ""rbi_mpr_2025_10_p090_c000"": [], ""rbi_mpr_2025_10_p090_c003"": [], ""rbi_mpr_2025_10_p091_c002"": [], ""rbi_mpr_2025_10_p091_c003"": [], ""rbi_mpr_2025_10_p096_c000"": [], ""rbi_mpr_2025_10_p097_c001"": [], ""rbi_mpr_2025_10_p099_c001"": [], ""rbi_mpr_2025_10_p101_c000"": [], ""rbi_mpr_2025_10_p102_c000"": [], ""rbi_mpr_2025_10_p104_c002"": [], ""rbi_mpr_2025_10_p105_c001"": [], ""rbi_mpr_2025_10_p107_c000"": [], ""rbi_mpr_2025_10_p107_c001"": [], ""rbi_mpr_2025_10_p107_c002"": []}, ""candidate_source_facet"": {""rbi_mpr_2025_10_p009_c004"": [], ""rbi_mpr_2025_10_p009_c005"": [], ""rbi_mpr_2025_10_p010_c000"": [], ""rbi_mpr_2025_10_p010_c001"": [], ""rbi_mpr_2025_10_p010_c002"": [], ""rbi_mpr_2025_10_p010_c004"": [], ""rbi_mpr_2025_10_p010_c005"": [], ""rbi_mpr_2025_10_p011_c001"": [], ""rbi_mpr_2025_10_p011_c002"": [], ""rbi_mpr_2025_10_p011_c003"": [], ""rbi_mpr_2025_10_p012_c002"": [], ""rbi_mpr_2025_10_p012_c003"": [], ""rbi_mpr_2025_10_p013_c000"": [], ""rbi_mpr_2025_10_p014_c000"": [], ""rbi_mpr_2025_10_p014_c001"": [], ""rbi_mpr_2025_10_p014_c002"": [], ""rbi_mpr_2025_10_p016_c001"": [], ""rbi_mpr_2025_10_p019_c002"": [], ""rbi_mpr_2025_10_p024_c001"": [], ""rbi_mpr_2025_10_p030_c000"": [], ""rbi_mpr_2025_10_p034_c003"": [], ""rbi_mpr_2025_10_p038_c000"": [], ""rbi_mpr_2025_10_p041_c002"": [], ""rbi_mpr_2025_10_p041_c003"": [], ""rbi_mpr_2025_10_p042_c003"": [], ""rbi_mpr_2025_10_p043_c000"": [], ""rbi_mpr_2025_10_p044_c000"": [], ""rbi_mpr_2025_10_p044_c002"": [], ""rbi_mpr_2025_10_p046_c000"": [], ""rbi_mpr_2025_10_p046_c002"": [], ""rbi_mpr_2025_10_p047_c000"": [], ""rbi_mpr_2025_10_p049_c000"": [], ""rbi_mpr_2025_10_p049_c001"": [], ""rbi_mpr_2025_10_p049_c003"": [], ""rbi_mpr_2025_10_p050_c000"": [], ""rbi_mpr_2025_10_p051_c000"": [], ""rbi_mpr_2025_10_p052_c000"": [], ""rbi_mpr_2025_10_p052_c001"": [], ""rbi_mpr_2025_10_p052_c002"": [], ""rbi_mpr_2025_10_p052_c003"": [], ""rbi_mpr_2025_10_p052_c004"": [], ""rbi_mpr_2025_10_p054_c001"": [], ""rbi_mpr_2025_10_p054_c003"": [], ""rbi_mpr_2025_10_p055_c000"": [], ""rbi_mpr_2025_10_p055_c001"": [], ""rbi_mpr_2025_10_p055_c002"": [], ""rbi_mpr_2025_10_p056_c002"": [], ""rbi_mpr_2025_10_p057_c000"": [], ""rbi_mpr_2025_10_p060_c000"": [], ""rbi_mpr_2025_10_p060_c001"": [], ""rbi_mpr_2025_10_p062_c000"": [], ""rbi_mpr_2025_10_p064_c004"": [], ""rbi_mpr_2025_10_p066_c000"": [], ""rbi_mpr_2025_10_p066_c001"": [], ""rbi_mpr_2025_10_p068_c002"": [], ""rbi_mpr_2025_10_p071_c001"": [], ""rbi_mpr_2025_10_p071_c002"": [], ""rbi_mpr_2025_10_p072_c000"": [], ""rbi_mpr_2025_10_p072_c002"": [], ""rbi_mpr_2025_10_p073_c000"": [], ""rbi_mpr_2025_10_p073_c001"": [], ""rbi_mpr_2025_10_p073_c002"": [], ""rbi_mpr_2025_10_p073_c003"": [], ""rbi_mpr_2025_10_p073_c004"": [], ""rbi_mpr_2025_10_p074_c001"": [], ""rbi_mpr_2025_10_p076_c000"": [], ""rbi_mpr_2025_10_p077_c002"": [], ""rbi_mpr_2025_10_p079_c001"": [], ""rbi_mpr_2025_10_p079_c002"": [], ""rbi_mpr_2025_10_p080_c000"": [], ""rbi_mpr_2025_10_p085_c002"": [], ""rbi_mpr_2025_10_p086_c000"": [], ""rbi_mpr_2025_10_p087_c001"": [], ""rbi_mpr_2025_10_p087_c003"": [], ""rbi_mpr_2025_10_p088_c000"": [], ""rbi_mpr_2025_10_p089_c001"": [], ""rbi_mpr_2025_10_p090_c000"": [], ""rbi_mpr_2025_10_p090_c003"": [], ""rbi_mpr_2025_10_p091_c002"": [], ""rbi_mpr_2025_10_p091_c003"": [], ""rbi_mpr_2025_10_p096_c000"": [], ""rbi_mpr_2025_10_p097_c001"": [], ""rbi_mpr_2025_10_p099_c001"": [], ""rbi_mpr_2025_10_p101_c000"": [], ""rbi_mpr_2025_10_p102_c000"": [], ""rbi_mpr_2025_10_p104_c002"": [], ""rbi_mpr_2025_10_p105_c001"": [], ""rbi_mpr_2025_10_p107_c000"": [], ""rbi_mpr_2025_10_p107_c001"": [], ""rbi_mpr_2025_10_p107_c002"": []}, ""candidate_source_query"": {""rbi_mpr_2025_10_p009_c004"": [""According to the October 2025 MPR, how much had the Centre raised through gross market borrowings by late September 2025?""], ""rbi_mpr_2025_10_p009_c005"": [""According to the October 2025 MPR, how much had the Centre raised through gross market borrowings by late September 2025?""], ""rbi_mpr_2025_10_p010_c000"": [""According to the October 2025 MPR, how much had the Centre raised through gross market borrowings by late September 2025?""], ""rbi_mpr_2025_10_p010_c001"": [""According to the October 2025 MPR, how much had the Centre raised through gross market borrowings by late September 2025?""], ""rbi_mpr_2025_10_p010_c002"": [""According to the October 2025 MPR, how much had the Centre raised through gross market borrowings by late September 2025?""], ""rbi_mpr_2025_10_p010_c004"": [""According to the October 2025 MPR, how much had the Centre raised through gross market borrowings by late September 2025?""], ""rbi_mpr_2025_10_p010_c005"": [""According to the October 2025 MPR, how much had the Centre raised through gross market borrowings by late September 2025?""], ""rbi_mpr_2025_10_p011_c001"": [""According to the October 2025 MPR, how much had the Centre raised through gross market borrowings by late September 2025?""], ""rbi_mpr_2025_10_p011_c002"": [""According to the October 2025 MPR, how much had the Centre raised through gross market borrowings by late September 2025?""], ""rbi_mpr_2025_10_p011_c003"": [""According to the October 2025 MPR, how much had the Centre raised through gross market borrowings by late September 2025?""], ""rbi_mpr_2025_10_p012_c002"": [""According to the October 2025 MPR, how much had the Centre raised through gross market borrowings by late September 2025?""], ""rbi_mpr_2025_10_p012_c003"": [""According to the October 2025 MPR, how much had the Centre raised through gross market borrowings by late September 2025?""], ""rbi_mpr_2025_10_p013_c000"": [""According to the October 2025 MPR, how much had the Centre raised through gross market borrowings by late September 2025?""], ""rbi_mpr_2025_10_p014_c000"": [""According to the October 2025 MPR, how much had the Centre raised through gross market borrowings by late September 2025?""], ""rbi_mpr_2025_10_p014_c001"": [""According to the October 2025 MPR, how much had the Centre raised through gross market borrowings by late September 2025?""], ""rbi_mpr_2025_10_p014_c002"": [""According to the October 2025 MPR, how much had the Centre raised through gross market borrowings by late September 2025?""], ""rbi_mpr_2025_10_p016_c001"": [""According to the October 2025 MPR, how much had the Centre raised through gross market borrowings by late September 2025?""], ""rbi_mpr_2025_10_p019_c002"": [""According to the October 2025 MPR, how much had the Centre raised through gross market borrowings by late September 2025?""], ""rbi_mpr_2025_10_p024_c001"": [""According to the October 2025 MPR, how much had the Centre raised through gross market borrowings by late September 2025?""], ""rbi_mpr_2025_10_p030_c000"": [""According to the October 2025 MPR, how much had the Centre raised through gross market borrowings by late September 2025?""], ""rbi_mpr_2025_10_p034_c003"": [""According to the October 2025 MPR, how much had the Centre raised through gross market borrowings by late September 2025?""], ""rbi_mpr_2025_10_p038_c000"": [""According to the October 2025 MPR, how much had the Centre raised through gross market borrowings by late September 2025?""], ""rbi_mpr_2025_10_p041_c002"": [""According to the October 2025 MPR, how much had the Centre raised through gross market borrowings by late September 2025?""], ""rbi_mpr_2025_10_p041_c003"": [""According to the October 2025 MPR, how much had the Centre raised through gross market borrowings by late September 2025?""], ""rbi_mpr_2025_10_p042_c003"": [""According to the October 2025 MPR, how much had the Centre raised through gross market borrowings by late September 2025?""], ""rbi_mpr_2025_10_p043_c000"": [""According to the October 2025 MPR, how much had the Centre raised through gross market borrowings by late September 2025?""], ""rbi_mpr_2025_10_p044_c000"": [""According to the October 2025 MPR, how much had the Centre raised through gross market borrowings by late September 2025?""], ""rbi_mpr_2025_10_p044_c002"": [""According to the October 2025 MPR, how much had the Centre raised through gross market borrowings by late September 2025?""], ""rbi_mpr_2025_10_p046_c000"": [""According to the October 2025 MPR, how much had the Centre raised through gross market borrowings by late September 2025?""], ""rbi_mpr_2025_10_p046_c002"": [""According to the October 2025 MPR, how much had the Centre raised through gross market borrowings by late September 2025?""], ""rbi_mpr_2025_10_p047_c000"": [""According to the October 2025 MPR, how much had the Centre raised through gross market borrowings by late September 2025?""], ""rbi_mpr_2025_10_p049_c000"": [""According to the October 2025 MPR, how much had the Centre raised through gross market borrowings by late September 2025?""], ""rbi_mpr_2025_10_p049_c001"": [""According to the October 2025 MPR, how much had the Centre raised through gross market borrowings by late September 2025?""], ""rbi_mpr_2025_10_p049_c003"": [""According to the October 2025 MPR, how much had the Centre raised through gross market borrowings by late September 2025?""], ""rbi_mpr_2025_10_p050_c000"": [""According to the October 2025 MPR, how much had the Centre raised through gross market borrowings by late September 2025?""], ""rbi_mpr_2025_10_p051_c000"": [""According to the October 2025 MPR, how much had the Centre raised through gross market borrowings by late September 2025?""], ""rbi_mpr_2025_10_p052_c000"": [""According to the October 2025 MPR, how much had the Centre raised through gross market borrowings by late September 2025?""], ""rbi_mpr_2025_10_p052_c001"": [""According to the October 2025 MPR, how much had the Centre raised through gross market borrowings by late September 2025?""], ""rbi_mpr_2025_10_p052_c002"": [""According to the October 2025 MPR, how much had the Centre raised through gross market borrowings by late September 2025?""], ""rbi_mpr_2025_10_p052_c003"": [""According to the October 2025 MPR, how much had the Centre raised through gross market borrowings by late September 2025?""], ""rbi_mpr_2025_10_p052_c004"": [""According to the October 2025 MPR, how much had the Centre raised through gross market borrowings by late September 2025?""], ""rbi_mpr_2025_10_p054_c001"": [""According to the October 2025 MPR, how much had the Centre raised through gross market borrowings by late September 2025?""], ""rbi_mpr_2025_10_p054_c003"": [""According to the October 2025 MPR, how much had the Centre raised through gross market borrowings by late September 2025?""], ""rbi_mpr_2025_10_p055_c000"": [""According to the October 2025 MPR, how much had the Centre raised through gross market borrowings by late September 2025?""], ""rbi_mpr_2025_10_p055_c001"": [""According to the October 2025 MPR, how much had the Centre raised through gross market borrowings by late September 2025?""], ""rbi_mpr_2025_10_p055_c002"": [""According to the October 2025 MPR, how much had the Centre raised through gross market borrowings by late September 2025?""], ""rbi_mpr_2025_10_p056_c002"": [""According to the October 2025 MPR, how much had the Centre raised through gross market borrowings by late September 2025?""], ""rbi_mpr_2025_10_p057_c000"": [""According to the October 2025 MPR, how much had the Centre raised through gross market borrowings by late September 2025?""], ""rbi_mpr_2025_10_p060_c000"": [""According to the October 2025 MPR, how much had the Centre raised through gross market borrowings by late September 2025?""], ""rbi_mpr_2025_10_p060_c001"": [""According to the October 2025 MPR, how much had the Centre raised through gross market borrowings by late September 2025?""], ""rbi_mpr_2025_10_p062_c000"": [""According to the October 2025 MPR, how much had the Centre raised through gross market borrowings by late September 2025?""], ""rbi_mpr_2025_10_p064_c004"": [""According to the October 2025 MPR, how much had the Centre raised through gross market borrowings by late September 2025?""], ""rbi_mpr_2025_10_p066_c000"": [""According to the October 2025 MPR, how much had the Centre raised through gross market borrowings by late September 2025?""], ""rbi_mpr_2025_10_p066_c001"": [""According to the October 2025 MPR, how much had the Centre raised through gross market borrowings by late September 2025?""], ""rbi_mpr_2025_10_p068_c002"": [""According to the October 2025 MPR, how much had the Centre raised through gross market borrowings by late September 2025?""], ""rbi_mpr_2025_10_p071_c001"": [""According to the October 2025 MPR, how much had the Centre raised through gross market borrowings by late September 2025?""], ""rbi_mpr_2025_10_p071_c002"": [""According to the October 2025 MPR, how much had the Centre raised through gross market borrowings by late September 2025?""], ""rbi_mpr_2025_10_p072_c000"": [""According to the October 2025 MPR, how much had the Centre raised through gross market borrowings by late September 2025?""], ""rbi_mpr_2025_10_p072_c002"": [""According to the October 2025 MPR, how much had the Centre raised through gross market borrowings by late September 2025?""], ""rbi_mpr_2025_10_p073_c000"": [""According to the October 2025 MPR, how much had the Centre raised through gross market borrowings by late September 2025?""], ""rbi_mpr_2025_10_p073_c001"": [""According to the October 2025 MPR, how much had the Centre raised through gross market borrowings by late September 2025?""], ""rbi_mpr_2025_10_p073_c002"": [""According to the October 2025 MPR, how much had the Centre raised through gross market borrowings by late September 2025?""], ""rbi_mpr_2025_10_p073_c003"": [""According to the October 2025 MPR, how much had the Centre raised through gross market borrowings by late September 2025?""], ""rbi_mpr_2025_10_p073_c004"": [""According to the October 2025 MPR, how much had the Centre raised through gross market borrowings by late September 2025?""], ""rbi_mpr_2025_10_p074_c001"": [""According to the October 2025 MPR, how much had the Centre raised through gross market borrowings by late September 2025?""], ""rbi_mpr_2025_10_p076_c000"": [""According to the October 2025 MPR, how much had the Centre raised through gross market borrowings by late September 2025?""], ""rbi_mpr_2025_10_p077_c002"": [""According to the October 2025 MPR, how much had the Centre raised through gross market borrowings by late September 2025?""], ""rbi_mpr_2025_10_p079_c001"": [""According to the October 2025 MPR, how much had the Centre raised through gross market borrowings by late September 2025?""], ""rbi_mpr_2025_10_p079_c002"": [""According to the October 2025 MPR, how much had the Centre raised through gross market borrowings by late September 2025?""], ""rbi_mpr_2025_10_p080_c000"": [""According to the October 2025 MPR, how much had the Centre raised through gross market borrowings by late September 2025?""], ""rbi_mpr_2025_10_p085_c002"": [""According to the October 2025 MPR, how much had the Centre raised through gross market borrowings by late September 2025?""], ""rbi_mpr_2025_10_p086_c000"": [""According to the October 2025 MPR, how much had the Centre raised through gross market borrowings by late September 2025?""], ""rbi_mpr_2025_10_p087_c001"": [""According to the October 2025 MPR, how much had the Centre raised through gross market borrowings by late September 2025?""], ""rbi_mpr_2025_10_p087_c003"": [""According to the October 2025 MPR, how much had the Centre raised through gross market borrowings by late September 2025?""], ""rbi_mpr_2025_10_p088_c000"": [""According to the October 2025 MPR, how much had the Centre raised through gross market borrowings by late September 2025?""], ""rbi_mpr_2025_10_p089_c001"": [""According to the October 2025 MPR, how much had the Centre raised through gross market borrowings by late September 2025?""], ""rbi_mpr_2025_10_p090_c000"": [""According to the October 2025 MPR, how much had the Centre raised through gross market borrowings by late September 2025?""], ""rbi_mpr_2025_10_p090_c003"": [""According to the October 2025 MPR, how much had the Centre raised through gross market borrowings by late September 2025?""], ""rbi_mpr_2025_10_p091_c002"": [""According to the October 2025 MPR, how much had the Centre raised through gross market borrowings by late September 2025?""], ""rbi_mpr_2025_10_p091_c003"": [""According to the October 2025 MPR, how much had the Centre raised through gross market borrowings by late September 2025?""], ""rbi_mpr_2025_10_p096_c000"": [""According to the October 2025 MPR, how much had the Centre raised through gross market borrowings by late September 2025?""], ""rbi_mpr_2025_10_p097_c001"": [""According to the October 2025 MPR, how much had the Centre raised through gross market borrowings by late September 2025?""], ""rbi_mpr_2025_10_p099_c001"": [""According to the October 2025 MPR, how much had the Centre raised through gross market borrowings by late September 2025?""], ""rbi_mpr_2025_10_p101_c000"": [""According to the October 2025 MPR, how much had the Centre raised through gross market borrowings by late September 2025?""], ""rbi_mpr_2025_10_p102_c000"": [""According to the October 2025 MPR, how much had the Centre raised through gross market borrowings by late September 2025?""], ""rbi_mpr_2025_10_p104_c002"": [""According to the October 2025 MPR, how much had the Centre raised through gross market borrowings by late September 2025?""], ""rbi_mpr_2025_10_p105_c001"": [""According to the October 2025 MPR, how much had the Centre raised through gross market borrowings by late September 2025?""], ""rbi_mpr_2025_10_p107_c000"": [""According to the October 2025 MPR, how much had the Centre raised through gross market borrowings by late September 2025?""], ""rbi_mpr_2025_10_p107_c001"": [""According to the October 2025 MPR, how much had the Centre raised through gross market borrowings by late September 2025?""], ""rbi_mpr_2025_10_p107_c002"": [""According to the October 2025 MPR, how much had the Centre raised through gross market borrowings by late September 2025?""]}, ""candidate_source_retriever"": {""rbi_mpr_2025_10_p009_c004"": [""bm25""], ""rbi_mpr_2025_10_p009_c005"": [""bm25"", ""dense""], ""rbi_mpr_2025_10_p010_c000"": [""dense""], ""rbi_mpr_2025_10_p010_c001"": [""dense""], ""rbi_mpr_2025_10_p010_c002"": [""dense""], ""rbi_mpr_2025_10_p010_c004"": [""bm25""], ""rbi_mpr_2025_10_p010_c005"": [""bm25""], ""rbi_mpr_2025_10_p011_c001"": [""bm25"", ""dense""], ""rbi_mpr_2025_10_p011_c002"": [""bm25"", ""dense""], ""rbi_mpr_2025_10_p011_c003"": [""dense""], ""rbi_mpr_2025_10_p012_c002"": [""dense""], ""rbi_mpr_2025_10_p012_c003"": [""bm25""], ""rbi_mpr_2025_10_p013_c000"": [""bm25""], ""rbi_mpr_2025_10_p014_c000"": [""bm25""], ""rbi_mpr_2025_10_p014_c001"": [""dense""], ""rbi_mpr_2025_10_p014_c002"": [""dense""], ""rbi_mpr_2025_10_p016_c001"": [""dense""], ""rbi_mpr_2025_10_p019_c002"": [""dense""], ""rbi_mpr_2025_10_p024_c001"": [""bm25""], ""rbi_mpr_2025_10_p030_c000"": [""bm25""], ""rbi_mpr_2025_10_p034_c003"": [""bm25""], ""rbi_mpr_2025_10_p038_c000"": [""dense""], ""rbi_mpr_2025_10_p041_c002"": [""dense""], ""rbi_mpr_2025_10_p041_c003"": [""dense""], ""rbi_mpr_2025_10_p042_c003"": [""dense""], ""rbi_mpr_2025_10_p043_c000"": [""dense""], ""rbi_mpr_2025_10_p044_c000"": [""dense""], ""rbi_mpr_2025_10_p044_c002"": [""bm25""], ""rbi_mpr_2025_10_p046_c000"": [""bm25"", ""dense""], ""rbi_mpr_2025_10_p046_c002"": [""bm25""], ""rbi_mpr_2025_10_p047_c000"": [""dense""], ""rbi_mpr_2025_10_p049_c000"": [""dense""], ""rbi_mpr_2025_10_p049_c001"": [""dense""], ""rbi_mpr_2025_10_p049_c003"": [""dense""], ""rbi_mpr_2025_10_p050_c000"": [""dense""], ""rbi_mpr_2025_10_p051_c000"": [""bm25""], ""rbi_mpr_2025_10_p052_c000"": [""bm25"", ""dense""], ""rbi_mpr_2025_10_p052_c001"": [""bm25"", ""dense""], ""rbi_mpr_2025_10_p052_c002"": [""bm25""], ""rbi_mpr_2025_10_p052_c003"": [""bm25""], ""rbi_mpr_2025_10_p052_c004"": [""bm25"", ""dense""], ""rbi_mpr_2025_10_p054_c001"": [""bm25""], ""rbi_mpr_2025_10_p054_c003"": [""dense""], ""rbi_mpr_2025_10_p055_c000"": [""bm25""], ""rbi_mpr_2025_10_p055_c001"": [""bm25""], ""rbi_mpr_2025_10_p055_c002"": [""bm25"", ""dense""], ""rbi_mpr_2025_10_p056_c002"": [""dense""], ""rbi_mpr_2025_10_p057_c000"": [""bm25""], ""rbi_mpr_2025_10_p060_c000"": [""bm25""], ""rbi_mpr_2025_10_p060_c001"": [""dense""], ""rbi_mpr_2025_10_p062_c000"": [""dense""], ""rbi_mpr_2025_10_p064_c004"": [""bm25""], ""rbi_mpr_2025_10_p066_c000"": [""bm25"", ""dense""], ""rbi_mpr_2025_10_p066_c001"": [""bm25""], ""rbi_mpr_2025_10_p068_c002"": [""dense""], ""rbi_mpr_2025_10_p071_c001"": [""bm25""], ""rbi_mpr_2025_10_p071_c002"": [""dense""], ""rbi_mpr_2025_10_p072_c000"": [""bm25"", ""dense""], ""rbi_mpr_2025_10_p072_c002"": [""dense""], ""rbi_mpr_2025_10_p073_c000"": [""dense""], ""rbi_mpr_2025_10_p073_c001"": [""bm25""], ""rbi_mpr_2025_10_p073_c002"": [""bm25""], ""rbi_mpr_2025_10_p073_c003"": [""dense""], ""rbi_mpr_2025_10_p073_c004"": [""dense""], ""rbi_mpr_2025_10_p074_c001"": [""bm25""], ""rbi_mpr_2025_10_p076_c000"": [""bm25""], ""rbi_mpr_2025_10_p077_c002"": [""bm25""], ""rbi_mpr_2025_10_p079_c001"": [""bm25""], ""rbi_mpr_2025_10_p079_c002"": [""bm25""], ""rbi_mpr_2025_10_p080_c000"": [""bm25""], ""rbi_mpr_2025_10_p085_c002"": [""dense""], ""rbi_mpr_2025_10_p086_c000"": [""dense""], ""rbi_mpr_2025_10_p087_c001"": [""dense""], ""rbi_mpr_2025_10_p087_c003"": [""dense""], ""rbi_mpr_2025_10_p088_c000"": [""bm25""], ""rbi_mpr_2025_10_p089_c001"": [""dense""], ""rbi_mpr_2025_10_p090_c000"": [""dense""], ""rbi_mpr_2025_10_p090_c003"": [""dense""], ""rbi_mpr_2025_10_p091_c002"": [""dense""], ""rbi_mpr_2025_10_p091_c003"": [""dense""], ""rbi_mpr_2025_10_p096_c000"": [""bm25""], ""rbi_mpr_2025_10_p097_c001"": [""bm25""], ""rbi_mpr_2025_10_p099_c001"": [""bm25""], ""rbi_mpr_2025_10_p101_c000"": [""dense""], ""rbi_mpr_2025_10_p102_c000"": [""bm25""], ""rbi_mpr_2025_10_p104_c002"": [""bm25""], ""rbi_mpr_2025_10_p105_c001"": [""bm25""], ""rbi_mpr_2025_10_p107_c000"": [""bm25""], ""rbi_mpr_2025_10_p107_c001"": [""bm25""], ""rbi_mpr_2025_10_p107_c002"": [""bm25""]}, ""candidate_union_ids"": [""rbi_mpr_2025_10_p050_c000"", ""rbi_mpr_2025_10_p052_c000"", ""rbi_mpr_2025_10_p009_c005"", ""rbi_mpr_2025_10_p052_c004"", ""rbi_mpr_2025_10_p071_c002"", ""rbi_mpr_2025_10_p062_c000"", ""rbi_mpr_2025_10_p049_c000"", ""rbi_mpr_2025_10_p010_c000"", ""rbi_mpr_2025_10_p047_c000"", ""rbi_mpr_2025_10_p010_c001"", ""rbi_mpr_2025_10_p068_c002"", ""rbi_mpr_2025_10_p101_c000"", ""rbi_mpr_2025_10_p011_c001"", ""rbi_mpr_2025_10_p038_c000"", ""rbi_mpr_2025_10_p010_c002"", ""rbi_mpr_2025_10_p089_c001"", ""rbi_mpr_2025_10_p011_c002"", ""rbi_mpr_2025_10_p066_c000"", ""rbi_mpr_2025_10_p091_c003"", ""rbi_mpr_2025_10_p041_c003"", ""rbi_mpr_2025_10_p049_c001"", ""rbi_mpr_2025_10_p019_c002"", ""rbi_mpr_2025_10_p042_c003"", ""rbi_mpr_2025_10_p044_c000"", ""rbi_mpr_2025_10_p014_c001"", ""rbi_mpr_2025_10_p054_c003"", ""rbi_mpr_2025_10_p016_c001"", ""rbi_mpr_2025_10_p072_c000"", ""rbi_mpr_2025_10_p049_c003"", ""rbi_mpr_2025_10_p041_c002"", ""rbi_mpr_2025_10_p011_c003"", ""rbi_mpr_2025_10_p085_c002"", ""rbi_mpr_2025_10_p043_c000"", ""rbi_mpr_2025_10_p014_c002"", ""rbi_mpr_2025_10_p055_c002"", ""rbi_mpr_2025_10_p087_c001"", ""rbi_mpr_2025_10_p072_c002"", ""rbi_mpr_2025_10_p073_c000"", ""rbi_mpr_2025_10_p090_c000"", ""rbi_mpr_2025_10_p073_c004"", ""rbi_mpr_2025_10_p056_c002"", ""rbi_mpr_2025_10_p087_c003"", ""rbi_mpr_2025_10_p086_c000"", ""rbi_mpr_2025_10_p073_c003"", ""rbi_mpr_2025_10_p090_c003"", ""rbi_mpr_2025_10_p046_c000"", ""rbi_mpr_2025_10_p052_c001"", ""rbi_mpr_2025_10_p012_c002"", ""rbi_mpr_2025_10_p091_c002"", ""rbi_mpr_2025_10_p060_c001"", ""rbi_mpr_2025_10_p080_c000"", ""rbi_mpr_2025_10_p107_c001"", ""rbi_mpr_2025_10_p096_c000"", ""rbi_mpr_2025_10_p077_c002"", ""rbi_mpr_2025_10_p012_c003"", ""rbi_mpr_2025_10_p024_c001"", ""rbi_mpr_2025_10_p073_c001"", ""rbi_mpr_2025_10_p030_c000"", ""rbi_mpr_2025_10_p046_c002"", ""rbi_mpr_2025_10_p010_c004"", ""rbi_mpr_2025_10_p066_c001"", ""rbi_mpr_2025_10_p013_c000"", ""rbi_mpr_2025_10_p079_c002"", ""rbi_mpr_2025_10_p051_c000"", ""rbi_mpr_2025_10_p071_c001"", ""rbi_mpr_2025_10_p060_c000"", ""rbi_mpr_2025_10_p088_c000"", ""rbi_mpr_2025_10_p105_c001"", ""rbi_mpr_2025_10_p102_c000"", ""rbi_mpr_2025_10_p099_c001"", ""rbi_mpr_2025_10_p009_c004"", ""rbi_mpr_2025_10_p052_c003"", ""rbi_mpr_2025_10_p055_c000"", ""rbi_mpr_2025_10_p010_c005"", ""rbi_mpr_2025_10_p076_c000"", ""rbi_mpr_2025_10_p107_c000"", ""rbi_mpr_2025_10_p074_c001"", ""rbi_mpr_2025_10_p073_c002"", ""rbi_mpr_2025_10_p057_c000"", ""rbi_mpr_2025_10_p014_c000"", ""rbi_mpr_2025_10_p052_c002"", ""rbi_mpr_2025_10_p097_c001"", ""rbi_mpr_2025_10_p044_c002"", ""rbi_mpr_2025_10_p104_c002"", ""rbi_mpr_2025_10_p079_c001"", ""rbi_mpr_2025_10_p055_c001"", ""rbi_mpr_2025_10_p054_c001"", ""rbi_mpr_2025_10_p034_c003"", ""rbi_mpr_2025_10_p064_c004"", ""rbi_mpr_2025_10_p107_c002""], ""candidate_union_pages"": [50, 52, 9, 52, 71, 62, 49, 10, 47, 10, 68, 101, 11, 38, 10, 89, 11, 66, 91, 41, 49, 19, 42, 44, 14, 54, 16, 72, 49, 41, 11, 85, 43, 14, 55, 87, 72, 73, 90, 73, 56, 87, 86, 73, 90, 46, 52, 12, 91, 60, 80, 107, 96, 77, 12, 24, 73, 30, 46, 10, 66, 13, 79, 51, 71, 60, 88, 105, 102, 99, 9, 52, 55, 10, 76, 107, 74, 73, 57, 14, 52, 97, 44, 104, 79, 55, 54, 34, 64, 107], ""dense_candidate_ids"": [""rbi_mpr_2025_10_p050_c000"", ""rbi_mpr_2025_10_p052_c000"", ""rbi_mpr_2025_10_p009_c005"", ""rbi_mpr_2025_10_p052_c004"", ""rbi_mpr_2025_10_p071_c002"", ""rbi_mpr_2025_10_p062_c000"", ""rbi_mpr_2025_10_p049_c000"", ""rbi_mpr_2025_10_p010_c000"", ""rbi_mpr_2025_10_p047_c000"", ""rbi_mpr_2025_10_p010_c001"", ""rbi_mpr_2025_10_p068_c002"", ""rbi_mpr_2025_10_p101_c000"", ""rbi_mpr_2025_10_p011_c001"", ""rbi_mpr_2025_10_p038_c000"", ""rbi_mpr_2025_10_p010_c002"", ""rbi_mpr_2025_10_p089_c001"", ""rbi_mpr_2025_10_p011_c002"", ""rbi_mpr_2025_10_p066_c000"", ""rbi_mpr_2025_10_p091_c003"", ""rbi_mpr_2025_10_p041_c003"", ""rbi_mpr_2025_10_p049_c001"", ""rbi_mpr_2025_10_p019_c002"", ""rbi_mpr_2025_10_p042_c003"", ""rbi_mpr_2025_10_p044_c000"", ""rbi_mpr_2025_10_p014_c001"", ""rbi_mpr_2025_10_p054_c003"", ""rbi_mpr_2025_10_p016_c001"", ""rbi_mpr_2025_10_p072_c000"", ""rbi_mpr_2025_10_p049_c003"", ""rbi_mpr_2025_10_p041_c002"", ""rbi_mpr_2025_10_p011_c003"", ""rbi_mpr_2025_10_p085_c002"", ""rbi_mpr_2025_10_p043_c000"", ""rbi_mpr_2025_10_p014_c002"", ""rbi_mpr_2025_10_p055_c002"", ""rbi_mpr_2025_10_p087_c001"", ""rbi_mpr_2025_10_p072_c002"", ""rbi_mpr_2025_10_p073_c000"", ""rbi_mpr_2025_10_p090_c000"", ""rbi_mpr_2025_10_p073_c004"", ""rbi_mpr_2025_10_p056_c002"", ""rbi_mpr_2025_10_p087_c003"", ""rbi_mpr_2025_10_p086_c000"", ""rbi_mpr_2025_10_p073_c003"", ""rbi_mpr_2025_10_p090_c003"", ""rbi_mpr_2025_10_p046_c000"", ""rbi_mpr_2025_10_p052_c001"", ""rbi_mpr_2025_10_p012_c002"", ""rbi_mpr_2025_10_p091_c002"", ""rbi_mpr_2025_10_p060_c001""], ""dense_candidate_pages"": [50, 52, 9, 52, 71, 62, 49, 10, 47, 10, 68, 101, 11, 38, 10, 89, 11, 66, 91, 41, 49, 19, 42, 44, 14, 54, 16, 72, 49, 41, 11, 85, 43, 14, 55, 87, 72, 73, 90, 73, 56, 87, 86, 73, 90, 46, 52, 12, 91, 60], ""dense_candidate_scores"": [0.42926790298069784, 0.40642894724112955, 0.3955297722162123, 0.37589873955735364, 0.3708285579751901, 0.3528342560314035, 0.3478041139553253, 0.3467666692792296, 0.3277972157014465, 0.3268254779621793, 0.3192349148390643, 0.3171651674023913, 0.3156536971210936, 0.31395012150428325, 0.311093913874397, 0.3104695083137081, 0.30976224204884684, 0.3030290301181404, 0.29602641553175235, 0.29028845928178226, 0.28918665636801044, 0.2824526015003338, 0.28159584036380436, 0.27713990695183865, 0.2768889646158048, 0.2765320651026145, 0.27630320771520034, 0.2728524766402194, 0.2724847032401134, 0.2723445228219662, 0.27084350495909915, 0.2693647406322459, 0.2647939149112395, 0.26426505625612473, 0.2624892409409668, 0.26157591873373565, 0.2612815651437356, 0.2578100135255903, 0.256446984444748, 0.2561690681256671, 0.25601725517733087, 0.25586577940378274, 0.25488906833639124, 0.25395189101290305, 0.2530856046886102, 0.25073625505891584, 0.2489595968067877, 0.24760853743092248, 0.2460783539488859, 0.2459684349679695], ""dense_first_evidence_rank"": 2, ""evidence_rank_after_reranking"": 1, ""evidence_rank_before_reranking"": 1, ""expected_evidence"": [""gross market borrowings raised by the centre stood at \u20b97.95 lakh crore""], ""loss_stage"": ""evidence_found"", ""report_id"": ""rbi_mpr_2025_10"", ""reranker_input_ids"": [""rbi_mpr_2025_10_p052_c000"", ""rbi_mpr_2025_10_p052_c004"", ""rbi_mpr_2025_10_p009_c005"", ""rbi_mpr_2025_10_p011_c001"", ""rbi_mpr_2025_10_p072_c000"", ""rbi_mpr_2025_10_p052_c001"", ""rbi_mpr_2025_10_p066_c000"", ""rbi_mpr_2025_10_p011_c002"", ""rbi_mpr_2025_10_p055_c002"", ""rbi_mpr_2025_10_p046_c000"", ""rbi_mpr_2025_10_p050_c000"", ""rbi_mpr_2025_10_p080_c000"", ""rbi_mpr_2025_10_p071_c002"", ""rbi_mpr_2025_10_p062_c000"", ""rbi_mpr_2025_10_p049_c000"", ""rbi_mpr_2025_10_p107_c001"", ""rbi_mpr_2025_10_p010_c000"", ""rbi_mpr_2025_10_p047_c000"", ""rbi_mpr_2025_10_p096_c000"", ""rbi_mpr_2025_10_p010_c001"", ""rbi_mpr_2025_10_p077_c002"", ""rbi_mpr_2025_10_p068_c002"", ""rbi_mpr_2025_10_p012_c003"", ""rbi_mpr_2025_10_p101_c000"", ""rbi_mpr_2025_10_p024_c001"", ""rbi_mpr_2025_10_p073_c001"", ""rbi_mpr_2025_10_p038_c000"", ""rbi_mpr_2025_10_p030_c000"", ""rbi_mpr_2025_10_p010_c002"", ""rbi_mpr_2025_10_p046_c002""], ""reranker_input_pages"": [52, 52, 9, 11, 72, 52, 66, 11, 55, 46, 50, 80, 71, 62, 49, 107, 10, 47, 96, 10, 77, 68, 12, 101, 24, 73, 38, 30, 10, 46], ""reranker_input_ranks"": [1, 2, 3, 4, 5, 6, 7, 8, 9, 10, 11, 12, 13, 14, 15, 16, 17, 18, 19, 20, 21, 22, 23, 24, 25, 26, 27, 28, 29, 30], ""reranker_output_ids"": [""rbi_mpr_2025_10_p052_c000"", ""rbi_mpr_2025_10_p052_c001"", ""rbi_mpr_2025_10_p052_c004"", ""rbi_mpr_2025_10_p080_c000"", ""rbi_mpr_2025_10_p072_c000"", ""rbi_mpr_2025_10_p009_c005"", ""rbi_mpr_2025_10_p050_c000"", ""rbi_mpr_2025_10_p071_c002"", ""rbi_mpr_2025_10_p077_c002"", ""rbi_mpr_2025_10_p030_c000"", ""rbi_mpr_2025_10_p046_c000"", ""rbi_mpr_2025_10_p066_c000"", ""rbi_mpr_2025_10_p062_c000"", ""rbi_mpr_2025_10_p010_c000"", ""rbi_mpr_2025_10_p096_c000"", ""rbi_mpr_2025_10_p024_c001"", ""rbi_mpr_2025_10_p010_c001"", ""rbi_mpr_2025_10_p073_c001"", ""rbi_mpr_2025_10_p046_c002"", ""rbi_mpr_2025_10_p038_c000"", ""rbi_mpr_2025_10_p011_c002"", ""rbi_mpr_2025_10_p055_c002"", ""rbi_mpr_2025_10_p010_c002"", ""rbi_mpr_2025_10_p068_c002"", ""rbi_mpr_2025_10_p049_c000"", ""rbi_mpr_2025_10_p012_c003"", ""rbi_mpr_2025_10_p101_c000"", ""rbi_mpr_2025_10_p011_c001"", ""rbi_mpr_2025_10_p047_c000"", ""rbi_mpr_2025_10_p107_c001""], ""reranker_output_pages"": [52, 52, 52, 80, 72, 9, 50, 71, 77, 30, 46, 66, 62, 10, 96, 24, 10, 73, 46, 38, 11, 55, 10, 68, 49, 12, 101, 11, 47, 107], ""reranker_scores"": [7.962011337280273, 4.995686054229736, 3.7355387210845947, 3.672184705734253, 2.84376859664917, 2.3439817428588867, 1.3371081352233887, 1.0777883529663086, 0.2821215093135834, -0.6890674233436584, -0.6972503662109375, -0.7281368374824524, -0.7834730744361877, -1.4459559917449951, -2.104466438293457, -2.4890313148498535, -2.514741897583008, -3.2345447540283203, -3.2921857833862305, -3.386000633239746, -3.498199701309204, -3.5639841556549072, -3.623415470123291, -4.029652118682861, -5.055828094482422, -5.845118045806885, -7.393650054931641, -7.650279998779297, -8.04606819152832, -8.44599437713623], ""rrf_candidate_ids"": [""rbi_mpr_2025_10_p052_c000"", ""rbi_mpr_2025_10_p052_c004"", ""rbi_mpr_2025_10_p009_c005"", ""rbi_mpr_2025_10_p011_c001"", ""rbi_mpr_2025_10_p072_c000"", ""rbi_mpr_2025_10_p052_c001"", ""rbi_mpr_2025_10_p066_c000"", ""rbi_mpr_2025_10_p011_c002"", ""rbi_mpr_2025_10_p055_c002"", ""rbi_mpr_2025_10_p046_c000"", ""rbi_mpr_2025_10_p050_c000"", ""rbi_mpr_2025_10_p080_c000"", ""rbi_mpr_2025_10_p071_c002"", ""rbi_mpr_2025_10_p062_c000"", ""rbi_mpr_2025_10_p049_c000"", ""rbi_mpr_2025_10_p107_c001"", ""rbi_mpr_2025_10_p010_c000"", ""rbi_mpr_2025_10_p047_c000"", ""rbi_mpr_2025_10_p096_c000"", ""rbi_mpr_2025_10_p010_c001"", ""rbi_mpr_2025_10_p077_c002"", ""rbi_mpr_2025_10_p068_c002"", ""rbi_mpr_2025_10_p012_c003"", ""rbi_mpr_2025_10_p101_c000"", ""rbi_mpr_2025_10_p024_c001"", ""rbi_mpr_2025_10_p073_c001"", ""rbi_mpr_2025_10_p038_c000"", ""rbi_mpr_2025_10_p030_c000"", ""rbi_mpr_2025_10_p010_c002"", ""rbi_mpr_2025_10_p046_c002""], ""rrf_candidate_pages"": [52, 52, 9, 11, 72, 52, 66, 11, 55, 46, 50, 80, 71, 62, 49, 107, 10, 47, 96, 10, 77, 68, 12, 101, 24, 73, 38, 30, 10, 46], ""rrf_first_evidence_rank"": 1, ""rrf_scores"": [0.03252247488101534, 0.03125, 0.031024531024531024, 0.028404512489927477, 0.02674825174825175, 0.02547482665058788, 0.02393162393162393, 0.022602397602397604, 0.021515326778484674, 0.018779756656674307, 0.01639344262295082, 0.015873015873015872, 0.015384615384615385, 0.015151515151515152, 0.014925373134328358, 0.014925373134328358, 0.014705882352941176, 0.014492753623188406, 0.014492753623188406, 0.014285714285714285, 0.014285714285714285, 0.014084507042253521, 0.014084507042253521, 0.013888888888888888, 0.013888888888888888, 0.0136986301369863, 0.013513513513513514, 0.013513513513513514, 0.013333333333333334, 0.013333333333333334], ""selected_chunk_ids_after_dedup"": [""rbi_mpr_2025_10_p052_c000"", ""rbi_mpr_2025_10_p052_c001"", ""rbi_mpr_2025_10_p052_c004"", ""rbi_mpr_2025_10_p080_c000""], ""selected_chunk_ids_before_dedup"": [""rbi_mpr_2025_10_p052_c000"", ""rbi_mpr_2025_10_p052_c001"", ""rbi_mpr_2025_10_p052_c004"", ""rbi_mpr_2025_10_p080_c000""], ""selected_pages"": [52, 52, 52, 80]}}","{""rbi_mpr_2025_10"": true}","{""rbi_mpr_2025_10"": 1.0}",[],"[""2025"", ""2025""]",0.16799999866634607,single_report,oct_dev_006,[],0.0,"{""rbi_mpr_2025_10"": 4}",1.0,"[""rbi_mpr_2025_10""]",1930.4130999953486,0.17129999469034374,3450,4,0.00549999822396785,dev,1989.5079000125406,2
True,3.70400000247173,0.15779999375808984,True,04a5ce7716e7f739c55089569953118657c56d931da37da67b3f680d0125b949,0,0.012299991794861853,bf7cf18e02abb87a6e22fe9b686d8f93fa34ceb3f67abc575741c0a63080b56d,0.13309999485500157,43.1972000078531,0,947,1.0,[],RRF_K60,[],0.12360000982880592,d063b65fcefc1858e3315b9e67356a80310b8ae9b4d0864e98dd7c18d8553c1a,0.5,What did April 2026 say about the food group's movement from deflation?,What did April 2026 say about the food group's movement from deflation?,"{""rbi_mpr_2026_04"": {""accepted_evidence_found"": true, ""accepted_pages"": [5], ""bm25_candidate_ids"": [""rbi_mpr_2026_04_p005_c003"", ""rbi_mpr_2026_04_p058_c000"", ""rbi_mpr_2026_04_p076_c000"", ""rbi_mpr_2026_04_p114_c000"", ""rbi_mpr_2026_04_p044_c000"", ""rbi_mpr_2026_04_p082_c000"", ""rbi_mpr_2026_04_p108_c000"", ""rbi_mpr_2026_04_p089_c003"", ""rbi_mpr_2026_04_p113_c001"", ""rbi_mpr_2026_04_p107_c000"", ""rbi_mpr_2026_04_p081_c006"", ""rbi_mpr_2026_04_p089_c002"", ""rbi_mpr_2026_04_p094_c000"", ""rbi_mpr_2026_04_p013_c001"", ""rbi_mpr_2026_04_p090_c000"", ""rbi_mpr_2026_04_p044_c001"", ""rbi_mpr_2026_04_p113_c000"", ""rbi_mpr_2026_04_p092_c003"", ""rbi_mpr_2026_04_p047_c004"", ""rbi_mpr_2026_04_p060_c000"", ""rbi_mpr_2026_04_p018_c002"", ""rbi_mpr_2026_04_p087_c000"", ""rbi_mpr_2026_04_p035_c003"", ""rbi_mpr_2026_04_p018_c003"", ""rbi_mpr_2026_04_p040_c000"", ""rbi_mpr_2026_04_p080_c000"", ""rbi_mpr_2026_04_p108_c003"", ""rbi_mpr_2026_04_p082_c001"", ""rbi_mpr_2026_04_p047_c003"", ""rbi_mpr_2026_04_p032_c000"", ""rbi_mpr_2026_04_p081_c005"", ""rbi_mpr_2026_04_p102_c000"", ""rbi_mpr_2026_04_p104_c000"", ""rbi_mpr_2026_04_p115_c001"", ""rbi_mpr_2026_04_p022_c001"", ""rbi_mpr_2026_04_p092_c004"", ""rbi_mpr_2026_04_p054_c000"", ""rbi_mpr_2026_04_p062_c000"", ""rbi_mpr_2026_04_p112_c000"", ""rbi_mpr_2026_04_p018_c000"", ""rbi_mpr_2026_04_p110_c000"", ""rbi_mpr_2026_04_p079_c002"", ""rbi_mpr_2026_04_p016_c000"", ""rbi_mpr_2026_04_p015_c002"", ""rbi_mpr_2026_04_p078_c000"", ""rbi_mpr_2026_04_p102_c004"", ""rbi_mpr_2026_04_p046_c000"", ""rbi_mpr_2026_04_p113_c002"", ""rbi_mpr_2026_04_p115_c002"", ""rbi_mpr_2026_04_p090_c001""], ""bm25_candidate_pages"": [5, 58, 76, 114, 44, 82, 108, 89, 113, 107, 81, 89, 94, 13, 90, 44, 113, 92, 47, 60, 18, 87, 35, 18, 40, 80, 108, 82, 47, 32, 81, 102, 104, 115, 22, 92, 54, 62, 112, 18, 110, 79, 16, 15, 78, 102, 46, 113, 115, 90], ""bm25_candidate_scores"": [null, null, null, null, null, null, null, null, null, null, null, null, null, null, null, null, null, null, null, null, null, null, null, null, null, null, null, null, null, null, null, null, null, null, null, null, null, null, null, null, null, null, null, null, null, null, null, null, null, null], ""bm25_first_evidence_rank"": 1, ""candidate_source_expansion"": {""rbi_mpr_2026_04_p005_c003"": [], ""rbi_mpr_2026_04_p013_c001"": [], ""rbi_mpr_2026_04_p015_c002"": [], ""rbi_mpr_2026_04_p016_c000"": [], ""rbi_mpr_2026_04_p016_c001"": [], ""rbi_mpr_2026_04_p016_c002"": [], ""rbi_mpr_2026_04_p018_c000"": [], ""rbi_mpr_2026_04_p018_c002"": [], ""rbi_mpr_2026_04_p018_c003"": [], ""rbi_mpr_2026_04_p020_c000"": [], ""rbi_mpr_2026_04_p021_c000"": [], ""rbi_mpr_2026_04_p022_c001"": [], ""rbi_mpr_2026_04_p025_c001"": [], ""rbi_mpr_2026_04_p032_c000"": [], ""rbi_mpr_2026_04_p035_c003"": [], ""rbi_mpr_2026_04_p040_c000"": [], ""rbi_mpr_2026_04_p044_c000"": [], ""rbi_mpr_2026_04_p044_c001"": [], ""rbi_mpr_2026_04_p046_c000"": [], ""rbi_mpr_2026_04_p047_c003"": [], ""rbi_mpr_2026_04_p047_c004"": [], ""rbi_mpr_2026_04_p054_c000"": [], ""rbi_mpr_2026_04_p058_c000"": [], ""rbi_mpr_2026_04_p060_c000"": [], ""rbi_mpr_2026_04_p062_c000"": [], ""rbi_mpr_2026_04_p076_c000"": [], ""rbi_mpr_2026_04_p078_c000"": [], ""rbi_mpr_2026_04_p079_c000"": [], ""rbi_mpr_2026_04_p079_c002"": [], ""rbi_mpr_2026_04_p079_c004"": [], ""rbi_mpr_2026_04_p080_c000"": [], ""rbi_mpr_2026_04_p081_c000"": [], ""rbi_mpr_2026_04_p081_c005"": [], ""rbi_mpr_2026_04_p081_c006"": [], ""rbi_mpr_2026_04_p082_c000"": [], ""rbi_mpr_2026_04_p082_c001"": [], ""rbi_mpr_2026_04_p082_c003"": [], ""rbi_mpr_2026_04_p082_c004"": [], ""rbi_mpr_2026_04_p083_c000"": [], ""rbi_mpr_2026_04_p083_c001"": [], ""rbi_mpr_2026_04_p083_c002"": [], ""rbi_mpr_2026_04_p083_c003"": [], ""rbi_mpr_2026_04_p083_c004"": [], ""rbi_mpr_2026_04_p084_c000"": [], ""rbi_mpr_2026_04_p084_c003"": [], ""rbi_mpr_2026_04_p085_c000"": [], ""rbi_mpr_2026_04_p085_c001"": [], ""rbi_mpr_2026_04_p085_c002"": [], ""rbi_mpr_2026_04_p085_c003"": [], ""rbi_mpr_2026_04_p085_c004"": [], ""rbi_mpr_2026_04_p086_c000"": [], ""rbi_mpr_2026_04_p086_c001"": [], ""rbi_mpr_2026_04_p086_c002"": [], ""rbi_mpr_2026_04_p087_c000"": [], ""rbi_mpr_2026_04_p087_c001"": [], ""rbi_mpr_2026_04_p087_c003"": [], ""rbi_mpr_2026_04_p087_c004"": [], ""rbi_mpr_2026_04_p089_c002"": [], ""rbi_mpr_2026_04_p089_c003"": [], ""rbi_mpr_2026_04_p090_c000"": [], ""rbi_mpr_2026_04_p090_c001"": [], ""rbi_mpr_2026_04_p091_c005"": [], ""rbi_mpr_2026_04_p092_c002"": [], ""rbi_mpr_2026_04_p092_c003"": [], ""rbi_mpr_2026_04_p092_c004"": [], ""rbi_mpr_2026_04_p094_c000"": [], ""rbi_mpr_2026_04_p094_c004"": [], ""rbi_mpr_2026_04_p095_c000"": [], ""rbi_mpr_2026_04_p098_c002"": [], ""rbi_mpr_2026_04_p100_c002"": [], ""rbi_mpr_2026_04_p101_c001"": [], ""rbi_mpr_2026_04_p101_c002"": [], ""rbi_mpr_2026_04_p102_c000"": [], ""rbi_mpr_2026_04_p102_c002"": [], ""rbi_mpr_2026_04_p102_c003"": [], ""rbi_mpr_2026_04_p102_c004"": [], ""rbi_mpr_2026_04_p104_c000"": [], ""rbi_mpr_2026_04_p107_c000"": [], ""rbi_mpr_2026_04_p108_c000"": [], ""rbi_mpr_2026_04_p108_c003"": [], ""rbi_mpr_2026_04_p110_c000"": [], ""rbi_mpr_2026_04_p112_c000"": [], ""rbi_mpr_2026_04_p113_c000"": [], ""rbi_mpr_2026_04_p113_c001"": [], ""rbi_mpr_2026_04_p113_c002"": [], ""rbi_mpr_2026_04_p114_c000"": [], ""rbi_mpr_2026_04_p115_c000"": [], ""rbi_mpr_2026_04_p115_c001"": [], ""rbi_mpr_2026_04_p115_c002"": [], ""rbi_mpr_2026_04_p115_c003"": []}, ""candidate_source_facet"": {""rbi_mpr_2026_04_p005_c003"": [], ""rbi_mpr_2026_04_p013_c001"": [], ""rbi_mpr_2026_04_p015_c002"": [], ""rbi_mpr_2026_04_p016_c000"": [], ""rbi_mpr_2026_04_p016_c001"": [], ""rbi_mpr_2026_04_p016_c002"": [], ""rbi_mpr_2026_04_p018_c000"": [], ""rbi_mpr_2026_04_p018_c002"": [], ""rbi_mpr_2026_04_p018_c003"": [], ""rbi_mpr_2026_04_p020_c000"": [], ""rbi_mpr_2026_04_p021_c000"": [], ""rbi_mpr_2026_04_p022_c001"": [], ""rbi_mpr_2026_04_p025_c001"": [], ""rbi_mpr_2026_04_p032_c000"": [], ""rbi_mpr_2026_04_p035_c003"": [], ""rbi_mpr_2026_04_p040_c000"": [], ""rbi_mpr_2026_04_p044_c000"": [], ""rbi_mpr_2026_04_p044_c001"": [], ""rbi_mpr_2026_04_p046_c000"": [], ""rbi_mpr_2026_04_p047_c003"": [], ""rbi_mpr_2026_04_p047_c004"": [], ""rbi_mpr_2026_04_p054_c000"": [], ""rbi_mpr_2026_04_p058_c000"": [], ""rbi_mpr_2026_04_p060_c000"": [], ""rbi_mpr_2026_04_p062_c000"": [], ""rbi_mpr_2026_04_p076_c000"": [], ""rbi_mpr_2026_04_p078_c000"": [], ""rbi_mpr_2026_04_p079_c000"": [], ""rbi_mpr_2026_04_p079_c002"": [], ""rbi_mpr_2026_04_p079_c004"": [], ""rbi_mpr_2026_04_p080_c000"": [], ""rbi_mpr_2026_04_p081_c000"": [], ""rbi_mpr_2026_04_p081_c005"": [], ""rbi_mpr_2026_04_p081_c006"": [], ""rbi_mpr_2026_04_p082_c000"": [], ""rbi_mpr_2026_04_p082_c001"": [], ""rbi_mpr_2026_04_p082_c003"": [], ""rbi_mpr_2026_04_p082_c004"": [], ""rbi_mpr_2026_04_p083_c000"": [], ""rbi_mpr_2026_04_p083_c001"": [], ""rbi_mpr_2026_04_p083_c002"": [], ""rbi_mpr_2026_04_p083_c003"": [], ""rbi_mpr_2026_04_p083_c004"": [], ""rbi_mpr_2026_04_p084_c000"": [], ""rbi_mpr_2026_04_p084_c003"": [], ""rbi_mpr_2026_04_p085_c000"": [], ""rbi_mpr_2026_04_p085_c001"": [], ""rbi_mpr_2026_04_p085_c002"": [], ""rbi_mpr_2026_04_p085_c003"": [], ""rbi_mpr_2026_04_p085_c004"": [], ""rbi_mpr_2026_04_p086_c000"": [], ""rbi_mpr_2026_04_p086_c001"": [], ""rbi_mpr_2026_04_p086_c002"": [], ""rbi_mpr_2026_04_p087_c000"": [], ""rbi_mpr_2026_04_p087_c001"": [], ""rbi_mpr_2026_04_p087_c003"": [], ""rbi_mpr_2026_04_p087_c004"": [], ""rbi_mpr_2026_04_p089_c002"": [], ""rbi_mpr_2026_04_p089_c003"": [], ""rbi_mpr_2026_04_p090_c000"": [], ""rbi_mpr_2026_04_p090_c001"": [], ""rbi_mpr_2026_04_p091_c005"": [], ""rbi_mpr_2026_04_p092_c002"": [], ""rbi_mpr_2026_04_p092_c003"": [], ""rbi_mpr_2026_04_p092_c004"": [], ""rbi_mpr_2026_04_p094_c000"": [], ""rbi_mpr_2026_04_p094_c004"": [], ""rbi_mpr_2026_04_p095_c000"": [], ""rbi_mpr_2026_04_p098_c002"": [], ""rbi_mpr_2026_04_p100_c002"": [], ""rbi_mpr_2026_04_p101_c001"": [], ""rbi_mpr_2026_04_p101_c002"": [], ""rbi_mpr_2026_04_p102_c000"": [], ""rbi_mpr_2026_04_p102_c002"": [], ""rbi_mpr_2026_04_p102_c003"": [], ""rbi_mpr_2026_04_p102_c004"": [], ""rbi_mpr_2026_04_p104_c000"": [], ""rbi_mpr_2026_04_p107_c000"": [], ""rbi_mpr_2026_04_p108_c000"": [], ""rbi_mpr_2026_04_p108_c003"": [], ""rbi_mpr_2026_04_p110_c000"": [], ""rbi_mpr_2026_04_p112_c000"": [], ""rbi_mpr_2026_04_p113_c000"": [], ""rbi_mpr_2026_04_p113_c001"": [], ""rbi_mpr_2026_04_p113_c002"": [], ""rbi_mpr_2026_04_p114_c000"": [], ""rbi_mpr_2026_04_p115_c000"": [], ""rbi_mpr_2026_04_p115_c001"": [], ""rbi_mpr_2026_04_p115_c002"": [], ""rbi_mpr_2026_04_p115_c003"": []}, ""candidate_source_query"": {""rbi_mpr_2026_04_p005_c003"": [""What did April 2026 say about the food group's movement from deflation?""], ""rbi_mpr_2026_04_p013_c001"": [""What did April 2026 say about the food group's movement from deflation?""], ""rbi_mpr_2026_04_p015_c002"": [""What did April 2026 say about the food group's movement from deflation?""], ""rbi_mpr_2026_04_p016_c000"": [""What did April 2026 say about the food group's movement from deflation?""], ""rbi_mpr_2026_04_p016_c001"": [""What did April 2026 say about the food group's movement from deflation?""], ""rbi_mpr_2026_04_p016_c002"": [""What did April 2026 say about the food group's movement from deflation?""], ""rbi_mpr_2026_04_p018_c000"": [""What did April 2026 say about the food group's movement from deflation?""], ""rbi_mpr_2026_04_p018_c002"": [""What did April 2026 say about the food group's movement from deflation?""], ""rbi_mpr_2026_04_p018_c003"": [""What did April 2026 say about the food group's movement from deflation?""], ""rbi_mpr_2026_04_p020_c000"": [""What did April 2026 say about the food group's movement from deflation?""], ""rbi_mpr_2026_04_p021_c000"": [""What did April 2026 say about the food group's movement from deflation?""], ""rbi_mpr_2026_04_p022_c001"": [""What did April 2026 say about the food group's movement from deflation?""], ""rbi_mpr_2026_04_p025_c001"": [""What did April 2026 say about the food group's movement from deflation?""], ""rbi_mpr_2026_04_p032_c000"": [""What did April 2026 say about the food group's movement from deflation?""], ""rbi_mpr_2026_04_p035_c003"": [""What did April 2026 say about the food group's movement from deflation?""], ""rbi_mpr_2026_04_p040_c000"": [""What did April 2026 say about the food group's movement from deflation?""], ""rbi_mpr_2026_04_p044_c000"": [""What did April 2026 say about the food group's movement from deflation?""], ""rbi_mpr_2026_04_p044_c001"": [""What did April 2026 say about the food group's movement from deflation?""], ""rbi_mpr_2026_04_p046_c000"": [""What did April 2026 say about the food group's movement from deflation?""], ""rbi_mpr_2026_04_p047_c003"": [""What did April 2026 say about the food group's movement from deflation?""], ""rbi_mpr_2026_04_p047_c004"": [""What did April 2026 say about the food group's movement from deflation?""], ""rbi_mpr_2026_04_p054_c000"": [""What did April 2026 say about the food group's movement from deflation?""], ""rbi_mpr_2026_04_p058_c000"": [""What did April 2026 say about the food group's movement from deflation?""], ""rbi_mpr_2026_04_p060_c000"": [""What did April 2026 say about the food group's movement from deflation?""], ""rbi_mpr_2026_04_p062_c000"": [""What did April 2026 say about the food group's movement from deflation?""], ""rbi_mpr_2026_04_p076_c000"": [""What did April 2026 say about the food group's movement from deflation?""], ""rbi_mpr_2026_04_p078_c000"": [""What did April 2026 say about the food group's movement from deflation?""], ""rbi_mpr_2026_04_p079_c000"": [""What did April 2026 say about the food group's movement from deflation?""], ""rbi_mpr_2026_04_p079_c002"": [""What did April 2026 say about the food group's movement from deflation?""], ""rbi_mpr_2026_04_p079_c004"": [""What did April 2026 say about the food group's movement from deflation?""], ""rbi_mpr_2026_04_p080_c000"": [""What did April 2026 say about the food group's movement from deflation?""], ""rbi_mpr_2026_04_p081_c000"": [""What did April 2026 say about the food group's movement from deflation?""], ""rbi_mpr_2026_04_p081_c005"": [""What did April 2026 say about the food group's movement from deflation?""], ""rbi_mpr_2026_04_p081_c006"": [""What did April 2026 say about the food group's movement from deflation?""], ""rbi_mpr_2026_04_p082_c000"": [""What did April 2026 say about the food group's movement from deflation?""], ""rbi_mpr_2026_04_p082_c001"": [""What did April 2026 say about the food group's movement from deflation?""], ""rbi_mpr_2026_04_p082_c003"": [""What did April 2026 say about the food group's movement from deflation?""], ""rbi_mpr_2026_04_p082_c004"": [""What did April 2026 say about the food group's movement from deflation?""], ""rbi_mpr_2026_04_p083_c000"": [""What did April 2026 say about the food group's movement from deflation?""], ""rbi_mpr_2026_04_p083_c001"": [""What did April 2026 say about the food group's movement from deflation?""], ""rbi_mpr_2026_04_p083_c002"": [""What did April 2026 say about the food group's movement from deflation?""], ""rbi_mpr_2026_04_p083_c003"": [""What did April 2026 say about the food group's movement from deflation?""], ""rbi_mpr_2026_04_p083_c004"": [""What did April 2026 say about the food group's movement from deflation?""], ""rbi_mpr_2026_04_p084_c000"": [""What did April 2026 say about the food group's movement from deflation?""], ""rbi_mpr_2026_04_p084_c003"": [""What did April 2026 say about the food group's movement from deflation?""], ""rbi_mpr_2026_04_p085_c000"": [""What did April 2026 say about the food group's movement from deflation?""], ""rbi_mpr_2026_04_p085_c001"": [""What did April 2026 say about the food group's movement from deflation?""], ""rbi_mpr_2026_04_p085_c002"": [""What did April 2026 say about the food group's movement from deflation?""], ""rbi_mpr_2026_04_p085_c003"": [""What did April 2026 say about the food group's movement from deflation?""], ""rbi_mpr_2026_04_p085_c004"": [""What did April 2026 say about the food group's movement from deflation?""], ""rbi_mpr_2026_04_p086_c000"": [""What did April 2026 say about the food group's movement from deflation?""], ""rbi_mpr_2026_04_p086_c001"": [""What did April 2026 say about the food group's movement from deflation?""], ""rbi_mpr_2026_04_p086_c002"": [""What did April 2026 say about the food group's movement from deflation?""], ""rbi_mpr_2026_04_p087_c000"": [""What did April 2026 say about the food group's movement from deflation?""], ""rbi_mpr_2026_04_p087_c001"": [""What did April 2026 say about the food group's movement from deflation?""], ""rbi_mpr_2026_04_p087_c003"": [""What did April 2026 say about the food group's movement from deflation?""], ""rbi_mpr_2026_04_p087_c004"": [""What did April 2026 say about the food group's movement from deflation?""], ""rbi_mpr_2026_04_p089_c002"": [""What did April 2026 say about the food group's movement from deflation?""], ""rbi_mpr_2026_04_p089_c003"": [""What did April 2026 say about the food group's movement from deflation?""], ""rbi_mpr_2026_04_p090_c000"": [""What did April 2026 say about the food group's movement from deflation?""], ""rbi_mpr_2026_04_p090_c001"": [""What did April 2026 say about the food group's movement from deflation?""], ""rbi_mpr_2026_04_p091_c005"": [""What did April 2026 say about the food group's movement from deflation?""], ""rbi_mpr_2026_04_p092_c002"": [""What did April 2026 say about the food group's movement from deflation?""], ""rbi_mpr_2026_04_p092_c003"": [""What did April 2026 say about the food group's movement from deflation?""], ""rbi_mpr_2026_04_p092_c004"": [""What did April 2026 say about the food group's movement from deflation?""], ""rbi_mpr_2026_04_p094_c000"": [""What did April 2026 say about the food group's movement from deflation?""], ""rbi_mpr_2026_04_p094_c004"": [""What did April 2026 say about the food group's movement from deflation?""], ""rbi_mpr_2026_04_p095_c000"": [""What did April 2026 say about the food group's movement from deflation?""], ""rbi_mpr_2026_04_p098_c002"": [""What did April 2026 say about the food group's movement from deflation?""], ""rbi_mpr_2026_04_p100_c002"": [""What did April 2026 say about the food group's movement from deflation?""], ""rbi_mpr_2026_04_p101_c001"": [""What did April 2026 say about the food group's movement from deflation?""], ""rbi_mpr_2026_04_p101_c002"": [""What did April 2026 say about the food group's movement from deflation?""], ""rbi_mpr_2026_04_p102_c000"": [""What did April 2026 say about the food group's movement from deflation?""], ""rbi_mpr_2026_04_p102_c002"": [""What did April 2026 say about the food group's movement from deflation?""], ""rbi_mpr_2026_04_p102_c003"": [""What did April 2026 say about the food group's movement from deflation?""], ""rbi_mpr_2026_04_p102_c004"": [""What did April 2026 say about the food group's movement from deflation?""], ""rbi_mpr_2026_04_p104_c000"": [""What did April 2026 say about the food group's movement from deflation?""], ""rbi_mpr_2026_04_p107_c000"": [""What did April 2026 say about the food group's movement from deflation?""], ""rbi_mpr_2026_04_p108_c000"": [""What did April 2026 say about the food group's movement from deflation?""], ""rbi_mpr_2026_04_p108_c003"": [""What did April 2026 say about the food group's movement from deflation?""], ""rbi_mpr_2026_04_p110_c000"": [""What did April 2026 say about the food group's movement from deflation?""], ""rbi_mpr_2026_04_p112_c000"": [""What did April 2026 say about the food group's movement from deflation?""], ""rbi_mpr_2026_04_p113_c000"": [""What did April 2026 say about the food group's movement from deflation?""], ""rbi_mpr_2026_04_p113_c001"": [""What did April 2026 say about the food group's movement from deflation?""], ""rbi_mpr_2026_04_p113_c002"": [""What did April 2026 say about the food group's movement from deflation?""], ""rbi_mpr_2026_04_p114_c000"": [""What did April 2026 say about the food group's movement from deflation?""], ""rbi_mpr_2026_04_p115_c000"": [""What did April 2026 say about the food group's movement from deflation?""], ""rbi_mpr_2026_04_p115_c001"": [""What did April 2026 say about the food group's movement from deflation?""], ""rbi_mpr_2026_04_p115_c002"": [""What did April 2026 say about the food group's movement from deflation?""], ""rbi_mpr_2026_04_p115_c003"": [""What did April 2026 say about the food group's movement from deflation?""]}, ""candidate_source_retriever"": {""rbi_mpr_2026_04_p005_c003"": [""bm25"", ""dense""], ""rbi_mpr_2026_04_p013_c001"": [""bm25""], ""rbi_mpr_2026_04_p015_c002"": [""bm25""], ""rbi_mpr_2026_04_p016_c000"": [""bm25""], ""rbi_mpr_2026_04_p016_c001"": [""dense""], ""rbi_mpr_2026_04_p016_c002"": [""dense""], ""rbi_mpr_2026_04_p018_c000"": [""bm25""], ""rbi_mpr_2026_04_p018_c002"": [""bm25""], ""rbi_mpr_2026_04_p018_c003"": [""bm25""], ""rbi_mpr_2026_04_p020_c000"": [""dense""], ""rbi_mpr_2026_04_p021_c000"": [""dense""], ""rbi_mpr_2026_04_p022_c001"": [""bm25""], ""rbi_mpr_2026_04_p025_c001"": [""dense""], ""rbi_mpr_2026_04_p032_c000"": [""bm25""], ""rbi_mpr_2026_04_p035_c003"": [""bm25""], ""rbi_mpr_2026_04_p040_c000"": [""bm25""], ""rbi_mpr_2026_04_p044_c000"": [""bm25""], ""rbi_mpr_2026_04_p044_c001"": [""bm25""], ""rbi_mpr_2026_04_p046_c000"": [""bm25""], ""rbi_mpr_2026_04_p047_c003"": [""bm25""], ""rbi_mpr_2026_04_p047_c004"": [""bm25""], ""rbi_mpr_2026_04_p054_c000"": [""bm25""], ""rbi_mpr_2026_04_p058_c000"": [""bm25""], ""rbi_mpr_2026_04_p060_c000"": [""bm25""], ""rbi_mpr_2026_04_p062_c000"": [""bm25""], ""rbi_mpr_2026_04_p076_c000"": [""bm25""], ""rbi_mpr_2026_04_p078_c000"": [""bm25""], ""rbi_mpr_2026_04_p079_c000"": [""dense""], ""rbi_mpr_2026_04_p079_c002"": [""bm25""], ""rbi_mpr_2026_04_p079_c004"": [""dense""], ""rbi_mpr_2026_04_p080_c000"": [""bm25""], ""rbi_mpr_2026_04_p081_c000"": [""dense""], ""rbi_mpr_2026_04_p081_c005"": [""bm25"", ""dense""], ""rbi_mpr_2026_04_p081_c006"": [""bm25"", ""dense""], ""rbi_mpr_2026_04_p082_c000"": [""bm25"", ""dense""], ""rbi_mpr_2026_04_p082_c001"": [""bm25"", ""dense""], ""rbi_mpr_2026_04_p082_c003"": [""dense""], ""rbi_mpr_2026_04_p082_c004"": [""dense""], ""rbi_mpr_2026_04_p083_c000"": [""dense""], ""rbi_mpr_2026_04_p083_c001"": [""dense""], ""rbi_mpr_2026_04_p083_c002"": [""dense""], ""rbi_mpr_2026_04_p083_c003"": [""dense""], ""rbi_mpr_2026_04_p083_c004"": [""dense""], ""rbi_mpr_2026_04_p084_c000"": [""dense""], ""rbi_mpr_2026_04_p084_c003"": [""dense""], ""rbi_mpr_2026_04_p085_c000"": [""dense""], ""rbi_mpr_2026_04_p085_c001"": [""dense""], ""rbi_mpr_2026_04_p085_c002"": [""dense""], ""rbi_mpr_2026_04_p085_c003"": [""dense""], ""rbi_mpr_2026_04_p085_c004"": [""dense""], ""rbi_mpr_2026_04_p086_c000"": [""dense""], ""rbi_mpr_2026_04_p086_c001"": [""dense""], ""rbi_mpr_2026_04_p086_c002"": [""dense""], ""rbi_mpr_2026_04_p087_c000"": [""bm25"", ""dense""], ""rbi_mpr_2026_04_p087_c001"": [""dense""], ""rbi_mpr_2026_04_p087_c003"": [""dense""], ""rbi_mpr_2026_04_p087_c004"": [""dense""], ""rbi_mpr_2026_04_p089_c002"": [""bm25""], ""rbi_mpr_2026_04_p089_c003"": [""bm25""], ""rbi_mpr_2026_04_p090_c000"": [""bm25""], ""rbi_mpr_2026_04_p090_c001"": [""bm25""], ""rbi_mpr_2026_04_p091_c005"": [""dense""], ""rbi_mpr_2026_04_p092_c002"": [""dense""], ""rbi_mpr_2026_04_p092_c003"": [""bm25""], ""rbi_mpr_2026_04_p092_c004"": [""bm25""], ""rbi_mpr_2026_04_p094_c000"": [""bm25""], ""rbi_mpr_2026_04_p094_c004"": [""dense""], ""rbi_mpr_2026_04_p095_c000"": [""dense""], ""rbi_mpr_2026_04_p098_c002"": [""dense""], ""rbi_mpr_2026_04_p100_c002"": [""dense""], ""rbi_mpr_2026_04_p101_c001"": [""dense""], ""rbi_mpr_2026_04_p101_c002"": [""dense""], ""rbi_mpr_2026_04_p102_c000"": [""bm25"", ""dense""], ""rbi_mpr_2026_04_p102_c002"": [""dense""], ""rbi_mpr_2026_04_p102_c003"": [""dense""], ""rbi_mpr_2026_04_p102_c004"": [""bm25"", ""dense""], ""rbi_mpr_2026_04_p104_c000"": [""bm25""], ""rbi_mpr_2026_04_p107_c000"": [""bm25"", ""dense""], ""rbi_mpr_2026_04_p108_c000"": [""bm25""], ""rbi_mpr_2026_04_p108_c003"": [""bm25""], ""rbi_mpr_2026_04_p110_c000"": [""bm25""], ""rbi_mpr_2026_04_p112_c000"": [""bm25""], ""rbi_mpr_2026_04_p113_c000"": [""bm25""], ""rbi_mpr_2026_04_p113_c001"": [""bm25""], ""rbi_mpr_2026_04_p113_c002"": [""bm25""], ""rbi_mpr_2026_04_p114_c000"": [""bm25""], ""rbi_mpr_2026_04_p115_c000"": [""dense""], ""rbi_mpr_2026_04_p115_c001"": [""bm25"", ""dense""], ""rbi_mpr_2026_04_p115_c002"": [""bm25""], ""rbi_mpr_2026_04_p115_c003"": [""dense""]}, ""candidate_union_ids"": [""rbi_mpr_2026_04_p083_c000"", ""rbi_mpr_2026_04_p082_c001"", ""rbi_mpr_2026_04_p085_c000"", ""rbi_mpr_2026_04_p083_c004"", ""rbi_mpr_2026_04_p087_c000"", ""rbi_mpr_2026_04_p115_c000"", ""rbi_mpr_2026_04_p115_c001"", ""rbi_mpr_2026_04_p102_c004"", ""rbi_mpr_2026_04_p005_c003"", ""rbi_mpr_2026_04_p083_c001"", ""rbi_mpr_2026_04_p115_c003"", ""rbi_mpr_2026_04_p101_c002"", ""rbi_mpr_2026_04_p085_c001"", ""rbi_mpr_2026_04_p083_c003"", ""rbi_mpr_2026_04_p083_c002"", ""rbi_mpr_2026_04_p081_c006"", ""rbi_mpr_2026_04_p092_c002"", ""rbi_mpr_2026_04_p087_c003"", ""rbi_mpr_2026_04_p085_c003"", ""rbi_mpr_2026_04_p095_c000"", ""rbi_mpr_2026_04_p102_c003"", ""rbi_mpr_2026_04_p084_c000"", ""rbi_mpr_2026_04_p086_c002"", ""rbi_mpr_2026_04_p087_c004"", ""rbi_mpr_2026_04_p081_c000"", ""rbi_mpr_2026_04_p086_c000"", ""rbi_mpr_2026_04_p079_c004"", ""rbi_mpr_2026_04_p100_c002"", ""rbi_mpr_2026_04_p016_c002"", ""rbi_mpr_2026_04_p102_c002"", ""rbi_mpr_2026_04_p082_c003"", ""rbi_mpr_2026_04_p085_c002"", ""rbi_mpr_2026_04_p107_c000"", ""rbi_mpr_2026_04_p082_c000"", ""rbi_mpr_2026_04_p085_c004"", ""rbi_mpr_2026_04_p084_c003"", ""rbi_mpr_2026_04_p020_c000"", ""rbi_mpr_2026_04_p082_c004"", ""rbi_mpr_2026_04_p091_c005"", ""rbi_mpr_2026_04_p086_c001"", ""rbi_mpr_2026_04_p087_c001"", ""rbi_mpr_2026_04_p079_c000"", ""rbi_mpr_2026_04_p098_c002"", ""rbi_mpr_2026_04_p094_c004"", ""rbi_mpr_2026_04_p102_c000"", ""rbi_mpr_2026_04_p021_c000"", ""rbi_mpr_2026_04_p016_c001"", ""rbi_mpr_2026_04_p025_c001"", ""rbi_mpr_2026_04_p101_c001"", ""rbi_mpr_2026_04_p081_c005"", ""rbi_mpr_2026_04_p058_c000"", ""rbi_mpr_2026_04_p076_c000"", ""rbi_mpr_2026_04_p114_c000"", ""rbi_mpr_2026_04_p044_c000"", ""rbi_mpr_2026_04_p108_c000"", ""rbi_mpr_2026_04_p089_c003"", ""rbi_mpr_2026_04_p113_c001"", ""rbi_mpr_2026_04_p089_c002"", ""rbi_mpr_2026_04_p094_c000"", ""rbi_mpr_2026_04_p013_c001"", ""rbi_mpr_2026_04_p090_c000"", ""rbi_mpr_2026_04_p044_c001"", ""rbi_mpr_2026_04_p113_c000"", ""rbi_mpr_2026_04_p092_c003"", ""rbi_mpr_2026_04_p047_c004"", ""rbi_mpr_2026_04_p060_c000"", ""rbi_mpr_2026_04_p018_c002"", ""rbi_mpr_2026_04_p035_c003"", ""rbi_mpr_2026_04_p018_c003"", ""rbi_mpr_2026_04_p040_c000"", ""rbi_mpr_2026_04_p080_c000"", ""rbi_mpr_2026_04_p108_c003"", ""rbi_mpr_2026_04_p047_c003"", ""rbi_mpr_2026_04_p032_c000"", ""rbi_mpr_2026_04_p104_c000"", ""rbi_mpr_2026_04_p022_c001"", ""rbi_mpr_2026_04_p092_c004"", ""rbi_mpr_2026_04_p054_c000"", ""rbi_mpr_2026_04_p062_c000"", ""rbi_mpr_2026_04_p112_c000"", ""rbi_mpr_2026_04_p018_c000"", ""rbi_mpr_2026_04_p110_c000"", ""rbi_mpr_2026_04_p079_c002"", ""rbi_mpr_2026_04_p016_c000"", ""rbi_mpr_2026_04_p015_c002"", ""rbi_mpr_2026_04_p078_c000"", ""rbi_mpr_2026_04_p046_c000"", ""rbi_mpr_2026_04_p113_c002"", ""rbi_mpr_2026_04_p115_c002"", ""rbi_mpr_2026_04_p090_c001""], ""candidate_union_pages"": [83, 82, 85, 83, 87, 115, 115, 102, 5, 83, 115, 101, 85, 83, 83, 81, 92, 87, 85, 95, 102, 84, 86, 87, 81, 86, 79, 100, 16, 102, 82, 85, 107, 82, 85, 84, 20, 82, 91, 86, 87, 79, 98, 94, 102, 21, 16, 25, 101, 81, 58, 76, 114, 44, 108, 89, 113, 89, 94, 13, 90, 44, 113, 92, 47, 60, 18, 35, 18, 40, 80, 108, 47, 32, 104, 22, 92, 54, 62, 112, 18, 110, 79, 16, 15, 78, 46, 113, 115, 90], ""dense_candidate_ids"": [""rbi_mpr_2026_04_p083_c000"", ""rbi_mpr_2026_04_p082_c001"", ""rbi_mpr_2026_04_p085_c000"", ""rbi_mpr_2026_04_p083_c004"", ""rbi_mpr_2026_04_p087_c000"", ""rbi_mpr_2026_04_p115_c000"", ""rbi_mpr_2026_04_p115_c001"", ""rbi_mpr_2026_04_p102_c004"", ""rbi_mpr_2026_04_p005_c003"", ""rbi_mpr_2026_04_p083_c001"", ""rbi_mpr_2026_04_p115_c003"", ""rbi_mpr_2026_04_p101_c002"", ""rbi_mpr_2026_04_p085_c001"", ""rbi_mpr_2026_04_p083_c003"", ""rbi_mpr_2026_04_p083_c002"", ""rbi_mpr_2026_04_p081_c006"", ""rbi_mpr_2026_04_p092_c002"", ""rbi_mpr_2026_04_p087_c003"", ""rbi_mpr_2026_04_p085_c003"", ""rbi_mpr_2026_04_p095_c000"", ""rbi_mpr_2026_04_p102_c003"", ""rbi_mpr_2026_04_p084_c000"", ""rbi_mpr_2026_04_p086_c002"", ""rbi_mpr_2026_04_p087_c004"", ""rbi_mpr_2026_04_p081_c000"", ""rbi_mpr_2026_04_p086_c000"", ""rbi_mpr_2026_04_p079_c004"", ""rbi_mpr_2026_04_p100_c002"", ""rbi_mpr_2026_04_p016_c002"", ""rbi_mpr_2026_04_p102_c002"", ""rbi_mpr_2026_04_p082_c003"", ""rbi_mpr_2026_04_p085_c002"", ""rbi_mpr_2026_04_p107_c000"", ""rbi_mpr_2026_04_p082_c000"", ""rbi_mpr_2026_04_p085_c004"", ""rbi_mpr_2026_04_p084_c003"", ""rbi_mpr_2026_04_p020_c000"", ""rbi_mpr_2026_04_p082_c004"", ""rbi_mpr_2026_04_p091_c005"", ""rbi_mpr_2026_04_p086_c001"", ""rbi_mpr_2026_04_p087_c001"", ""rbi_mpr_2026_04_p079_c000"", ""rbi_mpr_2026_04_p098_c002"", ""rbi_mpr_2026_04_p094_c004"", ""rbi_mpr_2026_04_p102_c000"", ""rbi_mpr_2026_04_p021_c000"", ""rbi_mpr_2026_04_p016_c001"", ""rbi_mpr_2026_04_p025_c001"", ""rbi_mpr_2026_04_p101_c001"", ""rbi_mpr_2026_04_p081_c005""], ""dense_candidate_pages"": [83, 82, 85, 83, 87, 115, 115, 102, 5, 83, 115, 101, 85, 83, 83, 81, 92, 87, 85, 95, 102, 84, 86, 87, 81, 86, 79, 100, 16, 102, 82, 85, 107, 82, 85, 84, 20, 82, 91, 86, 87, 79, 98, 94, 102, 21, 16, 25, 101, 81], ""dense_candidate_scores"": [0.36436938485350157, 0.3489779458332022, 0.3256291818140461, 0.3015983553454381, 0.276692307420653, 0.2548903327418466, 0.254481929779776, 0.25114440513989533, 0.2404835283964588, 0.23779750974085945, 0.2321447744185784, 0.21684884015700479, 0.21618460582447308, 0.21492272918005684, 0.20495483091983635, 0.19958987427918762, 0.19259653199947202, 0.18384558184315514, 0.18337471725159138, 0.18182961378518203, 0.1775061057712375, 0.17557232406786072, 0.17488684772367946, 0.1586249076942361, 0.15560036555139733, 0.15378594372300336, 0.14124321019355535, 0.14015582150197425, 0.1391540752065673, 0.12995940302912778, 0.12930005773102327, 0.12357719005282009, 0.12089386879552544, 0.12023039310626704, 0.11847270093596862, 0.11437105393258551, 0.11400041454678067, 0.11018089854732938, 0.10894194978850313, 0.10045087710010447, 0.0994739131516219, 0.09828242174421897, 0.09765999708541007, 0.09409521663835863, 0.09402297694001094, 0.09397939709865066, 0.09357571458361336, 0.0899984586694027, 0.0894882289213298, 0.08108322009759028], ""dense_first_evidence_rank"": 9, ""evidence_rank_after_reranking"": 2, ""evidence_rank_before_reranking"": 1, ""expected_evidence"": [""food group where the waning of base effects led to a turnaround from deflation""], ""loss_stage"": ""evidence_found"", ""report_id"": ""rbi_mpr_2026_04"", ""reranker_input_ids"": [""rbi_mpr_2026_04_p005_c003"", ""rbi_mpr_2026_04_p087_c000"", ""rbi_mpr_2026_04_p082_c001"", ""rbi_mpr_2026_04_p081_c006"", ""rbi_mpr_2026_04_p082_c000"", ""rbi_mpr_2026_04_p115_c001"", ""rbi_mpr_2026_04_p107_c000"", ""rbi_mpr_2026_04_p102_c004"", ""rbi_mpr_2026_04_p102_c000"", ""rbi_mpr_2026_04_p081_c005"", ""rbi_mpr_2026_04_p083_c000"", ""rbi_mpr_2026_04_p058_c000"", ""rbi_mpr_2026_04_p085_c000"", ""rbi_mpr_2026_04_p076_c000"", ""rbi_mpr_2026_04_p083_c004"", ""rbi_mpr_2026_04_p114_c000"", ""rbi_mpr_2026_04_p044_c000"", ""rbi_mpr_2026_04_p115_c000"", ""rbi_mpr_2026_04_p108_c000"", ""rbi_mpr_2026_04_p089_c003"", ""rbi_mpr_2026_04_p113_c001"", ""rbi_mpr_2026_04_p083_c001"", ""rbi_mpr_2026_04_p115_c003"", ""rbi_mpr_2026_04_p101_c002"", ""rbi_mpr_2026_04_p089_c002"", ""rbi_mpr_2026_04_p085_c001"", ""rbi_mpr_2026_04_p094_c000"", ""rbi_mpr_2026_04_p083_c003"", ""rbi_mpr_2026_04_p013_c001"", ""rbi_mpr_2026_04_p083_c002""], ""reranker_input_pages"": [5, 87, 82, 81, 82, 115, 107, 102, 102, 81, 83, 58, 85, 76, 83, 114, 44, 115, 108, 89, 113, 83, 115, 101, 89, 85, 94, 83, 13, 83], ""reranker_input_ranks"": [1, 2, 3, 4, 5, 6, 7, 8, 9, 10, 11, 12, 13, 14, 15, 16, 17, 18, 19, 20, 21, 22, 23, 24, 25, 26, 27, 28, 29, 30], ""reranker_output_ids"": [""rbi_mpr_2026_04_p083_c000"", ""rbi_mpr_2026_04_p005_c003"", ""rbi_mpr_2026_04_p085_c001"", ""rbi_mpr_2026_04_p115_c001"", ""rbi_mpr_2026_04_p082_c001"", ""rbi_mpr_2026_04_p094_c000"", ""rbi_mpr_2026_04_p087_c000"", ""rbi_mpr_2026_04_p081_c006"", ""rbi_mpr_2026_04_p082_c000"", ""rbi_mpr_2026_04_p085_c000"", ""rbi_mpr_2026_04_p115_c003"", ""rbi_mpr_2026_04_p114_c000"", ""rbi_mpr_2026_04_p102_c000"", ""rbi_mpr_2026_04_p101_c002"", ""rbi_mpr_2026_04_p108_c000"", ""rbi_mpr_2026_04_p044_c000"", ""rbi_mpr_2026_04_p076_c000"", ""rbi_mpr_2026_04_p083_c001"", ""rbi_mpr_2026_04_p115_c000"", ""rbi_mpr_2026_04_p058_c000"", ""rbi_mpr_2026_04_p102_c004"", ""rbi_mpr_2026_04_p107_c000"", ""rbi_mpr_2026_04_p083_c002"", ""rbi_mpr_2026_04_p113_c001"", ""rbi_mpr_2026_04_p081_c005"", ""rbi_mpr_2026_04_p083_c004"", ""rbi_mpr_2026_04_p089_c002"", ""rbi_mpr_2026_04_p013_c001"", ""rbi_mpr_2026_04_p083_c003"", ""rbi_mpr_2026_04_p089_c003""], ""reranker_output_pages"": [83, 5, 85, 115, 82, 94, 87, 81, 82, 85, 115, 114, 102, 101, 108, 44, 76, 83, 115, 58, 102, 107, 83, 113, 81, 83, 89, 13, 83, 89], ""reranker_scores"": [3.9656009674072266, 1.2783299684524536, 0.452640175819397, 0.3983939588069916, -0.1433359682559967, -0.47626936435699463, -1.1796841621398926, -2.0126495361328125, -2.580687999725342, -3.0961081981658936, -3.3778791427612305, -3.5260305404663086, -4.537935256958008, -4.670870304107666, -4.774028778076172, -5.187053203582764, -5.530588150024414, -5.601519584655762, -5.626789093017578, -5.655038833618164, -6.12170934677124, -6.568008899688721, -7.379406929016113, -7.749114990234375, -8.049734115600586, -8.187435150146484, -8.60502815246582, -8.655805587768555, -10.046910285949707, -10.145940780639648], ""rrf_candidate_ids"": [""rbi_mpr_2026_04_p005_c003"", ""rbi_mpr_2026_04_p087_c000"", ""rbi_mpr_2026_04_p082_c001"", ""rbi_mpr_2026_04_p081_c006"", ""rbi_mpr_2026_04_p082_c000"", ""rbi_mpr_2026_04_p115_c001"", ""rbi_mpr_2026_04_p107_c000"", ""rbi_mpr_2026_04_p102_c004"", ""rbi_mpr_2026_04_p102_c000"", ""rbi_mpr_2026_04_p081_c005"", ""rbi_mpr_2026_04_p083_c000"", ""rbi_mpr_2026_04_p058_c000"", ""rbi_mpr_2026_04_p085_c000"", ""rbi_mpr_2026_04_p076_c000"", ""rbi_mpr_2026_04_p083_c004"", ""rbi_mpr_2026_04_p114_c000"", ""rbi_mpr_2026_04_p044_c000"", ""rbi_mpr_2026_04_p115_c000"", ""rbi_mpr_2026_04_p108_c000"", ""rbi_mpr_2026_04_p089_c003"", ""rbi_mpr_2026_04_p113_c001"", ""rbi_mpr_2026_04_p083_c001"", ""rbi_mpr_2026_04_p115_c003"", ""rbi_mpr_2026_04_p101_c002"", ""rbi_mpr_2026_04_p089_c002"", ""rbi_mpr_2026_04_p085_c001"", ""rbi_mpr_2026_04_p094_c000"", ""rbi_mpr_2026_04_p083_c003"", ""rbi_mpr_2026_04_p013_c001"", ""rbi_mpr_2026_04_p083_c002""], ""rrf_candidate_pages"": [5, 87, 82, 81, 82, 115, 107, 102, 102, 81, 83, 58, 85, 76, 83, 114, 44, 115, 108, 89, 113, 83, 115, 101, 89, 85, 94, 83, 13, 83], ""rrf_first_evidence_rank"": 1, ""rrf_scores"": [0.030886196246139225, 0.027579737335834898, 0.02749266862170088, 0.027242401779095628, 0.02578981302385558, 0.025563671006668783, 0.0250384024577573, 0.02413984461709212, 0.02039337474120083, 0.02007992007992008, 0.01639344262295082, 0.016129032258064516, 0.015873015873015872, 0.015873015873015872, 0.015625, 0.015625, 0.015384615384615385, 0.015151515151515152, 0.014925373134328358, 0.014705882352941176, 0.014492753623188406, 0.014285714285714285, 0.014084507042253521, 0.013888888888888888, 0.013888888888888888, 0.0136986301369863, 0.0136986301369863, 0.013513513513513514, 0.013513513513513514, 0.013333333333333334], ""selected_chunk_ids_after_dedup"": [""rbi_mpr_2026_04_p083_c000"", ""rbi_mpr_2026_04_p005_c003"", ""rbi_mpr_2026_04_p085_c001"", ""rbi_mpr_2026_04_p115_c001""], ""selected_chunk_ids_before_dedup"": [""rbi_mpr_2026_04_p083_c000"", ""rbi_mpr_2026_04_p005_c003"", ""rbi_mpr_2026_04_p085_c001"", ""rbi_mpr_2026_04_p115_c001""], ""selected_pages"": [83, 5, 85, 115]}}","{""rbi_mpr_2026_04"": true}","{""rbi_mpr_2026_04"": 0.5}",[],"[""2026""]",0.14340000052470714,single_report,apr26_dev_001,[],0.0,"{""rbi_mpr_2026_04"": 4}",1.0,"[""rbi_mpr_2026_04""]",1500.3937000001315,0.11789999553002417,3786,4,0.0020000006770715117,dev,1548.1899000005797,4
False,1.7349999980069697,0.09889999637380242,False,04a5ce7716e7f739c55089569953118657c56d931da37da67b3f680d0125b949,0,0.017099999240599573,bf7cf18e02abb87a6e22fe9b686d8f93fa34ceb3f67abc575741c0a63080b56d,0.18000000272877514,24.407800010521896,0,977,0.0,[],RRF_K60,[],0.10689999908208847,d063b65fcefc1858e3315b9e67356a80310b8ae9b4d0864e98dd7c18d8553c1a,0.0,What repo-rate action in December was reported in April 2026?,What repo-rate action in December was reported in April 2026?,"{""rbi_mpr_2026_04"": {""accepted_evidence_found"": false, ""accepted_pages"": [26], ""bm25_candidate_ids"": [""rbi_mpr_2026_04_p087_c000"", ""rbi_mpr_2026_04_p084_c000"", ""rbi_mpr_2026_04_p103_c001"", ""rbi_mpr_2026_04_p103_c000"", ""rbi_mpr_2026_04_p096_c000"", ""rbi_mpr_2026_04_p040_c001"", ""rbi_mpr_2026_04_p096_c001"", ""rbi_mpr_2026_04_p086_c000"", ""rbi_mpr_2026_04_p026_c002"", ""rbi_mpr_2026_04_p034_c001"", ""rbi_mpr_2026_04_p056_c000"", ""rbi_mpr_2026_04_p088_c000"", ""rbi_mpr_2026_04_p038_c000"", ""rbi_mpr_2026_04_p014_c000"", ""rbi_mpr_2026_04_p020_c000"", ""rbi_mpr_2026_04_p041_c000"", ""rbi_mpr_2026_04_p048_c000"", ""rbi_mpr_2026_04_p082_c000"", ""rbi_mpr_2026_04_p026_c003"", ""rbi_mpr_2026_04_p046_c000"", ""rbi_mpr_2026_04_p040_c000"", ""rbi_mpr_2026_04_p094_c000"", ""rbi_mpr_2026_04_p066_c000"", ""rbi_mpr_2026_04_p083_c002"", ""rbi_mpr_2026_04_p030_c002"", ""rbi_mpr_2026_04_p043_c000"", ""rbi_mpr_2026_04_p040_c002"", ""rbi_mpr_2026_04_p091_c005"", ""rbi_mpr_2026_04_p105_c003"", ""rbi_mpr_2026_04_p101_c005"", ""rbi_mpr_2026_04_p014_c002"", ""rbi_mpr_2026_04_p030_c001"", ""rbi_mpr_2026_04_p083_c001"", ""rbi_mpr_2026_04_p076_c001"", ""rbi_mpr_2026_04_p052_c000"", ""rbi_mpr_2026_04_p102_c002"", ""rbi_mpr_2026_04_p026_c004"", ""rbi_mpr_2026_04_p108_c000"", ""rbi_mpr_2026_04_p085_c002"", ""rbi_mpr_2026_04_p076_c000"", ""rbi_mpr_2026_04_p060_c000"", ""rbi_mpr_2026_04_p091_c000"", ""rbi_mpr_2026_04_p085_c003"", ""rbi_mpr_2026_04_p022_c000"", ""rbi_mpr_2026_04_p070_c000"", ""rbi_mpr_2026_04_p092_c002"", ""rbi_mpr_2026_04_p015_c000"", ""rbi_mpr_2026_04_p027_c000"", ""rbi_mpr_2026_04_p046_c003"", ""rbi_mpr_2026_04_p091_c001""], ""bm25_candidate_pages"": [87, 84, 103, 103, 96, 40, 96, 86, 26, 34, 56, 88, 38, 14, 20, 41, 48, 82, 26, 46, 40, 94, 66, 83, 30, 43, 40, 91, 105, 101, 14, 30, 83, 76, 52, 102, 26, 108, 85, 76, 60, 91, 85, 22, 70, 92, 15, 27, 46, 91], ""bm25_candidate_scores"": [null, null, null, null, null, null, null, null, null, null, null, null, null, null, null, null, null, null, null, null, null, null, null, null, null, null, null, null, null, null, null, null, null, null, null, null, null, null, null, null, null, null, null, null, null, null, null, null, null, null], ""bm25_first_evidence_rank"": 9, ""candidate_source_expansion"": {""rbi_mpr_2026_04_p003_c000"": [], ""rbi_mpr_2026_04_p013_c004"": [], ""rbi_mpr_2026_04_p014_c000"": [], ""rbi_mpr_2026_04_p014_c002"": [], ""rbi_mpr_2026_04_p015_c000"": [], ""rbi_mpr_2026_04_p016_c002"": [], ""rbi_mpr_2026_04_p020_c000"": [], ""rbi_mpr_2026_04_p020_c002"": [], ""rbi_mpr_2026_04_p020_c003"": [], ""rbi_mpr_2026_04_p021_c000"": [], ""rbi_mpr_2026_04_p021_c001"": [], ""rbi_mpr_2026_04_p021_c002"": [], ""rbi_mpr_2026_04_p022_c000"": [], ""rbi_mpr_2026_04_p023_c001"": [], ""rbi_mpr_2026_04_p024_c000"": [], ""rbi_mpr_2026_04_p026_c002"": [], ""rbi_mpr_2026_04_p026_c003"": [], ""rbi_mpr_2026_04_p026_c004"": [], ""rbi_mpr_2026_04_p027_c000"": [], ""rbi_mpr_2026_04_p027_c004"": [], ""rbi_mpr_2026_04_p030_c001"": [], ""rbi_mpr_2026_04_p030_c002"": [], ""rbi_mpr_2026_04_p030_c004"": [], ""rbi_mpr_2026_04_p031_c003"": [], ""rbi_mpr_2026_04_p032_c000"": [], ""rbi_mpr_2026_04_p032_c001"": [], ""rbi_mpr_2026_04_p034_c000"": [], ""rbi_mpr_2026_04_p034_c001"": [], ""rbi_mpr_2026_04_p038_c000"": [], ""rbi_mpr_2026_04_p039_c001"": [], ""rbi_mpr_2026_04_p040_c000"": [], ""rbi_mpr_2026_04_p040_c001"": [], ""rbi_mpr_2026_04_p040_c002"": [], ""rbi_mpr_2026_04_p041_c000"": [], ""rbi_mpr_2026_04_p041_c001"": [], ""rbi_mpr_2026_04_p043_c000"": [], ""rbi_mpr_2026_04_p046_c000"": [], ""rbi_mpr_2026_04_p046_c003"": [], ""rbi_mpr_2026_04_p048_c000"": [], ""rbi_mpr_2026_04_p050_c000"": [], ""rbi_mpr_2026_04_p052_c000"": [], ""rbi_mpr_2026_04_p056_c000"": [], ""rbi_mpr_2026_04_p060_c000"": [], ""rbi_mpr_2026_04_p064_c002"": [], ""rbi_mpr_2026_04_p066_c000"": [], ""rbi_mpr_2026_04_p070_c000"": [], ""rbi_mpr_2026_04_p076_c000"": [], ""rbi_mpr_2026_04_p076_c001"": [], ""rbi_mpr_2026_04_p082_c000"": [], ""rbi_mpr_2026_04_p082_c001"": [], ""rbi_mpr_2026_04_p082_c002"": [], ""rbi_mpr_2026_04_p083_c001"": [], ""rbi_mpr_2026_04_p083_c002"": [], ""rbi_mpr_2026_04_p084_c000"": [], ""rbi_mpr_2026_04_p085_c000"": [], ""rbi_mpr_2026_04_p085_c002"": [], ""rbi_mpr_2026_04_p085_c003"": [], ""rbi_mpr_2026_04_p085_c006"": [], ""rbi_mpr_2026_04_p086_c000"": [], ""rbi_mpr_2026_04_p087_c000"": [], ""rbi_mpr_2026_04_p088_c000"": [], ""rbi_mpr_2026_04_p091_c000"": [], ""rbi_mpr_2026_04_p091_c001"": [], ""rbi_mpr_2026_04_p091_c005"": [], ""rbi_mpr_2026_04_p092_c002"": [], ""rbi_mpr_2026_04_p094_c000"": [], ""rbi_mpr_2026_04_p094_c001"": [], ""rbi_mpr_2026_04_p096_c000"": [], ""rbi_mpr_2026_04_p096_c001"": [], ""rbi_mpr_2026_04_p101_c002"": [], ""rbi_mpr_2026_04_p101_c004"": [], ""rbi_mpr_2026_04_p101_c005"": [], ""rbi_mpr_2026_04_p102_c002"": [], ""rbi_mpr_2026_04_p102_c004"": [], ""rbi_mpr_2026_04_p103_c000"": [], ""rbi_mpr_2026_04_p103_c001"": [], ""rbi_mpr_2026_04_p103_c003"": [], ""rbi_mpr_2026_04_p103_c004"": [], ""rbi_mpr_2026_04_p105_c002"": [], ""rbi_mpr_2026_04_p105_c003"": [], ""rbi_mpr_2026_04_p106_c000"": [], ""rbi_mpr_2026_04_p106_c001"": [], ""rbi_mpr_2026_04_p108_c000"": [], ""rbi_mpr_2026_04_p108_c002"": [], ""rbi_mpr_2026_04_p113_c002"": []}, ""candidate_source_facet"": {""rbi_mpr_2026_04_p003_c000"": [], ""rbi_mpr_2026_04_p013_c004"": [], ""rbi_mpr_2026_04_p014_c000"": [], ""rbi_mpr_2026_04_p014_c002"": [], ""rbi_mpr_2026_04_p015_c000"": [], ""rbi_mpr_2026_04_p016_c002"": [], ""rbi_mpr_2026_04_p020_c000"": [], ""rbi_mpr_2026_04_p020_c002"": [], ""rbi_mpr_2026_04_p020_c003"": [], ""rbi_mpr_2026_04_p021_c000"": [], ""rbi_mpr_2026_04_p021_c001"": [], ""rbi_mpr_2026_04_p021_c002"": [], ""rbi_mpr_2026_04_p022_c000"": [], ""rbi_mpr_2026_04_p023_c001"": [], ""rbi_mpr_2026_04_p024_c000"": [], ""rbi_mpr_2026_04_p026_c002"": [], ""rbi_mpr_2026_04_p026_c003"": [], ""rbi_mpr_2026_04_p026_c004"": [], ""rbi_mpr_2026_04_p027_c000"": [], ""rbi_mpr_2026_04_p027_c004"": [], ""rbi_mpr_2026_04_p030_c001"": [], ""rbi_mpr_2026_04_p030_c002"": [], ""rbi_mpr_2026_04_p030_c004"": [], ""rbi_mpr_2026_04_p031_c003"": [], ""rbi_mpr_2026_04_p032_c000"": [], ""rbi_mpr_2026_04_p032_c001"": [], ""rbi_mpr_2026_04_p034_c000"": [], ""rbi_mpr_2026_04_p034_c001"": [], ""rbi_mpr_2026_04_p038_c000"": [], ""rbi_mpr_2026_04_p039_c001"": [], ""rbi_mpr_2026_04_p040_c000"": [], ""rbi_mpr_2026_04_p040_c001"": [], ""rbi_mpr_2026_04_p040_c002"": [], ""rbi_mpr_2026_04_p041_c000"": [], ""rbi_mpr_2026_04_p041_c001"": [], ""rbi_mpr_2026_04_p043_c000"": [], ""rbi_mpr_2026_04_p046_c000"": [], ""rbi_mpr_2026_04_p046_c003"": [], ""rbi_mpr_2026_04_p048_c000"": [], ""rbi_mpr_2026_04_p050_c000"": [], ""rbi_mpr_2026_04_p052_c000"": [], ""rbi_mpr_2026_04_p056_c000"": [], ""rbi_mpr_2026_04_p060_c000"": [], ""rbi_mpr_2026_04_p064_c002"": [], ""rbi_mpr_2026_04_p066_c000"": [], ""rbi_mpr_2026_04_p070_c000"": [], ""rbi_mpr_2026_04_p076_c000"": [], ""rbi_mpr_2026_04_p076_c001"": [], ""rbi_mpr_2026_04_p082_c000"": [], ""rbi_mpr_2026_04_p082_c001"": [], ""rbi_mpr_2026_04_p082_c002"": [], ""rbi_mpr_2026_04_p083_c001"": [], ""rbi_mpr_2026_04_p083_c002"": [], ""rbi_mpr_2026_04_p084_c000"": [], ""rbi_mpr_2026_04_p085_c000"": [], ""rbi_mpr_2026_04_p085_c002"": [], ""rbi_mpr_2026_04_p085_c003"": [], ""rbi_mpr_2026_04_p085_c006"": [], ""rbi_mpr_2026_04_p086_c000"": [], ""rbi_mpr_2026_04_p087_c000"": [], ""rbi_mpr_2026_04_p088_c000"": [], ""rbi_mpr_2026_04_p091_c000"": [], ""rbi_mpr_2026_04_p091_c001"": [], ""rbi_mpr_2026_04_p091_c005"": [], ""rbi_mpr_2026_04_p092_c002"": [], ""rbi_mpr_2026_04_p094_c000"": [], ""rbi_mpr_2026_04_p094_c001"": [], ""rbi_mpr_2026_04_p096_c000"": [], ""rbi_mpr_2026_04_p096_c001"": [], ""rbi_mpr_2026_04_p101_c002"": [], ""rbi_mpr_2026_04_p101_c004"": [], ""rbi_mpr_2026_04_p101_c005"": [], ""rbi_mpr_2026_04_p102_c002"": [], ""rbi_mpr_2026_04_p102_c004"": [], ""rbi_mpr_2026_04_p103_c000"": [], ""rbi_mpr_2026_04_p103_c001"": [], ""rbi_mpr_2026_04_p103_c003"": [], ""rbi_mpr_2026_04_p103_c004"": [], ""rbi_mpr_2026_04_p105_c002"": [], ""rbi_mpr_2026_04_p105_c003"": [], ""rbi_mpr_2026_04_p106_c000"": [], ""rbi_mpr_2026_04_p106_c001"": [], ""rbi_mpr_2026_04_p108_c000"": [], ""rbi_mpr_2026_04_p108_c002"": [], ""rbi_mpr_2026_04_p113_c002"": []}, ""candidate_source_query"": {""rbi_mpr_2026_04_p003_c000"": [""What repo-rate action in December was reported in April 2026?""], ""rbi_mpr_2026_04_p013_c004"": [""What repo-rate action in December was reported in April 2026?""], ""rbi_mpr_2026_04_p014_c000"": [""What repo-rate action in December was reported in April 2026?""], ""rbi_mpr_2026_04_p014_c002"": [""What repo-rate action in December was reported in April 2026?""], ""rbi_mpr_2026_04_p015_c000"": [""What repo-rate action in December was reported in April 2026?""], ""rbi_mpr_2026_04_p016_c002"": [""What repo-rate action in December was reported in April 2026?""], ""rbi_mpr_2026_04_p020_c000"": [""What repo-rate action in December was reported in April 2026?""], ""rbi_mpr_2026_04_p020_c002"": [""What repo-rate action in December was reported in April 2026?""], ""rbi_mpr_2026_04_p020_c003"": [""What repo-rate action in December was reported in April 2026?""], ""rbi_mpr_2026_04_p021_c000"": [""What repo-rate action in December was reported in April 2026?""], ""rbi_mpr_2026_04_p021_c001"": [""What repo-rate action in December was reported in April 2026?""], ""rbi_mpr_2026_04_p021_c002"": [""What repo-rate action in December was reported in April 2026?""], ""rbi_mpr_2026_04_p022_c000"": [""What repo-rate action in December was reported in April 2026?""], ""rbi_mpr_2026_04_p023_c001"": [""What repo-rate action in December was reported in April 2026?""], ""rbi_mpr_2026_04_p024_c000"": [""What repo-rate action in December was reported in April 2026?""], ""rbi_mpr_2026_04_p026_c002"": [""What repo-rate action in December was reported in April 2026?""], ""rbi_mpr_2026_04_p026_c003"": [""What repo-rate action in December was reported in April 2026?""], ""rbi_mpr_2026_04_p026_c004"": [""What repo-rate action in December was reported in April 2026?""], ""rbi_mpr_2026_04_p027_c000"": [""What repo-rate action in December was reported in April 2026?""], ""rbi_mpr_2026_04_p027_c004"": [""What repo-rate action in December was reported in April 2026?""], ""rbi_mpr_2026_04_p030_c001"": [""What repo-rate action in December was reported in April 2026?""], ""rbi_mpr_2026_04_p030_c002"": [""What repo-rate action in December was reported in April 2026?""], ""rbi_mpr_2026_04_p030_c004"": [""What repo-rate action in December was reported in April 2026?""], ""rbi_mpr_2026_04_p031_c003"": [""What repo-rate action in December was reported in April 2026?""], ""rbi_mpr_2026_04_p032_c000"": [""What repo-rate action in December was reported in April 2026?""], ""rbi_mpr_2026_04_p032_c001"": [""What repo-rate action in December was reported in April 2026?""], ""rbi_mpr_2026_04_p034_c000"": [""What repo-rate action in December was reported in April 2026?""], ""rbi_mpr_2026_04_p034_c001"": [""What repo-rate action in December was reported in April 2026?""], ""rbi_mpr_2026_04_p038_c000"": [""What repo-rate action in December was reported in April 2026?""], ""rbi_mpr_2026_04_p039_c001"": [""What repo-rate action in December was reported in April 2026?""], ""rbi_mpr_2026_04_p040_c000"": [""What repo-rate action in December was reported in April 2026?""], ""rbi_mpr_2026_04_p040_c001"": [""What repo-rate action in December was reported in April 2026?""], ""rbi_mpr_2026_04_p040_c002"": [""What repo-rate action in December was reported in April 2026?""], ""rbi_mpr_2026_04_p041_c000"": [""What repo-rate action in December was reported in April 2026?""], ""rbi_mpr_2026_04_p041_c001"": [""What repo-rate action in December was reported in April 2026?""], ""rbi_mpr_2026_04_p043_c000"": [""What repo-rate action in December was reported in April 2026?""], ""rbi_mpr_2026_04_p046_c000"": [""What repo-rate action in December was reported in April 2026?""], ""rbi_mpr_2026_04_p046_c003"": [""What repo-rate action in December was reported in April 2026?""], ""rbi_mpr_2026_04_p048_c000"": [""What repo-rate action in December was reported in April 2026?""], ""rbi_mpr_2026_04_p050_c000"": [""What repo-rate action in December was reported in April 2026?""], ""rbi_mpr_2026_04_p052_c000"": [""What repo-rate action in December was reported in April 2026?""], ""rbi_mpr_2026_04_p056_c000"": [""What repo-rate action in December was reported in April 2026?""], ""rbi_mpr_2026_04_p060_c000"": [""What repo-rate action in December was reported in April 2026?""], ""rbi_mpr_2026_04_p064_c002"": [""What repo-rate action in December was reported in April 2026?""], ""rbi_mpr_2026_04_p066_c000"": [""What repo-rate action in December was reported in April 2026?""], ""rbi_mpr_2026_04_p070_c000"": [""What repo-rate action in December was reported in April 2026?""], ""rbi_mpr_2026_04_p076_c000"": [""What repo-rate action in December was reported in April 2026?""], ""rbi_mpr_2026_04_p076_c001"": [""What repo-rate action in December was reported in April 2026?""], ""rbi_mpr_2026_04_p082_c000"": [""What repo-rate action in December was reported in April 2026?""], ""rbi_mpr_2026_04_p082_c001"": [""What repo-rate action in December was reported in April 2026?""], ""rbi_mpr_2026_04_p082_c002"": [""What repo-rate action in December was reported in April 2026?""], ""rbi_mpr_2026_04_p083_c001"": [""What repo-rate action in December was reported in April 2026?""], ""rbi_mpr_2026_04_p083_c002"": [""What repo-rate action in December was reported in April 2026?""], ""rbi_mpr_2026_04_p084_c000"": [""What repo-rate action in December was reported in April 2026?""], ""rbi_mpr_2026_04_p085_c000"": [""What repo-rate action in December was reported in April 2026?""], ""rbi_mpr_2026_04_p085_c002"": [""What repo-rate action in December was reported in April 2026?""], ""rbi_mpr_2026_04_p085_c003"": [""What repo-rate action in December was reported in April 2026?""], ""rbi_mpr_2026_04_p085_c006"": [""What repo-rate action in December was reported in April 2026?""], ""rbi_mpr_2026_04_p086_c000"": [""What repo-rate action in December was reported in April 2026?""], ""rbi_mpr_2026_04_p087_c000"": [""What repo-rate action in December was reported in April 2026?""], ""rbi_mpr_2026_04_p088_c000"": [""What repo-rate action in December was reported in April 2026?""], ""rbi_mpr_2026_04_p091_c000"": [""What repo-rate action in December was reported in April 2026?""], ""rbi_mpr_2026_04_p091_c001"": [""What repo-rate action in December was reported in April 2026?""], ""rbi_mpr_2026_04_p091_c005"": [""What repo-rate action in December was reported in April 2026?""], ""rbi_mpr_2026_04_p092_c002"": [""What repo-rate action in December was reported in April 2026?""], ""rbi_mpr_2026_04_p094_c000"": [""What repo-rate action in December was reported in April 2026?""], ""rbi_mpr_2026_04_p094_c001"": [""What repo-rate action in December was reported in April 2026?""], ""rbi_mpr_2026_04_p096_c000"": [""What repo-rate action in December was reported in April 2026?""], ""rbi_mpr_2026_04_p096_c001"": [""What repo-rate action in December was reported in April 2026?""], ""rbi_mpr_2026_04_p101_c002"": [""What repo-rate action in December was reported in April 2026?""], ""rbi_mpr_2026_04_p101_c004"": [""What repo-rate action in December was reported in April 2026?""], ""rbi_mpr_2026_04_p101_c005"": [""What repo-rate action in December was reported in April 2026?""], ""rbi_mpr_2026_04_p102_c002"": [""What repo-rate action in December was reported in April 2026?""], ""rbi_mpr_2026_04_p102_c004"": [""What repo-rate action in December was reported in April 2026?""], ""rbi_mpr_2026_04_p103_c000"": [""What repo-rate action in December was reported in April 2026?""], ""rbi_mpr_2026_04_p103_c001"": [""What repo-rate action in December was reported in April 2026?""], ""rbi_mpr_2026_04_p103_c003"": [""What repo-rate action in December was reported in April 2026?""], ""rbi_mpr_2026_04_p103_c004"": [""What repo-rate action in December was reported in April 2026?""], ""rbi_mpr_2026_04_p105_c002"": [""What repo-rate action in December was reported in April 2026?""], ""rbi_mpr_2026_04_p105_c003"": [""What repo-rate action in December was reported in April 2026?""], ""rbi_mpr_2026_04_p106_c000"": [""What repo-rate action in December was reported in April 2026?""], ""rbi_mpr_2026_04_p106_c001"": [""What repo-rate action in December was reported in April 2026?""], ""rbi_mpr_2026_04_p108_c000"": [""What repo-rate action in December was reported in April 2026?""], ""rbi_mpr_2026_04_p108_c002"": [""What repo-rate action in December was reported in April 2026?""], ""rbi_mpr_2026_04_p113_c002"": [""What repo-rate action in December was reported in April 2026?""]}, ""candidate_source_retriever"": {""rbi_mpr_2026_04_p003_c000"": [""dense""], ""rbi_mpr_2026_04_p013_c004"": [""dense""], ""rbi_mpr_2026_04_p014_c000"": [""bm25"", ""dense""], ""rbi_mpr_2026_04_p014_c002"": [""bm25""], ""rbi_mpr_2026_04_p015_c000"": [""bm25""], ""rbi_mpr_2026_04_p016_c002"": [""dense""], ""rbi_mpr_2026_04_p020_c000"": [""bm25"", ""dense""], ""rbi_mpr_2026_04_p020_c002"": [""dense""], ""rbi_mpr_2026_04_p020_c003"": [""dense""], ""rbi_mpr_2026_04_p021_c000"": [""dense""], ""rbi_mpr_2026_04_p021_c001"": [""dense""], ""rbi_mpr_2026_04_p021_c002"": [""dense""], ""rbi_mpr_2026_04_p022_c000"": [""bm25"", ""dense""], ""rbi_mpr_2026_04_p023_c001"": [""dense""], ""rbi_mpr_2026_04_p024_c000"": [""dense""], ""rbi_mpr_2026_04_p026_c002"": [""bm25"", ""dense""], ""rbi_mpr_2026_04_p026_c003"": [""bm25""], ""rbi_mpr_2026_04_p026_c004"": [""bm25""], ""rbi_mpr_2026_04_p027_c000"": [""bm25""], ""rbi_mpr_2026_04_p027_c004"": [""dense""], ""rbi_mpr_2026_04_p030_c001"": [""bm25""], ""rbi_mpr_2026_04_p030_c002"": [""bm25""], ""rbi_mpr_2026_04_p030_c004"": [""dense""], ""rbi_mpr_2026_04_p031_c003"": [""dense""], ""rbi_mpr_2026_04_p032_c000"": [""dense""], ""rbi_mpr_2026_04_p032_c001"": [""dense""], ""rbi_mpr_2026_04_p034_c000"": [""dense""], ""rbi_mpr_2026_04_p034_c001"": [""bm25""], ""rbi_mpr_2026_04_p038_c000"": [""bm25""], ""rbi_mpr_2026_04_p039_c001"": [""dense""], ""rbi_mpr_2026_04_p040_c000"": [""bm25"", ""dense""], ""rbi_mpr_2026_04_p040_c001"": [""bm25""], ""rbi_mpr_2026_04_p040_c002"": [""bm25""], ""rbi_mpr_2026_04_p041_c000"": [""bm25"", ""dense""], ""rbi_mpr_2026_04_p041_c001"": [""dense""], ""rbi_mpr_2026_04_p043_c000"": [""bm25""], ""rbi_mpr_2026_04_p046_c000"": [""bm25""], ""rbi_mpr_2026_04_p046_c003"": [""bm25""], ""rbi_mpr_2026_04_p048_c000"": [""bm25""], ""rbi_mpr_2026_04_p050_c000"": [""dense""], ""rbi_mpr_2026_04_p052_c000"": [""bm25""], ""rbi_mpr_2026_04_p056_c000"": [""bm25"", ""dense""], ""rbi_mpr_2026_04_p060_c000"": [""bm25""], ""rbi_mpr_2026_04_p064_c002"": [""dense""], ""rbi_mpr_2026_04_p066_c000"": [""bm25""], ""rbi_mpr_2026_04_p070_c000"": [""bm25""], ""rbi_mpr_2026_04_p076_c000"": [""bm25""], ""rbi_mpr_2026_04_p076_c001"": [""bm25""], ""rbi_mpr_2026_04_p082_c000"": [""bm25""], ""rbi_mpr_2026_04_p082_c001"": [""dense""], ""rbi_mpr_2026_04_p082_c002"": [""dense""], ""rbi_mpr_2026_04_p083_c001"": [""bm25""], ""rbi_mpr_2026_04_p083_c002"": [""bm25""], ""rbi_mpr_2026_04_p084_c000"": [""bm25"", ""dense""], ""rbi_mpr_2026_04_p085_c000"": [""dense""], ""rbi_mpr_2026_04_p085_c002"": [""bm25""], ""rbi_mpr_2026_04_p085_c003"": [""bm25""], ""rbi_mpr_2026_04_p085_c006"": [""dense""], ""rbi_mpr_2026_04_p086_c000"": [""bm25""], ""rbi_mpr_2026_04_p087_c000"": [""bm25""], ""rbi_mpr_2026_04_p088_c000"": [""bm25"", ""dense""], ""rbi_mpr_2026_04_p091_c000"": [""bm25""], ""rbi_mpr_2026_04_p091_c001"": [""bm25""], ""rbi_mpr_2026_04_p091_c005"": [""bm25""], ""rbi_mpr_2026_04_p092_c002"": [""bm25"", ""dense""], ""rbi_mpr_2026_04_p094_c000"": [""bm25""], ""rbi_mpr_2026_04_p094_c001"": [""dense""], ""rbi_mpr_2026_04_p096_c000"": [""bm25""], ""rbi_mpr_2026_04_p096_c001"": [""bm25""], ""rbi_mpr_2026_04_p101_c002"": [""dense""], ""rbi_mpr_2026_04_p101_c004"": [""dense""], ""rbi_mpr_2026_04_p101_c005"": [""bm25"", ""dense""], ""rbi_mpr_2026_04_p102_c002"": [""bm25"", ""dense""], ""rbi_mpr_2026_04_p102_c004"": [""dense""], ""rbi_mpr_2026_04_p103_c000"": [""bm25""], ""rbi_mpr_2026_04_p103_c001"": [""bm25"", ""dense""], ""rbi_mpr_2026_04_p103_c003"": [""dense""], ""rbi_mpr_2026_04_p103_c004"": [""dense""], ""rbi_mpr_2026_04_p105_c002"": [""dense""], ""rbi_mpr_2026_04_p105_c003"": [""bm25"", ""dense""], ""rbi_mpr_2026_04_p106_c000"": [""dense""], ""rbi_mpr_2026_04_p106_c001"": [""dense""], ""rbi_mpr_2026_04_p108_c000"": [""bm25"", ""dense""], ""rbi_mpr_2026_04_p108_c002"": [""dense""], ""rbi_mpr_2026_04_p113_c002"": [""dense""]}, ""candidate_union_ids"": [""rbi_mpr_2026_04_p101_c005"", ""rbi_mpr_2026_04_p102_c004"", ""rbi_mpr_2026_04_p102_c002"", ""rbi_mpr_2026_04_p082_c002"", ""rbi_mpr_2026_04_p103_c001"", ""rbi_mpr_2026_04_p027_c004"", ""rbi_mpr_2026_04_p030_c004"", ""rbi_mpr_2026_04_p103_c004"", ""rbi_mpr_2026_04_p101_c004"", ""rbi_mpr_2026_04_p014_c000"", ""rbi_mpr_2026_04_p020_c000"", ""rbi_mpr_2026_04_p034_c000"", ""rbi_mpr_2026_04_p021_c000"", ""rbi_mpr_2026_04_p024_c000"", ""rbi_mpr_2026_04_p106_c001"", ""rbi_mpr_2026_04_p016_c002"", ""rbi_mpr_2026_04_p031_c003"", ""rbi_mpr_2026_04_p108_c002"", ""rbi_mpr_2026_04_p013_c004"", ""rbi_mpr_2026_04_p022_c000"", ""rbi_mpr_2026_04_p020_c003"", ""rbi_mpr_2026_04_p003_c000"", ""rbi_mpr_2026_04_p105_c002"", ""rbi_mpr_2026_04_p092_c002"", ""rbi_mpr_2026_04_p101_c002"", ""rbi_mpr_2026_04_p021_c002"", ""rbi_mpr_2026_04_p032_c000"", ""rbi_mpr_2026_04_p021_c001"", ""rbi_mpr_2026_04_p085_c000"", ""rbi_mpr_2026_04_p094_c001"", ""rbi_mpr_2026_04_p023_c001"", ""rbi_mpr_2026_04_p106_c000"", ""rbi_mpr_2026_04_p084_c000"", ""rbi_mpr_2026_04_p050_c000"", ""rbi_mpr_2026_04_p064_c002"", ""rbi_mpr_2026_04_p041_c000"", ""rbi_mpr_2026_04_p113_c002"", ""rbi_mpr_2026_04_p039_c001"", ""rbi_mpr_2026_04_p103_c003"", ""rbi_mpr_2026_04_p026_c002"", ""rbi_mpr_2026_04_p082_c001"", ""rbi_mpr_2026_04_p088_c000"", ""rbi_mpr_2026_04_p105_c003"", ""rbi_mpr_2026_04_p020_c002"", ""rbi_mpr_2026_04_p108_c000"", ""rbi_mpr_2026_04_p040_c000"", ""rbi_mpr_2026_04_p041_c001"", ""rbi_mpr_2026_04_p085_c006"", ""rbi_mpr_2026_04_p032_c001"", ""rbi_mpr_2026_04_p056_c000"", ""rbi_mpr_2026_04_p087_c000"", ""rbi_mpr_2026_04_p103_c000"", ""rbi_mpr_2026_04_p096_c000"", ""rbi_mpr_2026_04_p040_c001"", ""rbi_mpr_2026_04_p096_c001"", ""rbi_mpr_2026_04_p086_c000"", ""rbi_mpr_2026_04_p034_c001"", ""rbi_mpr_2026_04_p038_c000"", ""rbi_mpr_2026_04_p048_c000"", ""rbi_mpr_2026_04_p082_c000"", ""rbi_mpr_2026_04_p026_c003"", ""rbi_mpr_2026_04_p046_c000"", ""rbi_mpr_2026_04_p094_c000"", ""rbi_mpr_2026_04_p066_c000"", ""rbi_mpr_2026_04_p083_c002"", ""rbi_mpr_2026_04_p030_c002"", ""rbi_mpr_2026_04_p043_c000"", ""rbi_mpr_2026_04_p040_c002"", ""rbi_mpr_2026_04_p091_c005"", ""rbi_mpr_2026_04_p014_c002"", ""rbi_mpr_2026_04_p030_c001"", ""rbi_mpr_2026_04_p083_c001"", ""rbi_mpr_2026_04_p076_c001"", ""rbi_mpr_2026_04_p052_c000"", ""rbi_mpr_2026_04_p026_c004"", ""rbi_mpr_2026_04_p085_c002"", ""rbi_mpr_2026_04_p076_c000"", ""rbi_mpr_2026_04_p060_c000"", ""rbi_mpr_2026_04_p091_c000"", ""rbi_mpr_2026_04_p085_c003"", ""rbi_mpr_2026_04_p070_c000"", ""rbi_mpr_2026_04_p015_c000"", ""rbi_mpr_2026_04_p027_c000"", ""rbi_mpr_2026_04_p046_c003"", ""rbi_mpr_2026_04_p091_c001""], ""candidate_union_pages"": [101, 102, 102, 82, 103, 27, 30, 103, 101, 14, 20, 34, 21, 24, 106, 16, 31, 108, 13, 22, 20, 3, 105, 92, 101, 21, 32, 21, 85, 94, 23, 106, 84, 50, 64, 41, 113, 39, 103, 26, 82, 88, 105, 20, 108, 40, 41, 85, 32, 56, 87, 103, 96, 40, 96, 86, 34, 38, 48, 82, 26, 46, 94, 66, 83, 30, 43, 40, 91, 14, 30, 83, 76, 52, 26, 85, 76, 60, 91, 85, 70, 15, 27, 46, 91], ""dense_candidate_ids"": [""rbi_mpr_2026_04_p101_c005"", ""rbi_mpr_2026_04_p102_c004"", ""rbi_mpr_2026_04_p102_c002"", ""rbi_mpr_2026_04_p082_c002"", ""rbi_mpr_2026_04_p103_c001"", ""rbi_mpr_2026_04_p027_c004"", ""rbi_mpr_2026_04_p030_c004"", ""rbi_mpr_2026_04_p103_c004"", ""rbi_mpr_2026_04_p101_c004"", ""rbi_mpr_2026_04_p014_c000"", ""rbi_mpr_2026_04_p020_c000"", ""rbi_mpr_2026_04_p034_c000"", ""rbi_mpr_2026_04_p021_c000"", ""rbi_mpr_2026_04_p024_c000"", ""rbi_mpr_2026_04_p106_c001"", ""rbi_mpr_2026_04_p016_c002"", ""rbi_mpr_2026_04_p031_c003"", ""rbi_mpr_2026_04_p108_c002"", ""rbi_mpr_2026_04_p013_c004"", ""rbi_mpr_2026_04_p022_c000"", ""rbi_mpr_2026_04_p020_c003"", ""rbi_mpr_2026_04_p003_c000"", ""rbi_mpr_2026_04_p105_c002"", ""rbi_mpr_2026_04_p092_c002"", ""rbi_mpr_2026_04_p101_c002"", ""rbi_mpr_2026_04_p021_c002"", ""rbi_mpr_2026_04_p032_c000"", ""rbi_mpr_2026_04_p021_c001"", ""rbi_mpr_2026_04_p085_c000"", ""rbi_mpr_2026_04_p094_c001"", ""rbi_mpr_2026_04_p023_c001"", ""rbi_mpr_2026_04_p106_c000"", ""rbi_mpr_2026_04_p084_c000"", ""rbi_mpr_2026_04_p050_c000"", ""rbi_mpr_2026_04_p064_c002"", ""rbi_mpr_2026_04_p041_c000"", ""rbi_mpr_2026_04_p113_c002"", ""rbi_mpr_2026_04_p039_c001"", ""rbi_mpr_2026_04_p103_c003"", ""rbi_mpr_2026_04_p026_c002"", ""rbi_mpr_2026_04_p082_c001"", ""rbi_mpr_2026_04_p088_c000"", ""rbi_mpr_2026_04_p105_c003"", ""rbi_mpr_2026_04_p020_c002"", ""rbi_mpr_2026_04_p108_c000"", ""rbi_mpr_2026_04_p040_c000"", ""rbi_mpr_2026_04_p041_c001"", ""rbi_mpr_2026_04_p085_c006"", ""rbi_mpr_2026_04_p032_c001"", ""rbi_mpr_2026_04_p056_c000""], ""dense_candidate_pages"": [101, 102, 102, 82, 103, 27, 30, 103, 101, 14, 20, 34, 21, 24, 106, 16, 31, 108, 13, 22, 20, 3, 105, 92, 101, 21, 32, 21, 85, 94, 23, 106, 84, 50, 64, 41, 113, 39, 103, 26, 82, 88, 105, 20, 108, 40, 41, 85, 32, 56], ""dense_candidate_scores"": [0.3017161979338746, 0.2843314237132525, 0.273508365896746, 0.23816764336448215, 0.21864707759557056, 0.21562691872497686, 0.19127725134738405, 0.17594481791499994, 0.1589367100795197, 0.1558453230349427, 0.15204468882362432, 0.1503404388572378, 0.1484062356853758, 0.14723202448586237, 0.1436155720025366, 0.13915146210195972, 0.13623017973797258, 0.13434351821123092, 0.12474103312759988, 0.1241872235381668, 0.12295729420492185, 0.11783164737011798, 0.11469153856866232, 0.10751957794495759, 0.09698084276850549, 0.09685457081036686, 0.09499286021794362, 0.0920565735758867, 0.09173322295411113, 0.09164833920121018, 0.08915113842693967, 0.08822778526976305, 0.08701749636792422, 0.08624519751581061, 0.0853915552460709, 0.08361329541369933, 0.08268362022924602, 0.07908697676472032, 0.07865825902166756, 0.07786775273099722, 0.07594299045320163, 0.07383775537008253, 0.07301167713926904, 0.07134712950417976, 0.07123426024386759, 0.06906942951695405, 0.06770454597477726, 0.06704949965522089, 0.06617613266037814, 0.06345184466633103], ""dense_first_evidence_rank"": 40, ""evidence_rank_after_reranking"": 17, ""evidence_rank_before_reranking"": 7, ""expected_evidence"": [""reduced the policy repo rate by 25 bps in the December meeting""], ""loss_stage"": ""lost_by_quota"", ""report_id"": ""rbi_mpr_2026_04"", ""reranker_input_ids"": [""rbi_mpr_2026_04_p103_c001"", ""rbi_mpr_2026_04_p014_c000"", ""rbi_mpr_2026_04_p101_c005"", ""rbi_mpr_2026_04_p020_c000"", ""rbi_mpr_2026_04_p084_c000"", ""rbi_mpr_2026_04_p102_c002"", ""rbi_mpr_2026_04_p026_c002"", ""rbi_mpr_2026_04_p088_c000"", ""rbi_mpr_2026_04_p041_c000"", ""rbi_mpr_2026_04_p056_c000"", ""rbi_mpr_2026_04_p022_c000"", ""rbi_mpr_2026_04_p040_c000"", ""rbi_mpr_2026_04_p092_c002"", ""rbi_mpr_2026_04_p105_c003"", ""rbi_mpr_2026_04_p108_c000"", ""rbi_mpr_2026_04_p087_c000"", ""rbi_mpr_2026_04_p102_c004"", ""rbi_mpr_2026_04_p082_c002"", ""rbi_mpr_2026_04_p103_c000"", ""rbi_mpr_2026_04_p096_c000"", ""rbi_mpr_2026_04_p027_c004"", ""rbi_mpr_2026_04_p040_c001"", ""rbi_mpr_2026_04_p030_c004"", ""rbi_mpr_2026_04_p096_c001"", ""rbi_mpr_2026_04_p103_c004"", ""rbi_mpr_2026_04_p086_c000"", ""rbi_mpr_2026_04_p101_c004"", ""rbi_mpr_2026_04_p034_c001"", ""rbi_mpr_2026_04_p034_c000"", ""rbi_mpr_2026_04_p021_c000""], ""reranker_input_pages"": [103, 14, 101, 20, 84, 102, 26, 88, 41, 56, 22, 40, 92, 105, 108, 87, 102, 82, 103, 96, 27, 40, 30, 96, 103, 86, 101, 34, 34, 21], ""reranker_input_ranks"": [1, 2, 3, 4, 5, 6, 7, 8, 9, 10, 11, 12, 13, 14, 15, 16, 17, 18, 19, 20, 21, 22, 23, 24, 25, 26, 27, 28, 29, 30], ""reranker_output_ids"": [""rbi_mpr_2026_04_p034_c000"", ""rbi_mpr_2026_04_p020_c000"", ""rbi_mpr_2026_04_p088_c000"", ""rbi_mpr_2026_04_p086_c000"", ""rbi_mpr_2026_04_p102_c002"", ""rbi_mpr_2026_04_p101_c005"", ""rbi_mpr_2026_04_p084_c000"", ""rbi_mpr_2026_04_p103_c001"", ""rbi_mpr_2026_04_p087_c000"", ""rbi_mpr_2026_04_p040_c000"", ""rbi_mpr_2026_04_p014_c000"", ""rbi_mpr_2026_04_p056_c000"", ""rbi_mpr_2026_04_p022_c000"", ""rbi_mpr_2026_04_p108_c000"", ""rbi_mpr_2026_04_p096_c000"", ""rbi_mpr_2026_04_p034_c001"", ""rbi_mpr_2026_04_p026_c002"", ""rbi_mpr_2026_04_p101_c004"", ""rbi_mpr_2026_04_p027_c004"", ""rbi_mpr_2026_04_p102_c004"", ""rbi_mpr_2026_04_p105_c003"", ""rbi_mpr_2026_04_p030_c004"", ""rbi_mpr_2026_04_p041_c000"", ""rbi_mpr_2026_04_p103_c004"", ""rbi_mpr_2026_04_p082_c002"", ""rbi_mpr_2026_04_p021_c000"", ""rbi_mpr_2026_04_p040_c001"", ""rbi_mpr_2026_04_p092_c002"", ""rbi_mpr_2026_04_p096_c001"", ""rbi_mpr_2026_04_p103_c000""], ""reranker_output_pages"": [34, 20, 88, 86, 102, 101, 84, 103, 87, 40, 14, 56, 22, 108, 96, 34, 26, 101, 27, 102, 105, 30, 41, 103, 82, 21, 40, 92, 96, 103], ""reranker_scores"": [3.8359522819519043, 3.4615039825439453, 3.4283950328826904, 3.0836005210876465, 3.0335912704467773, 2.970738410949707, 1.918200135231018, 1.859623670578003, 1.475096344947815, 1.337546467781067, 0.928513765335083, 0.28104081749916077, -0.19730223715305328, -0.303467720746994, -0.4801623225212097, -0.4991249740123749, -0.5657216310501099, -0.7862104773521423, -1.0785245895385742, -1.8210052251815796, -2.293388605117798, -2.8831586837768555, -3.1309993267059326, -3.908928871154785, -4.011385917663574, -4.168874740600586, -4.363518714904785, -4.954500675201416, -5.168478965759277, -5.4947309494018555], ""rrf_candidate_ids"": [""rbi_mpr_2026_04_p103_c001"", ""rbi_mpr_2026_04_p014_c000"", ""rbi_mpr_2026_04_p101_c005"", ""rbi_mpr_2026_04_p020_c000"", ""rbi_mpr_2026_04_p084_c000"", ""rbi_mpr_2026_04_p102_c002"", ""rbi_mpr_2026_04_p026_c002"", ""rbi_mpr_2026_04_p088_c000"", ""rbi_mpr_2026_04_p041_c000"", ""rbi_mpr_2026_04_p056_c000"", ""rbi_mpr_2026_04_p022_c000"", ""rbi_mpr_2026_04_p040_c000"", ""rbi_mpr_2026_04_p092_c002"", ""rbi_mpr_2026_04_p105_c003"", ""rbi_mpr_2026_04_p108_c000"", ""rbi_mpr_2026_04_p087_c000"", ""rbi_mpr_2026_04_p102_c004"", ""rbi_mpr_2026_04_p082_c002"", ""rbi_mpr_2026_04_p103_c000"", ""rbi_mpr_2026_04_p096_c000"", ""rbi_mpr_2026_04_p027_c004"", ""rbi_mpr_2026_04_p040_c001"", ""rbi_mpr_2026_04_p030_c004"", ""rbi_mpr_2026_04_p096_c001"", ""rbi_mpr_2026_04_p103_c004"", ""rbi_mpr_2026_04_p086_c000"", ""rbi_mpr_2026_04_p101_c004"", ""rbi_mpr_2026_04_p034_c001"", ""rbi_mpr_2026_04_p034_c000"", ""rbi_mpr_2026_04_p021_c000""], ""rrf_candidate_pages"": [103, 14, 101, 20, 84, 102, 26, 88, 41, 56, 22, 40, 92, 105, 108, 87, 102, 82, 103, 96, 27, 40, 30, 96, 103, 86, 101, 34, 34, 21], ""rrf_first_evidence_rank"": 7, ""rrf_scores"": [0.03125763125763126, 0.027799227799227798, 0.02750455373406193, 0.027417840375586856, 0.026881720430107527, 0.026289682539682536, 0.024492753623188406, 0.02369281045751634, 0.02357456140350877, 0.02317541613316261, 0.022115384615384617, 0.02177964127649662, 0.021338724168912845, 0.020944692920257444, 0.019727891156462583, 0.01639344262295082, 0.016129032258064516, 0.015625, 0.015625, 0.015384615384615385, 0.015151515151515152, 0.015151515151515152, 0.014925373134328358, 0.014925373134328358, 0.014705882352941176, 0.014705882352941176, 0.014492753623188406, 0.014285714285714285, 0.013888888888888888, 0.0136986301369863], ""selected_chunk_ids_after_dedup"": [""rbi_mpr_2026_04_p034_c000"", ""rbi_mpr_2026_04_p020_c000"", ""rbi_mpr_2026_04_p088_c000"", ""rbi_mpr_2026_04_p086_c000""], ""selected_chunk_ids_before_dedup"": [""rbi_mpr_2026_04_p034_c000"", ""rbi_mpr_2026_04_p020_c000"", ""rbi_mpr_2026_04_p088_c000"", ""rbi_mpr_2026_04_p086_c000""], ""selected_pages"": [34, 20, 88, 86]}}","{""rbi_mpr_2026_04"": false}","{""rbi_mpr_2026_04"": 0.0}",[],"[""2026""]",0.10400000610388815,single_report,apr26_dev_002,[],0.0,"{""rbi_mpr_2026_04"": 4}",1.0,"[""rbi_mpr_2026_04""]",1679.0891000127885,0.08239998714998364,3905,4,0.0036999990697950125,dev,1705.9866000054171,4
False,3.1750999914947897,0.14609999198000878,False,04a5ce7716e7f739c55089569953118657c56d931da37da67b3f680d0125b949,0,0.012999997125007212,bf7cf18e02abb87a6e22fe9b686d8f93fa34ceb3f67abc575741c0a63080b56d,0.1604999997653067,32.813800004078075,0,904,0.0,[],RRF_K60,[],0.13299999409355223,d063b65fcefc1858e3315b9e67356a80310b8ae9b4d0864e98dd7c18d8553c1a,0.0,How did April 2026 characterise core inflation apart from precious metals?,How did April 2026 characterise core inflation apart from precious metals?,"{""rbi_mpr_2026_04"": {""accepted_evidence_found"": false, ""accepted_pages"": [5], ""bm25_candidate_ids"": [""rbi_mpr_2026_04_p089_c002"", ""rbi_mpr_2026_04_p091_c000"", ""rbi_mpr_2026_04_p089_c003"", ""rbi_mpr_2026_04_p092_c000"", ""rbi_mpr_2026_04_p101_c002"", ""rbi_mpr_2026_04_p005_c003"", ""rbi_mpr_2026_04_p092_c001"", ""rbi_mpr_2026_04_p081_c006"", ""rbi_mpr_2026_04_p094_c000"", ""rbi_mpr_2026_04_p090_c004"", ""rbi_mpr_2026_04_p016_c000"", ""rbi_mpr_2026_04_p089_c001"", ""rbi_mpr_2026_04_p103_c001"", ""rbi_mpr_2026_04_p091_c005"", ""rbi_mpr_2026_04_p082_c001"", ""rbi_mpr_2026_04_p081_c005"", ""rbi_mpr_2026_04_p102_c004"", ""rbi_mpr_2026_04_p090_c003"", ""rbi_mpr_2026_04_p038_c002"", ""rbi_mpr_2026_04_p079_c000"", ""rbi_mpr_2026_04_p091_c004"", ""rbi_mpr_2026_04_p099_c001"", ""rbi_mpr_2026_04_p094_c004"", ""rbi_mpr_2026_04_p103_c000"", ""rbi_mpr_2026_04_p080_c000"", ""rbi_mpr_2026_04_p104_c000"", ""rbi_mpr_2026_04_p101_c003"", ""rbi_mpr_2026_04_p018_c003"", ""rbi_mpr_2026_04_p082_c000"", ""rbi_mpr_2026_04_p108_c000"", ""rbi_mpr_2026_04_p016_c001"", ""rbi_mpr_2026_04_p018_c002"", ""rbi_mpr_2026_04_p090_c002"", ""rbi_mpr_2026_04_p112_c000"", ""rbi_mpr_2026_04_p116_c000"", ""rbi_mpr_2026_04_p086_c000"", ""rbi_mpr_2026_04_p081_c002"", ""rbi_mpr_2026_04_p088_c000"", ""rbi_mpr_2026_04_p081_c003"", ""rbi_mpr_2026_04_p060_c000"", ""rbi_mpr_2026_04_p042_c000"", ""rbi_mpr_2026_04_p090_c000"", ""rbi_mpr_2026_04_p020_c000"", ""rbi_mpr_2026_04_p087_c000"", ""rbi_mpr_2026_04_p014_c004"", ""rbi_mpr_2026_04_p054_c000"", ""rbi_mpr_2026_04_p036_c000"", ""rbi_mpr_2026_04_p102_c000"", ""rbi_mpr_2026_04_p040_c000"", ""rbi_mpr_2026_04_p107_c000""], ""bm25_candidate_pages"": [89, 91, 89, 92, 101, 5, 92, 81, 94, 90, 16, 89, 103, 91, 82, 81, 102, 90, 38, 79, 91, 99, 94, 103, 80, 104, 101, 18, 82, 108, 16, 18, 90, 112, 116, 86, 81, 88, 81, 60, 42, 90, 20, 87, 14, 54, 36, 102, 40, 107], ""bm25_candidate_scores"": [null, null, null, null, null, null, null, null, null, null, null, null, null, null, null, null, null, null, null, null, null, null, null, null, null, null, null, null, null, null, null, null, null, null, null, null, null, null, null, null, null, null, null, null, null, null, null, null, null, null], ""bm25_first_evidence_rank"": 6, ""candidate_source_expansion"": {""rbi_mpr_2026_04_p005_c003"": [], ""rbi_mpr_2026_04_p014_c004"": [], ""rbi_mpr_2026_04_p016_c000"": [], ""rbi_mpr_2026_04_p016_c001"": [], ""rbi_mpr_2026_04_p016_c002"": [], ""rbi_mpr_2026_04_p017_c000"": [], ""rbi_mpr_2026_04_p018_c002"": [], ""rbi_mpr_2026_04_p018_c003"": [], ""rbi_mpr_2026_04_p020_c000"": [], ""rbi_mpr_2026_04_p036_c000"": [], ""rbi_mpr_2026_04_p038_c002"": [], ""rbi_mpr_2026_04_p040_c000"": [], ""rbi_mpr_2026_04_p042_c000"": [], ""rbi_mpr_2026_04_p054_c000"": [], ""rbi_mpr_2026_04_p060_c000"": [], ""rbi_mpr_2026_04_p079_c000"": [], ""rbi_mpr_2026_04_p079_c001"": [], ""rbi_mpr_2026_04_p079_c002"": [], ""rbi_mpr_2026_04_p080_c000"": [], ""rbi_mpr_2026_04_p081_c002"": [], ""rbi_mpr_2026_04_p081_c003"": [], ""rbi_mpr_2026_04_p081_c005"": [], ""rbi_mpr_2026_04_p081_c006"": [], ""rbi_mpr_2026_04_p082_c000"": [], ""rbi_mpr_2026_04_p082_c001"": [], ""rbi_mpr_2026_04_p082_c002"": [], ""rbi_mpr_2026_04_p082_c003"": [], ""rbi_mpr_2026_04_p083_c000"": [], ""rbi_mpr_2026_04_p086_c000"": [], ""rbi_mpr_2026_04_p087_c000"": [], ""rbi_mpr_2026_04_p088_c000"": [], ""rbi_mpr_2026_04_p089_c001"": [], ""rbi_mpr_2026_04_p089_c002"": [], ""rbi_mpr_2026_04_p089_c003"": [], ""rbi_mpr_2026_04_p090_c000"": [], ""rbi_mpr_2026_04_p090_c001"": [], ""rbi_mpr_2026_04_p090_c002"": [], ""rbi_mpr_2026_04_p090_c003"": [], ""rbi_mpr_2026_04_p090_c004"": [], ""rbi_mpr_2026_04_p091_c000"": [], ""rbi_mpr_2026_04_p091_c004"": [], ""rbi_mpr_2026_04_p091_c005"": [], ""rbi_mpr_2026_04_p092_c000"": [], ""rbi_mpr_2026_04_p092_c001"": [], ""rbi_mpr_2026_04_p092_c002"": [], ""rbi_mpr_2026_04_p093_c002"": [], ""rbi_mpr_2026_04_p094_c000"": [], ""rbi_mpr_2026_04_p094_c001"": [], ""rbi_mpr_2026_04_p094_c002"": [], ""rbi_mpr_2026_04_p094_c003"": [], ""rbi_mpr_2026_04_p094_c004"": [], ""rbi_mpr_2026_04_p095_c001"": [], ""rbi_mpr_2026_04_p095_c002"": [], ""rbi_mpr_2026_04_p095_c003"": [], ""rbi_mpr_2026_04_p095_c004"": [], ""rbi_mpr_2026_04_p099_c000"": [], ""rbi_mpr_2026_04_p099_c001"": [], ""rbi_mpr_2026_04_p101_c001"": [], ""rbi_mpr_2026_04_p101_c002"": [], ""rbi_mpr_2026_04_p101_c003"": [], ""rbi_mpr_2026_04_p102_c000"": [], ""rbi_mpr_2026_04_p102_c002"": [], ""rbi_mpr_2026_04_p102_c003"": [], ""rbi_mpr_2026_04_p102_c004"": [], ""rbi_mpr_2026_04_p103_c000"": [], ""rbi_mpr_2026_04_p103_c001"": [], ""rbi_mpr_2026_04_p104_c000"": [], ""rbi_mpr_2026_04_p107_c000"": [], ""rbi_mpr_2026_04_p108_c000"": [], ""rbi_mpr_2026_04_p108_c001"": [], ""rbi_mpr_2026_04_p108_c002"": [], ""rbi_mpr_2026_04_p109_c004"": [], ""rbi_mpr_2026_04_p112_c000"": [], ""rbi_mpr_2026_04_p115_c004"": [], ""rbi_mpr_2026_04_p116_c000"": []}, ""candidate_source_facet"": {""rbi_mpr_2026_04_p005_c003"": [], ""rbi_mpr_2026_04_p014_c004"": [], ""rbi_mpr_2026_04_p016_c000"": [], ""rbi_mpr_2026_04_p016_c001"": [], ""rbi_mpr_2026_04_p016_c002"": [], ""rbi_mpr_2026_04_p017_c000"": [], ""rbi_mpr_2026_04_p018_c002"": [], ""rbi_mpr_2026_04_p018_c003"": [], ""rbi_mpr_2026_04_p020_c000"": [], ""rbi_mpr_2026_04_p036_c000"": [], ""rbi_mpr_2026_04_p038_c002"": [], ""rbi_mpr_2026_04_p040_c000"": [], ""rbi_mpr_2026_04_p042_c000"": [], ""rbi_mpr_2026_04_p054_c000"": [], ""rbi_mpr_2026_04_p060_c000"": [], ""rbi_mpr_2026_04_p079_c000"": [], ""rbi_mpr_2026_04_p079_c001"": [], ""rbi_mpr_2026_04_p079_c002"": [], ""rbi_mpr_2026_04_p080_c000"": [], ""rbi_mpr_2026_04_p081_c002"": [], ""rbi_mpr_2026_04_p081_c003"": [], ""rbi_mpr_2026_04_p081_c005"": [], ""rbi_mpr_2026_04_p081_c006"": [], ""rbi_mpr_2026_04_p082_c000"": [], ""rbi_mpr_2026_04_p082_c001"": [], ""rbi_mpr_2026_04_p082_c002"": [], ""rbi_mpr_2026_04_p082_c003"": [], ""rbi_mpr_2026_04_p083_c000"": [], ""rbi_mpr_2026_04_p086_c000"": [], ""rbi_mpr_2026_04_p087_c000"": [], ""rbi_mpr_2026_04_p088_c000"": [], ""rbi_mpr_2026_04_p089_c001"": [], ""rbi_mpr_2026_04_p089_c002"": [], ""rbi_mpr_2026_04_p089_c003"": [], ""rbi_mpr_2026_04_p090_c000"": [], ""rbi_mpr_2026_04_p090_c001"": [], ""rbi_mpr_2026_04_p090_c002"": [], ""rbi_mpr_2026_04_p090_c003"": [], ""rbi_mpr_2026_04_p090_c004"": [], ""rbi_mpr_2026_04_p091_c000"": [], ""rbi_mpr_2026_04_p091_c004"": [], ""rbi_mpr_2026_04_p091_c005"": [], ""rbi_mpr_2026_04_p092_c000"": [], ""rbi_mpr_2026_04_p092_c001"": [], ""rbi_mpr_2026_04_p092_c002"": [], ""rbi_mpr_2026_04_p093_c002"": [], ""rbi_mpr_2026_04_p094_c000"": [], ""rbi_mpr_2026_04_p094_c001"": [], ""rbi_mpr_2026_04_p094_c002"": [], ""rbi_mpr_2026_04_p094_c003"": [], ""rbi_mpr_2026_04_p094_c004"": [], ""rbi_mpr_2026_04_p095_c001"": [], ""rbi_mpr_2026_04_p095_c002"": [], ""rbi_mpr_2026_04_p095_c003"": [], ""rbi_mpr_2026_04_p095_c004"": [], ""rbi_mpr_2026_04_p099_c000"": [], ""rbi_mpr_2026_04_p099_c001"": [], ""rbi_mpr_2026_04_p101_c001"": [], ""rbi_mpr_2026_04_p101_c002"": [], ""rbi_mpr_2026_04_p101_c003"": [], ""rbi_mpr_2026_04_p102_c000"": [], ""rbi_mpr_2026_04_p102_c002"": [], ""rbi_mpr_2026_04_p102_c003"": [], ""rbi_mpr_2026_04_p102_c004"": [], ""rbi_mpr_2026_04_p103_c000"": [], ""rbi_mpr_2026_04_p103_c001"": [], ""rbi_mpr_2026_04_p104_c000"": [], ""rbi_mpr_2026_04_p107_c000"": [], ""rbi_mpr_2026_04_p108_c000"": [], ""rbi_mpr_2026_04_p108_c001"": [], ""rbi_mpr_2026_04_p108_c002"": [], ""rbi_mpr_2026_04_p109_c004"": [], ""rbi_mpr_2026_04_p112_c000"": [], ""rbi_mpr_2026_04_p115_c004"": [], ""rbi_mpr_2026_04_p116_c000"": []}, ""candidate_source_query"": {""rbi_mpr_2026_04_p005_c003"": [""How did April 2026 characterise core inflation apart from precious metals?""], ""rbi_mpr_2026_04_p014_c004"": [""How did April 2026 characterise core inflation apart from precious metals?""], ""rbi_mpr_2026_04_p016_c000"": [""How did April 2026 characterise core inflation apart from precious metals?""], ""rbi_mpr_2026_04_p016_c001"": [""How did April 2026 characterise core inflation apart from precious metals?""], ""rbi_mpr_2026_04_p016_c002"": [""How did April 2026 characterise core inflation apart from precious metals?""], ""rbi_mpr_2026_04_p017_c000"": [""How did April 2026 characterise core inflation apart from precious metals?""], ""rbi_mpr_2026_04_p018_c002"": [""How did April 2026 characterise core inflation apart from precious metals?""], ""rbi_mpr_2026_04_p018_c003"": [""How did April 2026 characterise core inflation apart from precious metals?""], ""rbi_mpr_2026_04_p020_c000"": [""How did April 2026 characterise core inflation apart from precious metals?""], ""rbi_mpr_2026_04_p036_c000"": [""How did April 2026 characterise core inflation apart from precious metals?""], ""rbi_mpr_2026_04_p038_c002"": [""How did April 2026 characterise core inflation apart from precious metals?""], ""rbi_mpr_2026_04_p040_c000"": [""How did April 2026 characterise core inflation apart from precious metals?""], ""rbi_mpr_2026_04_p042_c000"": [""How did April 2026 characterise core inflation apart from precious metals?""], ""rbi_mpr_2026_04_p054_c000"": [""How did April 2026 characterise core inflation apart from precious metals?""], ""rbi_mpr_2026_04_p060_c000"": [""How did April 2026 characterise core inflation apart from precious metals?""], ""rbi_mpr_2026_04_p079_c000"": [""How did April 2026 characterise core inflation apart from precious metals?""], ""rbi_mpr_2026_04_p079_c001"": [""How did April 2026 characterise core inflation apart from precious metals?""], ""rbi_mpr_2026_04_p079_c002"": [""How did April 2026 characterise core inflation apart from precious metals?""], ""rbi_mpr_2026_04_p080_c000"": [""How did April 2026 characterise core inflation apart from precious metals?""], ""rbi_mpr_2026_04_p081_c002"": [""How did April 2026 characterise core inflation apart from precious metals?""], ""rbi_mpr_2026_04_p081_c003"": [""How did April 2026 characterise core inflation apart from precious metals?""], ""rbi_mpr_2026_04_p081_c005"": [""How did April 2026 characterise core inflation apart from precious metals?""], ""rbi_mpr_2026_04_p081_c006"": [""How did April 2026 characterise core inflation apart from precious metals?""], ""rbi_mpr_2026_04_p082_c000"": [""How did April 2026 characterise core inflation apart from precious metals?""], ""rbi_mpr_2026_04_p082_c001"": [""How did April 2026 characterise core inflation apart from precious metals?""], ""rbi_mpr_2026_04_p082_c002"": [""How did April 2026 characterise core inflation apart from precious metals?""], ""rbi_mpr_2026_04_p082_c003"": [""How did April 2026 characterise core inflation apart from precious metals?""], ""rbi_mpr_2026_04_p083_c000"": [""How did April 2026 characterise core inflation apart from precious metals?""], ""rbi_mpr_2026_04_p086_c000"": [""How did April 2026 characterise core inflation apart from precious metals?""], ""rbi_mpr_2026_04_p087_c000"": [""How did April 2026 characterise core inflation apart from precious metals?""], ""rbi_mpr_2026_04_p088_c000"": [""How did April 2026 characterise core inflation apart from precious metals?""], ""rbi_mpr_2026_04_p089_c001"": [""How did April 2026 characterise core inflation apart from precious metals?""], ""rbi_mpr_2026_04_p089_c002"": [""How did April 2026 characterise core inflation apart from precious metals?""], ""rbi_mpr_2026_04_p089_c003"": [""How did April 2026 characterise core inflation apart from precious metals?""], ""rbi_mpr_2026_04_p090_c000"": [""How did April 2026 characterise core inflation apart from precious metals?""], ""rbi_mpr_2026_04_p090_c001"": [""How did April 2026 characterise core inflation apart from precious metals?""], ""rbi_mpr_2026_04_p090_c002"": [""How did April 2026 characterise core inflation apart from precious metals?""], ""rbi_mpr_2026_04_p090_c003"": [""How did April 2026 characterise core inflation apart from precious metals?""], ""rbi_mpr_2026_04_p090_c004"": [""How did April 2026 characterise core inflation apart from precious metals?""], ""rbi_mpr_2026_04_p091_c000"": [""How did April 2026 characterise core inflation apart from precious metals?""], ""rbi_mpr_2026_04_p091_c004"": [""How did April 2026 characterise core inflation apart from precious metals?""], ""rbi_mpr_2026_04_p091_c005"": [""How did April 2026 characterise core inflation apart from precious metals?""], ""rbi_mpr_2026_04_p092_c000"": [""How did April 2026 characterise core inflation apart from precious metals?""], ""rbi_mpr_2026_04_p092_c001"": [""How did April 2026 characterise core inflation apart from precious metals?""], ""rbi_mpr_2026_04_p092_c002"": [""How did April 2026 characterise core inflation apart from precious metals?""], ""rbi_mpr_2026_04_p093_c002"": [""How did April 2026 characterise core inflation apart from precious metals?""], ""rbi_mpr_2026_04_p094_c000"": [""How did April 2026 characterise core inflation apart from precious metals?""], ""rbi_mpr_2026_04_p094_c001"": [""How did April 2026 characterise core inflation apart from precious metals?""], ""rbi_mpr_2026_04_p094_c002"": [""How did April 2026 characterise core inflation apart from precious metals?""], ""rbi_mpr_2026_04_p094_c003"": [""How did April 2026 characterise core inflation apart from precious metals?""], ""rbi_mpr_2026_04_p094_c004"": [""How did April 2026 characterise core inflation apart from precious metals?""], ""rbi_mpr_2026_04_p095_c001"": [""How did April 2026 characterise core inflation apart from precious metals?""], ""rbi_mpr_2026_04_p095_c002"": [""How did April 2026 characterise core inflation apart from precious metals?""], ""rbi_mpr_2026_04_p095_c003"": [""How did April 2026 characterise core inflation apart from precious metals?""], ""rbi_mpr_2026_04_p095_c004"": [""How did April 2026 characterise core inflation apart from precious metals?""], ""rbi_mpr_2026_04_p099_c000"": [""How did April 2026 characterise core inflation apart from precious metals?""], ""rbi_mpr_2026_04_p099_c001"": [""How did April 2026 characterise core inflation apart from precious metals?""], ""rbi_mpr_2026_04_p101_c001"": [""How did April 2026 characterise core inflation apart from precious metals?""], ""rbi_mpr_2026_04_p101_c002"": [""How did April 2026 characterise core inflation apart from precious metals?""], ""rbi_mpr_2026_04_p101_c003"": [""How did April 2026 characterise core inflation apart from precious metals?""], ""rbi_mpr_2026_04_p102_c000"": [""How did April 2026 characterise core inflation apart from precious metals?""], ""rbi_mpr_2026_04_p102_c002"": [""How did April 2026 characterise core inflation apart from precious metals?""], ""rbi_mpr_2026_04_p102_c003"": [""How did April 2026 characterise core inflation apart from precious metals?""], ""rbi_mpr_2026_04_p102_c004"": [""How did April 2026 characterise core inflation apart from precious metals?""], ""rbi_mpr_2026_04_p103_c000"": [""How did April 2026 characterise core inflation apart from precious metals?""], ""rbi_mpr_2026_04_p103_c001"": [""How did April 2026 characterise core inflation apart from precious metals?""], ""rbi_mpr_2026_04_p104_c000"": [""How did April 2026 characterise core inflation apart from precious metals?""], ""rbi_mpr_2026_04_p107_c000"": [""How did April 2026 characterise core inflation apart from precious metals?""], ""rbi_mpr_2026_04_p108_c000"": [""How did April 2026 characterise core inflation apart from precious metals?""], ""rbi_mpr_2026_04_p108_c001"": [""How did April 2026 characterise core inflation apart from precious metals?""], ""rbi_mpr_2026_04_p108_c002"": [""How did April 2026 characterise core inflation apart from precious metals?""], ""rbi_mpr_2026_04_p109_c004"": [""How did April 2026 characterise core inflation apart from precious metals?""], ""rbi_mpr_2026_04_p112_c000"": [""How did April 2026 characterise core inflation apart from precious metals?""], ""rbi_mpr_2026_04_p115_c004"": [""How did April 2026 characterise core inflation apart from precious metals?""], ""rbi_mpr_2026_04_p116_c000"": [""How did April 2026 characterise core inflation apart from precious metals?""]}, ""candidate_source_retriever"": {""rbi_mpr_2026_04_p005_c003"": [""bm25"", ""dense""], ""rbi_mpr_2026_04_p014_c004"": [""bm25""], ""rbi_mpr_2026_04_p016_c000"": [""bm25""], ""rbi_mpr_2026_04_p016_c001"": [""bm25""], ""rbi_mpr_2026_04_p016_c002"": [""dense""], ""rbi_mpr_2026_04_p017_c000"": [""dense""], ""rbi_mpr_2026_04_p018_c002"": [""bm25""], ""rbi_mpr_2026_04_p018_c003"": [""bm25""], ""rbi_mpr_2026_04_p020_c000"": [""bm25""], ""rbi_mpr_2026_04_p036_c000"": [""bm25""], ""rbi_mpr_2026_04_p038_c002"": [""bm25""], ""rbi_mpr_2026_04_p040_c000"": [""bm25""], ""rbi_mpr_2026_04_p042_c000"": [""bm25""], ""rbi_mpr_2026_04_p054_c000"": [""bm25""], ""rbi_mpr_2026_04_p060_c000"": [""bm25""], ""rbi_mpr_2026_04_p079_c000"": [""bm25"", ""dense""], ""rbi_mpr_2026_04_p079_c001"": [""dense""], ""rbi_mpr_2026_04_p079_c002"": [""dense""], ""rbi_mpr_2026_04_p080_c000"": [""bm25"", ""dense""], ""rbi_mpr_2026_04_p081_c002"": [""bm25""], ""rbi_mpr_2026_04_p081_c003"": [""bm25""], ""rbi_mpr_2026_04_p081_c005"": [""bm25""], ""rbi_mpr_2026_04_p081_c006"": [""bm25"", ""dense""], ""rbi_mpr_2026_04_p082_c000"": [""bm25""], ""rbi_mpr_2026_04_p082_c001"": [""bm25""], ""rbi_mpr_2026_04_p082_c002"": [""dense""], ""rbi_mpr_2026_04_p082_c003"": [""dense""], ""rbi_mpr_2026_04_p083_c000"": [""dense""], ""rbi_mpr_2026_04_p086_c000"": [""bm25""], ""rbi_mpr_2026_04_p087_c000"": [""bm25"", ""dense""], ""rbi_mpr_2026_04_p088_c000"": [""bm25"", ""dense""], ""rbi_mpr_2026_04_p089_c001"": [""bm25"", ""dense""], ""rbi_mpr_2026_04_p089_c002"": [""bm25"", ""dense""], ""rbi_mpr_2026_04_p089_c003"": [""bm25"", ""dense""], ""rbi_mpr_2026_04_p090_c000"": [""bm25"", ""dense""], ""rbi_mpr_2026_04_p090_c001"": [""dense""], ""rbi_mpr_2026_04_p090_c002"": [""bm25"", ""dense""], ""rbi_mpr_2026_04_p090_c003"": [""bm25"", ""dense""], ""rbi_mpr_2026_04_p090_c004"": [""bm25""], ""rbi_mpr_2026_04_p091_c000"": [""bm25"", ""dense""], ""rbi_mpr_2026_04_p091_c004"": [""bm25"", ""dense""], ""rbi_mpr_2026_04_p091_c005"": [""bm25"", ""dense""], ""rbi_mpr_2026_04_p092_c000"": [""bm25"", ""dense""], ""rbi_mpr_2026_04_p092_c001"": [""bm25"", ""dense""], ""rbi_mpr_2026_04_p092_c002"": [""dense""], ""rbi_mpr_2026_04_p093_c002"": [""dense""], ""rbi_mpr_2026_04_p094_c000"": [""bm25"", ""dense""], ""rbi_mpr_2026_04_p094_c001"": [""dense""], ""rbi_mpr_2026_04_p094_c002"": [""dense""], ""rbi_mpr_2026_04_p094_c003"": [""dense""], ""rbi_mpr_2026_04_p094_c004"": [""bm25"", ""dense""], ""rbi_mpr_2026_04_p095_c001"": [""dense""], ""rbi_mpr_2026_04_p095_c002"": [""dense""], ""rbi_mpr_2026_04_p095_c003"": [""dense""], ""rbi_mpr_2026_04_p095_c004"": [""dense""], ""rbi_mpr_2026_04_p099_c000"": [""dense""], ""rbi_mpr_2026_04_p099_c001"": [""bm25"", ""dense""], ""rbi_mpr_2026_04_p101_c001"": [""dense""], ""rbi_mpr_2026_04_p101_c002"": [""bm25"", ""dense""], ""rbi_mpr_2026_04_p101_c003"": [""bm25""], ""rbi_mpr_2026_04_p102_c000"": [""bm25""], ""rbi_mpr_2026_04_p102_c002"": [""dense""], ""rbi_mpr_2026_04_p102_c003"": [""dense""], ""rbi_mpr_2026_04_p102_c004"": [""bm25"", ""dense""], ""rbi_mpr_2026_04_p103_c000"": [""bm25"", ""dense""], ""rbi_mpr_2026_04_p103_c001"": [""bm25"", ""dense""], ""rbi_mpr_2026_04_p104_c000"": [""bm25""], ""rbi_mpr_2026_04_p107_c000"": [""bm25"", ""dense""], ""rbi_mpr_2026_04_p108_c000"": [""bm25""], ""rbi_mpr_2026_04_p108_c001"": [""dense""], ""rbi_mpr_2026_04_p108_c002"": [""dense""], ""rbi_mpr_2026_04_p109_c004"": [""dense""], ""rbi_mpr_2026_04_p112_c000"": [""bm25""], ""rbi_mpr_2026_04_p115_c004"": [""dense""], ""rbi_mpr_2026_04_p116_c000"": [""bm25""]}, ""candidate_union_ids"": [""rbi_mpr_2026_04_p091_c000"", ""rbi_mpr_2026_04_p101_c002"", ""rbi_mpr_2026_04_p089_c002"", ""rbi_mpr_2026_04_p091_c004"", ""rbi_mpr_2026_04_p089_c001"", ""rbi_mpr_2026_04_p092_c002"", ""rbi_mpr_2026_04_p005_c003"", ""rbi_mpr_2026_04_p092_c001"", ""rbi_mpr_2026_04_p017_c000"", ""rbi_mpr_2026_04_p094_c004"", ""rbi_mpr_2026_04_p107_c000"", ""rbi_mpr_2026_04_p082_c002"", ""rbi_mpr_2026_04_p091_c005"", ""rbi_mpr_2026_04_p103_c001"", ""rbi_mpr_2026_04_p109_c004"", ""rbi_mpr_2026_04_p079_c000"", ""rbi_mpr_2026_04_p092_c000"", ""rbi_mpr_2026_04_p095_c002"", ""rbi_mpr_2026_04_p095_c004"", ""rbi_mpr_2026_04_p103_c000"", ""rbi_mpr_2026_04_p094_c002"", ""rbi_mpr_2026_04_p090_c001"", ""rbi_mpr_2026_04_p090_c002"", ""rbi_mpr_2026_04_p090_c003"", ""rbi_mpr_2026_04_p094_c003"", ""rbi_mpr_2026_04_p099_c001"", ""rbi_mpr_2026_04_p102_c004"", ""rbi_mpr_2026_04_p095_c003"", ""rbi_mpr_2026_04_p089_c003"", ""rbi_mpr_2026_04_p082_c003"", ""rbi_mpr_2026_04_p079_c001"", ""rbi_mpr_2026_04_p101_c001"", ""rbi_mpr_2026_04_p093_c002"", ""rbi_mpr_2026_04_p088_c000"", ""rbi_mpr_2026_04_p108_c001"", ""rbi_mpr_2026_04_p102_c003"", ""rbi_mpr_2026_04_p080_c000"", ""rbi_mpr_2026_04_p095_c001"", ""rbi_mpr_2026_04_p016_c002"", ""rbi_mpr_2026_04_p094_c000"", ""rbi_mpr_2026_04_p087_c000"", ""rbi_mpr_2026_04_p081_c006"", ""rbi_mpr_2026_04_p108_c002"", ""rbi_mpr_2026_04_p083_c000"", ""rbi_mpr_2026_04_p079_c002"", ""rbi_mpr_2026_04_p115_c004"", ""rbi_mpr_2026_04_p094_c001"", ""rbi_mpr_2026_04_p099_c000"", ""rbi_mpr_2026_04_p090_c000"", ""rbi_mpr_2026_04_p102_c002"", ""rbi_mpr_2026_04_p090_c004"", ""rbi_mpr_2026_04_p016_c000"", ""rbi_mpr_2026_04_p082_c001"", ""rbi_mpr_2026_04_p081_c005"", ""rbi_mpr_2026_04_p038_c002"", ""rbi_mpr_2026_04_p104_c000"", ""rbi_mpr_2026_04_p101_c003"", ""rbi_mpr_2026_04_p018_c003"", ""rbi_mpr_2026_04_p082_c000"", ""rbi_mpr_2026_04_p108_c000"", ""rbi_mpr_2026_04_p016_c001"", ""rbi_mpr_2026_04_p018_c002"", ""rbi_mpr_2026_04_p112_c000"", ""rbi_mpr_2026_04_p116_c000"", ""rbi_mpr_2026_04_p086_c000"", ""rbi_mpr_2026_04_p081_c002"", ""rbi_mpr_2026_04_p081_c003"", ""rbi_mpr_2026_04_p060_c000"", ""rbi_mpr_2026_04_p042_c000"", ""rbi_mpr_2026_04_p020_c000"", ""rbi_mpr_2026_04_p014_c004"", ""rbi_mpr_2026_04_p054_c000"", ""rbi_mpr_2026_04_p036_c000"", ""rbi_mpr_2026_04_p102_c000"", ""rbi_mpr_2026_04_p040_c000""], ""candidate_union_pages"": [91, 101, 89, 91, 89, 92, 5, 92, 17, 94, 107, 82, 91, 103, 109, 79, 92, 95, 95, 103, 94, 90, 90, 90, 94, 99, 102, 95, 89, 82, 79, 101, 93, 88, 108, 102, 80, 95, 16, 94, 87, 81, 108, 83, 79, 115, 94, 99, 90, 102, 90, 16, 82, 81, 38, 104, 101, 18, 82, 108, 16, 18, 112, 116, 86, 81, 81, 60, 42, 20, 14, 54, 36, 102, 40], ""dense_candidate_ids"": [""rbi_mpr_2026_04_p091_c000"", ""rbi_mpr_2026_04_p101_c002"", ""rbi_mpr_2026_04_p089_c002"", ""rbi_mpr_2026_04_p091_c004"", ""rbi_mpr_2026_04_p089_c001"", ""rbi_mpr_2026_04_p092_c002"", ""rbi_mpr_2026_04_p005_c003"", ""rbi_mpr_2026_04_p092_c001"", ""rbi_mpr_2026_04_p017_c000"", ""rbi_mpr_2026_04_p094_c004"", ""rbi_mpr_2026_04_p107_c000"", ""rbi_mpr_2026_04_p082_c002"", ""rbi_mpr_2026_04_p091_c005"", ""rbi_mpr_2026_04_p103_c001"", ""rbi_mpr_2026_04_p109_c004"", ""rbi_mpr_2026_04_p079_c000"", ""rbi_mpr_2026_04_p092_c000"", ""rbi_mpr_2026_04_p095_c002"", ""rbi_mpr_2026_04_p095_c004"", ""rbi_mpr_2026_04_p103_c000"", ""rbi_mpr_2026_04_p094_c002"", ""rbi_mpr_2026_04_p090_c001"", ""rbi_mpr_2026_04_p090_c002"", ""rbi_mpr_2026_04_p090_c003"", ""rbi_mpr_2026_04_p094_c003"", ""rbi_mpr_2026_04_p099_c001"", ""rbi_mpr_2026_04_p102_c004"", ""rbi_mpr_2026_04_p095_c003"", ""rbi_mpr_2026_04_p089_c003"", ""rbi_mpr_2026_04_p082_c003"", ""rbi_mpr_2026_04_p079_c001"", ""rbi_mpr_2026_04_p101_c001"", ""rbi_mpr_2026_04_p093_c002"", ""rbi_mpr_2026_04_p088_c000"", ""rbi_mpr_2026_04_p108_c001"", ""rbi_mpr_2026_04_p102_c003"", ""rbi_mpr_2026_04_p080_c000"", ""rbi_mpr_2026_04_p095_c001"", ""rbi_mpr_2026_04_p016_c002"", ""rbi_mpr_2026_04_p094_c000"", ""rbi_mpr_2026_04_p087_c000"", ""rbi_mpr_2026_04_p081_c006"", ""rbi_mpr_2026_04_p108_c002"", ""rbi_mpr_2026_04_p083_c000"", ""rbi_mpr_2026_04_p079_c002"", ""rbi_mpr_2026_04_p115_c004"", ""rbi_mpr_2026_04_p094_c001"", ""rbi_mpr_2026_04_p099_c000"", ""rbi_mpr_2026_04_p090_c000"", ""rbi_mpr_2026_04_p102_c002""], ""dense_candidate_pages"": [91, 101, 89, 91, 89, 92, 5, 92, 17, 94, 107, 82, 91, 103, 109, 79, 92, 95, 95, 103, 94, 90, 90, 90, 94, 99, 102, 95, 89, 82, 79, 101, 93, 88, 108, 102, 80, 95, 16, 94, 87, 81, 108, 83, 79, 115, 94, 99, 90, 102], ""dense_candidate_scores"": [0.6528119214967811, 0.5905123044893119, 0.5070149721701372, 0.5051154137077513, 0.49084798899038895, 0.4706301036128646, 0.46462480990278987, 0.4600231748355219, 0.4502541675534244, 0.44945312455062625, 0.4443405853857093, 0.43763173433344227, 0.43322035014035254, 0.4219869927535924, 0.4145137243098832, 0.4096325713432911, 0.4052572227056781, 0.39617044646042643, 0.39098747991164773, 0.38063827911294923, 0.37967901684084127, 0.37573516763828285, 0.3737810290070752, 0.37056598310896727, 0.36900402090315343, 0.3669862405306944, 0.3665579021092782, 0.36634400685308544, 0.36570396481159895, 0.3653898022027988, 0.36416750144913435, 0.35389736813824224, 0.3511372974698094, 0.3487865569941142, 0.3454959417966261, 0.3445786577856351, 0.34421990381111034, 0.34411723408813777, 0.34286361822602973, 0.3427766692775518, 0.34232325348127157, 0.3409391088293253, 0.33992067238190804, 0.33737913312300416, 0.33602402764968187, 0.33508600738922345, 0.332759332764028, 0.32253610889552853, 0.31982631941736916, 0.3192982615523762], ""dense_first_evidence_rank"": 7, ""evidence_rank_after_reranking"": 12, ""evidence_rank_before_reranking"": 4, ""expected_evidence"": [""core inflation remained contained barring precious metals""], ""loss_stage"": ""lost_by_quota"", ""report_id"": ""rbi_mpr_2026_04"", ""reranker_input_ids"": [""rbi_mpr_2026_04_p091_c000"", ""rbi_mpr_2026_04_p089_c002"", ""rbi_mpr_2026_04_p101_c002"", ""rbi_mpr_2026_04_p005_c003"", ""rbi_mpr_2026_04_p092_c001"", ""rbi_mpr_2026_04_p089_c001"", ""rbi_mpr_2026_04_p092_c000"", ""rbi_mpr_2026_04_p091_c004"", ""rbi_mpr_2026_04_p091_c005"", ""rbi_mpr_2026_04_p103_c001"", ""rbi_mpr_2026_04_p089_c003"", ""rbi_mpr_2026_04_p094_c004"", ""rbi_mpr_2026_04_p079_c000"", ""rbi_mpr_2026_04_p090_c003"", ""rbi_mpr_2026_04_p081_c006"", ""rbi_mpr_2026_04_p094_c000"", ""rbi_mpr_2026_04_p102_c004"", ""rbi_mpr_2026_04_p103_c000"", ""rbi_mpr_2026_04_p099_c001"", ""rbi_mpr_2026_04_p107_c000"", ""rbi_mpr_2026_04_p090_c002"", ""rbi_mpr_2026_04_p080_c000"", ""rbi_mpr_2026_04_p088_c000"", ""rbi_mpr_2026_04_p087_c000"", ""rbi_mpr_2026_04_p090_c000"", ""rbi_mpr_2026_04_p092_c002"", ""rbi_mpr_2026_04_p017_c000"", ""rbi_mpr_2026_04_p090_c004"", ""rbi_mpr_2026_04_p016_c000"", ""rbi_mpr_2026_04_p082_c002""], ""reranker_input_pages"": [91, 89, 101, 5, 92, 89, 92, 91, 91, 103, 89, 94, 79, 90, 81, 94, 102, 103, 99, 107, 90, 80, 88, 87, 90, 92, 17, 90, 16, 82], ""reranker_input_ranks"": [1, 2, 3, 4, 5, 6, 7, 8, 9, 10, 11, 12, 13, 14, 15, 16, 17, 18, 19, 20, 21, 22, 23, 24, 25, 26, 27, 28, 29, 30], ""reranker_output_ids"": [""rbi_mpr_2026_04_p092_c000"", ""rbi_mpr_2026_04_p091_c000"", ""rbi_mpr_2026_04_p094_c000"", ""rbi_mpr_2026_04_p094_c004"", ""rbi_mpr_2026_04_p103_c001"", ""rbi_mpr_2026_04_p101_c002"", ""rbi_mpr_2026_04_p089_c002"", ""rbi_mpr_2026_04_p092_c001"", ""rbi_mpr_2026_04_p090_c000"", ""rbi_mpr_2026_04_p079_c000"", ""rbi_mpr_2026_04_p016_c000"", ""rbi_mpr_2026_04_p005_c003"", ""rbi_mpr_2026_04_p099_c001"", ""rbi_mpr_2026_04_p088_c000"", ""rbi_mpr_2026_04_p089_c001"", ""rbi_mpr_2026_04_p103_c000"", ""rbi_mpr_2026_04_p080_c000"", ""rbi_mpr_2026_04_p091_c005"", ""rbi_mpr_2026_04_p102_c004"", ""rbi_mpr_2026_04_p089_c003"", ""rbi_mpr_2026_04_p087_c000"", ""rbi_mpr_2026_04_p081_c006"", ""rbi_mpr_2026_04_p107_c000"", ""rbi_mpr_2026_04_p017_c000"", ""rbi_mpr_2026_04_p091_c004"", ""rbi_mpr_2026_04_p092_c002"", ""rbi_mpr_2026_04_p082_c002"", ""rbi_mpr_2026_04_p090_c003"", ""rbi_mpr_2026_04_p090_c002"", ""rbi_mpr_2026_04_p090_c004""], ""reranker_output_pages"": [92, 91, 94, 94, 103, 101, 89, 92, 90, 79, 16, 5, 99, 88, 89, 103, 80, 91, 102, 89, 87, 81, 107, 17, 91, 92, 82, 90, 90, 90], ""reranker_scores"": [4.39650821685791, 3.9164412021636963, 3.151660442352295, 2.951723575592041, 2.7862606048583984, 2.6801631450653076, 2.2105908393859863, 2.1783902645111084, 1.850139856338501, 1.6858974695205688, 1.6385624408721924, 1.4187729358673096, -0.590754508972168, -0.9036061763763428, -1.811380386352539, -1.8425562381744385, -1.8660047054290771, -1.9526375532150269, -2.472386360168457, -2.6301350593566895, -2.7184858322143555, -2.7576818466186523, -2.94014835357666, -3.5233731269836426, -4.68546724319458, -5.260842323303223, -5.97181510925293, -6.274273872375488, -7.59478759765625, -9.650858879089355], ""rrf_candidate_ids"": [""rbi_mpr_2026_04_p091_c000"", ""rbi_mpr_2026_04_p089_c002"", ""rbi_mpr_2026_04_p101_c002"", ""rbi_mpr_2026_04_p005_c003"", ""rbi_mpr_2026_04_p092_c001"", ""rbi_mpr_2026_04_p089_c001"", ""rbi_mpr_2026_04_p092_c000"", ""rbi_mpr_2026_04_p091_c004"", ""rbi_mpr_2026_04_p091_c005"", ""rbi_mpr_2026_04_p103_c001"", ""rbi_mpr_2026_04_p089_c003"", ""rbi_mpr_2026_04_p094_c004"", ""rbi_mpr_2026_04_p079_c000"", ""rbi_mpr_2026_04_p090_c003"", ""rbi_mpr_2026_04_p081_c006"", ""rbi_mpr_2026_04_p094_c000"", ""rbi_mpr_2026_04_p102_c004"", ""rbi_mpr_2026_04_p103_c000"", ""rbi_mpr_2026_04_p099_c001"", ""rbi_mpr_2026_04_p107_c000"", ""rbi_mpr_2026_04_p090_c002"", ""rbi_mpr_2026_04_p080_c000"", ""rbi_mpr_2026_04_p088_c000"", ""rbi_mpr_2026_04_p087_c000"", ""rbi_mpr_2026_04_p090_c000"", ""rbi_mpr_2026_04_p092_c002"", ""rbi_mpr_2026_04_p017_c000"", ""rbi_mpr_2026_04_p090_c004"", ""rbi_mpr_2026_04_p016_c000"", ""rbi_mpr_2026_04_p082_c002""], ""rrf_candidate_pages"": [91, 89, 101, 5, 92, 89, 92, 91, 91, 103, 89, 94, 79, 90, 81, 94, 102, 103, 99, 107, 90, 80, 88, 87, 90, 92, 17, 90, 16, 82], ""rrf_first_evidence_rank"": 4, ""rrf_scores"": [0.03252247488101534, 0.032266458495966696, 0.0315136476426799, 0.03007688828584351, 0.029631255487269532, 0.029273504273504274, 0.028612012987012988, 0.02797067901234568, 0.027212143650499815, 0.027212143650499815, 0.027108970929195647, 0.026333907056798625, 0.025657894736842105, 0.024725274725274724, 0.024509803921568627, 0.024492753623188406, 0.024481265860576206, 0.024404761904761905, 0.0238230289279637, 0.02317541613316261, 0.02280088094312735, 0.022073984232868403, 0.020842379504993486, 0.01951637471439452, 0.018978233495232956, 0.015151515151515152, 0.014492753623188406, 0.014285714285714285, 0.014084507042253521, 0.013888888888888888], ""selected_chunk_ids_after_dedup"": [""rbi_mpr_2026_04_p092_c000"", ""rbi_mpr_2026_04_p091_c000"", ""rbi_mpr_2026_04_p094_c000"", ""rbi_mpr_2026_04_p094_c004""], ""selected_chunk_ids_before_dedup"": [""rbi_mpr_2026_04_p092_c000"", ""rbi_mpr_2026_04_p091_c000"", ""rbi_mpr_2026_04_p094_c000"", ""rbi_mpr_2026_04_p094_c004""], ""selected_pages"": [92, 91, 94, 94]}}","{""rbi_mpr_2026_04"": false}","{""rbi_mpr_2026_04"": 0.0}",[],"[""2026""]",0.09839999256655574,single_report,apr26_dev_003,[],0.0,"{""rbi_mpr_2026_04"": 4}",1.0,"[""rbi_mpr_2026_04""]",1671.643599998788,0.10790000669658184,3615,4,0.0035999983083456755,dev,1708.5997999965912,3
False,3.069600003072992,0.12480000441428274,False,04a5ce7716e7f739c55089569953118657c56d931da37da67b3f680d0125b949,0,0.017099999240599573,bf7cf18e02abb87a6e22fe9b686d8f93fa34ceb3f67abc575741c0a63080b56d,0.19770000653807074,27.627499992377125,0,967,0.0,[],RRF_K60,[],0.10659999679774046,d063b65fcefc1858e3315b9e67356a80310b8ae9b4d0864e98dd7c18d8553c1a,0.0,What crude-oil risk arising from the West Asia conflict was highlighted in April 2026?,What crude-oil risk arising from the West Asia conflict was highlighted in April 2026?,"{""rbi_mpr_2026_04"": {""accepted_evidence_found"": false, ""accepted_pages"": [5], ""bm25_candidate_ids"": [""rbi_mpr_2026_04_p040_c000"", ""rbi_mpr_2026_04_p110_c000"", ""rbi_mpr_2026_04_p022_c000"", ""rbi_mpr_2026_04_p030_c000"", ""rbi_mpr_2026_04_p023_c002"", ""rbi_mpr_2026_04_p116_c000"", ""rbi_mpr_2026_04_p088_c000"", ""rbi_mpr_2026_04_p068_c001"", ""rbi_mpr_2026_04_p066_c000"", ""rbi_mpr_2026_04_p099_c002"", ""rbi_mpr_2026_04_p046_c000"", ""rbi_mpr_2026_04_p024_c000"", ""rbi_mpr_2026_04_p021_c001"", ""rbi_mpr_2026_04_p113_c003"", ""rbi_mpr_2026_04_p021_c000"", ""rbi_mpr_2026_04_p013_c000"", ""rbi_mpr_2026_04_p030_c001"", ""rbi_mpr_2026_04_p016_c002"", ""rbi_mpr_2026_04_p086_c000"", ""rbi_mpr_2026_04_p005_c003"", ""rbi_mpr_2026_04_p039_c001"", ""rbi_mpr_2026_04_p088_c001"", ""rbi_mpr_2026_04_p099_c001"", ""rbi_mpr_2026_04_p101_c003"", ""rbi_mpr_2026_04_p072_c000"", ""rbi_mpr_2026_04_p074_c003"", ""rbi_mpr_2026_04_p024_c001"", ""rbi_mpr_2026_04_p072_c001"", ""rbi_mpr_2026_04_p022_c002"", ""rbi_mpr_2026_04_p107_c000"", ""rbi_mpr_2026_04_p112_c000"", ""rbi_mpr_2026_04_p113_c004"", ""rbi_mpr_2026_04_p106_c002"", ""rbi_mpr_2026_04_p112_c002"", ""rbi_mpr_2026_04_p023_c003"", ""rbi_mpr_2026_04_p106_c001"", ""rbi_mpr_2026_04_p074_c002"", ""rbi_mpr_2026_04_p026_c001"", ""rbi_mpr_2026_04_p100_c004"", ""rbi_mpr_2026_04_p105_c000"", ""rbi_mpr_2026_04_p013_c001"", ""rbi_mpr_2026_04_p106_c000"", ""rbi_mpr_2026_04_p101_c002"", ""rbi_mpr_2026_04_p095_c000"", ""rbi_mpr_2026_04_p057_c003"", ""rbi_mpr_2026_04_p087_c001"", ""rbi_mpr_2026_04_p114_c000"", ""rbi_mpr_2026_04_p057_c004"", ""rbi_mpr_2026_04_p100_c000"", ""rbi_mpr_2026_04_p086_c001""], ""bm25_candidate_pages"": [40, 110, 22, 30, 23, 116, 88, 68, 66, 99, 46, 24, 21, 113, 21, 13, 30, 16, 86, 5, 39, 88, 99, 101, 72, 74, 24, 72, 22, 107, 112, 113, 106, 112, 23, 106, 74, 26, 100, 105, 13, 106, 101, 95, 57, 87, 114, 57, 100, 86], ""bm25_candidate_scores"": [null, null, null, null, null, null, null, null, null, null, null, null, null, null, null, null, null, null, null, null, null, null, null, null, null, null, null, null, null, null, null, null, null, null, null, null, null, null, null, null, null, null, null, null, null, null, null, null, null, null], ""bm25_first_evidence_rank"": 20, ""candidate_source_expansion"": {""rbi_mpr_2026_04_p005_c002"": [], ""rbi_mpr_2026_04_p005_c003"": [], ""rbi_mpr_2026_04_p005_c004"": [], ""rbi_mpr_2026_04_p005_c005"": [], ""rbi_mpr_2026_04_p013_c000"": [], ""rbi_mpr_2026_04_p013_c001"": [], ""rbi_mpr_2026_04_p013_c003"": [], ""rbi_mpr_2026_04_p013_c004"": [], ""rbi_mpr_2026_04_p016_c001"": [], ""rbi_mpr_2026_04_p016_c002"": [], ""rbi_mpr_2026_04_p021_c000"": [], ""rbi_mpr_2026_04_p021_c001"": [], ""rbi_mpr_2026_04_p022_c000"": [], ""rbi_mpr_2026_04_p022_c002"": [], ""rbi_mpr_2026_04_p022_c003"": [], ""rbi_mpr_2026_04_p023_c002"": [], ""rbi_mpr_2026_04_p023_c003"": [], ""rbi_mpr_2026_04_p024_c000"": [], ""rbi_mpr_2026_04_p024_c001"": [], ""rbi_mpr_2026_04_p025_c001"": [], ""rbi_mpr_2026_04_p026_c001"": [], ""rbi_mpr_2026_04_p030_c000"": [], ""rbi_mpr_2026_04_p030_c001"": [], ""rbi_mpr_2026_04_p039_c001"": [], ""rbi_mpr_2026_04_p040_c000"": [], ""rbi_mpr_2026_04_p046_c000"": [], ""rbi_mpr_2026_04_p057_c003"": [], ""rbi_mpr_2026_04_p057_c004"": [], ""rbi_mpr_2026_04_p066_c000"": [], ""rbi_mpr_2026_04_p068_c001"": [], ""rbi_mpr_2026_04_p068_c002"": [], ""rbi_mpr_2026_04_p072_c000"": [], ""rbi_mpr_2026_04_p072_c001"": [], ""rbi_mpr_2026_04_p074_c002"": [], ""rbi_mpr_2026_04_p074_c003"": [], ""rbi_mpr_2026_04_p078_c001"": [], ""rbi_mpr_2026_04_p086_c000"": [], ""rbi_mpr_2026_04_p086_c001"": [], ""rbi_mpr_2026_04_p087_c001"": [], ""rbi_mpr_2026_04_p088_c000"": [], ""rbi_mpr_2026_04_p088_c001"": [], ""rbi_mpr_2026_04_p095_c000"": [], ""rbi_mpr_2026_04_p099_c001"": [], ""rbi_mpr_2026_04_p099_c002"": [], ""rbi_mpr_2026_04_p100_c000"": [], ""rbi_mpr_2026_04_p100_c001"": [], ""rbi_mpr_2026_04_p100_c002"": [], ""rbi_mpr_2026_04_p100_c003"": [], ""rbi_mpr_2026_04_p100_c004"": [], ""rbi_mpr_2026_04_p101_c002"": [], ""rbi_mpr_2026_04_p101_c003"": [], ""rbi_mpr_2026_04_p105_c000"": [], ""rbi_mpr_2026_04_p105_c001"": [], ""rbi_mpr_2026_04_p105_c002"": [], ""rbi_mpr_2026_04_p105_c003"": [], ""rbi_mpr_2026_04_p105_c004"": [], ""rbi_mpr_2026_04_p106_c000"": [], ""rbi_mpr_2026_04_p106_c001"": [], ""rbi_mpr_2026_04_p106_c002"": [], ""rbi_mpr_2026_04_p106_c003"": [], ""rbi_mpr_2026_04_p107_c000"": [], ""rbi_mpr_2026_04_p110_c000"": [], ""rbi_mpr_2026_04_p112_c000"": [], ""rbi_mpr_2026_04_p112_c001"": [], ""rbi_mpr_2026_04_p112_c002"": [], ""rbi_mpr_2026_04_p113_c000"": [], ""rbi_mpr_2026_04_p113_c001"": [], ""rbi_mpr_2026_04_p113_c002"": [], ""rbi_mpr_2026_04_p113_c003"": [], ""rbi_mpr_2026_04_p113_c004"": [], ""rbi_mpr_2026_04_p114_c000"": [], ""rbi_mpr_2026_04_p115_c004"": [], ""rbi_mpr_2026_04_p116_c000"": []}, ""candidate_source_facet"": {""rbi_mpr_2026_04_p005_c002"": [], ""rbi_mpr_2026_04_p005_c003"": [], ""rbi_mpr_2026_04_p005_c004"": [], ""rbi_mpr_2026_04_p005_c005"": [], ""rbi_mpr_2026_04_p013_c000"": [], ""rbi_mpr_2026_04_p013_c001"": [], ""rbi_mpr_2026_04_p013_c003"": [], ""rbi_mpr_2026_04_p013_c004"": [], ""rbi_mpr_2026_04_p016_c001"": [], ""rbi_mpr_2026_04_p016_c002"": [], ""rbi_mpr_2026_04_p021_c000"": [], ""rbi_mpr_2026_04_p021_c001"": [], ""rbi_mpr_2026_04_p022_c000"": [], ""rbi_mpr_2026_04_p022_c002"": [], ""rbi_mpr_2026_04_p022_c003"": [], ""rbi_mpr_2026_04_p023_c002"": [], ""rbi_mpr_2026_04_p023_c003"": [], ""rbi_mpr_2026_04_p024_c000"": [], ""rbi_mpr_2026_04_p024_c001"": [], ""rbi_mpr_2026_04_p025_c001"": [], ""rbi_mpr_2026_04_p026_c001"": [], ""rbi_mpr_2026_04_p030_c000"": [], ""rbi_mpr_2026_04_p030_c001"": [], ""rbi_mpr_2026_04_p039_c001"": [], ""rbi_mpr_2026_04_p040_c000"": [], ""rbi_mpr_2026_04_p046_c000"": [], ""rbi_mpr_2026_04_p057_c003"": [], ""rbi_mpr_2026_04_p057_c004"": [], ""rbi_mpr_2026_04_p066_c000"": [], ""rbi_mpr_2026_04_p068_c001"": [], ""rbi_mpr_2026_04_p068_c002"": [], ""rbi_mpr_2026_04_p072_c000"": [], ""rbi_mpr_2026_04_p072_c001"": [], ""rbi_mpr_2026_04_p074_c002"": [], ""rbi_mpr_2026_04_p074_c003"": [], ""rbi_mpr_2026_04_p078_c001"": [], ""rbi_mpr_2026_04_p086_c000"": [], ""rbi_mpr_2026_04_p086_c001"": [], ""rbi_mpr_2026_04_p087_c001"": [], ""rbi_mpr_2026_04_p088_c000"": [], ""rbi_mpr_2026_04_p088_c001"": [], ""rbi_mpr_2026_04_p095_c000"": [], ""rbi_mpr_2026_04_p099_c001"": [], ""rbi_mpr_2026_04_p099_c002"": [], ""rbi_mpr_2026_04_p100_c000"": [], ""rbi_mpr_2026_04_p100_c001"": [], ""rbi_mpr_2026_04_p100_c002"": [], ""rbi_mpr_2026_04_p100_c003"": [], ""rbi_mpr_2026_04_p100_c004"": [], ""rbi_mpr_2026_04_p101_c002"": [], ""rbi_mpr_2026_04_p101_c003"": [], ""rbi_mpr_2026_04_p105_c000"": [], ""rbi_mpr_2026_04_p105_c001"": [], ""rbi_mpr_2026_04_p105_c002"": [], ""rbi_mpr_2026_04_p105_c003"": [], ""rbi_mpr_2026_04_p105_c004"": [], ""rbi_mpr_2026_04_p106_c000"": [], ""rbi_mpr_2026_04_p106_c001"": [], ""rbi_mpr_2026_04_p106_c002"": [], ""rbi_mpr_2026_04_p106_c003"": [], ""rbi_mpr_2026_04_p107_c000"": [], ""rbi_mpr_2026_04_p110_c000"": [], ""rbi_mpr_2026_04_p112_c000"": [], ""rbi_mpr_2026_04_p112_c001"": [], ""rbi_mpr_2026_04_p112_c002"": [], ""rbi_mpr_2026_04_p113_c000"": [], ""rbi_mpr_2026_04_p113_c001"": [], ""rbi_mpr_2026_04_p113_c002"": [], ""rbi_mpr_2026_04_p113_c003"": [], ""rbi_mpr_2026_04_p113_c004"": [], ""rbi_mpr_2026_04_p114_c000"": [], ""rbi_mpr_2026_04_p115_c004"": [], ""rbi_mpr_2026_04_p116_c000"": []}, ""candidate_source_query"": {""rbi_mpr_2026_04_p005_c002"": [""What crude-oil risk arising from the West Asia conflict was highlighted in April 2026?""], ""rbi_mpr_2026_04_p005_c003"": [""What crude-oil risk arising from the West Asia conflict was highlighted in April 2026?""], ""rbi_mpr_2026_04_p005_c004"": [""What crude-oil risk arising from the West Asia conflict was highlighted in April 2026?""], ""rbi_mpr_2026_04_p005_c005"": [""What crude-oil risk arising from the West Asia conflict was highlighted in April 2026?""], ""rbi_mpr_2026_04_p013_c000"": [""What crude-oil risk arising from the West Asia conflict was highlighted in April 2026?""], ""rbi_mpr_2026_04_p013_c001"": [""What crude-oil risk arising from the West Asia conflict was highlighted in April 2026?""], ""rbi_mpr_2026_04_p013_c003"": [""What crude-oil risk arising from the West Asia conflict was highlighted in April 2026?""], ""rbi_mpr_2026_04_p013_c004"": [""What crude-oil risk arising from the West Asia conflict was highlighted in April 2026?""], ""rbi_mpr_2026_04_p016_c001"": [""What crude-oil risk arising from the West Asia conflict was highlighted in April 2026?""], ""rbi_mpr_2026_04_p016_c002"": [""What crude-oil risk arising from the West Asia conflict was highlighted in April 2026?""], ""rbi_mpr_2026_04_p021_c000"": [""What crude-oil risk arising from the West Asia conflict was highlighted in April 2026?""], ""rbi_mpr_2026_04_p021_c001"": [""What crude-oil risk arising from the West Asia conflict was highlighted in April 2026?""], ""rbi_mpr_2026_04_p022_c000"": [""What crude-oil risk arising from the West Asia conflict was highlighted in April 2026?""], ""rbi_mpr_2026_04_p022_c002"": [""What crude-oil risk arising from the West Asia conflict was highlighted in April 2026?""], ""rbi_mpr_2026_04_p022_c003"": [""What crude-oil risk arising from the West Asia conflict was highlighted in April 2026?""], ""rbi_mpr_2026_04_p023_c002"": [""What crude-oil risk arising from the West Asia conflict was highlighted in April 2026?""], ""rbi_mpr_2026_04_p023_c003"": [""What crude-oil risk arising from the West Asia conflict was highlighted in April 2026?""], ""rbi_mpr_2026_04_p024_c000"": [""What crude-oil risk arising from the West Asia conflict was highlighted in April 2026?""], ""rbi_mpr_2026_04_p024_c001"": [""What crude-oil risk arising from the West Asia conflict was highlighted in April 2026?""], ""rbi_mpr_2026_04_p025_c001"": [""What crude-oil risk arising from the West Asia conflict was highlighted in April 2026?""], ""rbi_mpr_2026_04_p026_c001"": [""What crude-oil risk arising from the West Asia conflict was highlighted in April 2026?""], ""rbi_mpr_2026_04_p030_c000"": [""What crude-oil risk arising from the West Asia conflict was highlighted in April 2026?""], ""rbi_mpr_2026_04_p030_c001"": [""What crude-oil risk arising from the West Asia conflict was highlighted in April 2026?""], ""rbi_mpr_2026_04_p039_c001"": [""What crude-oil risk arising from the West Asia conflict was highlighted in April 2026?""], ""rbi_mpr_2026_04_p040_c000"": [""What crude-oil risk arising from the West Asia conflict was highlighted in April 2026?""], ""rbi_mpr_2026_04_p046_c000"": [""What crude-oil risk arising from the West Asia conflict was highlighted in April 2026?""], ""rbi_mpr_2026_04_p057_c003"": [""What crude-oil risk arising from the West Asia conflict was highlighted in April 2026?""], ""rbi_mpr_2026_04_p057_c004"": [""What crude-oil risk arising from the West Asia conflict was highlighted in April 2026?""], ""rbi_mpr_2026_04_p066_c000"": [""What crude-oil risk arising from the West Asia conflict was highlighted in April 2026?""], ""rbi_mpr_2026_04_p068_c001"": [""What crude-oil risk arising from the West Asia conflict was highlighted in April 2026?""], ""rbi_mpr_2026_04_p068_c002"": [""What crude-oil risk arising from the West Asia conflict was highlighted in April 2026?""], ""rbi_mpr_2026_04_p072_c000"": [""What crude-oil risk arising from the West Asia conflict was highlighted in April 2026?""], ""rbi_mpr_2026_04_p072_c001"": [""What crude-oil risk arising from the West Asia conflict was highlighted in April 2026?""], ""rbi_mpr_2026_04_p074_c002"": [""What crude-oil risk arising from the West Asia conflict was highlighted in April 2026?""], ""rbi_mpr_2026_04_p074_c003"": [""What crude-oil risk arising from the West Asia conflict was highlighted in April 2026?""], ""rbi_mpr_2026_04_p078_c001"": [""What crude-oil risk arising from the West Asia conflict was highlighted in April 2026?""], ""rbi_mpr_2026_04_p086_c000"": [""What crude-oil risk arising from the West Asia conflict was highlighted in April 2026?""], ""rbi_mpr_2026_04_p086_c001"": [""What crude-oil risk arising from the West Asia conflict was highlighted in April 2026?""], ""rbi_mpr_2026_04_p087_c001"": [""What crude-oil risk arising from the West Asia conflict was highlighted in April 2026?""], ""rbi_mpr_2026_04_p088_c000"": [""What crude-oil risk arising from the West Asia conflict was highlighted in April 2026?""], ""rbi_mpr_2026_04_p088_c001"": [""What crude-oil risk arising from the West Asia conflict was highlighted in April 2026?""], ""rbi_mpr_2026_04_p095_c000"": [""What crude-oil risk arising from the West Asia conflict was highlighted in April 2026?""], ""rbi_mpr_2026_04_p099_c001"": [""What crude-oil risk arising from the West Asia conflict was highlighted in April 2026?""], ""rbi_mpr_2026_04_p099_c002"": [""What crude-oil risk arising from the West Asia conflict was highlighted in April 2026?""], ""rbi_mpr_2026_04_p100_c000"": [""What crude-oil risk arising from the West Asia conflict was highlighted in April 2026?""], ""rbi_mpr_2026_04_p100_c001"": [""What crude-oil risk arising from the West Asia conflict was highlighted in April 2026?""], ""rbi_mpr_2026_04_p100_c002"": [""What crude-oil risk arising from the West Asia conflict was highlighted in April 2026?""], ""rbi_mpr_2026_04_p100_c003"": [""What crude-oil risk arising from the West Asia conflict was highlighted in April 2026?""], ""rbi_mpr_2026_04_p100_c004"": [""What crude-oil risk arising from the West Asia conflict was highlighted in April 2026?""], ""rbi_mpr_2026_04_p101_c002"": [""What crude-oil risk arising from the West Asia conflict was highlighted in April 2026?""], ""rbi_mpr_2026_04_p101_c003"": [""What crude-oil risk arising from the West Asia conflict was highlighted in April 2026?""], ""rbi_mpr_2026_04_p105_c000"": [""What crude-oil risk arising from the West Asia conflict was highlighted in April 2026?""], ""rbi_mpr_2026_04_p105_c001"": [""What crude-oil risk arising from the West Asia conflict was highlighted in April 2026?""], ""rbi_mpr_2026_04_p105_c002"": [""What crude-oil risk arising from the West Asia conflict was highlighted in April 2026?""], ""rbi_mpr_2026_04_p105_c003"": [""What crude-oil risk arising from the West Asia conflict was highlighted in April 2026?""], ""rbi_mpr_2026_04_p105_c004"": [""What crude-oil risk arising from the West Asia conflict was highlighted in April 2026?""], ""rbi_mpr_2026_04_p106_c000"": [""What crude-oil risk arising from the West Asia conflict was highlighted in April 2026?""], ""rbi_mpr_2026_04_p106_c001"": [""What crude-oil risk arising from the West Asia conflict was highlighted in April 2026?""], ""rbi_mpr_2026_04_p106_c002"": [""What crude-oil risk arising from the West Asia conflict was highlighted in April 2026?""], ""rbi_mpr_2026_04_p106_c003"": [""What crude-oil risk arising from the West Asia conflict was highlighted in April 2026?""], ""rbi_mpr_2026_04_p107_c000"": [""What crude-oil risk arising from the West Asia conflict was highlighted in April 2026?""], ""rbi_mpr_2026_04_p110_c000"": [""What crude-oil risk arising from the West Asia conflict was highlighted in April 2026?""], ""rbi_mpr_2026_04_p112_c000"": [""What crude-oil risk arising from the West Asia conflict was highlighted in April 2026?""], ""rbi_mpr_2026_04_p112_c001"": [""What crude-oil risk arising from the West Asia conflict was highlighted in April 2026?""], ""rbi_mpr_2026_04_p112_c002"": [""What crude-oil risk arising from the West Asia conflict was highlighted in April 2026?""], ""rbi_mpr_2026_04_p113_c000"": [""What crude-oil risk arising from the West Asia conflict was highlighted in April 2026?""], ""rbi_mpr_2026_04_p113_c001"": [""What crude-oil risk arising from the West Asia conflict was highlighted in April 2026?""], ""rbi_mpr_2026_04_p113_c002"": [""What crude-oil risk arising from the West Asia conflict was highlighted in April 2026?""], ""rbi_mpr_2026_04_p113_c003"": [""What crude-oil risk arising from the West Asia conflict was highlighted in April 2026?""], ""rbi_mpr_2026_04_p113_c004"": [""What crude-oil risk arising from the West Asia conflict was highlighted in April 2026?""], ""rbi_mpr_2026_04_p114_c000"": [""What crude-oil risk arising from the West Asia conflict was highlighted in April 2026?""], ""rbi_mpr_2026_04_p115_c004"": [""What crude-oil risk arising from the West Asia conflict was highlighted in April 2026?""], ""rbi_mpr_2026_04_p116_c000"": [""What crude-oil risk arising from the West Asia conflict was highlighted in April 2026?""]}, ""candidate_source_retriever"": {""rbi_mpr_2026_04_p005_c002"": [""dense""], ""rbi_mpr_2026_04_p005_c003"": [""bm25"", ""dense""], ""rbi_mpr_2026_04_p005_c004"": [""dense""], ""rbi_mpr_2026_04_p005_c005"": [""dense""], ""rbi_mpr_2026_04_p013_c000"": [""bm25"", ""dense""], ""rbi_mpr_2026_04_p013_c001"": [""bm25"", ""dense""], ""rbi_mpr_2026_04_p013_c003"": [""dense""], ""rbi_mpr_2026_04_p013_c004"": [""dense""], ""rbi_mpr_2026_04_p016_c001"": [""dense""], ""rbi_mpr_2026_04_p016_c002"": [""bm25"", ""dense""], ""rbi_mpr_2026_04_p021_c000"": [""bm25"", ""dense""], ""rbi_mpr_2026_04_p021_c001"": [""bm25"", ""dense""], ""rbi_mpr_2026_04_p022_c000"": [""bm25""], ""rbi_mpr_2026_04_p022_c002"": [""bm25"", ""dense""], ""rbi_mpr_2026_04_p022_c003"": [""dense""], ""rbi_mpr_2026_04_p023_c002"": [""bm25""], ""rbi_mpr_2026_04_p023_c003"": [""bm25"", ""dense""], ""rbi_mpr_2026_04_p024_c000"": [""bm25""], ""rbi_mpr_2026_04_p024_c001"": [""bm25""], ""rbi_mpr_2026_04_p025_c001"": [""dense""], ""rbi_mpr_2026_04_p026_c001"": [""bm25""], ""rbi_mpr_2026_04_p030_c000"": [""bm25""], ""rbi_mpr_2026_04_p030_c001"": [""bm25""], ""rbi_mpr_2026_04_p039_c001"": [""bm25"", ""dense""], ""rbi_mpr_2026_04_p040_c000"": [""bm25""], ""rbi_mpr_2026_04_p046_c000"": [""bm25""], ""rbi_mpr_2026_04_p057_c003"": [""bm25""], ""rbi_mpr_2026_04_p057_c004"": [""bm25""], ""rbi_mpr_2026_04_p066_c000"": [""bm25""], ""rbi_mpr_2026_04_p068_c001"": [""bm25"", ""dense""], ""rbi_mpr_2026_04_p068_c002"": [""dense""], ""rbi_mpr_2026_04_p072_c000"": [""bm25""], ""rbi_mpr_2026_04_p072_c001"": [""bm25""], ""rbi_mpr_2026_04_p074_c002"": [""bm25""], ""rbi_mpr_2026_04_p074_c003"": [""bm25""], ""rbi_mpr_2026_04_p078_c001"": [""dense""], ""rbi_mpr_2026_04_p086_c000"": [""bm25"", ""dense""], ""rbi_mpr_2026_04_p086_c001"": [""bm25"", ""dense""], ""rbi_mpr_2026_04_p087_c001"": [""bm25"", ""dense""], ""rbi_mpr_2026_04_p088_c000"": [""bm25""], ""rbi_mpr_2026_04_p088_c001"": [""bm25"", ""dense""], ""rbi_mpr_2026_04_p095_c000"": [""bm25"", ""dense""], ""rbi_mpr_2026_04_p099_c001"": [""bm25"", ""dense""], ""rbi_mpr_2026_04_p099_c002"": [""bm25"", ""dense""], ""rbi_mpr_2026_04_p100_c000"": [""bm25""], ""rbi_mpr_2026_04_p100_c001"": [""dense""], ""rbi_mpr_2026_04_p100_c002"": [""dense""], ""rbi_mpr_2026_04_p100_c003"": [""dense""], ""rbi_mpr_2026_04_p100_c004"": [""bm25""], ""rbi_mpr_2026_04_p101_c002"": [""bm25"", ""dense""], ""rbi_mpr_2026_04_p101_c003"": [""bm25""], ""rbi_mpr_2026_04_p105_c000"": [""bm25"", ""dense""], ""rbi_mpr_2026_04_p105_c001"": [""dense""], ""rbi_mpr_2026_04_p105_c002"": [""dense""], ""rbi_mpr_2026_04_p105_c003"": [""dense""], ""rbi_mpr_2026_04_p105_c004"": [""dense""], ""rbi_mpr_2026_04_p106_c000"": [""bm25""], ""rbi_mpr_2026_04_p106_c001"": [""bm25"", ""dense""], ""rbi_mpr_2026_04_p106_c002"": [""bm25"", ""dense""], ""rbi_mpr_2026_04_p106_c003"": [""dense""], ""rbi_mpr_2026_04_p107_c000"": [""bm25""], ""rbi_mpr_2026_04_p110_c000"": [""bm25"", ""dense""], ""rbi_mpr_2026_04_p112_c000"": [""bm25"", ""dense""], ""rbi_mpr_2026_04_p112_c001"": [""dense""], ""rbi_mpr_2026_04_p112_c002"": [""bm25"", ""dense""], ""rbi_mpr_2026_04_p113_c000"": [""dense""], ""rbi_mpr_2026_04_p113_c001"": [""dense""], ""rbi_mpr_2026_04_p113_c002"": [""dense""], ""rbi_mpr_2026_04_p113_c003"": [""bm25"", ""dense""], ""rbi_mpr_2026_04_p113_c004"": [""bm25""], ""rbi_mpr_2026_04_p114_c000"": [""bm25"", ""dense""], ""rbi_mpr_2026_04_p115_c004"": [""dense""], ""rbi_mpr_2026_04_p116_c000"": [""bm25"", ""dense""]}, ""candidate_union_ids"": [""rbi_mpr_2026_04_p016_c002"", ""rbi_mpr_2026_04_p113_c001"", ""rbi_mpr_2026_04_p113_c000"", ""rbi_mpr_2026_04_p100_c003"", ""rbi_mpr_2026_04_p113_c002"", ""rbi_mpr_2026_04_p112_c002"", ""rbi_mpr_2026_04_p106_c002"", ""rbi_mpr_2026_04_p100_c001"", ""rbi_mpr_2026_04_p106_c003"", ""rbi_mpr_2026_04_p022_c002"", ""rbi_mpr_2026_04_p105_c002"", ""rbi_mpr_2026_04_p099_c002"", ""rbi_mpr_2026_04_p022_c003"", ""rbi_mpr_2026_04_p106_c001"", ""rbi_mpr_2026_04_p086_c000"", ""rbi_mpr_2026_04_p112_c000"", ""rbi_mpr_2026_04_p110_c000"", ""rbi_mpr_2026_04_p005_c004"", ""rbi_mpr_2026_04_p013_c000"", ""rbi_mpr_2026_04_p113_c003"", ""rbi_mpr_2026_04_p005_c005"", ""rbi_mpr_2026_04_p021_c000"", ""rbi_mpr_2026_04_p116_c000"", ""rbi_mpr_2026_04_p005_c002"", ""rbi_mpr_2026_04_p016_c001"", ""rbi_mpr_2026_04_p112_c001"", ""rbi_mpr_2026_04_p105_c001"", ""rbi_mpr_2026_04_p105_c003"", ""rbi_mpr_2026_04_p099_c001"", ""rbi_mpr_2026_04_p013_c001"", ""rbi_mpr_2026_04_p068_c001"", ""rbi_mpr_2026_04_p005_c003"", ""rbi_mpr_2026_04_p068_c002"", ""rbi_mpr_2026_04_p013_c004"", ""rbi_mpr_2026_04_p105_c000"", ""rbi_mpr_2026_04_p087_c001"", ""rbi_mpr_2026_04_p021_c001"", ""rbi_mpr_2026_04_p105_c004"", ""rbi_mpr_2026_04_p025_c001"", ""rbi_mpr_2026_04_p013_c003"", ""rbi_mpr_2026_04_p100_c002"", ""rbi_mpr_2026_04_p114_c000"", ""rbi_mpr_2026_04_p088_c001"", ""rbi_mpr_2026_04_p095_c000"", ""rbi_mpr_2026_04_p023_c003"", ""rbi_mpr_2026_04_p086_c001"", ""rbi_mpr_2026_04_p101_c002"", ""rbi_mpr_2026_04_p039_c001"", ""rbi_mpr_2026_04_p115_c004"", ""rbi_mpr_2026_04_p078_c001"", ""rbi_mpr_2026_04_p040_c000"", ""rbi_mpr_2026_04_p022_c000"", ""rbi_mpr_2026_04_p030_c000"", ""rbi_mpr_2026_04_p023_c002"", ""rbi_mpr_2026_04_p088_c000"", ""rbi_mpr_2026_04_p066_c000"", ""rbi_mpr_2026_04_p046_c000"", ""rbi_mpr_2026_04_p024_c000"", ""rbi_mpr_2026_04_p030_c001"", ""rbi_mpr_2026_04_p101_c003"", ""rbi_mpr_2026_04_p072_c000"", ""rbi_mpr_2026_04_p074_c003"", ""rbi_mpr_2026_04_p024_c001"", ""rbi_mpr_2026_04_p072_c001"", ""rbi_mpr_2026_04_p107_c000"", ""rbi_mpr_2026_04_p113_c004"", ""rbi_mpr_2026_04_p074_c002"", ""rbi_mpr_2026_04_p026_c001"", ""rbi_mpr_2026_04_p100_c004"", ""rbi_mpr_2026_04_p106_c000"", ""rbi_mpr_2026_04_p057_c003"", ""rbi_mpr_2026_04_p057_c004"", ""rbi_mpr_2026_04_p100_c000""], ""candidate_union_pages"": [16, 113, 113, 100, 113, 112, 106, 100, 106, 22, 105, 99, 22, 106, 86, 112, 110, 5, 13, 113, 5, 21, 116, 5, 16, 112, 105, 105, 99, 13, 68, 5, 68, 13, 105, 87, 21, 105, 25, 13, 100, 114, 88, 95, 23, 86, 101, 39, 115, 78, 40, 22, 30, 23, 88, 66, 46, 24, 30, 101, 72, 74, 24, 72, 107, 113, 74, 26, 100, 106, 57, 57, 100], ""dense_candidate_ids"": [""rbi_mpr_2026_04_p016_c002"", ""rbi_mpr_2026_04_p113_c001"", ""rbi_mpr_2026_04_p113_c000"", ""rbi_mpr_2026_04_p100_c003"", ""rbi_mpr_2026_04_p113_c002"", ""rbi_mpr_2026_04_p112_c002"", ""rbi_mpr_2026_04_p106_c002"", ""rbi_mpr_2026_04_p100_c001"", ""rbi_mpr_2026_04_p106_c003"", ""rbi_mpr_2026_04_p022_c002"", ""rbi_mpr_2026_04_p105_c002"", ""rbi_mpr_2026_04_p099_c002"", ""rbi_mpr_2026_04_p022_c003"", ""rbi_mpr_2026_04_p106_c001"", ""rbi_mpr_2026_04_p086_c000"", ""rbi_mpr_2026_04_p112_c000"", ""rbi_mpr_2026_04_p110_c000"", ""rbi_mpr_2026_04_p005_c004"", ""rbi_mpr_2026_04_p013_c000"", ""rbi_mpr_2026_04_p113_c003"", ""rbi_mpr_2026_04_p005_c005"", ""rbi_mpr_2026_04_p021_c000"", ""rbi_mpr_2026_04_p116_c000"", ""rbi_mpr_2026_04_p005_c002"", ""rbi_mpr_2026_04_p016_c001"", ""rbi_mpr_2026_04_p112_c001"", ""rbi_mpr_2026_04_p105_c001"", ""rbi_mpr_2026_04_p105_c003"", ""rbi_mpr_2026_04_p099_c001"", ""rbi_mpr_2026_04_p013_c001"", ""rbi_mpr_2026_04_p068_c001"", ""rbi_mpr_2026_04_p005_c003"", ""rbi_mpr_2026_04_p068_c002"", ""rbi_mpr_2026_04_p013_c004"", ""rbi_mpr_2026_04_p105_c000"", ""rbi_mpr_2026_04_p087_c001"", ""rbi_mpr_2026_04_p021_c001"", ""rbi_mpr_2026_04_p105_c004"", ""rbi_mpr_2026_04_p025_c001"", ""rbi_mpr_2026_04_p013_c003"", ""rbi_mpr_2026_04_p100_c002"", ""rbi_mpr_2026_04_p114_c000"", ""rbi_mpr_2026_04_p088_c001"", ""rbi_mpr_2026_04_p095_c000"", ""rbi_mpr_2026_04_p023_c003"", ""rbi_mpr_2026_04_p086_c001"", ""rbi_mpr_2026_04_p101_c002"", ""rbi_mpr_2026_04_p039_c001"", ""rbi_mpr_2026_04_p115_c004"", ""rbi_mpr_2026_04_p078_c001""], ""dense_candidate_pages"": [16, 113, 113, 100, 113, 112, 106, 100, 106, 22, 105, 99, 22, 106, 86, 112, 110, 5, 13, 113, 5, 21, 116, 5, 16, 112, 105, 105, 99, 13, 68, 5, 68, 13, 105, 87, 21, 105, 25, 13, 100, 114, 88, 95, 23, 86, 101, 39, 115, 78], ""dense_candidate_scores"": [0.5129495013215621, 0.5053819503777341, 0.49129959247218313, 0.4693577745500177, 0.4677218446250674, 0.45805908954806573, 0.4398053737516946, 0.4339944613069521, 0.42744425099247996, 0.4203264912159602, 0.4041822251875593, 0.39881979735782125, 0.39138580977692417, 0.38953278143529424, 0.3869407923987227, 0.3636518769044521, 0.3586133897523688, 0.3584760753199202, 0.35690926622652774, 0.3568845681733004, 0.3512582589250356, 0.33819859429860144, 0.337227573055759, 0.33426928575877934, 0.332553993318083, 0.33194724728692016, 0.3294407320591287, 0.3172629480909366, 0.3145759600578215, 0.3082820447291442, 0.2956578834883731, 0.2919292360943113, 0.2879688653271367, 0.2872173027244904, 0.2826283538586243, 0.28173391343952614, 0.27802507506426444, 0.27751071492503754, 0.27336995564623623, 0.26968160063935087, 0.26713694251365705, 0.26296794484635355, 0.2562259663711568, 0.25336900009799734, 0.2508468483894085, 0.24825835754126335, 0.24376634642697226, 0.24368643600219564, 0.23716463266361987, 0.2296909006045771], ""dense_first_evidence_rank"": 18, ""evidence_rank_after_reranking"": 12, ""evidence_rank_before_reranking"": 16, ""expected_evidence"": [""surge in global crude oil prices since the West Asia conflict""], ""loss_stage"": ""lost_by_quota"", ""report_id"": ""rbi_mpr_2026_04"", ""reranker_input_ids"": [""rbi_mpr_2026_04_p016_c002"", ""rbi_mpr_2026_04_p110_c000"", ""rbi_mpr_2026_04_p099_c002"", ""rbi_mpr_2026_04_p116_c000"", ""rbi_mpr_2026_04_p113_c003"", ""rbi_mpr_2026_04_p086_c000"", ""rbi_mpr_2026_04_p013_c000"", ""rbi_mpr_2026_04_p112_c002"", ""rbi_mpr_2026_04_p068_c001"", ""rbi_mpr_2026_04_p106_c002"", ""rbi_mpr_2026_04_p021_c000"", ""rbi_mpr_2026_04_p022_c002"", ""rbi_mpr_2026_04_p112_c000"", ""rbi_mpr_2026_04_p021_c001"", ""rbi_mpr_2026_04_p106_c001"", ""rbi_mpr_2026_04_p005_c003"", ""rbi_mpr_2026_04_p099_c001"", ""rbi_mpr_2026_04_p088_c001"", ""rbi_mpr_2026_04_p039_c001"", ""rbi_mpr_2026_04_p013_c001"", ""rbi_mpr_2026_04_p105_c000"", ""rbi_mpr_2026_04_p023_c003"", ""rbi_mpr_2026_04_p087_c001"", ""rbi_mpr_2026_04_p095_c000"", ""rbi_mpr_2026_04_p114_c000"", ""rbi_mpr_2026_04_p101_c002"", ""rbi_mpr_2026_04_p086_c001"", ""rbi_mpr_2026_04_p040_c000"", ""rbi_mpr_2026_04_p113_c001"", ""rbi_mpr_2026_04_p113_c000""], ""reranker_input_pages"": [16, 110, 99, 116, 113, 86, 13, 112, 68, 106, 21, 22, 112, 21, 106, 5, 99, 88, 39, 13, 105, 23, 87, 95, 114, 101, 86, 40, 113, 113], ""reranker_input_ranks"": [1, 2, 3, 4, 5, 6, 7, 8, 9, 10, 11, 12, 13, 14, 15, 16, 17, 18, 19, 20, 21, 22, 23, 24, 25, 26, 27, 28, 29, 30], ""reranker_output_ids"": [""rbi_mpr_2026_04_p113_c001"", ""rbi_mpr_2026_04_p040_c000"", ""rbi_mpr_2026_04_p099_c002"", ""rbi_mpr_2026_04_p110_c000"", ""rbi_mpr_2026_04_p013_c001"", ""rbi_mpr_2026_04_p116_c000"", ""rbi_mpr_2026_04_p112_c000"", ""rbi_mpr_2026_04_p016_c002"", ""rbi_mpr_2026_04_p086_c000"", ""rbi_mpr_2026_04_p106_c002"", ""rbi_mpr_2026_04_p113_c003"", ""rbi_mpr_2026_04_p005_c003"", ""rbi_mpr_2026_04_p021_c001"", ""rbi_mpr_2026_04_p113_c000"", ""rbi_mpr_2026_04_p022_c002"", ""rbi_mpr_2026_04_p106_c001"", ""rbi_mpr_2026_04_p023_c003"", ""rbi_mpr_2026_04_p112_c002"", ""rbi_mpr_2026_04_p088_c001"", ""rbi_mpr_2026_04_p039_c001"", ""rbi_mpr_2026_04_p114_c000"", ""rbi_mpr_2026_04_p087_c001"", ""rbi_mpr_2026_04_p021_c000"", ""rbi_mpr_2026_04_p013_c000"", ""rbi_mpr_2026_04_p068_c001"", ""rbi_mpr_2026_04_p086_c001"", ""rbi_mpr_2026_04_p099_c001"", ""rbi_mpr_2026_04_p095_c000"", ""rbi_mpr_2026_04_p105_c000"", ""rbi_mpr_2026_04_p101_c002""], ""reranker_output_pages"": [113, 40, 99, 110, 13, 116, 112, 16, 86, 106, 113, 5, 21, 113, 22, 106, 23, 112, 88, 39, 114, 87, 21, 13, 68, 86, 99, 95, 105, 101], ""reranker_scores"": [4.430377960205078, 4.399142742156982, 4.333280563354492, 4.111199378967285, 3.1131532192230225, 3.1124091148376465, 3.06508207321167, 3.019482135772705, 2.8637921810150146, 2.829214096069336, 2.61926007270813, 2.4896888732910156, 2.4003238677978516, 2.191922187805176, 1.806567907333374, 1.7282776832580566, 1.6504909992218018, 1.6150825023651123, 1.2554280757904053, 1.2053641080856323, 0.7233617901802063, 0.49226367473602295, 0.4568714499473572, 0.325111985206604, -0.18407893180847168, -0.18721872568130493, -0.19004274904727936, -0.5585878491401672, -0.6587781310081482, -3.961115837097168], ""rrf_candidate_ids"": [""rbi_mpr_2026_04_p016_c002"", ""rbi_mpr_2026_04_p110_c000"", ""rbi_mpr_2026_04_p099_c002"", ""rbi_mpr_2026_04_p116_c000"", ""rbi_mpr_2026_04_p113_c003"", ""rbi_mpr_2026_04_p086_c000"", ""rbi_mpr_2026_04_p013_c000"", ""rbi_mpr_2026_04_p112_c002"", ""rbi_mpr_2026_04_p068_c001"", ""rbi_mpr_2026_04_p106_c002"", ""rbi_mpr_2026_04_p021_c000"", ""rbi_mpr_2026_04_p022_c002"", ""rbi_mpr_2026_04_p112_c000"", ""rbi_mpr_2026_04_p021_c001"", ""rbi_mpr_2026_04_p106_c001"", ""rbi_mpr_2026_04_p005_c003"", ""rbi_mpr_2026_04_p099_c001"", ""rbi_mpr_2026_04_p088_c001"", ""rbi_mpr_2026_04_p039_c001"", ""rbi_mpr_2026_04_p013_c001"", ""rbi_mpr_2026_04_p105_c000"", ""rbi_mpr_2026_04_p023_c003"", ""rbi_mpr_2026_04_p087_c001"", ""rbi_mpr_2026_04_p095_c000"", ""rbi_mpr_2026_04_p114_c000"", ""rbi_mpr_2026_04_p101_c002"", ""rbi_mpr_2026_04_p086_c001"", ""rbi_mpr_2026_04_p040_c000"", ""rbi_mpr_2026_04_p113_c001"", ""rbi_mpr_2026_04_p113_c000""], ""rrf_candidate_pages"": [16, 110, 99, 116, 113, 86, 13, 112, 68, 106, 21, 22, 112, 21, 106, 5, 99, 88, 39, 13, 105, 23, 87, 95, 114, 101, 86, 40, 113, 113], ""rrf_first_evidence_rank"": 16, ""rrf_scores"": [0.02921395544346364, 0.029116045245077504, 0.02817460317460317, 0.02719970792259949, 0.026013513513513515, 0.0259915611814346, 0.02581612258494337, 0.02578981302385558, 0.025694893341952164, 0.025678061306371368, 0.025528455284552845, 0.02552166934189406, 0.024146905725853096, 0.024007908487501763, 0.02393018018018018, 0.023369565217391305, 0.023284147827264113, 0.02190385981529718, 0.021604938271604937, 0.021012101210121013, 0.020526315789473684, 0.020050125313283207, 0.01985062893081761, 0.019230769230769232, 0.019149715961150816, 0.01905453225660103, 0.018524871355060035, 0.01639344262295082, 0.016129032258064516, 0.015873015873015872], ""selected_chunk_ids_after_dedup"": [""rbi_mpr_2026_04_p113_c001"", ""rbi_mpr_2026_04_p040_c000"", ""rbi_mpr_2026_04_p099_c002"", ""rbi_mpr_2026_04_p110_c000""], ""selected_chunk_ids_before_dedup"": [""rbi_mpr_2026_04_p113_c001"", ""rbi_mpr_2026_04_p040_c000"", ""rbi_mpr_2026_04_p099_c002"", ""rbi_mpr_2026_04_p110_c000""], ""selected_pages"": [113, 40, 99, 110]}}","{""rbi_mpr_2026_04"": false}","{""rbi_mpr_2026_04"": 0.0}",[],"[""2026""]",0.14649999502580613,single_report,apr26_dev_004,[],0.0,"{""rbi_mpr_2026_04"": 4}",1.0,"[""rbi_mpr_2026_04""]",1766.316299996106,0.11789999553002417,3868,4,0.004799992893822491,dev,1797.926400002325,4
False,2.9439000063575804,0.12730000889860094,False,04a5ce7716e7f739c55089569953118657c56d931da37da67b3f680d0125b949,0,0.016300007700920105,bf7cf18e02abb87a6e22fe9b686d8f93fa34ceb3f67abc575741c0a63080b56d,0.12820000119972974,31.31950000533834,0,918,0.0,[],RRF_K60,[],0.11979999544564635,d063b65fcefc1858e3315b9e67356a80310b8ae9b4d0864e98dd7c18d8553c1a,0.0,How did April 2026 characterise global growth relative to its historical average?,How did April 2026 characterise global growth relative to its historical average?,"{""rbi_mpr_2026_04"": {""accepted_evidence_found"": false, ""accepted_pages"": [5], ""bm25_candidate_ids"": [""rbi_mpr_2026_04_p014_c000"", ""rbi_mpr_2026_04_p013_c001"", ""rbi_mpr_2026_04_p025_c001"", ""rbi_mpr_2026_04_p005_c000"", ""rbi_mpr_2026_04_p013_c004"", ""rbi_mpr_2026_04_p108_c000"", ""rbi_mpr_2026_04_p113_c000"", ""rbi_mpr_2026_04_p112_c001"", ""rbi_mpr_2026_04_p084_c000"", ""rbi_mpr_2026_04_p014_c001"", ""rbi_mpr_2026_04_p102_c000"", ""rbi_mpr_2026_04_p042_c001"", ""rbi_mpr_2026_04_p013_c000"", ""rbi_mpr_2026_04_p113_c003"", ""rbi_mpr_2026_04_p013_c003"", ""rbi_mpr_2026_04_p044_c000"", ""rbi_mpr_2026_04_p112_c000"", ""rbi_mpr_2026_04_p106_c001"", ""rbi_mpr_2026_04_p100_c002"", ""rbi_mpr_2026_04_p089_c002"", ""rbi_mpr_2026_04_p026_c000"", ""rbi_mpr_2026_04_p112_c002"", ""rbi_mpr_2026_04_p016_c000"", ""rbi_mpr_2026_04_p030_c000"", ""rbi_mpr_2026_04_p020_c000"", ""rbi_mpr_2026_04_p078_c000"", ""rbi_mpr_2026_04_p020_c003"", ""rbi_mpr_2026_04_p113_c002"", ""rbi_mpr_2026_04_p021_c000"", ""rbi_mpr_2026_04_p104_c002"", ""rbi_mpr_2026_04_p085_c000"", ""rbi_mpr_2026_04_p100_c000"", ""rbi_mpr_2026_04_p066_c000"", ""rbi_mpr_2026_04_p079_c000"", ""rbi_mpr_2026_04_p083_c000"", ""rbi_mpr_2026_04_p106_c000"", ""rbi_mpr_2026_04_p086_c000"", ""rbi_mpr_2026_04_p105_c000"", ""rbi_mpr_2026_04_p046_c000"", ""rbi_mpr_2026_04_p028_c000"", ""rbi_mpr_2026_04_p113_c001"", ""rbi_mpr_2026_04_p042_c000"", ""rbi_mpr_2026_04_p106_c002"", ""rbi_mpr_2026_04_p115_c000"", ""rbi_mpr_2026_04_p018_c002"", ""rbi_mpr_2026_04_p102_c004"", ""rbi_mpr_2026_04_p005_c003"", ""rbi_mpr_2026_04_p089_c003"", ""rbi_mpr_2026_04_p105_c003"", ""rbi_mpr_2026_04_p116_c000""], ""bm25_candidate_pages"": [14, 13, 25, 5, 13, 108, 113, 112, 84, 14, 102, 42, 13, 113, 13, 44, 112, 106, 100, 89, 26, 112, 16, 30, 20, 78, 20, 113, 21, 104, 85, 100, 66, 79, 83, 106, 86, 105, 46, 28, 113, 42, 106, 115, 18, 102, 5, 89, 105, 116], ""bm25_candidate_scores"": [null, null, null, null, null, null, null, null, null, null, null, null, null, null, null, null, null, null, null, null, null, null, null, null, null, null, null, null, null, null, null, null, null, null, null, null, null, null, null, null, null, null, null, null, null, null, null, null, null, null], ""bm25_first_evidence_rank"": 4, ""candidate_source_expansion"": {""rbi_mpr_2026_04_p005_c000"": [], ""rbi_mpr_2026_04_p005_c003"": [], ""rbi_mpr_2026_04_p013_c000"": [], ""rbi_mpr_2026_04_p013_c001"": [], ""rbi_mpr_2026_04_p013_c003"": [], ""rbi_mpr_2026_04_p013_c004"": [], ""rbi_mpr_2026_04_p014_c000"": [], ""rbi_mpr_2026_04_p014_c001"": [], ""rbi_mpr_2026_04_p014_c003"": [], ""rbi_mpr_2026_04_p015_c000"": [], ""rbi_mpr_2026_04_p015_c001"": [], ""rbi_mpr_2026_04_p015_c002"": [], ""rbi_mpr_2026_04_p015_c003"": [], ""rbi_mpr_2026_04_p016_c000"": [], ""rbi_mpr_2026_04_p017_c000"": [], ""rbi_mpr_2026_04_p018_c002"": [], ""rbi_mpr_2026_04_p020_c000"": [], ""rbi_mpr_2026_04_p020_c003"": [], ""rbi_mpr_2026_04_p021_c000"": [], ""rbi_mpr_2026_04_p021_c002"": [], ""rbi_mpr_2026_04_p025_c001"": [], ""rbi_mpr_2026_04_p026_c000"": [], ""rbi_mpr_2026_04_p028_c000"": [], ""rbi_mpr_2026_04_p030_c000"": [], ""rbi_mpr_2026_04_p042_c000"": [], ""rbi_mpr_2026_04_p042_c001"": [], ""rbi_mpr_2026_04_p044_c000"": [], ""rbi_mpr_2026_04_p046_c000"": [], ""rbi_mpr_2026_04_p055_c003"": [], ""rbi_mpr_2026_04_p056_c000"": [], ""rbi_mpr_2026_04_p056_c002"": [], ""rbi_mpr_2026_04_p057_c004"": [], ""rbi_mpr_2026_04_p059_c000"": [], ""rbi_mpr_2026_04_p061_c000"": [], ""rbi_mpr_2026_04_p066_c000"": [], ""rbi_mpr_2026_04_p072_c002"": [], ""rbi_mpr_2026_04_p073_c000"": [], ""rbi_mpr_2026_04_p075_c000"": [], ""rbi_mpr_2026_04_p077_c003"": [], ""rbi_mpr_2026_04_p078_c000"": [], ""rbi_mpr_2026_04_p079_c000"": [], ""rbi_mpr_2026_04_p082_c002"": [], ""rbi_mpr_2026_04_p083_c000"": [], ""rbi_mpr_2026_04_p084_c000"": [], ""rbi_mpr_2026_04_p085_c000"": [], ""rbi_mpr_2026_04_p086_c000"": [], ""rbi_mpr_2026_04_p089_c002"": [], ""rbi_mpr_2026_04_p089_c003"": [], ""rbi_mpr_2026_04_p095_c003"": [], ""rbi_mpr_2026_04_p095_c004"": [], ""rbi_mpr_2026_04_p100_c000"": [], ""rbi_mpr_2026_04_p100_c001"": [], ""rbi_mpr_2026_04_p100_c002"": [], ""rbi_mpr_2026_04_p100_c004"": [], ""rbi_mpr_2026_04_p101_c000"": [], ""rbi_mpr_2026_04_p101_c001"": [], ""rbi_mpr_2026_04_p101_c002"": [], ""rbi_mpr_2026_04_p102_c000"": [], ""rbi_mpr_2026_04_p102_c002"": [], ""rbi_mpr_2026_04_p102_c003"": [], ""rbi_mpr_2026_04_p102_c004"": [], ""rbi_mpr_2026_04_p103_c000"": [], ""rbi_mpr_2026_04_p104_c002"": [], ""rbi_mpr_2026_04_p105_c000"": [], ""rbi_mpr_2026_04_p105_c001"": [], ""rbi_mpr_2026_04_p105_c003"": [], ""rbi_mpr_2026_04_p106_c000"": [], ""rbi_mpr_2026_04_p106_c001"": [], ""rbi_mpr_2026_04_p106_c002"": [], ""rbi_mpr_2026_04_p107_c000"": [], ""rbi_mpr_2026_04_p108_c000"": [], ""rbi_mpr_2026_04_p109_c004"": [], ""rbi_mpr_2026_04_p110_c000"": [], ""rbi_mpr_2026_04_p111_c000"": [], ""rbi_mpr_2026_04_p111_c001"": [], ""rbi_mpr_2026_04_p111_c003"": [], ""rbi_mpr_2026_04_p112_c000"": [], ""rbi_mpr_2026_04_p112_c001"": [], ""rbi_mpr_2026_04_p112_c002"": [], ""rbi_mpr_2026_04_p113_c000"": [], ""rbi_mpr_2026_04_p113_c001"": [], ""rbi_mpr_2026_04_p113_c002"": [], ""rbi_mpr_2026_04_p113_c003"": [], ""rbi_mpr_2026_04_p115_c000"": [], ""rbi_mpr_2026_04_p115_c003"": [], ""rbi_mpr_2026_04_p116_c000"": []}, ""candidate_source_facet"": {""rbi_mpr_2026_04_p005_c000"": [], ""rbi_mpr_2026_04_p005_c003"": [], ""rbi_mpr_2026_04_p013_c000"": [], ""rbi_mpr_2026_04_p013_c001"": [], ""rbi_mpr_2026_04_p013_c003"": [], ""rbi_mpr_2026_04_p013_c004"": [], ""rbi_mpr_2026_04_p014_c000"": [], ""rbi_mpr_2026_04_p014_c001"": [], ""rbi_mpr_2026_04_p014_c003"": [], ""rbi_mpr_2026_04_p015_c000"": [], ""rbi_mpr_2026_04_p015_c001"": [], ""rbi_mpr_2026_04_p015_c002"": [], ""rbi_mpr_2026_04_p015_c003"": [], ""rbi_mpr_2026_04_p016_c000"": [], ""rbi_mpr_2026_04_p017_c000"": [], ""rbi_mpr_2026_04_p018_c002"": [], ""rbi_mpr_2026_04_p020_c000"": [], ""rbi_mpr_2026_04_p020_c003"": [], ""rbi_mpr_2026_04_p021_c000"": [], ""rbi_mpr_2026_04_p021_c002"": [], ""rbi_mpr_2026_04_p025_c001"": [], ""rbi_mpr_2026_04_p026_c000"": [], ""rbi_mpr_2026_04_p028_c000"": [], ""rbi_mpr_2026_04_p030_c000"": [], ""rbi_mpr_2026_04_p042_c000"": [], ""rbi_mpr_2026_04_p042_c001"": [], ""rbi_mpr_2026_04_p044_c000"": [], ""rbi_mpr_2026_04_p046_c000"": [], ""rbi_mpr_2026_04_p055_c003"": [], ""rbi_mpr_2026_04_p056_c000"": [], ""rbi_mpr_2026_04_p056_c002"": [], ""rbi_mpr_2026_04_p057_c004"": [], ""rbi_mpr_2026_04_p059_c000"": [], ""rbi_mpr_2026_04_p061_c000"": [], ""rbi_mpr_2026_04_p066_c000"": [], ""rbi_mpr_2026_04_p072_c002"": [], ""rbi_mpr_2026_04_p073_c000"": [], ""rbi_mpr_2026_04_p075_c000"": [], ""rbi_mpr_2026_04_p077_c003"": [], ""rbi_mpr_2026_04_p078_c000"": [], ""rbi_mpr_2026_04_p079_c000"": [], ""rbi_mpr_2026_04_p082_c002"": [], ""rbi_mpr_2026_04_p083_c000"": [], ""rbi_mpr_2026_04_p084_c000"": [], ""rbi_mpr_2026_04_p085_c000"": [], ""rbi_mpr_2026_04_p086_c000"": [], ""rbi_mpr_2026_04_p089_c002"": [], ""rbi_mpr_2026_04_p089_c003"": [], ""rbi_mpr_2026_04_p095_c003"": [], ""rbi_mpr_2026_04_p095_c004"": [], ""rbi_mpr_2026_04_p100_c000"": [], ""rbi_mpr_2026_04_p100_c001"": [], ""rbi_mpr_2026_04_p100_c002"": [], ""rbi_mpr_2026_04_p100_c004"": [], ""rbi_mpr_2026_04_p101_c000"": [], ""rbi_mpr_2026_04_p101_c001"": [], ""rbi_mpr_2026_04_p101_c002"": [], ""rbi_mpr_2026_04_p102_c000"": [], ""rbi_mpr_2026_04_p102_c002"": [], ""rbi_mpr_2026_04_p102_c003"": [], ""rbi_mpr_2026_04_p102_c004"": [], ""rbi_mpr_2026_04_p103_c000"": [], ""rbi_mpr_2026_04_p104_c002"": [], ""rbi_mpr_2026_04_p105_c000"": [], ""rbi_mpr_2026_04_p105_c001"": [], ""rbi_mpr_2026_04_p105_c003"": [], ""rbi_mpr_2026_04_p106_c000"": [], ""rbi_mpr_2026_04_p106_c001"": [], ""rbi_mpr_2026_04_p106_c002"": [], ""rbi_mpr_2026_04_p107_c000"": [], ""rbi_mpr_2026_04_p108_c000"": [], ""rbi_mpr_2026_04_p109_c004"": [], ""rbi_mpr_2026_04_p110_c000"": [], ""rbi_mpr_2026_04_p111_c000"": [], ""rbi_mpr_2026_04_p111_c001"": [], ""rbi_mpr_2026_04_p111_c003"": [], ""rbi_mpr_2026_04_p112_c000"": [], ""rbi_mpr_2026_04_p112_c001"": [], ""rbi_mpr_2026_04_p112_c002"": [], ""rbi_mpr_2026_04_p113_c000"": [], ""rbi_mpr_2026_04_p113_c001"": [], ""rbi_mpr_2026_04_p113_c002"": [], ""rbi_mpr_2026_04_p113_c003"": [], ""rbi_mpr_2026_04_p115_c000"": [], ""rbi_mpr_2026_04_p115_c003"": [], ""rbi_mpr_2026_04_p116_c000"": []}, ""candidate_source_query"": {""rbi_mpr_2026_04_p005_c000"": [""How did April 2026 characterise global growth relative to its historical average?""], ""rbi_mpr_2026_04_p005_c003"": [""How did April 2026 characterise global growth relative to its historical average?""], ""rbi_mpr_2026_04_p013_c000"": [""How did April 2026 characterise global growth relative to its historical average?""], ""rbi_mpr_2026_04_p013_c001"": [""How did April 2026 characterise global growth relative to its historical average?""], ""rbi_mpr_2026_04_p013_c003"": [""How did April 2026 characterise global growth relative to its historical average?""], ""rbi_mpr_2026_04_p013_c004"": [""How did April 2026 characterise global growth relative to its historical average?""], ""rbi_mpr_2026_04_p014_c000"": [""How did April 2026 characterise global growth relative to its historical average?""], ""rbi_mpr_2026_04_p014_c001"": [""How did April 2026 characterise global growth relative to its historical average?""], ""rbi_mpr_2026_04_p014_c003"": [""How did April 2026 characterise global growth relative to its historical average?""], ""rbi_mpr_2026_04_p015_c000"": [""How did April 2026 characterise global growth relative to its historical average?""], ""rbi_mpr_2026_04_p015_c001"": [""How did April 2026 characterise global growth relative to its historical average?""], ""rbi_mpr_2026_04_p015_c002"": [""How did April 2026 characterise global growth relative to its historical average?""], ""rbi_mpr_2026_04_p015_c003"": [""How did April 2026 characterise global growth relative to its historical average?""], ""rbi_mpr_2026_04_p016_c000"": [""How did April 2026 characterise global growth relative to its historical average?""], ""rbi_mpr_2026_04_p017_c000"": [""How did April 2026 characterise global growth relative to its historical average?""], ""rbi_mpr_2026_04_p018_c002"": [""How did April 2026 characterise global growth relative to its historical average?""], ""rbi_mpr_2026_04_p020_c000"": [""How did April 2026 characterise global growth relative to its historical average?""], ""rbi_mpr_2026_04_p020_c003"": [""How did April 2026 characterise global growth relative to its historical average?""], ""rbi_mpr_2026_04_p021_c000"": [""How did April 2026 characterise global growth relative to its historical average?""], ""rbi_mpr_2026_04_p021_c002"": [""How did April 2026 characterise global growth relative to its historical average?""], ""rbi_mpr_2026_04_p025_c001"": [""How did April 2026 characterise global growth relative to its historical average?""], ""rbi_mpr_2026_04_p026_c000"": [""How did April 2026 characterise global growth relative to its historical average?""], ""rbi_mpr_2026_04_p028_c000"": [""How did April 2026 characterise global growth relative to its historical average?""], ""rbi_mpr_2026_04_p030_c000"": [""How did April 2026 characterise global growth relative to its historical average?""], ""rbi_mpr_2026_04_p042_c000"": [""How did April 2026 characterise global growth relative to its historical average?""], ""rbi_mpr_2026_04_p042_c001"": [""How did April 2026 characterise global growth relative to its historical average?""], ""rbi_mpr_2026_04_p044_c000"": [""How did April 2026 characterise global growth relative to its historical average?""], ""rbi_mpr_2026_04_p046_c000"": [""How did April 2026 characterise global growth relative to its historical average?""], ""rbi_mpr_2026_04_p055_c003"": [""How did April 2026 characterise global growth relative to its historical average?""], ""rbi_mpr_2026_04_p056_c000"": [""How did April 2026 characterise global growth relative to its historical average?""], ""rbi_mpr_2026_04_p056_c002"": [""How did April 2026 characterise global growth relative to its historical average?""], ""rbi_mpr_2026_04_p057_c004"": [""How did April 2026 characterise global growth relative to its historical average?""], ""rbi_mpr_2026_04_p059_c000"": [""How did April 2026 characterise global growth relative to its historical average?""], ""rbi_mpr_2026_04_p061_c000"": [""How did April 2026 characterise global growth relative to its historical average?""], ""rbi_mpr_2026_04_p066_c000"": [""How did April 2026 characterise global growth relative to its historical average?""], ""rbi_mpr_2026_04_p072_c002"": [""How did April 2026 characterise global growth relative to its historical average?""], ""rbi_mpr_2026_04_p073_c000"": [""How did April 2026 characterise global growth relative to its historical average?""], ""rbi_mpr_2026_04_p075_c000"": [""How did April 2026 characterise global growth relative to its historical average?""], ""rbi_mpr_2026_04_p077_c003"": [""How did April 2026 characterise global growth relative to its historical average?""], ""rbi_mpr_2026_04_p078_c000"": [""How did April 2026 characterise global growth relative to its historical average?""], ""rbi_mpr_2026_04_p079_c000"": [""How did April 2026 characterise global growth relative to its historical average?""], ""rbi_mpr_2026_04_p082_c002"": [""How did April 2026 characterise global growth relative to its historical average?""], ""rbi_mpr_2026_04_p083_c000"": [""How did April 2026 characterise global growth relative to its historical average?""], ""rbi_mpr_2026_04_p084_c000"": [""How did April 2026 characterise global growth relative to its historical average?""], ""rbi_mpr_2026_04_p085_c000"": [""How did April 2026 characterise global growth relative to its historical average?""], ""rbi_mpr_2026_04_p086_c000"": [""How did April 2026 characterise global growth relative to its historical average?""], ""rbi_mpr_2026_04_p089_c002"": [""How did April 2026 characterise global growth relative to its historical average?""], ""rbi_mpr_2026_04_p089_c003"": [""How did April 2026 characterise global growth relative to its historical average?""], ""rbi_mpr_2026_04_p095_c003"": [""How did April 2026 characterise global growth relative to its historical average?""], ""rbi_mpr_2026_04_p095_c004"": [""How did April 2026 characterise global growth relative to its historical average?""], ""rbi_mpr_2026_04_p100_c000"": [""How did April 2026 characterise global growth relative to its historical average?""], ""rbi_mpr_2026_04_p100_c001"": [""How did April 2026 characterise global growth relative to its historical average?""], ""rbi_mpr_2026_04_p100_c002"": [""How did April 2026 characterise global growth relative to its historical average?""], ""rbi_mpr_2026_04_p100_c004"": [""How did April 2026 characterise global growth relative to its historical average?""], ""rbi_mpr_2026_04_p101_c000"": [""How did April 2026 characterise global growth relative to its historical average?""], ""rbi_mpr_2026_04_p101_c001"": [""How did April 2026 characterise global growth relative to its historical average?""], ""rbi_mpr_2026_04_p101_c002"": [""How did April 2026 characterise global growth relative to its historical average?""], ""rbi_mpr_2026_04_p102_c000"": [""How did April 2026 characterise global growth relative to its historical average?""], ""rbi_mpr_2026_04_p102_c002"": [""How did April 2026 characterise global growth relative to its historical average?""], ""rbi_mpr_2026_04_p102_c003"": [""How did April 2026 characterise global growth relative to its historical average?""], ""rbi_mpr_2026_04_p102_c004"": [""How did April 2026 characterise global growth relative to its historical average?""], ""rbi_mpr_2026_04_p103_c000"": [""How did April 2026 characterise global growth relative to its historical average?""], ""rbi_mpr_2026_04_p104_c002"": [""How did April 2026 characterise global growth relative to its historical average?""], ""rbi_mpr_2026_04_p105_c000"": [""How did April 2026 characterise global growth relative to its historical average?""], ""rbi_mpr_2026_04_p105_c001"": [""How did April 2026 characterise global growth relative to its historical average?""], ""rbi_mpr_2026_04_p105_c003"": [""How did April 2026 characterise global growth relative to its historical average?""], ""rbi_mpr_2026_04_p106_c000"": [""How did April 2026 characterise global growth relative to its historical average?""], ""rbi_mpr_2026_04_p106_c001"": [""How did April 2026 characterise global growth relative to its historical average?""], ""rbi_mpr_2026_04_p106_c002"": [""How did April 2026 characterise global growth relative to its historical average?""], ""rbi_mpr_2026_04_p107_c000"": [""How did April 2026 characterise global growth relative to its historical average?""], ""rbi_mpr_2026_04_p108_c000"": [""How did April 2026 characterise global growth relative to its historical average?""], ""rbi_mpr_2026_04_p109_c004"": [""How did April 2026 characterise global growth relative to its historical average?""], ""rbi_mpr_2026_04_p110_c000"": [""How did April 2026 characterise global growth relative to its historical average?""], ""rbi_mpr_2026_04_p111_c000"": [""How did April 2026 characterise global growth relative to its historical average?""], ""rbi_mpr_2026_04_p111_c001"": [""How did April 2026 characterise global growth relative to its historical average?""], ""rbi_mpr_2026_04_p111_c003"": [""How did April 2026 characterise global growth relative to its historical average?""], ""rbi_mpr_2026_04_p112_c000"": [""How did April 2026 characterise global growth relative to its historical average?""], ""rbi_mpr_2026_04_p112_c001"": [""How did April 2026 characterise global growth relative to its historical average?""], ""rbi_mpr_2026_04_p112_c002"": [""How did April 2026 characterise global growth relative to its historical average?""], ""rbi_mpr_2026_04_p113_c000"": [""How did April 2026 characterise global growth relative to its historical average?""], ""rbi_mpr_2026_04_p113_c001"": [""How did April 2026 characterise global growth relative to its historical average?""], ""rbi_mpr_2026_04_p113_c002"": [""How did April 2026 characterise global growth relative to its historical average?""], ""rbi_mpr_2026_04_p113_c003"": [""How did April 2026 characterise global growth relative to its historical average?""], ""rbi_mpr_2026_04_p115_c000"": [""How did April 2026 characterise global growth relative to its historical average?""], ""rbi_mpr_2026_04_p115_c003"": [""How did April 2026 characterise global growth relative to its historical average?""], ""rbi_mpr_2026_04_p116_c000"": [""How did April 2026 characterise global growth relative to its historical average?""]}, ""candidate_source_retriever"": {""rbi_mpr_2026_04_p005_c000"": [""bm25""], ""rbi_mpr_2026_04_p005_c003"": [""bm25"", ""dense""], ""rbi_mpr_2026_04_p013_c000"": [""bm25"", ""dense""], ""rbi_mpr_2026_04_p013_c001"": [""bm25"", ""dense""], ""rbi_mpr_2026_04_p013_c003"": [""bm25"", ""dense""], ""rbi_mpr_2026_04_p013_c004"": [""bm25"", ""dense""], ""rbi_mpr_2026_04_p014_c000"": [""bm25""], ""rbi_mpr_2026_04_p014_c001"": [""bm25""], ""rbi_mpr_2026_04_p014_c003"": [""dense""], ""rbi_mpr_2026_04_p015_c000"": [""dense""], ""rbi_mpr_2026_04_p015_c001"": [""dense""], ""rbi_mpr_2026_04_p015_c002"": [""dense""], ""rbi_mpr_2026_04_p015_c003"": [""dense""], ""rbi_mpr_2026_04_p016_c000"": [""bm25"", ""dense""], ""rbi_mpr_2026_04_p017_c000"": [""dense""], ""rbi_mpr_2026_04_p018_c002"": [""bm25""], ""rbi_mpr_2026_04_p020_c000"": [""bm25""], ""rbi_mpr_2026_04_p020_c003"": [""bm25""], ""rbi_mpr_2026_04_p021_c000"": [""bm25""], ""rbi_mpr_2026_04_p021_c002"": [""dense""], ""rbi_mpr_2026_04_p025_c001"": [""bm25"", ""dense""], ""rbi_mpr_2026_04_p026_c000"": [""bm25""], ""rbi_mpr_2026_04_p028_c000"": [""bm25""], ""rbi_mpr_2026_04_p030_c000"": [""bm25""], ""rbi_mpr_2026_04_p042_c000"": [""bm25""], ""rbi_mpr_2026_04_p042_c001"": [""bm25""], ""rbi_mpr_2026_04_p044_c000"": [""bm25""], ""rbi_mpr_2026_04_p046_c000"": [""bm25""], ""rbi_mpr_2026_04_p055_c003"": [""dense""], ""rbi_mpr_2026_04_p056_c000"": [""dense""], ""rbi_mpr_2026_04_p056_c002"": [""dense""], ""rbi_mpr_2026_04_p057_c004"": [""dense""], ""rbi_mpr_2026_04_p059_c000"": [""dense""], ""rbi_mpr_2026_04_p061_c000"": [""dense""], ""rbi_mpr_2026_04_p066_c000"": [""bm25""], ""rbi_mpr_2026_04_p072_c002"": [""dense""], ""rbi_mpr_2026_04_p073_c000"": [""dense""], ""rbi_mpr_2026_04_p075_c000"": [""dense""], ""rbi_mpr_2026_04_p077_c003"": [""dense""], ""rbi_mpr_2026_04_p078_c000"": [""bm25""], ""rbi_mpr_2026_04_p079_c000"": [""bm25""], ""rbi_mpr_2026_04_p082_c002"": [""dense""], ""rbi_mpr_2026_04_p083_c000"": [""bm25""], ""rbi_mpr_2026_04_p084_c000"": [""bm25""], ""rbi_mpr_2026_04_p085_c000"": [""bm25""], ""rbi_mpr_2026_04_p086_c000"": [""bm25""], ""rbi_mpr_2026_04_p089_c002"": [""bm25""], ""rbi_mpr_2026_04_p089_c003"": [""bm25""], ""rbi_mpr_2026_04_p095_c003"": [""dense""], ""rbi_mpr_2026_04_p095_c004"": [""dense""], ""rbi_mpr_2026_04_p100_c000"": [""bm25""], ""rbi_mpr_2026_04_p100_c001"": [""dense""], ""rbi_mpr_2026_04_p100_c002"": [""bm25"", ""dense""], ""rbi_mpr_2026_04_p100_c004"": [""dense""], ""rbi_mpr_2026_04_p101_c000"": [""dense""], ""rbi_mpr_2026_04_p101_c001"": [""dense""], ""rbi_mpr_2026_04_p101_c002"": [""dense""], ""rbi_mpr_2026_04_p102_c000"": [""bm25"", ""dense""], ""rbi_mpr_2026_04_p102_c002"": [""dense""], ""rbi_mpr_2026_04_p102_c003"": [""dense""], ""rbi_mpr_2026_04_p102_c004"": [""bm25"", ""dense""], ""rbi_mpr_2026_04_p103_c000"": [""dense""], ""rbi_mpr_2026_04_p104_c002"": [""bm25""], ""rbi_mpr_2026_04_p105_c000"": [""bm25""], ""rbi_mpr_2026_04_p105_c001"": [""dense""], ""rbi_mpr_2026_04_p105_c003"": [""bm25""], ""rbi_mpr_2026_04_p106_c000"": [""bm25""], ""rbi_mpr_2026_04_p106_c001"": [""bm25"", ""dense""], ""rbi_mpr_2026_04_p106_c002"": [""bm25""], ""rbi_mpr_2026_04_p107_c000"": [""dense""], ""rbi_mpr_2026_04_p108_c000"": [""bm25""], ""rbi_mpr_2026_04_p109_c004"": [""dense""], ""rbi_mpr_2026_04_p110_c000"": [""dense""], ""rbi_mpr_2026_04_p111_c000"": [""dense""], ""rbi_mpr_2026_04_p111_c001"": [""dense""], ""rbi_mpr_2026_04_p111_c003"": [""dense""], ""rbi_mpr_2026_04_p112_c000"": [""bm25"", ""dense""], ""rbi_mpr_2026_04_p112_c001"": [""bm25"", ""dense""], ""rbi_mpr_2026_04_p112_c002"": [""bm25""], ""rbi_mpr_2026_04_p113_c000"": [""bm25"", ""dense""], ""rbi_mpr_2026_04_p113_c001"": [""bm25""], ""rbi_mpr_2026_04_p113_c002"": [""bm25""], ""rbi_mpr_2026_04_p113_c003"": [""bm25""], ""rbi_mpr_2026_04_p115_c000"": [""bm25""], ""rbi_mpr_2026_04_p115_c003"": [""dense""], ""rbi_mpr_2026_04_p116_c000"": [""bm25""]}, ""candidate_union_ids"": [""rbi_mpr_2026_04_p112_c001"", ""rbi_mpr_2026_04_p013_c004"", ""rbi_mpr_2026_04_p056_c000"", ""rbi_mpr_2026_04_p013_c000"", ""rbi_mpr_2026_04_p102_c004"", ""rbi_mpr_2026_04_p102_c002"", ""rbi_mpr_2026_04_p107_c000"", ""rbi_mpr_2026_04_p101_c001"", ""rbi_mpr_2026_04_p111_c003"", ""rbi_mpr_2026_04_p106_c001"", ""rbi_mpr_2026_04_p013_c003"", ""rbi_mpr_2026_04_p015_c001"", ""rbi_mpr_2026_04_p077_c003"", ""rbi_mpr_2026_04_p111_c000"", ""rbi_mpr_2026_04_p015_c002"", ""rbi_mpr_2026_04_p056_c002"", ""rbi_mpr_2026_04_p025_c001"", ""rbi_mpr_2026_04_p100_c002"", ""rbi_mpr_2026_04_p061_c000"", ""rbi_mpr_2026_04_p102_c003"", ""rbi_mpr_2026_04_p113_c000"", ""rbi_mpr_2026_04_p109_c004"", ""rbi_mpr_2026_04_p095_c003"", ""rbi_mpr_2026_04_p101_c000"", ""rbi_mpr_2026_04_p082_c002"", ""rbi_mpr_2026_04_p015_c000"", ""rbi_mpr_2026_04_p055_c003"", ""rbi_mpr_2026_04_p013_c001"", ""rbi_mpr_2026_04_p057_c004"", ""rbi_mpr_2026_04_p111_c001"", ""rbi_mpr_2026_04_p103_c000"", ""rbi_mpr_2026_04_p015_c003"", ""rbi_mpr_2026_04_p112_c000"", ""rbi_mpr_2026_04_p101_c002"", ""rbi_mpr_2026_04_p016_c000"", ""rbi_mpr_2026_04_p059_c000"", ""rbi_mpr_2026_04_p110_c000"", ""rbi_mpr_2026_04_p073_c000"", ""rbi_mpr_2026_04_p100_c001"", ""rbi_mpr_2026_04_p095_c004"", ""rbi_mpr_2026_04_p014_c003"", ""rbi_mpr_2026_04_p100_c004"", ""rbi_mpr_2026_04_p017_c000"", ""rbi_mpr_2026_04_p102_c000"", ""rbi_mpr_2026_04_p005_c003"", ""rbi_mpr_2026_04_p115_c003"", ""rbi_mpr_2026_04_p072_c002"", ""rbi_mpr_2026_04_p105_c001"", ""rbi_mpr_2026_04_p075_c000"", ""rbi_mpr_2026_04_p021_c002"", ""rbi_mpr_2026_04_p014_c000"", ""rbi_mpr_2026_04_p005_c000"", ""rbi_mpr_2026_04_p108_c000"", ""rbi_mpr_2026_04_p084_c000"", ""rbi_mpr_2026_04_p014_c001"", ""rbi_mpr_2026_04_p042_c001"", ""rbi_mpr_2026_04_p113_c003"", ""rbi_mpr_2026_04_p044_c000"", ""rbi_mpr_2026_04_p089_c002"", ""rbi_mpr_2026_04_p026_c000"", ""rbi_mpr_2026_04_p112_c002"", ""rbi_mpr_2026_04_p030_c000"", ""rbi_mpr_2026_04_p020_c000"", ""rbi_mpr_2026_04_p078_c000"", ""rbi_mpr_2026_04_p020_c003"", ""rbi_mpr_2026_04_p113_c002"", ""rbi_mpr_2026_04_p021_c000"", ""rbi_mpr_2026_04_p104_c002"", ""rbi_mpr_2026_04_p085_c000"", ""rbi_mpr_2026_04_p100_c000"", ""rbi_mpr_2026_04_p066_c000"", ""rbi_mpr_2026_04_p079_c000"", ""rbi_mpr_2026_04_p083_c000"", ""rbi_mpr_2026_04_p106_c000"", ""rbi_mpr_2026_04_p086_c000"", ""rbi_mpr_2026_04_p105_c000"", ""rbi_mpr_2026_04_p046_c000"", ""rbi_mpr_2026_04_p028_c000"", ""rbi_mpr_2026_04_p113_c001"", ""rbi_mpr_2026_04_p042_c000"", ""rbi_mpr_2026_04_p106_c002"", ""rbi_mpr_2026_04_p115_c000"", ""rbi_mpr_2026_04_p018_c002"", ""rbi_mpr_2026_04_p089_c003"", ""rbi_mpr_2026_04_p105_c003"", ""rbi_mpr_2026_04_p116_c000""], ""candidate_union_pages"": [112, 13, 56, 13, 102, 102, 107, 101, 111, 106, 13, 15, 77, 111, 15, 56, 25, 100, 61, 102, 113, 109, 95, 101, 82, 15, 55, 13, 57, 111, 103, 15, 112, 101, 16, 59, 110, 73, 100, 95, 14, 100, 17, 102, 5, 115, 72, 105, 75, 21, 14, 5, 108, 84, 14, 42, 113, 44, 89, 26, 112, 30, 20, 78, 20, 113, 21, 104, 85, 100, 66, 79, 83, 106, 86, 105, 46, 28, 113, 42, 106, 115, 18, 89, 105, 116], ""dense_candidate_ids"": [""rbi_mpr_2026_04_p112_c001"", ""rbi_mpr_2026_04_p013_c004"", ""rbi_mpr_2026_04_p056_c000"", ""rbi_mpr_2026_04_p013_c000"", ""rbi_mpr_2026_04_p102_c004"", ""rbi_mpr_2026_04_p102_c002"", ""rbi_mpr_2026_04_p107_c000"", ""rbi_mpr_2026_04_p101_c001"", ""rbi_mpr_2026_04_p111_c003"", ""rbi_mpr_2026_04_p106_c001"", ""rbi_mpr_2026_04_p013_c003"", ""rbi_mpr_2026_04_p015_c001"", ""rbi_mpr_2026_04_p077_c003"", ""rbi_mpr_2026_04_p111_c000"", ""rbi_mpr_2026_04_p015_c002"", ""rbi_mpr_2026_04_p056_c002"", ""rbi_mpr_2026_04_p025_c001"", ""rbi_mpr_2026_04_p100_c002"", ""rbi_mpr_2026_04_p061_c000"", ""rbi_mpr_2026_04_p102_c003"", ""rbi_mpr_2026_04_p113_c000"", ""rbi_mpr_2026_04_p109_c004"", ""rbi_mpr_2026_04_p095_c003"", ""rbi_mpr_2026_04_p101_c000"", ""rbi_mpr_2026_04_p082_c002"", ""rbi_mpr_2026_04_p015_c000"", ""rbi_mpr_2026_04_p055_c003"", ""rbi_mpr_2026_04_p013_c001"", ""rbi_mpr_2026_04_p057_c004"", ""rbi_mpr_2026_04_p111_c001"", ""rbi_mpr_2026_04_p103_c000"", ""rbi_mpr_2026_04_p015_c003"", ""rbi_mpr_2026_04_p112_c000"", ""rbi_mpr_2026_04_p101_c002"", ""rbi_mpr_2026_04_p016_c000"", ""rbi_mpr_2026_04_p059_c000"", ""rbi_mpr_2026_04_p110_c000"", ""rbi_mpr_2026_04_p073_c000"", ""rbi_mpr_2026_04_p100_c001"", ""rbi_mpr_2026_04_p095_c004"", ""rbi_mpr_2026_04_p014_c003"", ""rbi_mpr_2026_04_p100_c004"", ""rbi_mpr_2026_04_p017_c000"", ""rbi_mpr_2026_04_p102_c000"", ""rbi_mpr_2026_04_p005_c003"", ""rbi_mpr_2026_04_p115_c003"", ""rbi_mpr_2026_04_p072_c002"", ""rbi_mpr_2026_04_p105_c001"", ""rbi_mpr_2026_04_p075_c000"", ""rbi_mpr_2026_04_p021_c002""], ""dense_candidate_pages"": [112, 13, 56, 13, 102, 102, 107, 101, 111, 106, 13, 15, 77, 111, 15, 56, 25, 100, 61, 102, 113, 109, 95, 101, 82, 15, 55, 13, 57, 111, 103, 15, 112, 101, 16, 59, 110, 73, 100, 95, 14, 100, 17, 102, 5, 115, 72, 105, 75, 21], ""dense_candidate_scores"": [0.3389426126153643, 0.31990028713650576, 0.3192247995954216, 0.3102740312303146, 0.3097801966063124, 0.3006699867132886, 0.28976238231866924, 0.288867520431086, 0.28646885898863395, 0.26729322302793546, 0.26348871130655416, 0.26304144895015646, 0.26200885116163963, 0.26167875704410226, 0.2556442555680095, 0.2459650632200886, 0.24461248655767698, 0.24312284834390796, 0.23886677528758093, 0.23715586611912964, 0.23555647751183828, 0.2351860910071245, 0.23454588037824398, 0.22734374261100543, 0.2259383980942582, 0.21739936229225398, 0.21571492134466763, 0.21419940496591294, 0.2124160032180229, 0.21227472698181438, 0.20960986604416765, 0.20428747772051492, 0.19981224105193118, 0.19799731346135507, 0.19572264804722206, 0.19562503594607084, 0.19555288054142017, 0.19280271438238739, 0.19170993089419686, 0.1860083052276431, 0.17786426968988311, 0.1759942983151518, 0.1749434930880781, 0.1730296046971984, 0.17294463665060045, 0.17272361857700935, 0.1726786057427997, 0.17126373603828904, 0.1705478296694829, 0.16606458509968214], ""dense_first_evidence_rank"": 45, ""evidence_rank_after_reranking"": 10, ""evidence_rank_before_reranking"": 14, ""expected_evidence"": [""Global growth remained resilient but below its historical average""], ""loss_stage"": ""lost_by_quota"", ""report_id"": ""rbi_mpr_2026_04"", ""reranker_input_ids"": [""rbi_mpr_2026_04_p013_c004"", ""rbi_mpr_2026_04_p112_c001"", ""rbi_mpr_2026_04_p013_c000"", ""rbi_mpr_2026_04_p025_c001"", ""rbi_mpr_2026_04_p013_c001"", ""rbi_mpr_2026_04_p013_c003"", ""rbi_mpr_2026_04_p113_c000"", ""rbi_mpr_2026_04_p106_c001"", ""rbi_mpr_2026_04_p100_c002"", ""rbi_mpr_2026_04_p102_c004"", ""rbi_mpr_2026_04_p112_c000"", ""rbi_mpr_2026_04_p102_c000"", ""rbi_mpr_2026_04_p016_c000"", ""rbi_mpr_2026_04_p005_c003"", ""rbi_mpr_2026_04_p014_c000"", ""rbi_mpr_2026_04_p056_c000"", ""rbi_mpr_2026_04_p005_c000"", ""rbi_mpr_2026_04_p102_c002"", ""rbi_mpr_2026_04_p108_c000"", ""rbi_mpr_2026_04_p107_c000"", ""rbi_mpr_2026_04_p101_c001"", ""rbi_mpr_2026_04_p111_c003"", ""rbi_mpr_2026_04_p084_c000"", ""rbi_mpr_2026_04_p014_c001"", ""rbi_mpr_2026_04_p015_c001"", ""rbi_mpr_2026_04_p042_c001"", ""rbi_mpr_2026_04_p077_c003"", ""rbi_mpr_2026_04_p111_c000"", ""rbi_mpr_2026_04_p113_c003"", ""rbi_mpr_2026_04_p015_c002""], ""reranker_input_pages"": [13, 112, 13, 25, 13, 13, 113, 106, 100, 102, 112, 102, 16, 5, 14, 56, 5, 102, 108, 107, 101, 111, 84, 14, 15, 42, 77, 111, 113, 15], ""reranker_input_ranks"": [1, 2, 3, 4, 5, 6, 7, 8, 9, 10, 11, 12, 13, 14, 15, 16, 17, 18, 19, 20, 21, 22, 23, 24, 25, 26, 27, 28, 29, 30], ""reranker_output_ids"": [""rbi_mpr_2026_04_p013_c001"", ""rbi_mpr_2026_04_p014_c000"", ""rbi_mpr_2026_04_p016_c000"", ""rbi_mpr_2026_04_p025_c001"", ""rbi_mpr_2026_04_p056_c000"", ""rbi_mpr_2026_04_p108_c000"", ""rbi_mpr_2026_04_p102_c000"", ""rbi_mpr_2026_04_p013_c004"", ""rbi_mpr_2026_04_p084_c000"", ""rbi_mpr_2026_04_p005_c000"", ""rbi_mpr_2026_04_p112_c000"", ""rbi_mpr_2026_04_p113_c000"", ""rbi_mpr_2026_04_p100_c002"", ""rbi_mpr_2026_04_p013_c000"", ""rbi_mpr_2026_04_p014_c001"", ""rbi_mpr_2026_04_p113_c003"", ""rbi_mpr_2026_04_p013_c003"", ""rbi_mpr_2026_04_p112_c001"", ""rbi_mpr_2026_04_p107_c000"", ""rbi_mpr_2026_04_p015_c002"", ""rbi_mpr_2026_04_p102_c004"", ""rbi_mpr_2026_04_p106_c001"", ""rbi_mpr_2026_04_p005_c003"", ""rbi_mpr_2026_04_p111_c000"", ""rbi_mpr_2026_04_p101_c001"", ""rbi_mpr_2026_04_p102_c002"", ""rbi_mpr_2026_04_p015_c001"", ""rbi_mpr_2026_04_p042_c001"", ""rbi_mpr_2026_04_p111_c003"", ""rbi_mpr_2026_04_p077_c003""], ""reranker_output_pages"": [13, 14, 16, 25, 56, 108, 102, 13, 84, 5, 112, 113, 100, 13, 14, 113, 13, 112, 107, 15, 102, 106, 5, 111, 101, 102, 15, 42, 111, 77], ""reranker_scores"": [3.8973686695098877, 3.1800782680511475, 2.902292251586914, 2.725768804550171, 2.068222999572754, 1.567208170890808, 1.3932186365127563, 1.1062567234039307, 0.9883190989494324, 0.727995753288269, 0.04309859126806259, -0.1367713361978531, -0.2867830991744995, -0.72371906042099, -1.0169942378997803, -1.1570992469787598, -1.2298221588134766, -1.4170434474945068, -1.6571767330169678, -2.590162515640259, -2.738337993621826, -3.144381523132324, -3.3319716453552246, -3.4460153579711914, -3.6129608154296875, -3.6748945713043213, -4.299726486206055, -5.394955635070801, -7.4698166847229, -8.386140823364258], ""rrf_candidate_ids"": [""rbi_mpr_2026_04_p013_c004"", ""rbi_mpr_2026_04_p112_c001"", ""rbi_mpr_2026_04_p013_c000"", ""rbi_mpr_2026_04_p025_c001"", ""rbi_mpr_2026_04_p013_c001"", ""rbi_mpr_2026_04_p013_c003"", ""rbi_mpr_2026_04_p113_c000"", ""rbi_mpr_2026_04_p106_c001"", ""rbi_mpr_2026_04_p100_c002"", ""rbi_mpr_2026_04_p102_c004"", ""rbi_mpr_2026_04_p112_c000"", ""rbi_mpr_2026_04_p102_c000"", ""rbi_mpr_2026_04_p016_c000"", ""rbi_mpr_2026_04_p005_c003"", ""rbi_mpr_2026_04_p014_c000"", ""rbi_mpr_2026_04_p056_c000"", ""rbi_mpr_2026_04_p005_c000"", ""rbi_mpr_2026_04_p102_c002"", ""rbi_mpr_2026_04_p108_c000"", ""rbi_mpr_2026_04_p107_c000"", ""rbi_mpr_2026_04_p101_c001"", ""rbi_mpr_2026_04_p111_c003"", ""rbi_mpr_2026_04_p084_c000"", ""rbi_mpr_2026_04_p014_c001"", ""rbi_mpr_2026_04_p015_c001"", ""rbi_mpr_2026_04_p042_c001"", ""rbi_mpr_2026_04_p077_c003"", ""rbi_mpr_2026_04_p111_c000"", ""rbi_mpr_2026_04_p113_c003"", ""rbi_mpr_2026_04_p015_c002""], ""rrf_candidate_pages"": [13, 112, 13, 25, 13, 13, 113, 106, 100, 102, 112, 102, 16, 5, 14, 56, 5, 102, 108, 107, 101, 111, 84, 14, 15, 42, 77, 111, 113, 15], ""rrf_first_evidence_rank"": 14, ""rrf_scores"": [0.0315136476426799, 0.031099324975891997, 0.0293236301369863, 0.02886002886002886, 0.02749266862170088, 0.027417840375586856, 0.027271052146674038, 0.027106227106227107, 0.025478740668614087, 0.024818577648766327, 0.023739701159056, 0.02369989165763814, 0.022574508560558024, 0.01886960391633289, 0.01639344262295082, 0.015873015873015872, 0.015625, 0.015151515151515152, 0.015151515151515152, 0.014925373134328358, 0.014705882352941176, 0.014492753623188406, 0.014492753623188406, 0.014285714285714285, 0.013888888888888888, 0.013888888888888888, 0.0136986301369863, 0.013513513513513514, 0.013513513513513514, 0.013333333333333334], ""selected_chunk_ids_after_dedup"": [""rbi_mpr_2026_04_p013_c001"", ""rbi_mpr_2026_04_p014_c000"", ""rbi_mpr_2026_04_p016_c000"", ""rbi_mpr_2026_04_p025_c001""], ""selected_chunk_ids_before_dedup"": [""rbi_mpr_2026_04_p013_c001"", ""rbi_mpr_2026_04_p014_c000"", ""rbi_mpr_2026_04_p016_c000"", ""rbi_mpr_2026_04_p025_c001""], ""selected_pages"": [13, 14, 16, 25]}}","{""rbi_mpr_2026_04"": false}","{""rbi_mpr_2026_04"": 0.0}",[],"[""2026""]",0.1362999901175499,single_report,apr26_dev_005,[],0.0,"{""rbi_mpr_2026_04"": 4}",1.0,"[""rbi_mpr_2026_04""]",1437.3210999910953,0.1292000088142231,3671,4,0.0024999899324029684,dev,1472.4491000088165,4
True,2.682300008018501,0.13220000255387276,True,04a5ce7716e7f739c55089569953118657c56d931da37da67b3f680d0125b949,0,0.016299993149004877,bf7cf18e02abb87a6e22fe9b686d8f93fa34ceb3f67abc575741c0a63080b56d,0.2043999993475154,26.989099991624244,0,974,1.0,[],RRF_K60,[],0.11569999333005399,d063b65fcefc1858e3315b9e67356a80310b8ae9b4d0864e98dd7c18d8553c1a,0.3333333333333333,What were the Centre's gross market borrowings in 2025-26 according to April 2026?,What were the Centre's gross market borrowings in 2025-26 according to April 2026?,"{""rbi_mpr_2026_04"": {""accepted_evidence_found"": true, ""accepted_pages"": [64], ""bm25_candidate_ids"": [""rbi_mpr_2026_04_p065_c000"", ""rbi_mpr_2026_04_p064_c002"", ""rbi_mpr_2026_04_p034_c000"", ""rbi_mpr_2026_04_p068_c000"", ""rbi_mpr_2026_04_p084_c000"", ""rbi_mpr_2026_04_p062_c000"", ""rbi_mpr_2026_04_p031_c001"", ""rbi_mpr_2026_04_p087_c000"", ""rbi_mpr_2026_04_p032_c001"", ""rbi_mpr_2026_04_p088_c000"", ""rbi_mpr_2026_04_p069_c001"", ""rbi_mpr_2026_04_p103_c000"", ""rbi_mpr_2026_04_p107_c002"", ""rbi_mpr_2026_04_p072_c000"", ""rbi_mpr_2026_04_p102_c003"", ""rbi_mpr_2026_04_p028_c000"", ""rbi_mpr_2026_04_p102_c004"", ""rbi_mpr_2026_04_p087_c001"", ""rbi_mpr_2026_04_p063_c000"", ""rbi_mpr_2026_04_p069_c000"", ""rbi_mpr_2026_04_p064_c001"", ""rbi_mpr_2026_04_p014_c002"", ""rbi_mpr_2026_04_p021_c001"", ""rbi_mpr_2026_04_p066_c002"", ""rbi_mpr_2026_04_p032_c000"", ""rbi_mpr_2026_04_p101_c001"", ""rbi_mpr_2026_04_p071_c000"", ""rbi_mpr_2026_04_p064_c003"", ""rbi_mpr_2026_04_p060_c000"", ""rbi_mpr_2026_04_p068_c001"", ""rbi_mpr_2026_04_p063_c001"", ""rbi_mpr_2026_04_p069_c002"", ""rbi_mpr_2026_04_p027_c000"", ""rbi_mpr_2026_04_p031_c000"", ""rbi_mpr_2026_04_p043_c000"", ""rbi_mpr_2026_04_p105_c003"", ""rbi_mpr_2026_04_p040_c000"", ""rbi_mpr_2026_04_p085_c003"", ""rbi_mpr_2026_04_p038_c000"", ""rbi_mpr_2026_04_p030_c000"", ""rbi_mpr_2026_04_p103_c001"", ""rbi_mpr_2026_04_p016_c000"", ""rbi_mpr_2026_04_p038_c001"", ""rbi_mpr_2026_04_p026_c000"", ""rbi_mpr_2026_04_p085_c002"", ""rbi_mpr_2026_04_p083_c000"", ""rbi_mpr_2026_04_p107_c000"", ""rbi_mpr_2026_04_p081_c005"", ""rbi_mpr_2026_04_p015_c001"", ""rbi_mpr_2026_04_p055_c003""], ""bm25_candidate_pages"": [65, 64, 34, 68, 84, 62, 31, 87, 32, 88, 69, 103, 107, 72, 102, 28, 102, 87, 63, 69, 64, 14, 21, 66, 32, 101, 71, 64, 60, 68, 63, 69, 27, 31, 43, 105, 40, 85, 38, 30, 103, 16, 38, 26, 85, 83, 107, 81, 15, 55], ""bm25_candidate_scores"": [null, null, null, null, null, null, null, null, null, null, null, null, null, null, null, null, null, null, null, null, null, null, null, null, null, null, null, null, null, null, null, null, null, null, null, null, null, null, null, null, null, null, null, null, null, null, null, null, null, null], ""bm25_first_evidence_rank"": 2, ""candidate_source_expansion"": {""rbi_mpr_2026_04_p007_c000"": [], ""rbi_mpr_2026_04_p009_c001"": [], ""rbi_mpr_2026_04_p010_c000"": [], ""rbi_mpr_2026_04_p014_c002"": [], ""rbi_mpr_2026_04_p015_c001"": [], ""rbi_mpr_2026_04_p016_c000"": [], ""rbi_mpr_2026_04_p021_c001"": [], ""rbi_mpr_2026_04_p026_c000"": [], ""rbi_mpr_2026_04_p027_c000"": [], ""rbi_mpr_2026_04_p028_c000"": [], ""rbi_mpr_2026_04_p030_c000"": [], ""rbi_mpr_2026_04_p031_c000"": [], ""rbi_mpr_2026_04_p031_c001"": [], ""rbi_mpr_2026_04_p032_c000"": [], ""rbi_mpr_2026_04_p032_c001"": [], ""rbi_mpr_2026_04_p034_c000"": [], ""rbi_mpr_2026_04_p037_c000"": [], ""rbi_mpr_2026_04_p037_c001"": [], ""rbi_mpr_2026_04_p037_c002"": [], ""rbi_mpr_2026_04_p038_c000"": [], ""rbi_mpr_2026_04_p038_c001"": [], ""rbi_mpr_2026_04_p040_c000"": [], ""rbi_mpr_2026_04_p043_c000"": [], ""rbi_mpr_2026_04_p043_c001"": [], ""rbi_mpr_2026_04_p043_c002"": [], ""rbi_mpr_2026_04_p044_c002"": [], ""rbi_mpr_2026_04_p046_c000"": [], ""rbi_mpr_2026_04_p046_c001"": [], ""rbi_mpr_2026_04_p046_c003"": [], ""rbi_mpr_2026_04_p047_c001"": [], ""rbi_mpr_2026_04_p047_c003"": [], ""rbi_mpr_2026_04_p048_c003"": [], ""rbi_mpr_2026_04_p049_c003"": [], ""rbi_mpr_2026_04_p051_c000"": [], ""rbi_mpr_2026_04_p051_c001"": [], ""rbi_mpr_2026_04_p052_c000"": [], ""rbi_mpr_2026_04_p052_c002"": [], ""rbi_mpr_2026_04_p055_c003"": [], ""rbi_mpr_2026_04_p056_c001"": [], ""rbi_mpr_2026_04_p057_c000"": [], ""rbi_mpr_2026_04_p060_c000"": [], ""rbi_mpr_2026_04_p062_c000"": [], ""rbi_mpr_2026_04_p062_c001"": [], ""rbi_mpr_2026_04_p062_c002"": [], ""rbi_mpr_2026_04_p063_c000"": [], ""rbi_mpr_2026_04_p063_c001"": [], ""rbi_mpr_2026_04_p063_c002"": [], ""rbi_mpr_2026_04_p063_c003"": [], ""rbi_mpr_2026_04_p064_c001"": [], ""rbi_mpr_2026_04_p064_c002"": [], ""rbi_mpr_2026_04_p064_c003"": [], ""rbi_mpr_2026_04_p064_c004"": [], ""rbi_mpr_2026_04_p065_c000"": [], ""rbi_mpr_2026_04_p066_c002"": [], ""rbi_mpr_2026_04_p066_c003"": [], ""rbi_mpr_2026_04_p068_c000"": [], ""rbi_mpr_2026_04_p068_c001"": [], ""rbi_mpr_2026_04_p069_c000"": [], ""rbi_mpr_2026_04_p069_c001"": [], ""rbi_mpr_2026_04_p069_c002"": [], ""rbi_mpr_2026_04_p069_c004"": [], ""rbi_mpr_2026_04_p070_c004"": [], ""rbi_mpr_2026_04_p071_c000"": [], ""rbi_mpr_2026_04_p072_c000"": [], ""rbi_mpr_2026_04_p080_c000"": [], ""rbi_mpr_2026_04_p081_c005"": [], ""rbi_mpr_2026_04_p083_c000"": [], ""rbi_mpr_2026_04_p084_c000"": [], ""rbi_mpr_2026_04_p085_c002"": [], ""rbi_mpr_2026_04_p085_c003"": [], ""rbi_mpr_2026_04_p087_c000"": [], ""rbi_mpr_2026_04_p087_c001"": [], ""rbi_mpr_2026_04_p088_c000"": [], ""rbi_mpr_2026_04_p101_c000"": [], ""rbi_mpr_2026_04_p101_c001"": [], ""rbi_mpr_2026_04_p102_c000"": [], ""rbi_mpr_2026_04_p102_c003"": [], ""rbi_mpr_2026_04_p102_c004"": [], ""rbi_mpr_2026_04_p103_c000"": [], ""rbi_mpr_2026_04_p103_c001"": [], ""rbi_mpr_2026_04_p105_c003"": [], ""rbi_mpr_2026_04_p107_c000"": [], ""rbi_mpr_2026_04_p107_c002"": [], ""rbi_mpr_2026_04_p109_c004"": [], ""rbi_mpr_2026_04_p111_c000"": [], ""rbi_mpr_2026_04_p115_c003"": []}, ""candidate_source_facet"": {""rbi_mpr_2026_04_p007_c000"": [], ""rbi_mpr_2026_04_p009_c001"": [], ""rbi_mpr_2026_04_p010_c000"": [], ""rbi_mpr_2026_04_p014_c002"": [], ""rbi_mpr_2026_04_p015_c001"": [], ""rbi_mpr_2026_04_p016_c000"": [], ""rbi_mpr_2026_04_p021_c001"": [], ""rbi_mpr_2026_04_p026_c000"": [], ""rbi_mpr_2026_04_p027_c000"": [], ""rbi_mpr_2026_04_p028_c000"": [], ""rbi_mpr_2026_04_p030_c000"": [], ""rbi_mpr_2026_04_p031_c000"": [], ""rbi_mpr_2026_04_p031_c001"": [], ""rbi_mpr_2026_04_p032_c000"": [], ""rbi_mpr_2026_04_p032_c001"": [], ""rbi_mpr_2026_04_p034_c000"": [], ""rbi_mpr_2026_04_p037_c000"": [], ""rbi_mpr_2026_04_p037_c001"": [], ""rbi_mpr_2026_04_p037_c002"": [], ""rbi_mpr_2026_04_p038_c000"": [], ""rbi_mpr_2026_04_p038_c001"": [], ""rbi_mpr_2026_04_p040_c000"": [], ""rbi_mpr_2026_04_p043_c000"": [], ""rbi_mpr_2026_04_p043_c001"": [], ""rbi_mpr_2026_04_p043_c002"": [], ""rbi_mpr_2026_04_p044_c002"": [], ""rbi_mpr_2026_04_p046_c000"": [], ""rbi_mpr_2026_04_p046_c001"": [], ""rbi_mpr_2026_04_p046_c003"": [], ""rbi_mpr_2026_04_p047_c001"": [], ""rbi_mpr_2026_04_p047_c003"": [], ""rbi_mpr_2026_04_p048_c003"": [], ""rbi_mpr_2026_04_p049_c003"": [], ""rbi_mpr_2026_04_p051_c000"": [], ""rbi_mpr_2026_04_p051_c001"": [], ""rbi_mpr_2026_04_p052_c000"": [], ""rbi_mpr_2026_04_p052_c002"": [], ""rbi_mpr_2026_04_p055_c003"": [], ""rbi_mpr_2026_04_p056_c001"": [], ""rbi_mpr_2026_04_p057_c000"": [], ""rbi_mpr_2026_04_p060_c000"": [], ""rbi_mpr_2026_04_p062_c000"": [], ""rbi_mpr_2026_04_p062_c001"": [], ""rbi_mpr_2026_04_p062_c002"": [], ""rbi_mpr_2026_04_p063_c000"": [], ""rbi_mpr_2026_04_p063_c001"": [], ""rbi_mpr_2026_04_p063_c002"": [], ""rbi_mpr_2026_04_p063_c003"": [], ""rbi_mpr_2026_04_p064_c001"": [], ""rbi_mpr_2026_04_p064_c002"": [], ""rbi_mpr_2026_04_p064_c003"": [], ""rbi_mpr_2026_04_p064_c004"": [], ""rbi_mpr_2026_04_p065_c000"": [], ""rbi_mpr_2026_04_p066_c002"": [], ""rbi_mpr_2026_04_p066_c003"": [], ""rbi_mpr_2026_04_p068_c000"": [], ""rbi_mpr_2026_04_p068_c001"": [], ""rbi_mpr_2026_04_p069_c000"": [], ""rbi_mpr_2026_04_p069_c001"": [], ""rbi_mpr_2026_04_p069_c002"": [], ""rbi_mpr_2026_04_p069_c004"": [], ""rbi_mpr_2026_04_p070_c004"": [], ""rbi_mpr_2026_04_p071_c000"": [], ""rbi_mpr_2026_04_p072_c000"": [], ""rbi_mpr_2026_04_p080_c000"": [], ""rbi_mpr_2026_04_p081_c005"": [], ""rbi_mpr_2026_04_p083_c000"": [], ""rbi_mpr_2026_04_p084_c000"": [], ""rbi_mpr_2026_04_p085_c002"": [], ""rbi_mpr_2026_04_p085_c003"": [], ""rbi_mpr_2026_04_p087_c000"": [], ""rbi_mpr_2026_04_p087_c001"": [], ""rbi_mpr_2026_04_p088_c000"": [], ""rbi_mpr_2026_04_p101_c000"": [], ""rbi_mpr_2026_04_p101_c001"": [], ""rbi_mpr_2026_04_p102_c000"": [], ""rbi_mpr_2026_04_p102_c003"": [], ""rbi_mpr_2026_04_p102_c004"": [], ""rbi_mpr_2026_04_p103_c000"": [], ""rbi_mpr_2026_04_p103_c001"": [], ""rbi_mpr_2026_04_p105_c003"": [], ""rbi_mpr_2026_04_p107_c000"": [], ""rbi_mpr_2026_04_p107_c002"": [], ""rbi_mpr_2026_04_p109_c004"": [], ""rbi_mpr_2026_04_p111_c000"": [], ""rbi_mpr_2026_04_p115_c003"": []}, ""candidate_source_query"": {""rbi_mpr_2026_04_p007_c000"": [""What were the Centre's gross market borrowings in 2025-26 according to April 2026?""], ""rbi_mpr_2026_04_p009_c001"": [""What were the Centre's gross market borrowings in 2025-26 according to April 2026?""], ""rbi_mpr_2026_04_p010_c000"": [""What were the Centre's gross market borrowings in 2025-26 according to April 2026?""], ""rbi_mpr_2026_04_p014_c002"": [""What were the Centre's gross market borrowings in 2025-26 according to April 2026?""], ""rbi_mpr_2026_04_p015_c001"": [""What were the Centre's gross market borrowings in 2025-26 according to April 2026?""], ""rbi_mpr_2026_04_p016_c000"": [""What were the Centre's gross market borrowings in 2025-26 according to April 2026?""], ""rbi_mpr_2026_04_p021_c001"": [""What were the Centre's gross market borrowings in 2025-26 according to April 2026?""], ""rbi_mpr_2026_04_p026_c000"": [""What were the Centre's gross market borrowings in 2025-26 according to April 2026?""], ""rbi_mpr_2026_04_p027_c000"": [""What were the Centre's gross market borrowings in 2025-26 according to April 2026?""], ""rbi_mpr_2026_04_p028_c000"": [""What were the Centre's gross market borrowings in 2025-26 according to April 2026?""], ""rbi_mpr_2026_04_p030_c000"": [""What were the Centre's gross market borrowings in 2025-26 according to April 2026?""], ""rbi_mpr_2026_04_p031_c000"": [""What were the Centre's gross market borrowings in 2025-26 according to April 2026?""], ""rbi_mpr_2026_04_p031_c001"": [""What were the Centre's gross market borrowings in 2025-26 according to April 2026?""], ""rbi_mpr_2026_04_p032_c000"": [""What were the Centre's gross market borrowings in 2025-26 according to April 2026?""], ""rbi_mpr_2026_04_p032_c001"": [""What were the Centre's gross market borrowings in 2025-26 according to April 2026?""], ""rbi_mpr_2026_04_p034_c000"": [""What were the Centre's gross market borrowings in 2025-26 according to April 2026?""], ""rbi_mpr_2026_04_p037_c000"": [""What were the Centre's gross market borrowings in 2025-26 according to April 2026?""], ""rbi_mpr_2026_04_p037_c001"": [""What were the Centre's gross market borrowings in 2025-26 according to April 2026?""], ""rbi_mpr_2026_04_p037_c002"": [""What were the Centre's gross market borrowings in 2025-26 according to April 2026?""], ""rbi_mpr_2026_04_p038_c000"": [""What were the Centre's gross market borrowings in 2025-26 according to April 2026?""], ""rbi_mpr_2026_04_p038_c001"": [""What were the Centre's gross market borrowings in 2025-26 according to April 2026?""], ""rbi_mpr_2026_04_p040_c000"": [""What were the Centre's gross market borrowings in 2025-26 according to April 2026?""], ""rbi_mpr_2026_04_p043_c000"": [""What were the Centre's gross market borrowings in 2025-26 according to April 2026?""], ""rbi_mpr_2026_04_p043_c001"": [""What were the Centre's gross market borrowings in 2025-26 according to April 2026?""], ""rbi_mpr_2026_04_p043_c002"": [""What were the Centre's gross market borrowings in 2025-26 according to April 2026?""], ""rbi_mpr_2026_04_p044_c002"": [""What were the Centre's gross market borrowings in 2025-26 according to April 2026?""], ""rbi_mpr_2026_04_p046_c000"": [""What were the Centre's gross market borrowings in 2025-26 according to April 2026?""], ""rbi_mpr_2026_04_p046_c001"": [""What were the Centre's gross market borrowings in 2025-26 according to April 2026?""], ""rbi_mpr_2026_04_p046_c003"": [""What were the Centre's gross market borrowings in 2025-26 according to April 2026?""], ""rbi_mpr_2026_04_p047_c001"": [""What were the Centre's gross market borrowings in 2025-26 according to April 2026?""], ""rbi_mpr_2026_04_p047_c003"": [""What were the Centre's gross market borrowings in 2025-26 according to April 2026?""], ""rbi_mpr_2026_04_p048_c003"": [""What were the Centre's gross market borrowings in 2025-26 according to April 2026?""], ""rbi_mpr_2026_04_p049_c003"": [""What were the Centre's gross market borrowings in 2025-26 according to April 2026?""], ""rbi_mpr_2026_04_p051_c000"": [""What were the Centre's gross market borrowings in 2025-26 according to April 2026?""], ""rbi_mpr_2026_04_p051_c001"": [""What were the Centre's gross market borrowings in 2025-26 according to April 2026?""], ""rbi_mpr_2026_04_p052_c000"": [""What were the Centre's gross market borrowings in 2025-26 according to April 2026?""], ""rbi_mpr_2026_04_p052_c002"": [""What were the Centre's gross market borrowings in 2025-26 according to April 2026?""], ""rbi_mpr_2026_04_p055_c003"": [""What were the Centre's gross market borrowings in 2025-26 according to April 2026?""], ""rbi_mpr_2026_04_p056_c001"": [""What were the Centre's gross market borrowings in 2025-26 according to April 2026?""], ""rbi_mpr_2026_04_p057_c000"": [""What were the Centre's gross market borrowings in 2025-26 according to April 2026?""], ""rbi_mpr_2026_04_p060_c000"": [""What were the Centre's gross market borrowings in 2025-26 according to April 2026?""], ""rbi_mpr_2026_04_p062_c000"": [""What were the Centre's gross market borrowings in 2025-26 according to April 2026?""], ""rbi_mpr_2026_04_p062_c001"": [""What were the Centre's gross market borrowings in 2025-26 according to April 2026?""], ""rbi_mpr_2026_04_p062_c002"": [""What were the Centre's gross market borrowings in 2025-26 according to April 2026?""], ""rbi_mpr_2026_04_p063_c000"": [""What were the Centre's gross market borrowings in 2025-26 according to April 2026?""], ""rbi_mpr_2026_04_p063_c001"": [""What were the Centre's gross market borrowings in 2025-26 according to April 2026?""], ""rbi_mpr_2026_04_p063_c002"": [""What were the Centre's gross market borrowings in 2025-26 according to April 2026?""], ""rbi_mpr_2026_04_p063_c003"": [""What were the Centre's gross market borrowings in 2025-26 according to April 2026?""], ""rbi_mpr_2026_04_p064_c001"": [""What were the Centre's gross market borrowings in 2025-26 according to April 2026?""], ""rbi_mpr_2026_04_p064_c002"": [""What were the Centre's gross market borrowings in 2025-26 according to April 2026?""], ""rbi_mpr_2026_04_p064_c003"": [""What were the Centre's gross market borrowings in 2025-26 according to April 2026?""], ""rbi_mpr_2026_04_p064_c004"": [""What were the Centre's gross market borrowings in 2025-26 according to April 2026?""], ""rbi_mpr_2026_04_p065_c000"": [""What were the Centre's gross market borrowings in 2025-26 according to April 2026?""], ""rbi_mpr_2026_04_p066_c002"": [""What were the Centre's gross market borrowings in 2025-26 according to April 2026?""], ""rbi_mpr_2026_04_p066_c003"": [""What were the Centre's gross market borrowings in 2025-26 according to April 2026?""], ""rbi_mpr_2026_04_p068_c000"": [""What were the Centre's gross market borrowings in 2025-26 according to April 2026?""], ""rbi_mpr_2026_04_p068_c001"": [""What were the Centre's gross market borrowings in 2025-26 according to April 2026?""], ""rbi_mpr_2026_04_p069_c000"": [""What were the Centre's gross market borrowings in 2025-26 according to April 2026?""], ""rbi_mpr_2026_04_p069_c001"": [""What were the Centre's gross market borrowings in 2025-26 according to April 2026?""], ""rbi_mpr_2026_04_p069_c002"": [""What were the Centre's gross market borrowings in 2025-26 according to April 2026?""], ""rbi_mpr_2026_04_p069_c004"": [""What were the Centre's gross market borrowings in 2025-26 according to April 2026?""], ""rbi_mpr_2026_04_p070_c004"": [""What were the Centre's gross market borrowings in 2025-26 according to April 2026?""], ""rbi_mpr_2026_04_p071_c000"": [""What were the Centre's gross market borrowings in 2025-26 according to April 2026?""], ""rbi_mpr_2026_04_p072_c000"": [""What were the Centre's gross market borrowings in 2025-26 according to April 2026?""], ""rbi_mpr_2026_04_p080_c000"": [""What were the Centre's gross market borrowings in 2025-26 according to April 2026?""], ""rbi_mpr_2026_04_p081_c005"": [""What were the Centre's gross market borrowings in 2025-26 according to April 2026?""], ""rbi_mpr_2026_04_p083_c000"": [""What were the Centre's gross market borrowings in 2025-26 according to April 2026?""], ""rbi_mpr_2026_04_p084_c000"": [""What were the Centre's gross market borrowings in 2025-26 according to April 2026?""], ""rbi_mpr_2026_04_p085_c002"": [""What were the Centre's gross market borrowings in 2025-26 according to April 2026?""], ""rbi_mpr_2026_04_p085_c003"": [""What were the Centre's gross market borrowings in 2025-26 according to April 2026?""], ""rbi_mpr_2026_04_p087_c000"": [""What were the Centre's gross market borrowings in 2025-26 according to April 2026?""], ""rbi_mpr_2026_04_p087_c001"": [""What were the Centre's gross market borrowings in 2025-26 according to April 2026?""], ""rbi_mpr_2026_04_p088_c000"": [""What were the Centre's gross market borrowings in 2025-26 according to April 2026?""], ""rbi_mpr_2026_04_p101_c000"": [""What were the Centre's gross market borrowings in 2025-26 according to April 2026?""], ""rbi_mpr_2026_04_p101_c001"": [""What were the Centre's gross market borrowings in 2025-26 according to April 2026?""], ""rbi_mpr_2026_04_p102_c000"": [""What were the Centre's gross market borrowings in 2025-26 according to April 2026?""], ""rbi_mpr_2026_04_p102_c003"": [""What were the Centre's gross market borrowings in 2025-26 according to April 2026?""], ""rbi_mpr_2026_04_p102_c004"": [""What were the Centre's gross market borrowings in 2025-26 according to April 2026?""], ""rbi_mpr_2026_04_p103_c000"": [""What were the Centre's gross market borrowings in 2025-26 according to April 2026?""], ""rbi_mpr_2026_04_p103_c001"": [""What were the Centre's gross market borrowings in 2025-26 according to April 2026?""], ""rbi_mpr_2026_04_p105_c003"": [""What were the Centre's gross market borrowings in 2025-26 according to April 2026?""], ""rbi_mpr_2026_04_p107_c000"": [""What were the Centre's gross market borrowings in 2025-26 according to April 2026?""], ""rbi_mpr_2026_04_p107_c002"": [""What were the Centre's gross market borrowings in 2025-26 according to April 2026?""], ""rbi_mpr_2026_04_p109_c004"": [""What were the Centre's gross market borrowings in 2025-26 according to April 2026?""], ""rbi_mpr_2026_04_p111_c000"": [""What were the Centre's gross market borrowings in 2025-26 according to April 2026?""], ""rbi_mpr_2026_04_p115_c003"": [""What were the Centre's gross market borrowings in 2025-26 according to April 2026?""]}, ""candidate_source_retriever"": {""rbi_mpr_2026_04_p007_c000"": [""dense""], ""rbi_mpr_2026_04_p009_c001"": [""dense""], ""rbi_mpr_2026_04_p010_c000"": [""dense""], ""rbi_mpr_2026_04_p014_c002"": [""bm25""], ""rbi_mpr_2026_04_p015_c001"": [""bm25""], ""rbi_mpr_2026_04_p016_c000"": [""bm25""], ""rbi_mpr_2026_04_p021_c001"": [""bm25""], ""rbi_mpr_2026_04_p026_c000"": [""bm25""], ""rbi_mpr_2026_04_p027_c000"": [""bm25""], ""rbi_mpr_2026_04_p028_c000"": [""bm25""], ""rbi_mpr_2026_04_p030_c000"": [""bm25""], ""rbi_mpr_2026_04_p031_c000"": [""bm25""], ""rbi_mpr_2026_04_p031_c001"": [""bm25""], ""rbi_mpr_2026_04_p032_c000"": [""bm25""], ""rbi_mpr_2026_04_p032_c001"": [""bm25""], ""rbi_mpr_2026_04_p034_c000"": [""bm25""], ""rbi_mpr_2026_04_p037_c000"": [""dense""], ""rbi_mpr_2026_04_p037_c001"": [""dense""], ""rbi_mpr_2026_04_p037_c002"": [""dense""], ""rbi_mpr_2026_04_p038_c000"": [""bm25""], ""rbi_mpr_2026_04_p038_c001"": [""bm25""], ""rbi_mpr_2026_04_p040_c000"": [""bm25""], ""rbi_mpr_2026_04_p043_c000"": [""bm25""], ""rbi_mpr_2026_04_p043_c001"": [""dense""], ""rbi_mpr_2026_04_p043_c002"": [""dense""], ""rbi_mpr_2026_04_p044_c002"": [""dense""], ""rbi_mpr_2026_04_p046_c000"": [""dense""], ""rbi_mpr_2026_04_p046_c001"": [""dense""], ""rbi_mpr_2026_04_p046_c003"": [""dense""], ""rbi_mpr_2026_04_p047_c001"": [""dense""], ""rbi_mpr_2026_04_p047_c003"": [""dense""], ""rbi_mpr_2026_04_p048_c003"": [""dense""], ""rbi_mpr_2026_04_p049_c003"": [""dense""], ""rbi_mpr_2026_04_p051_c000"": [""dense""], ""rbi_mpr_2026_04_p051_c001"": [""dense""], ""rbi_mpr_2026_04_p052_c000"": [""dense""], ""rbi_mpr_2026_04_p052_c002"": [""dense""], ""rbi_mpr_2026_04_p055_c003"": [""bm25"", ""dense""], ""rbi_mpr_2026_04_p056_c001"": [""dense""], ""rbi_mpr_2026_04_p057_c000"": [""dense""], ""rbi_mpr_2026_04_p060_c000"": [""bm25"", ""dense""], ""rbi_mpr_2026_04_p062_c000"": [""bm25"", ""dense""], ""rbi_mpr_2026_04_p062_c001"": [""dense""], ""rbi_mpr_2026_04_p062_c002"": [""dense""], ""rbi_mpr_2026_04_p063_c000"": [""bm25"", ""dense""], ""rbi_mpr_2026_04_p063_c001"": [""bm25"", ""dense""], ""rbi_mpr_2026_04_p063_c002"": [""dense""], ""rbi_mpr_2026_04_p063_c003"": [""dense""], ""rbi_mpr_2026_04_p064_c001"": [""bm25"", ""dense""], ""rbi_mpr_2026_04_p064_c002"": [""bm25"", ""dense""], ""rbi_mpr_2026_04_p064_c003"": [""bm25"", ""dense""], ""rbi_mpr_2026_04_p064_c004"": [""dense""], ""rbi_mpr_2026_04_p065_c000"": [""bm25"", ""dense""], ""rbi_mpr_2026_04_p066_c002"": [""bm25"", ""dense""], ""rbi_mpr_2026_04_p066_c003"": [""dense""], ""rbi_mpr_2026_04_p068_c000"": [""bm25""], ""rbi_mpr_2026_04_p068_c001"": [""bm25""], ""rbi_mpr_2026_04_p069_c000"": [""bm25"", ""dense""], ""rbi_mpr_2026_04_p069_c001"": [""bm25"", ""dense""], ""rbi_mpr_2026_04_p069_c002"": [""bm25""], ""rbi_mpr_2026_04_p069_c004"": [""dense""], ""rbi_mpr_2026_04_p070_c004"": [""dense""], ""rbi_mpr_2026_04_p071_c000"": [""bm25""], ""rbi_mpr_2026_04_p072_c000"": [""bm25""], ""rbi_mpr_2026_04_p080_c000"": [""dense""], ""rbi_mpr_2026_04_p081_c005"": [""bm25""], ""rbi_mpr_2026_04_p083_c000"": [""bm25""], ""rbi_mpr_2026_04_p084_c000"": [""bm25""], ""rbi_mpr_2026_04_p085_c002"": [""bm25""], ""rbi_mpr_2026_04_p085_c003"": [""bm25""], ""rbi_mpr_2026_04_p087_c000"": [""bm25""], ""rbi_mpr_2026_04_p087_c001"": [""bm25""], ""rbi_mpr_2026_04_p088_c000"": [""bm25"", ""dense""], ""rbi_mpr_2026_04_p101_c000"": [""dense""], ""rbi_mpr_2026_04_p101_c001"": [""bm25"", ""dense""], ""rbi_mpr_2026_04_p102_c000"": [""dense""], ""rbi_mpr_2026_04_p102_c003"": [""bm25""], ""rbi_mpr_2026_04_p102_c004"": [""bm25""], ""rbi_mpr_2026_04_p103_c000"": [""bm25""], ""rbi_mpr_2026_04_p103_c001"": [""bm25""], ""rbi_mpr_2026_04_p105_c003"": [""bm25""], ""rbi_mpr_2026_04_p107_c000"": [""bm25""], ""rbi_mpr_2026_04_p107_c002"": [""bm25""], ""rbi_mpr_2026_04_p109_c004"": [""dense""], ""rbi_mpr_2026_04_p111_c000"": [""dense""], ""rbi_mpr_2026_04_p115_c003"": [""dense""]}, ""candidate_union_ids"": [""rbi_mpr_2026_04_p065_c000"", ""rbi_mpr_2026_04_p064_c002"", ""rbi_mpr_2026_04_p063_c000"", ""rbi_mpr_2026_04_p109_c004"", ""rbi_mpr_2026_04_p044_c002"", ""rbi_mpr_2026_04_p049_c003"", ""rbi_mpr_2026_04_p063_c001"", ""rbi_mpr_2026_04_p062_c000"", ""rbi_mpr_2026_04_p069_c000"", ""rbi_mpr_2026_04_p062_c001"", ""rbi_mpr_2026_04_p063_c003"", ""rbi_mpr_2026_04_p064_c003"", ""rbi_mpr_2026_04_p063_c002"", ""rbi_mpr_2026_04_p069_c004"", ""rbi_mpr_2026_04_p055_c003"", ""rbi_mpr_2026_04_p051_c001"", ""rbi_mpr_2026_04_p046_c000"", ""rbi_mpr_2026_04_p066_c002"", ""rbi_mpr_2026_04_p062_c002"", ""rbi_mpr_2026_04_p043_c002"", ""rbi_mpr_2026_04_p051_c000"", ""rbi_mpr_2026_04_p070_c004"", ""rbi_mpr_2026_04_p115_c003"", ""rbi_mpr_2026_04_p047_c003"", ""rbi_mpr_2026_04_p069_c001"", ""rbi_mpr_2026_04_p046_c001"", ""rbi_mpr_2026_04_p056_c001"", ""rbi_mpr_2026_04_p064_c001"", ""rbi_mpr_2026_04_p102_c000"", ""rbi_mpr_2026_04_p037_c001"", ""rbi_mpr_2026_04_p046_c003"", ""rbi_mpr_2026_04_p064_c004"", ""rbi_mpr_2026_04_p101_c001"", ""rbi_mpr_2026_04_p101_c000"", ""rbi_mpr_2026_04_p037_c000"", ""rbi_mpr_2026_04_p010_c000"", ""rbi_mpr_2026_04_p048_c003"", ""rbi_mpr_2026_04_p060_c000"", ""rbi_mpr_2026_04_p111_c000"", ""rbi_mpr_2026_04_p066_c003"", ""rbi_mpr_2026_04_p047_c001"", ""rbi_mpr_2026_04_p052_c000"", ""rbi_mpr_2026_04_p037_c002"", ""rbi_mpr_2026_04_p007_c000"", ""rbi_mpr_2026_04_p080_c000"", ""rbi_mpr_2026_04_p088_c000"", ""rbi_mpr_2026_04_p052_c002"", ""rbi_mpr_2026_04_p057_c000"", ""rbi_mpr_2026_04_p043_c001"", ""rbi_mpr_2026_04_p009_c001"", ""rbi_mpr_2026_04_p034_c000"", ""rbi_mpr_2026_04_p068_c000"", ""rbi_mpr_2026_04_p084_c000"", ""rbi_mpr_2026_04_p031_c001"", ""rbi_mpr_2026_04_p087_c000"", ""rbi_mpr_2026_04_p032_c001"", ""rbi_mpr_2026_04_p103_c000"", ""rbi_mpr_2026_04_p107_c002"", ""rbi_mpr_2026_04_p072_c000"", ""rbi_mpr_2026_04_p102_c003"", ""rbi_mpr_2026_04_p028_c000"", ""rbi_mpr_2026_04_p102_c004"", ""rbi_mpr_2026_04_p087_c001"", ""rbi_mpr_2026_04_p014_c002"", ""rbi_mpr_2026_04_p021_c001"", ""rbi_mpr_2026_04_p032_c000"", ""rbi_mpr_2026_04_p071_c000"", ""rbi_mpr_2026_04_p068_c001"", ""rbi_mpr_2026_04_p069_c002"", ""rbi_mpr_2026_04_p027_c000"", ""rbi_mpr_2026_04_p031_c000"", ""rbi_mpr_2026_04_p043_c000"", ""rbi_mpr_2026_04_p105_c003"", ""rbi_mpr_2026_04_p040_c000"", ""rbi_mpr_2026_04_p085_c003"", ""rbi_mpr_2026_04_p038_c000"", ""rbi_mpr_2026_04_p030_c000"", ""rbi_mpr_2026_04_p103_c001"", ""rbi_mpr_2026_04_p016_c000"", ""rbi_mpr_2026_04_p038_c001"", ""rbi_mpr_2026_04_p026_c000"", ""rbi_mpr_2026_04_p085_c002"", ""rbi_mpr_2026_04_p083_c000"", ""rbi_mpr_2026_04_p107_c000"", ""rbi_mpr_2026_04_p081_c005"", ""rbi_mpr_2026_04_p015_c001""], ""candidate_union_pages"": [65, 64, 63, 109, 44, 49, 63, 62, 69, 62, 63, 64, 63, 69, 55, 51, 46, 66, 62, 43, 51, 70, 115, 47, 69, 46, 56, 64, 102, 37, 46, 64, 101, 101, 37, 10, 48, 60, 111, 66, 47, 52, 37, 7, 80, 88, 52, 57, 43, 9, 34, 68, 84, 31, 87, 32, 103, 107, 72, 102, 28, 102, 87, 14, 21, 32, 71, 68, 69, 27, 31, 43, 105, 40, 85, 38, 30, 103, 16, 38, 26, 85, 83, 107, 81, 15], ""dense_candidate_ids"": [""rbi_mpr_2026_04_p065_c000"", ""rbi_mpr_2026_04_p064_c002"", ""rbi_mpr_2026_04_p063_c000"", ""rbi_mpr_2026_04_p109_c004"", ""rbi_mpr_2026_04_p044_c002"", ""rbi_mpr_2026_04_p049_c003"", ""rbi_mpr_2026_04_p063_c001"", ""rbi_mpr_2026_04_p062_c000"", ""rbi_mpr_2026_04_p069_c000"", ""rbi_mpr_2026_04_p062_c001"", ""rbi_mpr_2026_04_p063_c003"", ""rbi_mpr_2026_04_p064_c003"", ""rbi_mpr_2026_04_p063_c002"", ""rbi_mpr_2026_04_p069_c004"", ""rbi_mpr_2026_04_p055_c003"", ""rbi_mpr_2026_04_p051_c001"", ""rbi_mpr_2026_04_p046_c000"", ""rbi_mpr_2026_04_p066_c002"", ""rbi_mpr_2026_04_p062_c002"", ""rbi_mpr_2026_04_p043_c002"", ""rbi_mpr_2026_04_p051_c000"", ""rbi_mpr_2026_04_p070_c004"", ""rbi_mpr_2026_04_p115_c003"", ""rbi_mpr_2026_04_p047_c003"", ""rbi_mpr_2026_04_p069_c001"", ""rbi_mpr_2026_04_p046_c001"", ""rbi_mpr_2026_04_p056_c001"", ""rbi_mpr_2026_04_p064_c001"", ""rbi_mpr_2026_04_p102_c000"", ""rbi_mpr_2026_04_p037_c001"", ""rbi_mpr_2026_04_p046_c003"", ""rbi_mpr_2026_04_p064_c004"", ""rbi_mpr_2026_04_p101_c001"", ""rbi_mpr_2026_04_p101_c000"", ""rbi_mpr_2026_04_p037_c000"", ""rbi_mpr_2026_04_p010_c000"", ""rbi_mpr_2026_04_p048_c003"", ""rbi_mpr_2026_04_p060_c000"", ""rbi_mpr_2026_04_p111_c000"", ""rbi_mpr_2026_04_p066_c003"", ""rbi_mpr_2026_04_p047_c001"", ""rbi_mpr_2026_04_p052_c000"", ""rbi_mpr_2026_04_p037_c002"", ""rbi_mpr_2026_04_p007_c000"", ""rbi_mpr_2026_04_p080_c000"", ""rbi_mpr_2026_04_p088_c000"", ""rbi_mpr_2026_04_p052_c002"", ""rbi_mpr_2026_04_p057_c000"", ""rbi_mpr_2026_04_p043_c001"", ""rbi_mpr_2026_04_p009_c001""], ""dense_candidate_pages"": [65, 64, 63, 109, 44, 49, 63, 62, 69, 62, 63, 64, 63, 69, 55, 51, 46, 66, 62, 43, 51, 70, 115, 47, 69, 46, 56, 64, 102, 37, 46, 64, 101, 101, 37, 10, 48, 60, 111, 66, 47, 52, 37, 7, 80, 88, 52, 57, 43, 9], ""dense_candidate_scores"": [0.41506597446592153, 0.4070036616674241, 0.35704282958945877, 0.3550549313325939, 0.34998858511364495, 0.3466857894769372, 0.3443109831507424, 0.3386654549395567, 0.33699458527719073, 0.3310893903323294, 0.3288947617835186, 0.32401790779547457, 0.32133378574805826, 0.3185915010496969, 0.3155031485782127, 0.31468044209528, 0.31060534760645875, 0.3065228352722995, 0.30517868797959, 0.30318059018538557, 0.3011623040507444, 0.29572860590017436, 0.29378239087648683, 0.2929714433642887, 0.291881357274403, 0.2898921946120828, 0.28623873719576454, 0.28396339743205534, 0.2828227351239565, 0.2822353766431087, 0.2806816752196031, 0.2797584906498205, 0.2797320224289557, 0.27613605331400615, 0.27305368569501043, 0.27242839505050287, 0.271249294816562, 0.2706889103187612, 0.2704630875044398, 0.26892051284894114, 0.26205411687694025, 0.26053101406545365, 0.25934120853199105, 0.2578235005171138, 0.25612936579436985, 0.25571295493108226, 0.25521166031489373, 0.254516490195555, 0.25420224329305774, 0.2540089578457868], ""dense_first_evidence_rank"": 2, ""evidence_rank_after_reranking"": 3, ""evidence_rank_before_reranking"": 2, ""expected_evidence"": [""gross market borrowings through issuance of dated securities amounted to \u20b914.61 lakh crore""], ""loss_stage"": ""evidence_found"", ""report_id"": ""rbi_mpr_2026_04"", ""reranker_input_ids"": [""rbi_mpr_2026_04_p065_c000"", ""rbi_mpr_2026_04_p064_c002"", ""rbi_mpr_2026_04_p062_c000"", ""rbi_mpr_2026_04_p063_c000"", ""rbi_mpr_2026_04_p069_c000"", ""rbi_mpr_2026_04_p063_c001"", ""rbi_mpr_2026_04_p069_c001"", ""rbi_mpr_2026_04_p064_c003"", ""rbi_mpr_2026_04_p066_c002"", ""rbi_mpr_2026_04_p088_c000"", ""rbi_mpr_2026_04_p064_c001"", ""rbi_mpr_2026_04_p055_c003"", ""rbi_mpr_2026_04_p101_c001"", ""rbi_mpr_2026_04_p060_c000"", ""rbi_mpr_2026_04_p034_c000"", ""rbi_mpr_2026_04_p109_c004"", ""rbi_mpr_2026_04_p068_c000"", ""rbi_mpr_2026_04_p044_c002"", ""rbi_mpr_2026_04_p084_c000"", ""rbi_mpr_2026_04_p049_c003"", ""rbi_mpr_2026_04_p031_c001"", ""rbi_mpr_2026_04_p087_c000"", ""rbi_mpr_2026_04_p032_c001"", ""rbi_mpr_2026_04_p062_c001"", ""rbi_mpr_2026_04_p063_c003"", ""rbi_mpr_2026_04_p103_c000"", ""rbi_mpr_2026_04_p063_c002"", ""rbi_mpr_2026_04_p107_c002"", ""rbi_mpr_2026_04_p069_c004"", ""rbi_mpr_2026_04_p072_c000""], ""reranker_input_pages"": [65, 64, 62, 63, 69, 63, 69, 64, 66, 88, 64, 55, 101, 60, 34, 109, 68, 44, 84, 49, 31, 87, 32, 62, 63, 103, 63, 107, 69, 72], ""reranker_input_ranks"": [1, 2, 3, 4, 5, 6, 7, 8, 9, 10, 11, 12, 13, 14, 15, 16, 17, 18, 19, 20, 21, 22, 23, 24, 25, 26, 27, 28, 29, 30], ""reranker_output_ids"": [""rbi_mpr_2026_04_p065_c000"", ""rbi_mpr_2026_04_p066_c002"", ""rbi_mpr_2026_04_p064_c002"", ""rbi_mpr_2026_04_p069_c000"", ""rbi_mpr_2026_04_p034_c000"", ""rbi_mpr_2026_04_p064_c001"", ""rbi_mpr_2026_04_p068_c000"", ""rbi_mpr_2026_04_p062_c000"", ""rbi_mpr_2026_04_p064_c003"", ""rbi_mpr_2026_04_p069_c001"", ""rbi_mpr_2026_04_p063_c000"", ""rbi_mpr_2026_04_p060_c000"", ""rbi_mpr_2026_04_p063_c001"", ""rbi_mpr_2026_04_p109_c004"", ""rbi_mpr_2026_04_p072_c000"", ""rbi_mpr_2026_04_p084_c000"", ""rbi_mpr_2026_04_p101_c001"", ""rbi_mpr_2026_04_p087_c000"", ""rbi_mpr_2026_04_p088_c000"", ""rbi_mpr_2026_04_p103_c000"", ""rbi_mpr_2026_04_p032_c001"", ""rbi_mpr_2026_04_p069_c004"", ""rbi_mpr_2026_04_p055_c003"", ""rbi_mpr_2026_04_p063_c002"", ""rbi_mpr_2026_04_p031_c001"", ""rbi_mpr_2026_04_p063_c003"", ""rbi_mpr_2026_04_p062_c001"", ""rbi_mpr_2026_04_p044_c002"", ""rbi_mpr_2026_04_p107_c002"", ""rbi_mpr_2026_04_p049_c003""], ""reranker_output_pages"": [65, 66, 64, 69, 34, 64, 68, 62, 64, 69, 63, 60, 63, 109, 72, 84, 101, 87, 88, 103, 32, 69, 55, 63, 31, 63, 62, 44, 107, 49], ""reranker_scores"": [7.952348232269287, 7.049745559692383, 6.6520795822143555, 4.686755657196045, 4.670013904571533, 3.8839783668518066, 3.7221438884735107, 2.4403462409973145, 2.2870705127716064, 2.254674196243286, 2.0638208389282227, 1.7827905416488647, 1.7506208419799805, 1.420121192932129, 0.9541910290718079, 0.8954865336418152, 0.3620556592941284, 0.08832327276468277, -0.05902131646871567, -0.5546514987945557, -1.1704130172729492, -1.6906936168670654, -1.716159701347351, -2.299344539642334, -2.5517139434814453, -2.811335563659668, -3.0872912406921387, -3.6688103675842285, -4.969343185424805, -8.248235702514648], ""rrf_candidate_ids"": [""rbi_mpr_2026_04_p065_c000"", ""rbi_mpr_2026_04_p064_c002"", ""rbi_mpr_2026_04_p062_c000"", ""rbi_mpr_2026_04_p063_c000"", ""rbi_mpr_2026_04_p069_c000"", ""rbi_mpr_2026_04_p063_c001"", ""rbi_mpr_2026_04_p069_c001"", ""rbi_mpr_2026_04_p064_c003"", ""rbi_mpr_2026_04_p066_c002"", ""rbi_mpr_2026_04_p088_c000"", ""rbi_mpr_2026_04_p064_c001"", ""rbi_mpr_2026_04_p055_c003"", ""rbi_mpr_2026_04_p101_c001"", ""rbi_mpr_2026_04_p060_c000"", ""rbi_mpr_2026_04_p034_c000"", ""rbi_mpr_2026_04_p109_c004"", ""rbi_mpr_2026_04_p068_c000"", ""rbi_mpr_2026_04_p044_c002"", ""rbi_mpr_2026_04_p084_c000"", ""rbi_mpr_2026_04_p049_c003"", ""rbi_mpr_2026_04_p031_c001"", ""rbi_mpr_2026_04_p087_c000"", ""rbi_mpr_2026_04_p032_c001"", ""rbi_mpr_2026_04_p062_c001"", ""rbi_mpr_2026_04_p063_c003"", ""rbi_mpr_2026_04_p103_c000"", ""rbi_mpr_2026_04_p063_c002"", ""rbi_mpr_2026_04_p107_c002"", ""rbi_mpr_2026_04_p069_c004"", ""rbi_mpr_2026_04_p072_c000""], ""rrf_candidate_pages"": [65, 64, 62, 63, 69, 63, 69, 64, 66, 88, 64, 55, 101, 60, 34, 109, 68, 44, 84, 49, 31, 87, 32, 62, 63, 103, 63, 107, 69, 72], ""rrf_first_evidence_rank"": 2, ""rrf_scores"": [0.03278688524590164, 0.03225806451612903, 0.029857397504456328, 0.028531243721117136, 0.026992753623188405, 0.025914384123339348, 0.025849212924606464, 0.025252525252525252, 0.024725274725274724, 0.02371967654986523, 0.023709315375982042, 0.022424242424242423, 0.022380595148787197, 0.021440036688832834, 0.015873015873015872, 0.015625, 0.015625, 0.015384615384615385, 0.015384615384615385, 0.015151515151515152, 0.014925373134328358, 0.014705882352941176, 0.014492753623188406, 0.014285714285714285, 0.014084507042253521, 0.013888888888888888, 0.0136986301369863, 0.0136986301369863, 0.013513513513513514, 0.013513513513513514], ""selected_chunk_ids_after_dedup"": [""rbi_mpr_2026_04_p065_c000"", ""rbi_mpr_2026_04_p066_c002"", ""rbi_mpr_2026_04_p064_c002"", ""rbi_mpr_2026_04_p069_c000""], ""selected_chunk_ids_before_dedup"": [""rbi_mpr_2026_04_p065_c000"", ""rbi_mpr_2026_04_p066_c002"", ""rbi_mpr_2026_04_p064_c002"", ""rbi_mpr_2026_04_p069_c000""], ""selected_pages"": [65, 66, 64, 69]}}","{""rbi_mpr_2026_04"": true}","{""rbi_mpr_2026_04"": 0.3333333333333333}",[],"[""2025"", ""26"", ""2026""]",0.11770000855904073,single_report,apr26_dev_006,[],0.0,"{""rbi_mpr_2026_04"": 4}",1.0,"[""rbi_mpr_2026_04""]",3014.6638000005623,0.10479999764356762,3896,4,0.0039000005926936865,dev,3045.2525000000605,4
False,5.397699991590343,0.36219999310560524,False,04a5ce7716e7f739c55089569953118657c56d931da37da67b3f680d0125b949,0,0.022799998987466097,bf7cf18e02abb87a6e22fe9b686d8f93fa34ceb3f67abc575741c0a63080b56d,0.2786999975796789,81.00120000017341,0,1466,0.5,[],RRF_K60,[],0.2843000111170113,d063b65fcefc1858e3315b9e67356a80310b8ae9b4d0864e98dd7c18d8553c1a,0.16666666666666666,Compare food-inflation developments reported in April and October 2025.,Compare food-inflation developments reported in April and October 2025.,"{""rbi_mpr_2025_04"": {""accepted_evidence_found"": true, ""accepted_pages"": [12], ""bm25_candidate_ids"": [""rbi_mpr_2025_04_p044_c002"", ""rbi_mpr_2025_04_p044_c001"", ""rbi_mpr_2025_04_p078_c002"", ""rbi_mpr_2025_04_p014_c000"", ""rbi_mpr_2025_04_p013_c003"", ""rbi_mpr_2025_04_p012_c000"", ""rbi_mpr_2025_04_p041_c000"", ""rbi_mpr_2025_04_p069_c004"", ""rbi_mpr_2025_04_p069_c000"", ""rbi_mpr_2025_04_p030_c001"", ""rbi_mpr_2025_04_p068_c000"", ""rbi_mpr_2025_04_p025_c000"", ""rbi_mpr_2025_04_p038_c002"", ""rbi_mpr_2025_04_p037_c000"", ""rbi_mpr_2025_04_p036_c004"", ""rbi_mpr_2025_04_p099_c004"", ""rbi_mpr_2025_04_p025_c001"", ""rbi_mpr_2025_04_p011_c000"", ""rbi_mpr_2025_04_p013_c004"", ""rbi_mpr_2025_04_p073_c001"", ""rbi_mpr_2025_04_p043_c001"", ""rbi_mpr_2025_04_p066_c000"", ""rbi_mpr_2025_04_p083_c000"", ""rbi_mpr_2025_04_p099_c003"", ""rbi_mpr_2025_04_p025_c003"", ""rbi_mpr_2025_04_p015_c000"", ""rbi_mpr_2025_04_p014_c001"", ""rbi_mpr_2025_04_p048_c000"", ""rbi_mpr_2025_04_p015_c001"", ""rbi_mpr_2025_04_p039_c001"", ""rbi_mpr_2025_04_p039_c000"", ""rbi_mpr_2025_04_p078_c003"", ""rbi_mpr_2025_04_p070_c000"", ""rbi_mpr_2025_04_p036_c002"", ""rbi_mpr_2025_04_p103_c002"", ""rbi_mpr_2025_04_p032_c000"", ""rbi_mpr_2025_04_p098_c000"", ""rbi_mpr_2025_04_p036_c000"", ""rbi_mpr_2025_04_p034_c000"", ""rbi_mpr_2025_04_p030_c000"", ""rbi_mpr_2025_04_p092_c000"", ""rbi_mpr_2025_04_p107_c002"", ""rbi_mpr_2025_04_p042_c000"", ""rbi_mpr_2025_04_p113_c001"", ""rbi_mpr_2025_04_p100_c000"", ""rbi_mpr_2025_04_p038_c000"", ""rbi_mpr_2025_04_p022_c000"", ""rbi_mpr_2025_04_p096_c001"", ""rbi_mpr_2025_04_p047_c002"", ""rbi_mpr_2025_04_p108_c000""], ""bm25_candidate_pages"": [44, 44, 78, 14, 13, 12, 41, 69, 69, 30, 68, 25, 38, 37, 36, 99, 25, 11, 13, 73, 43, 66, 83, 99, 25, 15, 14, 48, 15, 39, 39, 78, 70, 36, 103, 32, 98, 36, 34, 30, 92, 107, 42, 113, 100, 38, 22, 96, 47, 108], ""bm25_candidate_scores"": [null, null, null, null, null, null, null, null, null, null, null, null, null, null, null, null, null, null, null, null, null, null, null, null, null, null, null, null, null, null, null, null, null, null, null, null, null, null, null, null, null, null, null, null, null, null, null, null, null, null], ""bm25_first_evidence_rank"": 6, ""candidate_source_expansion"": {""rbi_mpr_2025_04_p011_c000"": [], ""rbi_mpr_2025_04_p011_c005"": [], ""rbi_mpr_2025_04_p012_c000"": [], ""rbi_mpr_2025_04_p012_c005"": [], ""rbi_mpr_2025_04_p013_c001"": [], ""rbi_mpr_2025_04_p013_c003"": [], ""rbi_mpr_2025_04_p013_c004"": [], ""rbi_mpr_2025_04_p014_c000"": [], ""rbi_mpr_2025_04_p014_c001"": [], ""rbi_mpr_2025_04_p015_c000"": [], ""rbi_mpr_2025_04_p015_c001"": [], ""rbi_mpr_2025_04_p015_c002"": [], ""rbi_mpr_2025_04_p017_c001"": [], ""rbi_mpr_2025_04_p017_c002"": [], ""rbi_mpr_2025_04_p022_c000"": [], ""rbi_mpr_2025_04_p023_c000"": [], ""rbi_mpr_2025_04_p023_c001"": [], ""rbi_mpr_2025_04_p025_c000"": [], ""rbi_mpr_2025_04_p025_c001"": [], ""rbi_mpr_2025_04_p025_c002"": [], ""rbi_mpr_2025_04_p025_c003"": [], ""rbi_mpr_2025_04_p025_c004"": [], ""rbi_mpr_2025_04_p026_c000"": [], ""rbi_mpr_2025_04_p026_c001"": [], ""rbi_mpr_2025_04_p026_c003"": [], ""rbi_mpr_2025_04_p030_c000"": [], ""rbi_mpr_2025_04_p030_c001"": [], ""rbi_mpr_2025_04_p030_c002"": [], ""rbi_mpr_2025_04_p031_c000"": [], ""rbi_mpr_2025_04_p031_c001"": [], ""rbi_mpr_2025_04_p032_c000"": [], ""rbi_mpr_2025_04_p032_c002"": [], ""rbi_mpr_2025_04_p033_c001"": [], ""rbi_mpr_2025_04_p033_c004"": [], ""rbi_mpr_2025_04_p034_c000"": [], ""rbi_mpr_2025_04_p034_c002"": [], ""rbi_mpr_2025_04_p035_c001"": [], ""rbi_mpr_2025_04_p035_c002"": [], ""rbi_mpr_2025_04_p035_c003"": [], ""rbi_mpr_2025_04_p036_c000"": [], ""rbi_mpr_2025_04_p036_c002"": [], ""rbi_mpr_2025_04_p036_c003"": [], ""rbi_mpr_2025_04_p036_c004"": [], ""rbi_mpr_2025_04_p037_c000"": [], ""rbi_mpr_2025_04_p037_c001"": [], ""rbi_mpr_2025_04_p038_c000"": [], ""rbi_mpr_2025_04_p038_c002"": [], ""rbi_mpr_2025_04_p039_c000"": [], ""rbi_mpr_2025_04_p039_c001"": [], ""rbi_mpr_2025_04_p039_c002"": [], ""rbi_mpr_2025_04_p039_c003"": [], ""rbi_mpr_2025_04_p040_c000"": [], ""rbi_mpr_2025_04_p040_c002"": [], ""rbi_mpr_2025_04_p041_c000"": [], ""rbi_mpr_2025_04_p042_c000"": [], ""rbi_mpr_2025_04_p042_c001"": [], ""rbi_mpr_2025_04_p043_c001"": [], ""rbi_mpr_2025_04_p044_c001"": [], ""rbi_mpr_2025_04_p044_c002"": [], ""rbi_mpr_2025_04_p046_c000"": [], ""rbi_mpr_2025_04_p047_c002"": [], ""rbi_mpr_2025_04_p048_c000"": [], ""rbi_mpr_2025_04_p066_c000"": [], ""rbi_mpr_2025_04_p068_c000"": [], ""rbi_mpr_2025_04_p069_c000"": [], ""rbi_mpr_2025_04_p069_c004"": [], ""rbi_mpr_2025_04_p070_c000"": [], ""rbi_mpr_2025_04_p073_c001"": [], ""rbi_mpr_2025_04_p078_c002"": [], ""rbi_mpr_2025_04_p078_c003"": [], ""rbi_mpr_2025_04_p083_c000"": [], ""rbi_mpr_2025_04_p092_c000"": [], ""rbi_mpr_2025_04_p096_c001"": [], ""rbi_mpr_2025_04_p098_c000"": [], ""rbi_mpr_2025_04_p099_c003"": [], ""rbi_mpr_2025_04_p099_c004"": [], ""rbi_mpr_2025_04_p100_c000"": [], ""rbi_mpr_2025_04_p103_c002"": [], ""rbi_mpr_2025_04_p105_c001"": [], ""rbi_mpr_2025_04_p105_c002"": [], ""rbi_mpr_2025_04_p105_c003"": [], ""rbi_mpr_2025_04_p107_c002"": [], ""rbi_mpr_2025_04_p108_c000"": [], ""rbi_mpr_2025_04_p113_c001"": [], ""rbi_mpr_2025_10_p009_c001"": [], ""rbi_mpr_2025_10_p009_c002"": [], ""rbi_mpr_2025_10_p009_c005"": [], ""rbi_mpr_2025_10_p010_c000"": [], ""rbi_mpr_2025_10_p010_c002"": [], ""rbi_mpr_2025_10_p010_c003"": [], ""rbi_mpr_2025_10_p011_c000"": [], ""rbi_mpr_2025_10_p012_c000"": [], ""rbi_mpr_2025_10_p012_c001"": [], ""rbi_mpr_2025_10_p013_c000"": [], ""rbi_mpr_2025_10_p013_c003"": [], ""rbi_mpr_2025_10_p013_c004"": [], ""rbi_mpr_2025_10_p014_c000"": [], ""rbi_mpr_2025_10_p014_c001"": [], ""rbi_mpr_2025_10_p014_c002"": [], ""rbi_mpr_2025_10_p015_c000"": [], ""rbi_mpr_2025_10_p015_c001"": [], ""rbi_mpr_2025_10_p015_c002"": [], ""rbi_mpr_2025_10_p019_c001"": [], ""rbi_mpr_2025_10_p021_c001"": [], ""rbi_mpr_2025_10_p023_c000"": [], ""rbi_mpr_2025_10_p023_c001"": [], ""rbi_mpr_2025_10_p023_c002"": [], ""rbi_mpr_2025_10_p024_c000"": [], ""rbi_mpr_2025_10_p024_c001"": [], ""rbi_mpr_2025_10_p024_c002"": [], ""rbi_mpr_2025_10_p024_c003"": [], ""rbi_mpr_2025_10_p025_c000"": [], ""rbi_mpr_2025_10_p025_c001"": [], ""rbi_mpr_2025_10_p025_c002"": [], ""rbi_mpr_2025_10_p026_c000"": [], ""rbi_mpr_2025_10_p026_c002"": [], ""rbi_mpr_2025_10_p026_c003"": [], ""rbi_mpr_2025_10_p027_c000"": [], ""rbi_mpr_2025_10_p027_c003"": [], ""rbi_mpr_2025_10_p028_c000"": [], ""rbi_mpr_2025_10_p028_c001"": [], ""rbi_mpr_2025_10_p028_c002"": [], ""rbi_mpr_2025_10_p029_c000"": [], ""rbi_mpr_2025_10_p029_c002"": [], ""rbi_mpr_2025_10_p030_c000"": [], ""rbi_mpr_2025_10_p030_c001"": [], ""rbi_mpr_2025_10_p030_c002"": [], ""rbi_mpr_2025_10_p031_c000"": [], ""rbi_mpr_2025_10_p031_c001"": [], ""rbi_mpr_2025_10_p032_c000"": [], ""rbi_mpr_2025_10_p032_c002"": [], ""rbi_mpr_2025_10_p032_c003"": [], ""rbi_mpr_2025_10_p033_c001"": [], ""rbi_mpr_2025_10_p033_c002"": [], ""rbi_mpr_2025_10_p034_c000"": [], ""rbi_mpr_2025_10_p034_c001"": [], ""rbi_mpr_2025_10_p034_c002"": [], ""rbi_mpr_2025_10_p035_c002"": [], ""rbi_mpr_2025_10_p035_c003"": [], ""rbi_mpr_2025_10_p036_c000"": [], ""rbi_mpr_2025_10_p036_c002"": [], ""rbi_mpr_2025_10_p036_c003"": [], ""rbi_mpr_2025_10_p037_c001"": [], ""rbi_mpr_2025_10_p038_c000"": [], ""rbi_mpr_2025_10_p040_c000"": [], ""rbi_mpr_2025_10_p041_c003"": [], ""rbi_mpr_2025_10_p041_c004"": [], ""rbi_mpr_2025_10_p042_c000"": [], ""rbi_mpr_2025_10_p043_c002"": [], ""rbi_mpr_2025_10_p062_c000"": [], ""rbi_mpr_2025_10_p063_c000"": [], ""rbi_mpr_2025_10_p064_c000"": [], ""rbi_mpr_2025_10_p064_c003"": [], ""rbi_mpr_2025_10_p064_c005"": [], ""rbi_mpr_2025_10_p066_c000"": [], ""rbi_mpr_2025_10_p066_c001"": [], ""rbi_mpr_2025_10_p066_c002"": [], ""rbi_mpr_2025_10_p068_c000"": [], ""rbi_mpr_2025_10_p069_c000"": [], ""rbi_mpr_2025_10_p070_c001"": [], ""rbi_mpr_2025_10_p071_c001"": [], ""rbi_mpr_2025_10_p074_c000"": [], ""rbi_mpr_2025_10_p080_c001"": [], ""rbi_mpr_2025_10_p080_c002"": [], ""rbi_mpr_2025_10_p094_c003"": [], ""rbi_mpr_2025_10_p097_c003"": [], ""rbi_mpr_2025_10_p097_c004"": [], ""rbi_mpr_2025_10_p099_c000"": [], ""rbi_mpr_2025_10_p099_c001"": [], ""rbi_mpr_2025_10_p099_c002"": [], ""rbi_mpr_2025_10_p101_c001"": [], ""rbi_mpr_2025_10_p102_c000"": [], ""rbi_mpr_2025_10_p102_c001"": [], ""rbi_mpr_2025_10_p105_c000"": [], ""rbi_mpr_2025_10_p105_c003"": []}, ""candidate_source_facet"": {""rbi_mpr_2025_04_p011_c000"": [], ""rbi_mpr_2025_04_p011_c005"": [], ""rbi_mpr_2025_04_p012_c000"": [], ""rbi_mpr_2025_04_p012_c005"": [], ""rbi_mpr_2025_04_p013_c001"": [], ""rbi_mpr_2025_04_p013_c003"": [], ""rbi_mpr_2025_04_p013_c004"": [], ""rbi_mpr_2025_04_p014_c000"": [], ""rbi_mpr_2025_04_p014_c001"": [], ""rbi_mpr_2025_04_p015_c000"": [], ""rbi_mpr_2025_04_p015_c001"": [], ""rbi_mpr_2025_04_p015_c002"": [], ""rbi_mpr_2025_04_p017_c001"": [], ""rbi_mpr_2025_04_p017_c002"": [], ""rbi_mpr_2025_04_p022_c000"": [], ""rbi_mpr_2025_04_p023_c000"": [], ""rbi_mpr_2025_04_p023_c001"": [], ""rbi_mpr_2025_04_p025_c000"": [], ""rbi_mpr_2025_04_p025_c001"": [], ""rbi_mpr_2025_04_p025_c002"": [], ""rbi_mpr_2025_04_p025_c003"": [], ""rbi_mpr_2025_04_p025_c004"": [], ""rbi_mpr_2025_04_p026_c000"": [], ""rbi_mpr_2025_04_p026_c001"": [], ""rbi_mpr_2025_04_p026_c003"": [], ""rbi_mpr_2025_04_p030_c000"": [], ""rbi_mpr_2025_04_p030_c001"": [], ""rbi_mpr_2025_04_p030_c002"": [], ""rbi_mpr_2025_04_p031_c000"": [], ""rbi_mpr_2025_04_p031_c001"": [], ""rbi_mpr_2025_04_p032_c000"": [], ""rbi_mpr_2025_04_p032_c002"": [], ""rbi_mpr_2025_04_p033_c001"": [], ""rbi_mpr_2025_04_p033_c004"": [], ""rbi_mpr_2025_04_p034_c000"": [], ""rbi_mpr_2025_04_p034_c002"": [], ""rbi_mpr_2025_04_p035_c001"": [], ""rbi_mpr_2025_04_p035_c002"": [], ""rbi_mpr_2025_04_p035_c003"": [], ""rbi_mpr_2025_04_p036_c000"": [], ""rbi_mpr_2025_04_p036_c002"": [], ""rbi_mpr_2025_04_p036_c003"": [], ""rbi_mpr_2025_04_p036_c004"": [], ""rbi_mpr_2025_04_p037_c000"": [], ""rbi_mpr_2025_04_p037_c001"": [], ""rbi_mpr_2025_04_p038_c000"": [], ""rbi_mpr_2025_04_p038_c002"": [], ""rbi_mpr_2025_04_p039_c000"": [], ""rbi_mpr_2025_04_p039_c001"": [], ""rbi_mpr_2025_04_p039_c002"": [], ""rbi_mpr_2025_04_p039_c003"": [], ""rbi_mpr_2025_04_p040_c000"": [], ""rbi_mpr_2025_04_p040_c002"": [], ""rbi_mpr_2025_04_p041_c000"": [], ""rbi_mpr_2025_04_p042_c000"": [], ""rbi_mpr_2025_04_p042_c001"": [], ""rbi_mpr_2025_04_p043_c001"": [], ""rbi_mpr_2025_04_p044_c001"": [], ""rbi_mpr_2025_04_p044_c002"": [], ""rbi_mpr_2025_04_p046_c000"": [], ""rbi_mpr_2025_04_p047_c002"": [], ""rbi_mpr_2025_04_p048_c000"": [], ""rbi_mpr_2025_04_p066_c000"": [], ""rbi_mpr_2025_04_p068_c000"": [], ""rbi_mpr_2025_04_p069_c000"": [], ""rbi_mpr_2025_04_p069_c004"": [], ""rbi_mpr_2025_04_p070_c000"": [], ""rbi_mpr_2025_04_p073_c001"": [], ""rbi_mpr_2025_04_p078_c002"": [], ""rbi_mpr_2025_04_p078_c003"": [], ""rbi_mpr_2025_04_p083_c000"": [], ""rbi_mpr_2025_04_p092_c000"": [], ""rbi_mpr_2025_04_p096_c001"": [], ""rbi_mpr_2025_04_p098_c000"": [], ""rbi_mpr_2025_04_p099_c003"": [], ""rbi_mpr_2025_04_p099_c004"": [], ""rbi_mpr_2025_04_p100_c000"": [], ""rbi_mpr_2025_04_p103_c002"": [], ""rbi_mpr_2025_04_p105_c001"": [], ""rbi_mpr_2025_04_p105_c002"": [], ""rbi_mpr_2025_04_p105_c003"": [], ""rbi_mpr_2025_04_p107_c002"": [], ""rbi_mpr_2025_04_p108_c000"": [], ""rbi_mpr_2025_04_p113_c001"": [], ""rbi_mpr_2025_10_p009_c001"": [], ""rbi_mpr_2025_10_p009_c002"": [], ""rbi_mpr_2025_10_p009_c005"": [], ""rbi_mpr_2025_10_p010_c000"": [], ""rbi_mpr_2025_10_p010_c002"": [], ""rbi_mpr_2025_10_p010_c003"": [], ""rbi_mpr_2025_10_p011_c000"": [], ""rbi_mpr_2025_10_p012_c000"": [], ""rbi_mpr_2025_10_p012_c001"": [], ""rbi_mpr_2025_10_p013_c000"": [], ""rbi_mpr_2025_10_p013_c003"": [], ""rbi_mpr_2025_10_p013_c004"": [], ""rbi_mpr_2025_10_p014_c000"": [], ""rbi_mpr_2025_10_p014_c001"": [], ""rbi_mpr_2025_10_p014_c002"": [], ""rbi_mpr_2025_10_p015_c000"": [], ""rbi_mpr_2025_10_p015_c001"": [], ""rbi_mpr_2025_10_p015_c002"": [], ""rbi_mpr_2025_10_p019_c001"": [], ""rbi_mpr_2025_10_p021_c001"": [], ""rbi_mpr_2025_10_p023_c000"": [], ""rbi_mpr_2025_10_p023_c001"": [], ""rbi_mpr_2025_10_p023_c002"": [], ""rbi_mpr_2025_10_p024_c000"": [], ""rbi_mpr_2025_10_p024_c001"": [], ""rbi_mpr_2025_10_p024_c002"": [], ""rbi_mpr_2025_10_p024_c003"": [], ""rbi_mpr_2025_10_p025_c000"": [], ""rbi_mpr_2025_10_p025_c001"": [], ""rbi_mpr_2025_10_p025_c002"": [], ""rbi_mpr_2025_10_p026_c000"": [], ""rbi_mpr_2025_10_p026_c002"": [], ""rbi_mpr_2025_10_p026_c003"": [], ""rbi_mpr_2025_10_p027_c000"": [], ""rbi_mpr_2025_10_p027_c003"": [], ""rbi_mpr_2025_10_p028_c000"": [], ""rbi_mpr_2025_10_p028_c001"": [], ""rbi_mpr_2025_10_p028_c002"": [], ""rbi_mpr_2025_10_p029_c000"": [], ""rbi_mpr_2025_10_p029_c002"": [], ""rbi_mpr_2025_10_p030_c000"": [], ""rbi_mpr_2025_10_p030_c001"": [], ""rbi_mpr_2025_10_p030_c002"": [], ""rbi_mpr_2025_10_p031_c000"": [], ""rbi_mpr_2025_10_p031_c001"": [], ""rbi_mpr_2025_10_p032_c000"": [], ""rbi_mpr_2025_10_p032_c002"": [], ""rbi_mpr_2025_10_p032_c003"": [], ""rbi_mpr_2025_10_p033_c001"": [], ""rbi_mpr_2025_10_p033_c002"": [], ""rbi_mpr_2025_10_p034_c000"": [], ""rbi_mpr_2025_10_p034_c001"": [], ""rbi_mpr_2025_10_p034_c002"": [], ""rbi_mpr_2025_10_p035_c002"": [], ""rbi_mpr_2025_10_p035_c003"": [], ""rbi_mpr_2025_10_p036_c000"": [], ""rbi_mpr_2025_10_p036_c002"": [], ""rbi_mpr_2025_10_p036_c003"": [], ""rbi_mpr_2025_10_p037_c001"": [], ""rbi_mpr_2025_10_p038_c000"": [], ""rbi_mpr_2025_10_p040_c000"": [], ""rbi_mpr_2025_10_p041_c003"": [], ""rbi_mpr_2025_10_p041_c004"": [], ""rbi_mpr_2025_10_p042_c000"": [], ""rbi_mpr_2025_10_p043_c002"": [], ""rbi_mpr_2025_10_p062_c000"": [], ""rbi_mpr_2025_10_p063_c000"": [], ""rbi_mpr_2025_10_p064_c000"": [], ""rbi_mpr_2025_10_p064_c003"": [], ""rbi_mpr_2025_10_p064_c005"": [], ""rbi_mpr_2025_10_p066_c000"": [], ""rbi_mpr_2025_10_p066_c001"": [], ""rbi_mpr_2025_10_p066_c002"": [], ""rbi_mpr_2025_10_p068_c000"": [], ""rbi_mpr_2025_10_p069_c000"": [], ""rbi_mpr_2025_10_p070_c001"": [], ""rbi_mpr_2025_10_p071_c001"": [], ""rbi_mpr_2025_10_p074_c000"": [], ""rbi_mpr_2025_10_p080_c001"": [], ""rbi_mpr_2025_10_p080_c002"": [], ""rbi_mpr_2025_10_p094_c003"": [], ""rbi_mpr_2025_10_p097_c003"": [], ""rbi_mpr_2025_10_p097_c004"": [], ""rbi_mpr_2025_10_p099_c000"": [], ""rbi_mpr_2025_10_p099_c001"": [], ""rbi_mpr_2025_10_p099_c002"": [], ""rbi_mpr_2025_10_p101_c001"": [], ""rbi_mpr_2025_10_p102_c000"": [], ""rbi_mpr_2025_10_p102_c001"": [], ""rbi_mpr_2025_10_p105_c000"": [], ""rbi_mpr_2025_10_p105_c003"": []}, ""candidate_source_query"": {""rbi_mpr_2025_04_p011_c000"": [""Compare food-inflation developments reported in April and October 2025.""], ""rbi_mpr_2025_04_p011_c005"": [""Compare food-inflation developments reported in April and October 2025.""], ""rbi_mpr_2025_04_p012_c000"": [""Compare food-inflation developments reported in April and October 2025.""], ""rbi_mpr_2025_04_p012_c005"": [""Compare food-inflation developments reported in April and October 2025.""], ""rbi_mpr_2025_04_p013_c001"": [""Compare food-inflation developments reported in April and October 2025.""], ""rbi_mpr_2025_04_p013_c003"": [""Compare food-inflation developments reported in April and October 2025.""], ""rbi_mpr_2025_04_p013_c004"": [""Compare food-inflation developments reported in April and October 2025.""], ""rbi_mpr_2025_04_p014_c000"": [""Compare food-inflation developments reported in April and October 2025.""], ""rbi_mpr_2025_04_p014_c001"": [""Compare food-inflation developments reported in April and October 2025.""], ""rbi_mpr_2025_04_p015_c000"": [""Compare food-inflation developments reported in April and October 2025.""], ""rbi_mpr_2025_04_p015_c001"": [""Compare food-inflation developments reported in April and October 2025.""], ""rbi_mpr_2025_04_p015_c002"": [""Compare food-inflation developments reported in April and October 2025.""], ""rbi_mpr_2025_04_p017_c001"": [""Compare food-inflation developments reported in April and October 2025.""], ""rbi_mpr_2025_04_p017_c002"": [""Compare food-inflation developments reported in April and October 2025.""], ""rbi_mpr_2025_04_p022_c000"": [""Compare food-inflation developments reported in April and October 2025.""], ""rbi_mpr_2025_04_p023_c000"": [""Compare food-inflation developments reported in April and October 2025.""], ""rbi_mpr_2025_04_p023_c001"": [""Compare food-inflation developments reported in April and October 2025.""], ""rbi_mpr_2025_04_p025_c000"": [""Compare food-inflation developments reported in April and October 2025.""], ""rbi_mpr_2025_04_p025_c001"": [""Compare food-inflation developments reported in April and October 2025.""], ""rbi_mpr_2025_04_p025_c002"": [""Compare food-inflation developments reported in April and October 2025.""], ""rbi_mpr_2025_04_p025_c003"": [""Compare food-inflation developments reported in April and October 2025.""], ""rbi_mpr_2025_04_p025_c004"": [""Compare food-inflation developments reported in April and October 2025.""], ""rbi_mpr_2025_04_p026_c000"": [""Compare food-inflation developments reported in April and October 2025.""], ""rbi_mpr_2025_04_p026_c001"": [""Compare food-inflation developments reported in April and October 2025.""], ""rbi_mpr_2025_04_p026_c003"": [""Compare food-inflation developments reported in April and October 2025.""], ""rbi_mpr_2025_04_p030_c000"": [""Compare food-inflation developments reported in April and October 2025.""], ""rbi_mpr_2025_04_p030_c001"": [""Compare food-inflation developments reported in April and October 2025.""], ""rbi_mpr_2025_04_p030_c002"": [""Compare food-inflation developments reported in April and October 2025.""], ""rbi_mpr_2025_04_p031_c000"": [""Compare food-inflation developments reported in April and October 2025.""], ""rbi_mpr_2025_04_p031_c001"": [""Compare food-inflation developments reported in April and October 2025.""], ""rbi_mpr_2025_04_p032_c000"": [""Compare food-inflation developments reported in April and October 2025.""], ""rbi_mpr_2025_04_p032_c002"": [""Compare food-inflation developments reported in April and October 2025.""], ""rbi_mpr_2025_04_p033_c001"": [""Compare food-inflation developments reported in April and October 2025.""], ""rbi_mpr_2025_04_p033_c004"": [""Compare food-inflation developments reported in April and October 2025.""], ""rbi_mpr_2025_04_p034_c000"": [""Compare food-inflation developments reported in April and October 2025.""], ""rbi_mpr_2025_04_p034_c002"": [""Compare food-inflation developments reported in April and October 2025.""], ""rbi_mpr_2025_04_p035_c001"": [""Compare food-inflation developments reported in April and October 2025.""], ""rbi_mpr_2025_04_p035_c002"": [""Compare food-inflation developments reported in April and October 2025.""], ""rbi_mpr_2025_04_p035_c003"": [""Compare food-inflation developments reported in April and October 2025.""], ""rbi_mpr_2025_04_p036_c000"": [""Compare food-inflation developments reported in April and October 2025.""], ""rbi_mpr_2025_04_p036_c002"": [""Compare food-inflation developments reported in April and October 2025.""], ""rbi_mpr_2025_04_p036_c003"": [""Compare food-inflation developments reported in April and October 2025.""], ""rbi_mpr_2025_04_p036_c004"": [""Compare food-inflation developments reported in April and October 2025.""], ""rbi_mpr_2025_04_p037_c000"": [""Compare food-inflation developments reported in April and October 2025.""], ""rbi_mpr_2025_04_p037_c001"": [""Compare food-inflation developments reported in April and October 2025.""], ""rbi_mpr_2025_04_p038_c000"": [""Compare food-inflation developments reported in April and October 2025.""], ""rbi_mpr_2025_04_p038_c002"": [""Compare food-inflation developments reported in April and October 2025.""], ""rbi_mpr_2025_04_p039_c000"": [""Compare food-inflation developments reported in April and October 2025.""], ""rbi_mpr_2025_04_p039_c001"": [""Compare food-inflation developments reported in April and October 2025.""], ""rbi_mpr_2025_04_p039_c002"": [""Compare food-inflation developments reported in April and October 2025.""], ""rbi_mpr_2025_04_p039_c003"": [""Compare food-inflation developments reported in April and October 2025.""], ""rbi_mpr_2025_04_p040_c000"": [""Compare food-inflation developments reported in April and October 2025.""], ""rbi_mpr_2025_04_p040_c002"": [""Compare food-inflation developments reported in April and October 2025.""], ""rbi_mpr_2025_04_p041_c000"": [""Compare food-inflation developments reported in April and October 2025.""], ""rbi_mpr_2025_04_p042_c000"": [""Compare food-inflation developments reported in April and October 2025.""], ""rbi_mpr_2025_04_p042_c001"": [""Compare food-inflation developments reported in April and October 2025.""], ""rbi_mpr_2025_04_p043_c001"": [""Compare food-inflation developments reported in April and October 2025.""], ""rbi_mpr_2025_04_p044_c001"": [""Compare food-inflation developments reported in April and October 2025.""], ""rbi_mpr_2025_04_p044_c002"": [""Compare food-inflation developments reported in April and October 2025.""], ""rbi_mpr_2025_04_p046_c000"": [""Compare food-inflation developments reported in April and October 2025.""], ""rbi_mpr_2025_04_p047_c002"": [""Compare food-inflation developments reported in April and October 2025.""], ""rbi_mpr_2025_04_p048_c000"": [""Compare food-inflation developments reported in April and October 2025.""], ""rbi_mpr_2025_04_p066_c000"": [""Compare food-inflation developments reported in April and October 2025.""], ""rbi_mpr_2025_04_p068_c000"": [""Compare food-inflation developments reported in April and October 2025.""], ""rbi_mpr_2025_04_p069_c000"": [""Compare food-inflation developments reported in April and October 2025.""], ""rbi_mpr_2025_04_p069_c004"": [""Compare food-inflation developments reported in April and October 2025.""], ""rbi_mpr_2025_04_p070_c000"": [""Compare food-inflation developments reported in April and October 2025.""], ""rbi_mpr_2025_04_p073_c001"": [""Compare food-inflation developments reported in April and October 2025.""], ""rbi_mpr_2025_04_p078_c002"": [""Compare food-inflation developments reported in April and October 2025.""], ""rbi_mpr_2025_04_p078_c003"": [""Compare food-inflation developments reported in April and October 2025.""], ""rbi_mpr_2025_04_p083_c000"": [""Compare food-inflation developments reported in April and October 2025.""], ""rbi_mpr_2025_04_p092_c000"": [""Compare food-inflation developments reported in April and October 2025.""], ""rbi_mpr_2025_04_p096_c001"": [""Compare food-inflation developments reported in April and October 2025.""], ""rbi_mpr_2025_04_p098_c000"": [""Compare food-inflation developments reported in April and October 2025.""], ""rbi_mpr_2025_04_p099_c003"": [""Compare food-inflation developments reported in April and October 2025.""], ""rbi_mpr_2025_04_p099_c004"": [""Compare food-inflation developments reported in April and October 2025.""], ""rbi_mpr_2025_04_p100_c000"": [""Compare food-inflation developments reported in April and October 2025.""], ""rbi_mpr_2025_04_p103_c002"": [""Compare food-inflation developments reported in April and October 2025.""], ""rbi_mpr_2025_04_p105_c001"": [""Compare food-inflation developments reported in April and October 2025.""], ""rbi_mpr_2025_04_p105_c002"": [""Compare food-inflation developments reported in April and October 2025.""], ""rbi_mpr_2025_04_p105_c003"": [""Compare food-inflation developments reported in April and October 2025.""], ""rbi_mpr_2025_04_p107_c002"": [""Compare food-inflation developments reported in April and October 2025.""], ""rbi_mpr_2025_04_p108_c000"": [""Compare food-inflation developments reported in April and October 2025.""], ""rbi_mpr_2025_04_p113_c001"": [""Compare food-inflation developments reported in April and October 2025.""], ""rbi_mpr_2025_10_p009_c001"": [""Compare food-inflation developments reported in April and October 2025.""], ""rbi_mpr_2025_10_p009_c002"": [""Compare food-inflation developments reported in April and October 2025.""], ""rbi_mpr_2025_10_p009_c005"": [""Compare food-inflation developments reported in April and October 2025.""], ""rbi_mpr_2025_10_p010_c000"": [""Compare food-inflation developments reported in April and October 2025.""], ""rbi_mpr_2025_10_p010_c002"": [""Compare food-inflation developments reported in April and October 2025.""], ""rbi_mpr_2025_10_p010_c003"": [""Compare food-inflation developments reported in April and October 2025.""], ""rbi_mpr_2025_10_p011_c000"": [""Compare food-inflation developments reported in April and October 2025.""], ""rbi_mpr_2025_10_p012_c000"": [""Compare food-inflation developments reported in April and October 2025.""], ""rbi_mpr_2025_10_p012_c001"": [""Compare food-inflation developments reported in April and October 2025.""], ""rbi_mpr_2025_10_p013_c000"": [""Compare food-inflation developments reported in April and October 2025.""], ""rbi_mpr_2025_10_p013_c003"": [""Compare food-inflation developments reported in April and October 2025.""], ""rbi_mpr_2025_10_p013_c004"": [""Compare food-inflation developments reported in April and October 2025.""], ""rbi_mpr_2025_10_p014_c000"": [""Compare food-inflation developments reported in April and October 2025.""], ""rbi_mpr_2025_10_p014_c001"": [""Compare food-inflation developments reported in April and October 2025.""], ""rbi_mpr_2025_10_p014_c002"": [""Compare food-inflation developments reported in April and October 2025.""], ""rbi_mpr_2025_10_p015_c000"": [""Compare food-inflation developments reported in April and October 2025.""], ""rbi_mpr_2025_10_p015_c001"": [""Compare food-inflation developments reported in April and October 2025.""], ""rbi_mpr_2025_10_p015_c002"": [""Compare food-inflation developments reported in April and October 2025.""], ""rbi_mpr_2025_10_p019_c001"": [""Compare food-inflation developments reported in April and October 2025.""], ""rbi_mpr_2025_10_p021_c001"": [""Compare food-inflation developments reported in April and October 2025.""], ""rbi_mpr_2025_10_p023_c000"": [""Compare food-inflation developments reported in April and October 2025.""], ""rbi_mpr_2025_10_p023_c001"": [""Compare food-inflation developments reported in April and October 2025.""], ""rbi_mpr_2025_10_p023_c002"": [""Compare food-inflation developments reported in April and October 2025.""], ""rbi_mpr_2025_10_p024_c000"": [""Compare food-inflation developments reported in April and October 2025.""], ""rbi_mpr_2025_10_p024_c001"": [""Compare food-inflation developments reported in April and October 2025.""], ""rbi_mpr_2025_10_p024_c002"": [""Compare food-inflation developments reported in April and October 2025.""], ""rbi_mpr_2025_10_p024_c003"": [""Compare food-inflation developments reported in April and October 2025.""], ""rbi_mpr_2025_10_p025_c000"": [""Compare food-inflation developments reported in April and October 2025.""], ""rbi_mpr_2025_10_p025_c001"": [""Compare food-inflation developments reported in April and October 2025.""], ""rbi_mpr_2025_10_p025_c002"": [""Compare food-inflation developments reported in April and October 2025.""], ""rbi_mpr_2025_10_p026_c000"": [""Compare food-inflation developments reported in April and October 2025.""], ""rbi_mpr_2025_10_p026_c002"": [""Compare food-inflation developments reported in April and October 2025.""], ""rbi_mpr_2025_10_p026_c003"": [""Compare food-inflation developments reported in April and October 2025.""], ""rbi_mpr_2025_10_p027_c000"": [""Compare food-inflation developments reported in April and October 2025.""], ""rbi_mpr_2025_10_p027_c003"": [""Compare food-inflation developments reported in April and October 2025.""], ""rbi_mpr_2025_10_p028_c000"": [""Compare food-inflation developments reported in April and October 2025.""], ""rbi_mpr_2025_10_p028_c001"": [""Compare food-inflation developments reported in April and October 2025.""], ""rbi_mpr_2025_10_p028_c002"": [""Compare food-inflation developments reported in April and October 2025.""], ""rbi_mpr_2025_10_p029_c000"": [""Compare food-inflation developments reported in April and October 2025.""], ""rbi_mpr_2025_10_p029_c002"": [""Compare food-inflation developments reported in April and October 2025.""], ""rbi_mpr_2025_10_p030_c000"": [""Compare food-inflation developments reported in April and October 2025.""], ""rbi_mpr_2025_10_p030_c001"": [""Compare food-inflation developments reported in April and October 2025.""], ""rbi_mpr_2025_10_p030_c002"": [""Compare food-inflation developments reported in April and October 2025.""], ""rbi_mpr_2025_10_p031_c000"": [""Compare food-inflation developments reported in April and October 2025.""], ""rbi_mpr_2025_10_p031_c001"": [""Compare food-inflation developments reported in April and October 2025.""], ""rbi_mpr_2025_10_p032_c000"": [""Compare food-inflation developments reported in April and October 2025.""], ""rbi_mpr_2025_10_p032_c002"": [""Compare food-inflation developments reported in April and October 2025.""], ""rbi_mpr_2025_10_p032_c003"": [""Compare food-inflation developments reported in April and October 2025.""], ""rbi_mpr_2025_10_p033_c001"": [""Compare food-inflation developments reported in April and October 2025.""], ""rbi_mpr_2025_10_p033_c002"": [""Compare food-inflation developments reported in April and October 2025.""], ""rbi_mpr_2025_10_p034_c000"": [""Compare food-inflation developments reported in April and October 2025.""], ""rbi_mpr_2025_10_p034_c001"": [""Compare food-inflation developments reported in April and October 2025.""], ""rbi_mpr_2025_10_p034_c002"": [""Compare food-inflation developments reported in April and October 2025.""], ""rbi_mpr_2025_10_p035_c002"": [""Compare food-inflation developments reported in April and October 2025.""], ""rbi_mpr_2025_10_p035_c003"": [""Compare food-inflation developments reported in April and October 2025.""], ""rbi_mpr_2025_10_p036_c000"": [""Compare food-inflation developments reported in April and October 2025.""], ""rbi_mpr_2025_10_p036_c002"": [""Compare food-inflation developments reported in April and October 2025.""], ""rbi_mpr_2025_10_p036_c003"": [""Compare food-inflation developments reported in April and October 2025.""], ""rbi_mpr_2025_10_p037_c001"": [""Compare food-inflation developments reported in April and October 2025.""], ""rbi_mpr_2025_10_p038_c000"": [""Compare food-inflation developments reported in April and October 2025.""], ""rbi_mpr_2025_10_p040_c000"": [""Compare food-inflation developments reported in April and October 2025.""], ""rbi_mpr_2025_10_p041_c003"": [""Compare food-inflation developments reported in April and October 2025.""], ""rbi_mpr_2025_10_p041_c004"": [""Compare food-inflation developments reported in April and October 2025.""], ""rbi_mpr_2025_10_p042_c000"": [""Compare food-inflation developments reported in April and October 2025.""], ""rbi_mpr_2025_10_p043_c002"": [""Compare food-inflation developments reported in April and October 2025.""], ""rbi_mpr_2025_10_p062_c000"": [""Compare food-inflation developments reported in April and October 2025.""], ""rbi_mpr_2025_10_p063_c000"": [""Compare food-inflation developments reported in April and October 2025.""], ""rbi_mpr_2025_10_p064_c000"": [""Compare food-inflation developments reported in April and October 2025.""], ""rbi_mpr_2025_10_p064_c003"": [""Compare food-inflation developments reported in April and October 2025.""], ""rbi_mpr_2025_10_p064_c005"": [""Compare food-inflation developments reported in April and October 2025.""], ""rbi_mpr_2025_10_p066_c000"": [""Compare food-inflation developments reported in April and October 2025.""], ""rbi_mpr_2025_10_p066_c001"": [""Compare food-inflation developments reported in April and October 2025.""], ""rbi_mpr_2025_10_p066_c002"": [""Compare food-inflation developments reported in April and October 2025.""], ""rbi_mpr_2025_10_p068_c000"": [""Compare food-inflation developments reported in April and October 2025.""], ""rbi_mpr_2025_10_p069_c000"": [""Compare food-inflation developments reported in April and October 2025.""], ""rbi_mpr_2025_10_p070_c001"": [""Compare food-inflation developments reported in April and October 2025.""], ""rbi_mpr_2025_10_p071_c001"": [""Compare food-inflation developments reported in April and October 2025.""], ""rbi_mpr_2025_10_p074_c000"": [""Compare food-inflation developments reported in April and October 2025.""], ""rbi_mpr_2025_10_p080_c001"": [""Compare food-inflation developments reported in April and October 2025.""], ""rbi_mpr_2025_10_p080_c002"": [""Compare food-inflation developments reported in April and October 2025.""], ""rbi_mpr_2025_10_p094_c003"": [""Compare food-inflation developments reported in April and October 2025.""], ""rbi_mpr_2025_10_p097_c003"": [""Compare food-inflation developments reported in April and October 2025.""], ""rbi_mpr_2025_10_p097_c004"": [""Compare food-inflation developments reported in April and October 2025.""], ""rbi_mpr_2025_10_p099_c000"": [""Compare food-inflation developments reported in April and October 2025.""], ""rbi_mpr_2025_10_p099_c001"": [""Compare food-inflation developments reported in April and October 2025.""], ""rbi_mpr_2025_10_p099_c002"": [""Compare food-inflation developments reported in April and October 2025.""], ""rbi_mpr_2025_10_p101_c001"": [""Compare food-inflation developments reported in April and October 2025.""], ""rbi_mpr_2025_10_p102_c000"": [""Compare food-inflation developments reported in April and October 2025.""], ""rbi_mpr_2025_10_p102_c001"": [""Compare food-inflation developments reported in April and October 2025.""], ""rbi_mpr_2025_10_p105_c000"": [""Compare food-inflation developments reported in April and October 2025.""], ""rbi_mpr_2025_10_p105_c003"": [""Compare food-inflation developments reported in April and October 2025.""]}, ""candidate_source_retriever"": {""rbi_mpr_2025_04_p011_c000"": [""bm25"", ""dense""], ""rbi_mpr_2025_04_p011_c005"": [""dense""], ""rbi_mpr_2025_04_p012_c000"": [""bm25""], ""rbi_mpr_2025_04_p012_c005"": [""dense""], ""rbi_mpr_2025_04_p013_c001"": [""dense""], ""rbi_mpr_2025_04_p013_c003"": [""bm25""], ""rbi_mpr_2025_04_p013_c004"": [""bm25""], ""rbi_mpr_2025_04_p014_c000"": [""bm25""], ""rbi_mpr_2025_04_p014_c001"": [""bm25""], ""rbi_mpr_2025_04_p015_c000"": [""bm25""], ""rbi_mpr_2025_04_p015_c001"": [""bm25"", ""dense""], ""rbi_mpr_2025_04_p015_c002"": [""dense""], ""rbi_mpr_2025_04_p017_c001"": [""dense""], ""rbi_mpr_2025_04_p017_c002"": [""dense""], ""rbi_mpr_2025_04_p022_c000"": [""bm25""], ""rbi_mpr_2025_04_p023_c000"": [""dense""], ""rbi_mpr_2025_04_p023_c001"": [""dense""], ""rbi_mpr_2025_04_p025_c000"": [""bm25"", ""dense""], ""rbi_mpr_2025_04_p025_c001"": [""bm25"", ""dense""], ""rbi_mpr_2025_04_p025_c002"": [""dense""], ""rbi_mpr_2025_04_p025_c003"": [""bm25"", ""dense""], ""rbi_mpr_2025_04_p025_c004"": [""dense""], ""rbi_mpr_2025_04_p026_c000"": [""dense""], ""rbi_mpr_2025_04_p026_c001"": [""dense""], ""rbi_mpr_2025_04_p026_c003"": [""dense""], ""rbi_mpr_2025_04_p030_c000"": [""bm25"", ""dense""], ""rbi_mpr_2025_04_p030_c001"": [""bm25"", ""dense""], ""rbi_mpr_2025_04_p030_c002"": [""dense""], ""rbi_mpr_2025_04_p031_c000"": [""dense""], ""rbi_mpr_2025_04_p031_c001"": [""dense""], ""rbi_mpr_2025_04_p032_c000"": [""bm25"", ""dense""], ""rbi_mpr_2025_04_p032_c002"": [""dense""], ""rbi_mpr_2025_04_p033_c001"": [""dense""], ""rbi_mpr_2025_04_p033_c004"": [""dense""], ""rbi_mpr_2025_04_p034_c000"": [""bm25"", ""dense""], ""rbi_mpr_2025_04_p034_c002"": [""dense""], ""rbi_mpr_2025_04_p035_c001"": [""dense""], ""rbi_mpr_2025_04_p035_c002"": [""dense""], ""rbi_mpr_2025_04_p035_c003"": [""dense""], ""rbi_mpr_2025_04_p036_c000"": [""bm25"", ""dense""], ""rbi_mpr_2025_04_p036_c002"": [""bm25"", ""dense""], ""rbi_mpr_2025_04_p036_c003"": [""dense""], ""rbi_mpr_2025_04_p036_c004"": [""bm25""], ""rbi_mpr_2025_04_p037_c000"": [""bm25"", ""dense""], ""rbi_mpr_2025_04_p037_c001"": [""dense""], ""rbi_mpr_2025_04_p038_c000"": [""bm25"", ""dense""], ""rbi_mpr_2025_04_p038_c002"": [""bm25""], ""rbi_mpr_2025_04_p039_c000"": [""bm25""], ""rbi_mpr_2025_04_p039_c001"": [""bm25"", ""dense""], ""rbi_mpr_2025_04_p039_c002"": [""dense""], ""rbi_mpr_2025_04_p039_c003"": [""dense""], ""rbi_mpr_2025_04_p040_c000"": [""dense""], ""rbi_mpr_2025_04_p040_c002"": [""dense""], ""rbi_mpr_2025_04_p041_c000"": [""bm25"", ""dense""], ""rbi_mpr_2025_04_p042_c000"": [""bm25"", ""dense""], ""rbi_mpr_2025_04_p042_c001"": [""dense""], ""rbi_mpr_2025_04_p043_c001"": [""bm25""], ""rbi_mpr_2025_04_p044_c001"": [""bm25""], ""rbi_mpr_2025_04_p044_c002"": [""bm25""], ""rbi_mpr_2025_04_p046_c000"": [""dense""], ""rbi_mpr_2025_04_p047_c002"": [""bm25""], ""rbi_mpr_2025_04_p048_c000"": [""bm25""], ""rbi_mpr_2025_04_p066_c000"": [""bm25""], ""rbi_mpr_2025_04_p068_c000"": [""bm25""], ""rbi_mpr_2025_04_p069_c000"": [""bm25""], ""rbi_mpr_2025_04_p069_c004"": [""bm25""], ""rbi_mpr_2025_04_p070_c000"": [""bm25""], ""rbi_mpr_2025_04_p073_c001"": [""bm25""], ""rbi_mpr_2025_04_p078_c002"": [""bm25""], ""rbi_mpr_2025_04_p078_c003"": [""bm25""], ""rbi_mpr_2025_04_p083_c000"": [""bm25""], ""rbi_mpr_2025_04_p092_c000"": [""bm25""], ""rbi_mpr_2025_04_p096_c001"": [""bm25""], ""rbi_mpr_2025_04_p098_c000"": [""bm25""], ""rbi_mpr_2025_04_p099_c003"": [""bm25""], ""rbi_mpr_2025_04_p099_c004"": [""bm25""], ""rbi_mpr_2025_04_p100_c000"": [""bm25""], ""rbi_mpr_2025_04_p103_c002"": [""bm25""], ""rbi_mpr_2025_04_p105_c001"": [""dense""], ""rbi_mpr_2025_04_p105_c002"": [""dense""], ""rbi_mpr_2025_04_p105_c003"": [""dense""], ""rbi_mpr_2025_04_p107_c002"": [""bm25""], ""rbi_mpr_2025_04_p108_c000"": [""bm25""], ""rbi_mpr_2025_04_p113_c001"": [""bm25""], ""rbi_mpr_2025_10_p009_c001"": [""bm25""], ""rbi_mpr_2025_10_p009_c002"": [""bm25""], ""rbi_mpr_2025_10_p009_c005"": [""bm25""], ""rbi_mpr_2025_10_p010_c000"": [""bm25"", ""dense""], ""rbi_mpr_2025_10_p010_c002"": [""bm25""], ""rbi_mpr_2025_10_p010_c003"": [""dense""], ""rbi_mpr_2025_10_p011_c000"": [""dense""], ""rbi_mpr_2025_10_p012_c000"": [""bm25""], ""rbi_mpr_2025_10_p012_c001"": [""bm25""], ""rbi_mpr_2025_10_p013_c000"": [""bm25""], ""rbi_mpr_2025_10_p013_c003"": [""bm25""], ""rbi_mpr_2025_10_p013_c004"": [""bm25""], ""rbi_mpr_2025_10_p014_c000"": [""dense""], ""rbi_mpr_2025_10_p014_c001"": [""dense""], ""rbi_mpr_2025_10_p014_c002"": [""dense""], ""rbi_mpr_2025_10_p015_c000"": [""bm25""], ""rbi_mpr_2025_10_p015_c001"": [""dense""], ""rbi_mpr_2025_10_p015_c002"": [""dense""], ""rbi_mpr_2025_10_p019_c001"": [""bm25""], ""rbi_mpr_2025_10_p021_c001"": [""bm25""], ""rbi_mpr_2025_10_p023_c000"": [""dense""], ""rbi_mpr_2025_10_p023_c001"": [""dense""], ""rbi_mpr_2025_10_p023_c002"": [""dense""], ""rbi_mpr_2025_10_p024_c000"": [""bm25"", ""dense""], ""rbi_mpr_2025_10_p024_c001"": [""bm25"", ""dense""], ""rbi_mpr_2025_10_p024_c002"": [""dense""], ""rbi_mpr_2025_10_p024_c003"": [""dense""], ""rbi_mpr_2025_10_p025_c000"": [""dense""], ""rbi_mpr_2025_10_p025_c001"": [""bm25"", ""dense""], ""rbi_mpr_2025_10_p025_c002"": [""bm25"", ""dense""], ""rbi_mpr_2025_10_p026_c000"": [""dense""], ""rbi_mpr_2025_10_p026_c002"": [""dense""], ""rbi_mpr_2025_10_p026_c003"": [""dense""], ""rbi_mpr_2025_10_p027_c000"": [""dense""], ""rbi_mpr_2025_10_p027_c003"": [""dense""], ""rbi_mpr_2025_10_p028_c000"": [""dense""], ""rbi_mpr_2025_10_p028_c001"": [""dense""], ""rbi_mpr_2025_10_p028_c002"": [""dense""], ""rbi_mpr_2025_10_p029_c000"": [""dense""], ""rbi_mpr_2025_10_p029_c002"": [""dense""], ""rbi_mpr_2025_10_p030_c000"": [""dense""], ""rbi_mpr_2025_10_p030_c001"": [""dense""], ""rbi_mpr_2025_10_p030_c002"": [""dense""], ""rbi_mpr_2025_10_p031_c000"": [""dense""], ""rbi_mpr_2025_10_p031_c001"": [""dense""], ""rbi_mpr_2025_10_p032_c000"": [""bm25"", ""dense""], ""rbi_mpr_2025_10_p032_c002"": [""dense""], ""rbi_mpr_2025_10_p032_c003"": [""bm25""], ""rbi_mpr_2025_10_p033_c001"": [""dense""], ""rbi_mpr_2025_10_p033_c002"": [""dense""], ""rbi_mpr_2025_10_p034_c000"": [""dense""], ""rbi_mpr_2025_10_p034_c001"": [""dense""], ""rbi_mpr_2025_10_p034_c002"": [""dense""], ""rbi_mpr_2025_10_p035_c002"": [""dense""], ""rbi_mpr_2025_10_p035_c003"": [""dense""], ""rbi_mpr_2025_10_p036_c000"": [""dense""], ""rbi_mpr_2025_10_p036_c002"": [""bm25""], ""rbi_mpr_2025_10_p036_c003"": [""bm25"", ""dense""], ""rbi_mpr_2025_10_p037_c001"": [""bm25"", ""dense""], ""rbi_mpr_2025_10_p038_c000"": [""bm25""], ""rbi_mpr_2025_10_p040_c000"": [""dense""], ""rbi_mpr_2025_10_p041_c003"": [""dense""], ""rbi_mpr_2025_10_p041_c004"": [""dense""], ""rbi_mpr_2025_10_p042_c000"": [""bm25""], ""rbi_mpr_2025_10_p043_c002"": [""bm25""], ""rbi_mpr_2025_10_p062_c000"": [""bm25""], ""rbi_mpr_2025_10_p063_c000"": [""bm25""], ""rbi_mpr_2025_10_p064_c000"": [""bm25""], ""rbi_mpr_2025_10_p064_c003"": [""bm25""], ""rbi_mpr_2025_10_p064_c005"": [""bm25""], ""rbi_mpr_2025_10_p066_c000"": [""bm25""], ""rbi_mpr_2025_10_p066_c001"": [""bm25""], ""rbi_mpr_2025_10_p066_c002"": [""bm25""], ""rbi_mpr_2025_10_p068_c000"": [""bm25""], ""rbi_mpr_2025_10_p069_c000"": [""bm25""], ""rbi_mpr_2025_10_p070_c001"": [""bm25""], ""rbi_mpr_2025_10_p071_c001"": [""bm25""], ""rbi_mpr_2025_10_p074_c000"": [""bm25""], ""rbi_mpr_2025_10_p080_c001"": [""bm25""], ""rbi_mpr_2025_10_p080_c002"": [""bm25""], ""rbi_mpr_2025_10_p094_c003"": [""bm25""], ""rbi_mpr_2025_10_p097_c003"": [""bm25""], ""rbi_mpr_2025_10_p097_c004"": [""bm25""], ""rbi_mpr_2025_10_p099_c000"": [""bm25""], ""rbi_mpr_2025_10_p099_c001"": [""bm25""], ""rbi_mpr_2025_10_p099_c002"": [""bm25""], ""rbi_mpr_2025_10_p101_c001"": [""dense""], ""rbi_mpr_2025_10_p102_c000"": [""bm25"", ""dense""], ""rbi_mpr_2025_10_p102_c001"": [""bm25""], ""rbi_mpr_2025_10_p105_c000"": [""bm25""], ""rbi_mpr_2025_10_p105_c003"": [""bm25""]}, ""candidate_union_ids"": [""rbi_mpr_2025_04_p031_c001"", ""rbi_mpr_2025_04_p025_c000"", ""rbi_mpr_2025_04_p031_c000"", ""rbi_mpr_2025_04_p025_c001"", ""rbi_mpr_2025_04_p015_c002"", ""rbi_mpr_2025_04_p038_c000"", ""rbi_mpr_2025_04_p032_c000"", ""rbi_mpr_2025_04_p023_c001"", ""rbi_mpr_2025_04_p030_c000"", ""rbi_mpr_2025_04_p025_c003"", ""rbi_mpr_2025_04_p030_c001"", ""rbi_mpr_2025_04_p025_c004"", ""rbi_mpr_2025_04_p015_c001"", ""rbi_mpr_2025_04_p017_c002"", ""rbi_mpr_2025_04_p035_c002"", ""rbi_mpr_2025_04_p017_c001"", ""rbi_mpr_2025_04_p013_c001"", ""rbi_mpr_2025_04_p033_c004"", ""rbi_mpr_2025_04_p037_c000"", ""rbi_mpr_2025_04_p036_c000"", ""rbi_mpr_2025_04_p035_c003"", ""rbi_mpr_2025_04_p033_c001"", ""rbi_mpr_2025_04_p042_c000"", ""rbi_mpr_2025_04_p032_c002"", ""rbi_mpr_2025_04_p105_c001"", ""rbi_mpr_2025_04_p046_c000"", ""rbi_mpr_2025_04_p026_c000"", ""rbi_mpr_2025_04_p039_c003"", ""rbi_mpr_2025_04_p035_c001"", ""rbi_mpr_2025_04_p026_c001"", ""rbi_mpr_2025_04_p040_c000"", ""rbi_mpr_2025_04_p025_c002"", ""rbi_mpr_2025_04_p037_c001"", ""rbi_mpr_2025_04_p034_c000"", ""rbi_mpr_2025_04_p105_c003"", ""rbi_mpr_2025_04_p042_c001"", ""rbi_mpr_2025_04_p040_c002"", ""rbi_mpr_2025_04_p039_c002"", ""rbi_mpr_2025_04_p011_c000"", ""rbi_mpr_2025_04_p041_c000"", ""rbi_mpr_2025_04_p039_c001"", ""rbi_mpr_2025_04_p034_c002"", ""rbi_mpr_2025_04_p012_c005"", ""rbi_mpr_2025_04_p023_c000"", ""rbi_mpr_2025_04_p105_c002"", ""rbi_mpr_2025_04_p036_c003"", ""rbi_mpr_2025_04_p036_c002"", ""rbi_mpr_2025_04_p026_c003"", ""rbi_mpr_2025_04_p011_c005"", ""rbi_mpr_2025_04_p030_c002"", ""rbi_mpr_2025_04_p044_c002"", ""rbi_mpr_2025_04_p044_c001"", ""rbi_mpr_2025_04_p078_c002"", ""rbi_mpr_2025_04_p014_c000"", ""rbi_mpr_2025_04_p013_c003"", ""rbi_mpr_2025_04_p012_c000"", ""rbi_mpr_2025_04_p069_c004"", ""rbi_mpr_2025_04_p069_c000"", ""rbi_mpr_2025_04_p068_c000"", ""rbi_mpr_2025_04_p038_c002"", ""rbi_mpr_2025_04_p036_c004"", ""rbi_mpr_2025_04_p099_c004"", ""rbi_mpr_2025_04_p013_c004"", ""rbi_mpr_2025_04_p073_c001"", ""rbi_mpr_2025_04_p043_c001"", ""rbi_mpr_2025_04_p066_c000"", ""rbi_mpr_2025_04_p083_c000"", ""rbi_mpr_2025_04_p099_c003"", ""rbi_mpr_2025_04_p015_c000"", ""rbi_mpr_2025_04_p014_c001"", ""rbi_mpr_2025_04_p048_c000"", ""rbi_mpr_2025_04_p039_c000"", ""rbi_mpr_2025_04_p078_c003"", ""rbi_mpr_2025_04_p070_c000"", ""rbi_mpr_2025_04_p103_c002"", ""rbi_mpr_2025_04_p098_c000"", ""rbi_mpr_2025_04_p092_c000"", ""rbi_mpr_2025_04_p107_c002"", ""rbi_mpr_2025_04_p113_c001"", ""rbi_mpr_2025_04_p100_c000"", ""rbi_mpr_2025_04_p022_c000"", ""rbi_mpr_2025_04_p096_c001"", ""rbi_mpr_2025_04_p047_c002"", ""rbi_mpr_2025_04_p108_c000""], ""candidate_union_pages"": [31, 25, 31, 25, 15, 38, 32, 23, 30, 25, 30, 25, 15, 17, 35, 17, 13, 33, 37, 36, 35, 33, 42, 32, 105, 46, 26, 39, 35, 26, 40, 25, 37, 34, 105, 42, 40, 39, 11, 41, 39, 34, 12, 23, 105, 36, 36, 26, 11, 30, 44, 44, 78, 14, 13, 12, 69, 69, 68, 38, 36, 99, 13, 73, 43, 66, 83, 99, 15, 14, 48, 39, 78, 70, 103, 98, 92, 107, 113, 100, 22, 96, 47, 108], ""dense_candidate_ids"": [""rbi_mpr_2025_04_p031_c001"", ""rbi_mpr_2025_04_p025_c000"", ""rbi_mpr_2025_04_p031_c000"", ""rbi_mpr_2025_04_p025_c001"", ""rbi_mpr_2025_04_p015_c002"", ""rbi_mpr_2025_04_p038_c000"", ""rbi_mpr_2025_04_p032_c000"", ""rbi_mpr_2025_04_p023_c001"", ""rbi_mpr_2025_04_p030_c000"", ""rbi_mpr_2025_04_p025_c003"", ""rbi_mpr_2025_04_p030_c001"", ""rbi_mpr_2025_04_p025_c004"", ""rbi_mpr_2025_04_p015_c001"", ""rbi_mpr_2025_04_p017_c002"", ""rbi_mpr_2025_04_p035_c002"", ""rbi_mpr_2025_04_p017_c001"", ""rbi_mpr_2025_04_p013_c001"", ""rbi_mpr_2025_04_p033_c004"", ""rbi_mpr_2025_04_p037_c000"", ""rbi_mpr_2025_04_p036_c000"", ""rbi_mpr_2025_04_p035_c003"", ""rbi_mpr_2025_04_p033_c001"", ""rbi_mpr_2025_04_p042_c000"", ""rbi_mpr_2025_04_p032_c002"", ""rbi_mpr_2025_04_p105_c001"", ""rbi_mpr_2025_04_p046_c000"", ""rbi_mpr_2025_04_p026_c000"", ""rbi_mpr_2025_04_p039_c003"", ""rbi_mpr_2025_04_p035_c001"", ""rbi_mpr_2025_04_p026_c001"", ""rbi_mpr_2025_04_p040_c000"", ""rbi_mpr_2025_04_p025_c002"", ""rbi_mpr_2025_04_p037_c001"", ""rbi_mpr_2025_04_p034_c000"", ""rbi_mpr_2025_04_p105_c003"", ""rbi_mpr_2025_04_p042_c001"", ""rbi_mpr_2025_04_p040_c002"", ""rbi_mpr_2025_04_p039_c002"", ""rbi_mpr_2025_04_p011_c000"", ""rbi_mpr_2025_04_p041_c000"", ""rbi_mpr_2025_04_p039_c001"", ""rbi_mpr_2025_04_p034_c002"", ""rbi_mpr_2025_04_p012_c005"", ""rbi_mpr_2025_04_p023_c000"", ""rbi_mpr_2025_04_p105_c002"", ""rbi_mpr_2025_04_p036_c003"", ""rbi_mpr_2025_04_p036_c002"", ""rbi_mpr_2025_04_p026_c003"", ""rbi_mpr_2025_04_p011_c005"", ""rbi_mpr_2025_04_p030_c002""], ""dense_candidate_pages"": [31, 25, 31, 25, 15, 38, 32, 23, 30, 25, 30, 25, 15, 17, 35, 17, 13, 33, 37, 36, 35, 33, 42, 32, 105, 46, 26, 39, 35, 26, 40, 25, 37, 34, 105, 42, 40, 39, 11, 41, 39, 34, 12, 23, 105, 36, 36, 26, 11, 30], ""dense_candidate_scores"": [0.6289014242806716, 0.6223803795853692, 0.6130303119774698, 0.5924987276064789, 0.5894759977781261, 0.5795352842351952, 0.572296057241267, 0.5721149943800642, 0.5669133146305467, 0.5621180990880682, 0.5587190400493616, 0.550839855307644, 0.5505043663934973, 0.5422554694966422, 0.5362531682128118, 0.5333829678292198, 0.5315548904219083, 0.5284580242870248, 0.5197846243319679, 0.5191278921384712, 0.5148590485870452, 0.5086672972191584, 0.5078744728518199, 0.5007026386686606, 0.49920035640033833, 0.49373458449805163, 0.49359052656984137, 0.49309049635910807, 0.48730002513589343, 0.48615148136712305, 0.4825756584457618, 0.48126510219131546, 0.47869701041784973, 0.47492992509794596, 0.4738845146674818, 0.46081781151734635, 0.45009388308853737, 0.449989822519564, 0.44613907570536615, 0.4354769345564743, 0.4349388035946872, 0.4346217328533397, 0.4318873717624985, 0.4306820983356324, 0.42362005669284397, 0.4230791440390552, 0.41642786558185396, 0.415921091875359, 0.41407000228876056, 0.4116907283966236], ""dense_first_evidence_rank"": 43, ""evidence_rank_after_reranking"": 3, ""evidence_rank_before_reranking"": 25, ""expected_evidence"": [""food inflation which remained elevated at an average of 8.5 per cent during October- December 2024, decelerated to 3.8 per cent in February 2025""], ""loss_stage"": ""evidence_found"", ""report_id"": ""rbi_mpr_2025_04"", ""reranker_input_ids"": [""rbi_mpr_2025_04_p025_c000"", ""rbi_mpr_2025_04_p025_c001"", ""rbi_mpr_2025_04_p030_c001"", ""rbi_mpr_2025_04_p037_c000"", ""rbi_mpr_2025_04_p025_c003"", ""rbi_mpr_2025_04_p032_c000"", ""rbi_mpr_2025_04_p015_c001"", ""rbi_mpr_2025_04_p041_c000"", ""rbi_mpr_2025_04_p038_c000"", ""rbi_mpr_2025_04_p030_c000"", ""rbi_mpr_2025_04_p011_c000"", ""rbi_mpr_2025_04_p036_c000"", ""rbi_mpr_2025_04_p042_c000"", ""rbi_mpr_2025_04_p039_c001"", ""rbi_mpr_2025_04_p034_c000"", ""rbi_mpr_2025_04_p036_c002"", ""rbi_mpr_2025_04_p031_c001"", ""rbi_mpr_2025_04_p044_c002"", ""rbi_mpr_2025_04_p044_c001"", ""rbi_mpr_2025_04_p031_c000"", ""rbi_mpr_2025_04_p078_c002"", ""rbi_mpr_2025_04_p014_c000"", ""rbi_mpr_2025_04_p015_c002"", ""rbi_mpr_2025_04_p013_c003"", ""rbi_mpr_2025_04_p012_c000"", ""rbi_mpr_2025_04_p023_c001"", ""rbi_mpr_2025_04_p069_c004"", ""rbi_mpr_2025_04_p069_c000"", ""rbi_mpr_2025_04_p068_c000"", ""rbi_mpr_2025_04_p025_c004""], ""reranker_input_pages"": [25, 25, 30, 37, 25, 32, 15, 41, 38, 30, 11, 36, 42, 39, 34, 36, 31, 44, 44, 31, 78, 14, 15, 13, 12, 23, 69, 69, 68, 25], ""reranker_input_ranks"": [1, 2, 3, 4, 5, 6, 7, 8, 9, 10, 11, 12, 13, 14, 15, 16, 17, 18, 19, 20, 21, 22, 23, 24, 25, 26, 27, 28, 29, 30], ""reranker_output_ids"": [""rbi_mpr_2025_04_p032_c000"", ""rbi_mpr_2025_04_p042_c000"", ""rbi_mpr_2025_04_p012_c000"", ""rbi_mpr_2025_04_p038_c000"", ""rbi_mpr_2025_04_p030_c000"", ""rbi_mpr_2025_04_p015_c002"", ""rbi_mpr_2025_04_p023_c001"", ""rbi_mpr_2025_04_p034_c000"", ""rbi_mpr_2025_04_p036_c000"", ""rbi_mpr_2025_04_p030_c001"", ""rbi_mpr_2025_04_p039_c001"", ""rbi_mpr_2025_04_p025_c001"", ""rbi_mpr_2025_04_p025_c000"", ""rbi_mpr_2025_04_p031_c000"", ""rbi_mpr_2025_04_p015_c001"", ""rbi_mpr_2025_04_p036_c002"", ""rbi_mpr_2025_04_p037_c000"", ""rbi_mpr_2025_04_p011_c000"", ""rbi_mpr_2025_04_p031_c001"", ""rbi_mpr_2025_04_p025_c004"", ""rbi_mpr_2025_04_p025_c003"", ""rbi_mpr_2025_04_p041_c000"", ""rbi_mpr_2025_04_p014_c000"", ""rbi_mpr_2025_04_p044_c002"", ""rbi_mpr_2025_04_p068_c000"", ""rbi_mpr_2025_04_p044_c001"", ""rbi_mpr_2025_04_p013_c003"", ""rbi_mpr_2025_04_p069_c004"", ""rbi_mpr_2025_04_p078_c002"", ""rbi_mpr_2025_04_p069_c000""], ""reranker_output_pages"": [32, 42, 12, 38, 30, 15, 23, 34, 36, 30, 39, 25, 25, 31, 15, 36, 37, 11, 31, 25, 25, 41, 14, 44, 68, 44, 13, 69, 78, 69], ""reranker_scores"": [6.555393695831299, 5.897502899169922, 5.78820276260376, 5.719841480255127, 5.31109619140625, 4.96368408203125, 4.952996253967285, 4.768571853637695, 4.270872116088867, 3.9734597206115723, 3.669642448425293, 3.6096720695495605, 3.4756765365600586, 3.3967487812042236, 3.0924816131591797, 3.0199153423309326, 2.4144105911254883, 2.256086826324463, 1.6526046991348267, 1.2393798828125, 1.0969414710998535, 1.0547864437103271, -0.014330584555864334, -0.7619755268096924, -1.1854302883148193, -2.109626531600952, -2.4473745822906494, -4.376424312591553, -4.7275390625, -8.178567886352539], ""rrf_candidate_ids"": [""rbi_mpr_2025_04_p025_c000"", ""rbi_mpr_2025_04_p025_c001"", ""rbi_mpr_2025_04_p030_c001"", ""rbi_mpr_2025_04_p037_c000"", ""rbi_mpr_2025_04_p025_c003"", ""rbi_mpr_2025_04_p032_c000"", ""rbi_mpr_2025_04_p015_c001"", ""rbi_mpr_2025_04_p041_c000"", ""rbi_mpr_2025_04_p038_c000"", ""rbi_mpr_2025_04_p030_c000"", ""rbi_mpr_2025_04_p011_c000"", ""rbi_mpr_2025_04_p036_c000"", ""rbi_mpr_2025_04_p042_c000"", ""rbi_mpr_2025_04_p039_c001"", ""rbi_mpr_2025_04_p034_c000"", ""rbi_mpr_2025_04_p036_c002"", ""rbi_mpr_2025_04_p031_c001"", ""rbi_mpr_2025_04_p044_c002"", ""rbi_mpr_2025_04_p044_c001"", ""rbi_mpr_2025_04_p031_c000"", ""rbi_mpr_2025_04_p078_c002"", ""rbi_mpr_2025_04_p014_c000"", ""rbi_mpr_2025_04_p015_c002"", ""rbi_mpr_2025_04_p013_c003"", ""rbi_mpr_2025_04_p012_c000"", ""rbi_mpr_2025_04_p023_c001"", ""rbi_mpr_2025_04_p069_c004"", ""rbi_mpr_2025_04_p069_c000"", ""rbi_mpr_2025_04_p068_c000"", ""rbi_mpr_2025_04_p025_c004""], ""rrf_candidate_pages"": [25, 25, 30, 37, 25, 32, 15, 41, 38, 30, 11, 36, 42, 39, 34, 36, 31, 44, 44, 31, 78, 14, 15, 13, 12, 23, 69, 69, 68, 25], ""rrf_first_evidence_rank"": 25, ""rrf_scores"": [0.030017921146953404, 0.028612012987012988, 0.028370221327967807, 0.026171741361614778, 0.026050420168067225, 0.025342039800995024, 0.024934585193166076, 0.024925373134328358, 0.024585477415666093, 0.024492753623188406, 0.02292152292152292, 0.022704081632653063, 0.021756930635162007, 0.021012101210121013, 0.020739307973350527, 0.01998409226486379, 0.01639344262295082, 0.01639344262295082, 0.016129032258064516, 0.015873015873015872, 0.015873015873015872, 0.015625, 0.015384615384615385, 0.015384615384615385, 0.015151515151515152, 0.014705882352941176, 0.014705882352941176, 0.014492753623188406, 0.014084507042253521, 0.013888888888888888], ""selected_chunk_ids_after_dedup"": [""rbi_mpr_2025_04_p032_c000"", ""rbi_mpr_2025_04_p042_c000"", ""rbi_mpr_2025_04_p012_c000""], ""selected_chunk_ids_before_dedup"": [""rbi_mpr_2025_04_p032_c000"", ""rbi_mpr_2025_04_p042_c000"", ""rbi_mpr_2025_04_p012_c000""], ""selected_pages"": [32, 42, 12]}, ""rbi_mpr_2025_10"": {""accepted_evidence_found"": false, ""accepted_pages"": [10], ""bm25_candidate_ids"": [""rbi_mpr_2025_10_p038_c000"", ""rbi_mpr_2025_10_p012_c001"", ""rbi_mpr_2025_10_p015_c000"", ""rbi_mpr_2025_10_p010_c000"", ""rbi_mpr_2025_10_p066_c000"", ""rbi_mpr_2025_10_p012_c000"", ""rbi_mpr_2025_10_p032_c000"", ""rbi_mpr_2025_10_p102_c001"", ""rbi_mpr_2025_10_p068_c000"", ""rbi_mpr_2025_10_p013_c004"", ""rbi_mpr_2025_10_p019_c001"", ""rbi_mpr_2025_10_p094_c003"", ""rbi_mpr_2025_10_p074_c000"", ""rbi_mpr_2025_10_p099_c000"", ""rbi_mpr_2025_10_p024_c001"", ""rbi_mpr_2025_10_p080_c001"", ""rbi_mpr_2025_10_p069_c000"", ""rbi_mpr_2025_10_p025_c002"", ""rbi_mpr_2025_10_p066_c001"", ""rbi_mpr_2025_10_p032_c003"", ""rbi_mpr_2025_10_p102_c000"", ""rbi_mpr_2025_10_p036_c003"", ""rbi_mpr_2025_10_p025_c001"", ""rbi_mpr_2025_10_p021_c001"", ""rbi_mpr_2025_10_p097_c004"", ""rbi_mpr_2025_10_p070_c001"", ""rbi_mpr_2025_10_p105_c000"", ""rbi_mpr_2025_10_p071_c001"", ""rbi_mpr_2025_10_p066_c002"", ""rbi_mpr_2025_10_p105_c003"", ""rbi_mpr_2025_10_p097_c003"", ""rbi_mpr_2025_10_p024_c000"", ""rbi_mpr_2025_10_p064_c003"", ""rbi_mpr_2025_10_p036_c002"", ""rbi_mpr_2025_10_p013_c000"", ""rbi_mpr_2025_10_p043_c002"", ""rbi_mpr_2025_10_p009_c005"", ""rbi_mpr_2025_10_p013_c003"", ""rbi_mpr_2025_10_p099_c001"", ""rbi_mpr_2025_10_p064_c005"", ""rbi_mpr_2025_10_p009_c002"", ""rbi_mpr_2025_10_p064_c000"", ""rbi_mpr_2025_10_p080_c002"", ""rbi_mpr_2025_10_p099_c002"", ""rbi_mpr_2025_10_p062_c000"", ""rbi_mpr_2025_10_p063_c000"", ""rbi_mpr_2025_10_p009_c001"", ""rbi_mpr_2025_10_p037_c001"", ""rbi_mpr_2025_10_p010_c002"", ""rbi_mpr_2025_10_p042_c000""], ""bm25_candidate_pages"": [38, 12, 15, 10, 66, 12, 32, 102, 68, 13, 19, 94, 74, 99, 24, 80, 69, 25, 66, 32, 102, 36, 25, 21, 97, 70, 105, 71, 66, 105, 97, 24, 64, 36, 13, 43, 9, 13, 99, 64, 9, 64, 80, 99, 62, 63, 9, 37, 10, 42], ""bm25_candidate_scores"": [null, null, null, null, null, null, null, null, null, null, null, null, null, null, null, null, null, null, null, null, null, null, null, null, null, null, null, null, null, null, null, null, null, null, null, null, null, null, null, null, null, null, null, null, null, null, null, null, null, null], ""bm25_first_evidence_rank"": 4, ""candidate_source_expansion"": {""rbi_mpr_2025_04_p011_c000"": [], ""rbi_mpr_2025_04_p011_c005"": [], ""rbi_mpr_2025_04_p012_c000"": [], ""rbi_mpr_2025_04_p012_c005"": [], ""rbi_mpr_2025_04_p013_c001"": [], ""rbi_mpr_2025_04_p013_c003"": [], ""rbi_mpr_2025_04_p013_c004"": [], ""rbi_mpr_2025_04_p014_c000"": [], ""rbi_mpr_2025_04_p014_c001"": [], ""rbi_mpr_2025_04_p015_c000"": [], ""rbi_mpr_2025_04_p015_c001"": [], ""rbi_mpr_2025_04_p015_c002"": [], ""rbi_mpr_2025_04_p017_c001"": [], ""rbi_mpr_2025_04_p017_c002"": [], ""rbi_mpr_2025_04_p022_c000"": [], ""rbi_mpr_2025_04_p023_c000"": [], ""rbi_mpr_2025_04_p023_c001"": [], ""rbi_mpr_2025_04_p025_c000"": [], ""rbi_mpr_2025_04_p025_c001"": [], ""rbi_mpr_2025_04_p025_c002"": [], ""rbi_mpr_2025_04_p025_c003"": [], ""rbi_mpr_2025_04_p025_c004"": [], ""rbi_mpr_2025_04_p026_c000"": [], ""rbi_mpr_2025_04_p026_c001"": [], ""rbi_mpr_2025_04_p026_c003"": [], ""rbi_mpr_2025_04_p030_c000"": [], ""rbi_mpr_2025_04_p030_c001"": [], ""rbi_mpr_2025_04_p030_c002"": [], ""rbi_mpr_2025_04_p031_c000"": [], ""rbi_mpr_2025_04_p031_c001"": [], ""rbi_mpr_2025_04_p032_c000"": [], ""rbi_mpr_2025_04_p032_c002"": [], ""rbi_mpr_2025_04_p033_c001"": [], ""rbi_mpr_2025_04_p033_c004"": [], ""rbi_mpr_2025_04_p034_c000"": [], ""rbi_mpr_2025_04_p034_c002"": [], ""rbi_mpr_2025_04_p035_c001"": [], ""rbi_mpr_2025_04_p035_c002"": [], ""rbi_mpr_2025_04_p035_c003"": [], ""rbi_mpr_2025_04_p036_c000"": [], ""rbi_mpr_2025_04_p036_c002"": [], ""rbi_mpr_2025_04_p036_c003"": [], ""rbi_mpr_2025_04_p036_c004"": [], ""rbi_mpr_2025_04_p037_c000"": [], ""rbi_mpr_2025_04_p037_c001"": [], ""rbi_mpr_2025_04_p038_c000"": [], ""rbi_mpr_2025_04_p038_c002"": [], ""rbi_mpr_2025_04_p039_c000"": [], ""rbi_mpr_2025_04_p039_c001"": [], ""rbi_mpr_2025_04_p039_c002"": [], ""rbi_mpr_2025_04_p039_c003"": [], ""rbi_mpr_2025_04_p040_c000"": [], ""rbi_mpr_2025_04_p040_c002"": [], ""rbi_mpr_2025_04_p041_c000"": [], ""rbi_mpr_2025_04_p042_c000"": [], ""rbi_mpr_2025_04_p042_c001"": [], ""rbi_mpr_2025_04_p043_c001"": [], ""rbi_mpr_2025_04_p044_c001"": [], ""rbi_mpr_2025_04_p044_c002"": [], ""rbi_mpr_2025_04_p046_c000"": [], ""rbi_mpr_2025_04_p047_c002"": [], ""rbi_mpr_2025_04_p048_c000"": [], ""rbi_mpr_2025_04_p066_c000"": [], ""rbi_mpr_2025_04_p068_c000"": [], ""rbi_mpr_2025_04_p069_c000"": [], ""rbi_mpr_2025_04_p069_c004"": [], ""rbi_mpr_2025_04_p070_c000"": [], ""rbi_mpr_2025_04_p073_c001"": [], ""rbi_mpr_2025_04_p078_c002"": [], ""rbi_mpr_2025_04_p078_c003"": [], ""rbi_mpr_2025_04_p083_c000"": [], ""rbi_mpr_2025_04_p092_c000"": [], ""rbi_mpr_2025_04_p096_c001"": [], ""rbi_mpr_2025_04_p098_c000"": [], ""rbi_mpr_2025_04_p099_c003"": [], ""rbi_mpr_2025_04_p099_c004"": [], ""rbi_mpr_2025_04_p100_c000"": [], ""rbi_mpr_2025_04_p103_c002"": [], ""rbi_mpr_2025_04_p105_c001"": [], ""rbi_mpr_2025_04_p105_c002"": [], ""rbi_mpr_2025_04_p105_c003"": [], ""rbi_mpr_2025_04_p107_c002"": [], ""rbi_mpr_2025_04_p108_c000"": [], ""rbi_mpr_2025_04_p113_c001"": [], ""rbi_mpr_2025_10_p009_c001"": [], ""rbi_mpr_2025_10_p009_c002"": [], ""rbi_mpr_2025_10_p009_c005"": [], ""rbi_mpr_2025_10_p010_c000"": [], ""rbi_mpr_2025_10_p010_c002"": [], ""rbi_mpr_2025_10_p010_c003"": [], ""rbi_mpr_2025_10_p011_c000"": [], ""rbi_mpr_2025_10_p012_c000"": [], ""rbi_mpr_2025_10_p012_c001"": [], ""rbi_mpr_2025_10_p013_c000"": [], ""rbi_mpr_2025_10_p013_c003"": [], ""rbi_mpr_2025_10_p013_c004"": [], ""rbi_mpr_2025_10_p014_c000"": [], ""rbi_mpr_2025_10_p014_c001"": [], ""rbi_mpr_2025_10_p014_c002"": [], ""rbi_mpr_2025_10_p015_c000"": [], ""rbi_mpr_2025_10_p015_c001"": [], ""rbi_mpr_2025_10_p015_c002"": [], ""rbi_mpr_2025_10_p019_c001"": [], ""rbi_mpr_2025_10_p021_c001"": [], ""rbi_mpr_2025_10_p023_c000"": [], ""rbi_mpr_2025_10_p023_c001"": [], ""rbi_mpr_2025_10_p023_c002"": [], ""rbi_mpr_2025_10_p024_c000"": [], ""rbi_mpr_2025_10_p024_c001"": [], ""rbi_mpr_2025_10_p024_c002"": [], ""rbi_mpr_2025_10_p024_c003"": [], ""rbi_mpr_2025_10_p025_c000"": [], ""rbi_mpr_2025_10_p025_c001"": [], ""rbi_mpr_2025_10_p025_c002"": [], ""rbi_mpr_2025_10_p026_c000"": [], ""rbi_mpr_2025_10_p026_c002"": [], ""rbi_mpr_2025_10_p026_c003"": [], ""rbi_mpr_2025_10_p027_c000"": [], ""rbi_mpr_2025_10_p027_c003"": [], ""rbi_mpr_2025_10_p028_c000"": [], ""rbi_mpr_2025_10_p028_c001"": [], ""rbi_mpr_2025_10_p028_c002"": [], ""rbi_mpr_2025_10_p029_c000"": [], ""rbi_mpr_2025_10_p029_c002"": [], ""rbi_mpr_2025_10_p030_c000"": [], ""rbi_mpr_2025_10_p030_c001"": [], ""rbi_mpr_2025_10_p030_c002"": [], ""rbi_mpr_2025_10_p031_c000"": [], ""rbi_mpr_2025_10_p031_c001"": [], ""rbi_mpr_2025_10_p032_c000"": [], ""rbi_mpr_2025_10_p032_c002"": [], ""rbi_mpr_2025_10_p032_c003"": [], ""rbi_mpr_2025_10_p033_c001"": [], ""rbi_mpr_2025_10_p033_c002"": [], ""rbi_mpr_2025_10_p034_c000"": [], ""rbi_mpr_2025_10_p034_c001"": [], ""rbi_mpr_2025_10_p034_c002"": [], ""rbi_mpr_2025_10_p035_c002"": [], ""rbi_mpr_2025_10_p035_c003"": [], ""rbi_mpr_2025_10_p036_c000"": [], ""rbi_mpr_2025_10_p036_c002"": [], ""rbi_mpr_2025_10_p036_c003"": [], ""rbi_mpr_2025_10_p037_c001"": [], ""rbi_mpr_2025_10_p038_c000"": [], ""rbi_mpr_2025_10_p040_c000"": [], ""rbi_mpr_2025_10_p041_c003"": [], ""rbi_mpr_2025_10_p041_c004"": [], ""rbi_mpr_2025_10_p042_c000"": [], ""rbi_mpr_2025_10_p043_c002"": [], ""rbi_mpr_2025_10_p062_c000"": [], ""rbi_mpr_2025_10_p063_c000"": [], ""rbi_mpr_2025_10_p064_c000"": [], ""rbi_mpr_2025_10_p064_c003"": [], ""rbi_mpr_2025_10_p064_c005"": [], ""rbi_mpr_2025_10_p066_c000"": [], ""rbi_mpr_2025_10_p066_c001"": [], ""rbi_mpr_2025_10_p066_c002"": [], ""rbi_mpr_2025_10_p068_c000"": [], ""rbi_mpr_2025_10_p069_c000"": [], ""rbi_mpr_2025_10_p070_c001"": [], ""rbi_mpr_2025_10_p071_c001"": [], ""rbi_mpr_2025_10_p074_c000"": [], ""rbi_mpr_2025_10_p080_c001"": [], ""rbi_mpr_2025_10_p080_c002"": [], ""rbi_mpr_2025_10_p094_c003"": [], ""rbi_mpr_2025_10_p097_c003"": [], ""rbi_mpr_2025_10_p097_c004"": [], ""rbi_mpr_2025_10_p099_c000"": [], ""rbi_mpr_2025_10_p099_c001"": [], ""rbi_mpr_2025_10_p099_c002"": [], ""rbi_mpr_2025_10_p101_c001"": [], ""rbi_mpr_2025_10_p102_c000"": [], ""rbi_mpr_2025_10_p102_c001"": [], ""rbi_mpr_2025_10_p105_c000"": [], ""rbi_mpr_2025_10_p105_c003"": []}, ""candidate_source_facet"": {""rbi_mpr_2025_04_p011_c000"": [], ""rbi_mpr_2025_04_p011_c005"": [], ""rbi_mpr_2025_04_p012_c000"": [], ""rbi_mpr_2025_04_p012_c005"": [], ""rbi_mpr_2025_04_p013_c001"": [], ""rbi_mpr_2025_04_p013_c003"": [], ""rbi_mpr_2025_04_p013_c004"": [], ""rbi_mpr_2025_04_p014_c000"": [], ""rbi_mpr_2025_04_p014_c001"": [], ""rbi_mpr_2025_04_p015_c000"": [], ""rbi_mpr_2025_04_p015_c001"": [], ""rbi_mpr_2025_04_p015_c002"": [], ""rbi_mpr_2025_04_p017_c001"": [], ""rbi_mpr_2025_04_p017_c002"": [], ""rbi_mpr_2025_04_p022_c000"": [], ""rbi_mpr_2025_04_p023_c000"": [], ""rbi_mpr_2025_04_p023_c001"": [], ""rbi_mpr_2025_04_p025_c000"": [], ""rbi_mpr_2025_04_p025_c001"": [], ""rbi_mpr_2025_04_p025_c002"": [], ""rbi_mpr_2025_04_p025_c003"": [], ""rbi_mpr_2025_04_p025_c004"": [], ""rbi_mpr_2025_04_p026_c000"": [], ""rbi_mpr_2025_04_p026_c001"": [], ""rbi_mpr_2025_04_p026_c003"": [], ""rbi_mpr_2025_04_p030_c000"": [], ""rbi_mpr_2025_04_p030_c001"": [], ""rbi_mpr_2025_04_p030_c002"": [], ""rbi_mpr_2025_04_p031_c000"": [], ""rbi_mpr_2025_04_p031_c001"": [], ""rbi_mpr_2025_04_p032_c000"": [], ""rbi_mpr_2025_04_p032_c002"": [], ""rbi_mpr_2025_04_p033_c001"": [], ""rbi_mpr_2025_04_p033_c004"": [], ""rbi_mpr_2025_04_p034_c000"": [], ""rbi_mpr_2025_04_p034_c002"": [], ""rbi_mpr_2025_04_p035_c001"": [], ""rbi_mpr_2025_04_p035_c002"": [], ""rbi_mpr_2025_04_p035_c003"": [], ""rbi_mpr_2025_04_p036_c000"": [], ""rbi_mpr_2025_04_p036_c002"": [], ""rbi_mpr_2025_04_p036_c003"": [], ""rbi_mpr_2025_04_p036_c004"": [], ""rbi_mpr_2025_04_p037_c000"": [], ""rbi_mpr_2025_04_p037_c001"": [], ""rbi_mpr_2025_04_p038_c000"": [], ""rbi_mpr_2025_04_p038_c002"": [], ""rbi_mpr_2025_04_p039_c000"": [], ""rbi_mpr_2025_04_p039_c001"": [], ""rbi_mpr_2025_04_p039_c002"": [], ""rbi_mpr_2025_04_p039_c003"": [], ""rbi_mpr_2025_04_p040_c000"": [], ""rbi_mpr_2025_04_p040_c002"": [], ""rbi_mpr_2025_04_p041_c000"": [], ""rbi_mpr_2025_04_p042_c000"": [], ""rbi_mpr_2025_04_p042_c001"": [], ""rbi_mpr_2025_04_p043_c001"": [], ""rbi_mpr_2025_04_p044_c001"": [], ""rbi_mpr_2025_04_p044_c002"": [], ""rbi_mpr_2025_04_p046_c000"": [], ""rbi_mpr_2025_04_p047_c002"": [], ""rbi_mpr_2025_04_p048_c000"": [], ""rbi_mpr_2025_04_p066_c000"": [], ""rbi_mpr_2025_04_p068_c000"": [], ""rbi_mpr_2025_04_p069_c000"": [], ""rbi_mpr_2025_04_p069_c004"": [], ""rbi_mpr_2025_04_p070_c000"": [], ""rbi_mpr_2025_04_p073_c001"": [], ""rbi_mpr_2025_04_p078_c002"": [], ""rbi_mpr_2025_04_p078_c003"": [], ""rbi_mpr_2025_04_p083_c000"": [], ""rbi_mpr_2025_04_p092_c000"": [], ""rbi_mpr_2025_04_p096_c001"": [], ""rbi_mpr_2025_04_p098_c000"": [], ""rbi_mpr_2025_04_p099_c003"": [], ""rbi_mpr_2025_04_p099_c004"": [], ""rbi_mpr_2025_04_p100_c000"": [], ""rbi_mpr_2025_04_p103_c002"": [], ""rbi_mpr_2025_04_p105_c001"": [], ""rbi_mpr_2025_04_p105_c002"": [], ""rbi_mpr_2025_04_p105_c003"": [], ""rbi_mpr_2025_04_p107_c002"": [], ""rbi_mpr_2025_04_p108_c000"": [], ""rbi_mpr_2025_04_p113_c001"": [], ""rbi_mpr_2025_10_p009_c001"": [], ""rbi_mpr_2025_10_p009_c002"": [], ""rbi_mpr_2025_10_p009_c005"": [], ""rbi_mpr_2025_10_p010_c000"": [], ""rbi_mpr_2025_10_p010_c002"": [], ""rbi_mpr_2025_10_p010_c003"": [], ""rbi_mpr_2025_10_p011_c000"": [], ""rbi_mpr_2025_10_p012_c000"": [], ""rbi_mpr_2025_10_p012_c001"": [], ""rbi_mpr_2025_10_p013_c000"": [], ""rbi_mpr_2025_10_p013_c003"": [], ""rbi_mpr_2025_10_p013_c004"": [], ""rbi_mpr_2025_10_p014_c000"": [], ""rbi_mpr_2025_10_p014_c001"": [], ""rbi_mpr_2025_10_p014_c002"": [], ""rbi_mpr_2025_10_p015_c000"": [], ""rbi_mpr_2025_10_p015_c001"": [], ""rbi_mpr_2025_10_p015_c002"": [], ""rbi_mpr_2025_10_p019_c001"": [], ""rbi_mpr_2025_10_p021_c001"": [], ""rbi_mpr_2025_10_p023_c000"": [], ""rbi_mpr_2025_10_p023_c001"": [], ""rbi_mpr_2025_10_p023_c002"": [], ""rbi_mpr_2025_10_p024_c000"": [], ""rbi_mpr_2025_10_p024_c001"": [], ""rbi_mpr_2025_10_p024_c002"": [], ""rbi_mpr_2025_10_p024_c003"": [], ""rbi_mpr_2025_10_p025_c000"": [], ""rbi_mpr_2025_10_p025_c001"": [], ""rbi_mpr_2025_10_p025_c002"": [], ""rbi_mpr_2025_10_p026_c000"": [], ""rbi_mpr_2025_10_p026_c002"": [], ""rbi_mpr_2025_10_p026_c003"": [], ""rbi_mpr_2025_10_p027_c000"": [], ""rbi_mpr_2025_10_p027_c003"": [], ""rbi_mpr_2025_10_p028_c000"": [], ""rbi_mpr_2025_10_p028_c001"": [], ""rbi_mpr_2025_10_p028_c002"": [], ""rbi_mpr_2025_10_p029_c000"": [], ""rbi_mpr_2025_10_p029_c002"": [], ""rbi_mpr_2025_10_p030_c000"": [], ""rbi_mpr_2025_10_p030_c001"": [], ""rbi_mpr_2025_10_p030_c002"": [], ""rbi_mpr_2025_10_p031_c000"": [], ""rbi_mpr_2025_10_p031_c001"": [], ""rbi_mpr_2025_10_p032_c000"": [], ""rbi_mpr_2025_10_p032_c002"": [], ""rbi_mpr_2025_10_p032_c003"": [], ""rbi_mpr_2025_10_p033_c001"": [], ""rbi_mpr_2025_10_p033_c002"": [], ""rbi_mpr_2025_10_p034_c000"": [], ""rbi_mpr_2025_10_p034_c001"": [], ""rbi_mpr_2025_10_p034_c002"": [], ""rbi_mpr_2025_10_p035_c002"": [], ""rbi_mpr_2025_10_p035_c003"": [], ""rbi_mpr_2025_10_p036_c000"": [], ""rbi_mpr_2025_10_p036_c002"": [], ""rbi_mpr_2025_10_p036_c003"": [], ""rbi_mpr_2025_10_p037_c001"": [], ""rbi_mpr_2025_10_p038_c000"": [], ""rbi_mpr_2025_10_p040_c000"": [], ""rbi_mpr_2025_10_p041_c003"": [], ""rbi_mpr_2025_10_p041_c004"": [], ""rbi_mpr_2025_10_p042_c000"": [], ""rbi_mpr_2025_10_p043_c002"": [], ""rbi_mpr_2025_10_p062_c000"": [], ""rbi_mpr_2025_10_p063_c000"": [], ""rbi_mpr_2025_10_p064_c000"": [], ""rbi_mpr_2025_10_p064_c003"": [], ""rbi_mpr_2025_10_p064_c005"": [], ""rbi_mpr_2025_10_p066_c000"": [], ""rbi_mpr_2025_10_p066_c001"": [], ""rbi_mpr_2025_10_p066_c002"": [], ""rbi_mpr_2025_10_p068_c000"": [], ""rbi_mpr_2025_10_p069_c000"": [], ""rbi_mpr_2025_10_p070_c001"": [], ""rbi_mpr_2025_10_p071_c001"": [], ""rbi_mpr_2025_10_p074_c000"": [], ""rbi_mpr_2025_10_p080_c001"": [], ""rbi_mpr_2025_10_p080_c002"": [], ""rbi_mpr_2025_10_p094_c003"": [], ""rbi_mpr_2025_10_p097_c003"": [], ""rbi_mpr_2025_10_p097_c004"": [], ""rbi_mpr_2025_10_p099_c000"": [], ""rbi_mpr_2025_10_p099_c001"": [], ""rbi_mpr_2025_10_p099_c002"": [], ""rbi_mpr_2025_10_p101_c001"": [], ""rbi_mpr_2025_10_p102_c000"": [], ""rbi_mpr_2025_10_p102_c001"": [], ""rbi_mpr_2025_10_p105_c000"": [], ""rbi_mpr_2025_10_p105_c003"": []}, ""candidate_source_query"": {""rbi_mpr_2025_04_p011_c000"": [""Compare food-inflation developments reported in April and October 2025.""], ""rbi_mpr_2025_04_p011_c005"": [""Compare food-inflation developments reported in April and October 2025.""], ""rbi_mpr_2025_04_p012_c000"": [""Compare food-inflation developments reported in April and October 2025.""], ""rbi_mpr_2025_04_p012_c005"": [""Compare food-inflation developments reported in April and October 2025.""], ""rbi_mpr_2025_04_p013_c001"": [""Compare food-inflation developments reported in April and October 2025.""], ""rbi_mpr_2025_04_p013_c003"": [""Compare food-inflation developments reported in April and October 2025.""], ""rbi_mpr_2025_04_p013_c004"": [""Compare food-inflation developments reported in April and October 2025.""], ""rbi_mpr_2025_04_p014_c000"": [""Compare food-inflation developments reported in April and October 2025.""], ""rbi_mpr_2025_04_p014_c001"": [""Compare food-inflation developments reported in April and October 2025.""], ""rbi_mpr_2025_04_p015_c000"": [""Compare food-inflation developments reported in April and October 2025.""], ""rbi_mpr_2025_04_p015_c001"": [""Compare food-inflation developments reported in April and October 2025.""], ""rbi_mpr_2025_04_p015_c002"": [""Compare food-inflation developments reported in April and October 2025.""], ""rbi_mpr_2025_04_p017_c001"": [""Compare food-inflation developments reported in April and October 2025.""], ""rbi_mpr_2025_04_p017_c002"": [""Compare food-inflation developments reported in April and October 2025.""], ""rbi_mpr_2025_04_p022_c000"": [""Compare food-inflation developments reported in April and October 2025.""], ""rbi_mpr_2025_04_p023_c000"": [""Compare food-inflation developments reported in April and October 2025.""], ""rbi_mpr_2025_04_p023_c001"": [""Compare food-inflation developments reported in April and October 2025.""], ""rbi_mpr_2025_04_p025_c000"": [""Compare food-inflation developments reported in April and October 2025.""], ""rbi_mpr_2025_04_p025_c001"": [""Compare food-inflation developments reported in April and October 2025.""], ""rbi_mpr_2025_04_p025_c002"": [""Compare food-inflation developments reported in April and October 2025.""], ""rbi_mpr_2025_04_p025_c003"": [""Compare food-inflation developments reported in April and October 2025.""], ""rbi_mpr_2025_04_p025_c004"": [""Compare food-inflation developments reported in April and October 2025.""], ""rbi_mpr_2025_04_p026_c000"": [""Compare food-inflation developments reported in April and October 2025.""], ""rbi_mpr_2025_04_p026_c001"": [""Compare food-inflation developments reported in April and October 2025.""], ""rbi_mpr_2025_04_p026_c003"": [""Compare food-inflation developments reported in April and October 2025.""], ""rbi_mpr_2025_04_p030_c000"": [""Compare food-inflation developments reported in April and October 2025.""], ""rbi_mpr_2025_04_p030_c001"": [""Compare food-inflation developments reported in April and October 2025.""], ""rbi_mpr_2025_04_p030_c002"": [""Compare food-inflation developments reported in April and October 2025.""], ""rbi_mpr_2025_04_p031_c000"": [""Compare food-inflation developments reported in April and October 2025.""], ""rbi_mpr_2025_04_p031_c001"": [""Compare food-inflation developments reported in April and October 2025.""], ""rbi_mpr_2025_04_p032_c000"": [""Compare food-inflation developments reported in April and October 2025.""], ""rbi_mpr_2025_04_p032_c002"": [""Compare food-inflation developments reported in April and October 2025.""], ""rbi_mpr_2025_04_p033_c001"": [""Compare food-inflation developments reported in April and October 2025.""], ""rbi_mpr_2025_04_p033_c004"": [""Compare food-inflation developments reported in April and October 2025.""], ""rbi_mpr_2025_04_p034_c000"": [""Compare food-inflation developments reported in April and October 2025.""], ""rbi_mpr_2025_04_p034_c002"": [""Compare food-inflation developments reported in April and October 2025.""], ""rbi_mpr_2025_04_p035_c001"": [""Compare food-inflation developments reported in April and October 2025.""], ""rbi_mpr_2025_04_p035_c002"": [""Compare food-inflation developments reported in April and October 2025.""], ""rbi_mpr_2025_04_p035_c003"": [""Compare food-inflation developments reported in April and October 2025.""], ""rbi_mpr_2025_04_p036_c000"": [""Compare food-inflation developments reported in April and October 2025.""], ""rbi_mpr_2025_04_p036_c002"": [""Compare food-inflation developments reported in April and October 2025.""], ""rbi_mpr_2025_04_p036_c003"": [""Compare food-inflation developments reported in April and October 2025.""], ""rbi_mpr_2025_04_p036_c004"": [""Compare food-inflation developments reported in April and October 2025.""], ""rbi_mpr_2025_04_p037_c000"": [""Compare food-inflation developments reported in April and October 2025.""], ""rbi_mpr_2025_04_p037_c001"": [""Compare food-inflation developments reported in April and October 2025.""], ""rbi_mpr_2025_04_p038_c000"": [""Compare food-inflation developments reported in April and October 2025.""], ""rbi_mpr_2025_04_p038_c002"": [""Compare food-inflation developments reported in April and October 2025.""], ""rbi_mpr_2025_04_p039_c000"": [""Compare food-inflation developments reported in April and October 2025.""], ""rbi_mpr_2025_04_p039_c001"": [""Compare food-inflation developments reported in April and October 2025.""], ""rbi_mpr_2025_04_p039_c002"": [""Compare food-inflation developments reported in April and October 2025.""], ""rbi_mpr_2025_04_p039_c003"": [""Compare food-inflation developments reported in April and October 2025.""], ""rbi_mpr_2025_04_p040_c000"": [""Compare food-inflation developments reported in April and October 2025.""], ""rbi_mpr_2025_04_p040_c002"": [""Compare food-inflation developments reported in April and October 2025.""], ""rbi_mpr_2025_04_p041_c000"": [""Compare food-inflation developments reported in April and October 2025.""], ""rbi_mpr_2025_04_p042_c000"": [""Compare food-inflation developments reported in April and October 2025.""], ""rbi_mpr_2025_04_p042_c001"": [""Compare food-inflation developments reported in April and October 2025.""], ""rbi_mpr_2025_04_p043_c001"": [""Compare food-inflation developments reported in April and October 2025.""], ""rbi_mpr_2025_04_p044_c001"": [""Compare food-inflation developments reported in April and October 2025.""], ""rbi_mpr_2025_04_p044_c002"": [""Compare food-inflation developments reported in April and October 2025.""], ""rbi_mpr_2025_04_p046_c000"": [""Compare food-inflation developments reported in April and October 2025.""], ""rbi_mpr_2025_04_p047_c002"": [""Compare food-inflation developments reported in April and October 2025.""], ""rbi_mpr_2025_04_p048_c000"": [""Compare food-inflation developments reported in April and October 2025.""], ""rbi_mpr_2025_04_p066_c000"": [""Compare food-inflation developments reported in April and October 2025.""], ""rbi_mpr_2025_04_p068_c000"": [""Compare food-inflation developments reported in April and October 2025.""], ""rbi_mpr_2025_04_p069_c000"": [""Compare food-inflation developments reported in April and October 2025.""], ""rbi_mpr_2025_04_p069_c004"": [""Compare food-inflation developments reported in April and October 2025.""], ""rbi_mpr_2025_04_p070_c000"": [""Compare food-inflation developments reported in April and October 2025.""], ""rbi_mpr_2025_04_p073_c001"": [""Compare food-inflation developments reported in April and October 2025.""], ""rbi_mpr_2025_04_p078_c002"": [""Compare food-inflation developments reported in April and October 2025.""], ""rbi_mpr_2025_04_p078_c003"": [""Compare food-inflation developments reported in April and October 2025.""], ""rbi_mpr_2025_04_p083_c000"": [""Compare food-inflation developments reported in April and October 2025.""], ""rbi_mpr_2025_04_p092_c000"": [""Compare food-inflation developments reported in April and October 2025.""], ""rbi_mpr_2025_04_p096_c001"": [""Compare food-inflation developments reported in April and October 2025.""], ""rbi_mpr_2025_04_p098_c000"": [""Compare food-inflation developments reported in April and October 2025.""], ""rbi_mpr_2025_04_p099_c003"": [""Compare food-inflation developments reported in April and October 2025.""], ""rbi_mpr_2025_04_p099_c004"": [""Compare food-inflation developments reported in April and October 2025.""], ""rbi_mpr_2025_04_p100_c000"": [""Compare food-inflation developments reported in April and October 2025.""], ""rbi_mpr_2025_04_p103_c002"": [""Compare food-inflation developments reported in April and October 2025.""], ""rbi_mpr_2025_04_p105_c001"": [""Compare food-inflation developments reported in April and October 2025.""], ""rbi_mpr_2025_04_p105_c002"": [""Compare food-inflation developments reported in April and October 2025.""], ""rbi_mpr_2025_04_p105_c003"": [""Compare food-inflation developments reported in April and October 2025.""], ""rbi_mpr_2025_04_p107_c002"": [""Compare food-inflation developments reported in April and October 2025.""], ""rbi_mpr_2025_04_p108_c000"": [""Compare food-inflation developments reported in April and October 2025.""], ""rbi_mpr_2025_04_p113_c001"": [""Compare food-inflation developments reported in April and October 2025.""], ""rbi_mpr_2025_10_p009_c001"": [""Compare food-inflation developments reported in April and October 2025.""], ""rbi_mpr_2025_10_p009_c002"": [""Compare food-inflation developments reported in April and October 2025.""], ""rbi_mpr_2025_10_p009_c005"": [""Compare food-inflation developments reported in April and October 2025.""], ""rbi_mpr_2025_10_p010_c000"": [""Compare food-inflation developments reported in April and October 2025.""], ""rbi_mpr_2025_10_p010_c002"": [""Compare food-inflation developments reported in April and October 2025.""], ""rbi_mpr_2025_10_p010_c003"": [""Compare food-inflation developments reported in April and October 2025.""], ""rbi_mpr_2025_10_p011_c000"": [""Compare food-inflation developments reported in April and October 2025.""], ""rbi_mpr_2025_10_p012_c000"": [""Compare food-inflation developments reported in April and October 2025.""], ""rbi_mpr_2025_10_p012_c001"": [""Compare food-inflation developments reported in April and October 2025.""], ""rbi_mpr_2025_10_p013_c000"": [""Compare food-inflation developments reported in April and October 2025.""], ""rbi_mpr_2025_10_p013_c003"": [""Compare food-inflation developments reported in April and October 2025.""], ""rbi_mpr_2025_10_p013_c004"": [""Compare food-inflation developments reported in April and October 2025.""], ""rbi_mpr_2025_10_p014_c000"": [""Compare food-inflation developments reported in April and October 2025.""], ""rbi_mpr_2025_10_p014_c001"": [""Compare food-inflation developments reported in April and October 2025.""], ""rbi_mpr_2025_10_p014_c002"": [""Compare food-inflation developments reported in April and October 2025.""], ""rbi_mpr_2025_10_p015_c000"": [""Compare food-inflation developments reported in April and October 2025.""], ""rbi_mpr_2025_10_p015_c001"": [""Compare food-inflation developments reported in April and October 2025.""], ""rbi_mpr_2025_10_p015_c002"": [""Compare food-inflation developments reported in April and October 2025.""], ""rbi_mpr_2025_10_p019_c001"": [""Compare food-inflation developments reported in April and October 2025.""], ""rbi_mpr_2025_10_p021_c001"": [""Compare food-inflation developments reported in April and October 2025.""], ""rbi_mpr_2025_10_p023_c000"": [""Compare food-inflation developments reported in April and October 2025.""], ""rbi_mpr_2025_10_p023_c001"": [""Compare food-inflation developments reported in April and October 2025.""], ""rbi_mpr_2025_10_p023_c002"": [""Compare food-inflation developments reported in April and October 2025.""], ""rbi_mpr_2025_10_p024_c000"": [""Compare food-inflation developments reported in April and October 2025.""], ""rbi_mpr_2025_10_p024_c001"": [""Compare food-inflation developments reported in April and October 2025.""], ""rbi_mpr_2025_10_p024_c002"": [""Compare food-inflation developments reported in April and October 2025.""], ""rbi_mpr_2025_10_p024_c003"": [""Compare food-inflation developments reported in April and October 2025.""], ""rbi_mpr_2025_10_p025_c000"": [""Compare food-inflation developments reported in April and October 2025.""], ""rbi_mpr_2025_10_p025_c001"": [""Compare food-inflation developments reported in April and October 2025.""], ""rbi_mpr_2025_10_p025_c002"": [""Compare food-inflation developments reported in April and October 2025.""], ""rbi_mpr_2025_10_p026_c000"": [""Compare food-inflation developments reported in April and October 2025.""], ""rbi_mpr_2025_10_p026_c002"": [""Compare food-inflation developments reported in April and October 2025.""], ""rbi_mpr_2025_10_p026_c003"": [""Compare food-inflation developments reported in April and October 2025.""], ""rbi_mpr_2025_10_p027_c000"": [""Compare food-inflation developments reported in April and October 2025.""], ""rbi_mpr_2025_10_p027_c003"": [""Compare food-inflation developments reported in April and October 2025.""], ""rbi_mpr_2025_10_p028_c000"": [""Compare food-inflation developments reported in April and October 2025.""], ""rbi_mpr_2025_10_p028_c001"": [""Compare food-inflation developments reported in April and October 2025.""], ""rbi_mpr_2025_10_p028_c002"": [""Compare food-inflation developments reported in April and October 2025.""], ""rbi_mpr_2025_10_p029_c000"": [""Compare food-inflation developments reported in April and October 2025.""], ""rbi_mpr_2025_10_p029_c002"": [""Compare food-inflation developments reported in April and October 2025.""], ""rbi_mpr_2025_10_p030_c000"": [""Compare food-inflation developments reported in April and October 2025.""], ""rbi_mpr_2025_10_p030_c001"": [""Compare food-inflation developments reported in April and October 2025.""], ""rbi_mpr_2025_10_p030_c002"": [""Compare food-inflation developments reported in April and October 2025.""], ""rbi_mpr_2025_10_p031_c000"": [""Compare food-inflation developments reported in April and October 2025.""], ""rbi_mpr_2025_10_p031_c001"": [""Compare food-inflation developments reported in April and October 2025.""], ""rbi_mpr_2025_10_p032_c000"": [""Compare food-inflation developments reported in April and October 2025.""], ""rbi_mpr_2025_10_p032_c002"": [""Compare food-inflation developments reported in April and October 2025.""], ""rbi_mpr_2025_10_p032_c003"": [""Compare food-inflation developments reported in April and October 2025.""], ""rbi_mpr_2025_10_p033_c001"": [""Compare food-inflation developments reported in April and October 2025.""], ""rbi_mpr_2025_10_p033_c002"": [""Compare food-inflation developments reported in April and October 2025.""], ""rbi_mpr_2025_10_p034_c000"": [""Compare food-inflation developments reported in April and October 2025.""], ""rbi_mpr_2025_10_p034_c001"": [""Compare food-inflation developments reported in April and October 2025.""], ""rbi_mpr_2025_10_p034_c002"": [""Compare food-inflation developments reported in April and October 2025.""], ""rbi_mpr_2025_10_p035_c002"": [""Compare food-inflation developments reported in April and October 2025.""], ""rbi_mpr_2025_10_p035_c003"": [""Compare food-inflation developments reported in April and October 2025.""], ""rbi_mpr_2025_10_p036_c000"": [""Compare food-inflation developments reported in April and October 2025.""], ""rbi_mpr_2025_10_p036_c002"": [""Compare food-inflation developments reported in April and October 2025.""], ""rbi_mpr_2025_10_p036_c003"": [""Compare food-inflation developments reported in April and October 2025.""], ""rbi_mpr_2025_10_p037_c001"": [""Compare food-inflation developments reported in April and October 2025.""], ""rbi_mpr_2025_10_p038_c000"": [""Compare food-inflation developments reported in April and October 2025.""], ""rbi_mpr_2025_10_p040_c000"": [""Compare food-inflation developments reported in April and October 2025.""], ""rbi_mpr_2025_10_p041_c003"": [""Compare food-inflation developments reported in April and October 2025.""], ""rbi_mpr_2025_10_p041_c004"": [""Compare food-inflation developments reported in April and October 2025.""], ""rbi_mpr_2025_10_p042_c000"": [""Compare food-inflation developments reported in April and October 2025.""], ""rbi_mpr_2025_10_p043_c002"": [""Compare food-inflation developments reported in April and October 2025.""], ""rbi_mpr_2025_10_p062_c000"": [""Compare food-inflation developments reported in April and October 2025.""], ""rbi_mpr_2025_10_p063_c000"": [""Compare food-inflation developments reported in April and October 2025.""], ""rbi_mpr_2025_10_p064_c000"": [""Compare food-inflation developments reported in April and October 2025.""], ""rbi_mpr_2025_10_p064_c003"": [""Compare food-inflation developments reported in April and October 2025.""], ""rbi_mpr_2025_10_p064_c005"": [""Compare food-inflation developments reported in April and October 2025.""], ""rbi_mpr_2025_10_p066_c000"": [""Compare food-inflation developments reported in April and October 2025.""], ""rbi_mpr_2025_10_p066_c001"": [""Compare food-inflation developments reported in April and October 2025.""], ""rbi_mpr_2025_10_p066_c002"": [""Compare food-inflation developments reported in April and October 2025.""], ""rbi_mpr_2025_10_p068_c000"": [""Compare food-inflation developments reported in April and October 2025.""], ""rbi_mpr_2025_10_p069_c000"": [""Compare food-inflation developments reported in April and October 2025.""], ""rbi_mpr_2025_10_p070_c001"": [""Compare food-inflation developments reported in April and October 2025.""], ""rbi_mpr_2025_10_p071_c001"": [""Compare food-inflation developments reported in April and October 2025.""], ""rbi_mpr_2025_10_p074_c000"": [""Compare food-inflation developments reported in April and October 2025.""], ""rbi_mpr_2025_10_p080_c001"": [""Compare food-inflation developments reported in April and October 2025.""], ""rbi_mpr_2025_10_p080_c002"": [""Compare food-inflation developments reported in April and October 2025.""], ""rbi_mpr_2025_10_p094_c003"": [""Compare food-inflation developments reported in April and October 2025.""], ""rbi_mpr_2025_10_p097_c003"": [""Compare food-inflation developments reported in April and October 2025.""], ""rbi_mpr_2025_10_p097_c004"": [""Compare food-inflation developments reported in April and October 2025.""], ""rbi_mpr_2025_10_p099_c000"": [""Compare food-inflation developments reported in April and October 2025.""], ""rbi_mpr_2025_10_p099_c001"": [""Compare food-inflation developments reported in April and October 2025.""], ""rbi_mpr_2025_10_p099_c002"": [""Compare food-inflation developments reported in April and October 2025.""], ""rbi_mpr_2025_10_p101_c001"": [""Compare food-inflation developments reported in April and October 2025.""], ""rbi_mpr_2025_10_p102_c000"": [""Compare food-inflation developments reported in April and October 2025.""], ""rbi_mpr_2025_10_p102_c001"": [""Compare food-inflation developments reported in April and October 2025.""], ""rbi_mpr_2025_10_p105_c000"": [""Compare food-inflation developments reported in April and October 2025.""], ""rbi_mpr_2025_10_p105_c003"": [""Compare food-inflation developments reported in April and October 2025.""]}, ""candidate_source_retriever"": {""rbi_mpr_2025_04_p011_c000"": [""bm25"", ""dense""], ""rbi_mpr_2025_04_p011_c005"": [""dense""], ""rbi_mpr_2025_04_p012_c000"": [""bm25""], ""rbi_mpr_2025_04_p012_c005"": [""dense""], ""rbi_mpr_2025_04_p013_c001"": [""dense""], ""rbi_mpr_2025_04_p013_c003"": [""bm25""], ""rbi_mpr_2025_04_p013_c004"": [""bm25""], ""rbi_mpr_2025_04_p014_c000"": [""bm25""], ""rbi_mpr_2025_04_p014_c001"": [""bm25""], ""rbi_mpr_2025_04_p015_c000"": [""bm25""], ""rbi_mpr_2025_04_p015_c001"": [""bm25"", ""dense""], ""rbi_mpr_2025_04_p015_c002"": [""dense""], ""rbi_mpr_2025_04_p017_c001"": [""dense""], ""rbi_mpr_2025_04_p017_c002"": [""dense""], ""rbi_mpr_2025_04_p022_c000"": [""bm25""], ""rbi_mpr_2025_04_p023_c000"": [""dense""], ""rbi_mpr_2025_04_p023_c001"": [""dense""], ""rbi_mpr_2025_04_p025_c000"": [""bm25"", ""dense""], ""rbi_mpr_2025_04_p025_c001"": [""bm25"", ""dense""], ""rbi_mpr_2025_04_p025_c002"": [""dense""], ""rbi_mpr_2025_04_p025_c003"": [""bm25"", ""dense""], ""rbi_mpr_2025_04_p025_c004"": [""dense""], ""rbi_mpr_2025_04_p026_c000"": [""dense""], ""rbi_mpr_2025_04_p026_c001"": [""dense""], ""rbi_mpr_2025_04_p026_c003"": [""dense""], ""rbi_mpr_2025_04_p030_c000"": [""bm25"", ""dense""], ""rbi_mpr_2025_04_p030_c001"": [""bm25"", ""dense""], ""rbi_mpr_2025_04_p030_c002"": [""dense""], ""rbi_mpr_2025_04_p031_c000"": [""dense""], ""rbi_mpr_2025_04_p031_c001"": [""dense""], ""rbi_mpr_2025_04_p032_c000"": [""bm25"", ""dense""], ""rbi_mpr_2025_04_p032_c002"": [""dense""], ""rbi_mpr_2025_04_p033_c001"": [""dense""], ""rbi_mpr_2025_04_p033_c004"": [""dense""], ""rbi_mpr_2025_04_p034_c000"": [""bm25"", ""dense""], ""rbi_mpr_2025_04_p034_c002"": [""dense""], ""rbi_mpr_2025_04_p035_c001"": [""dense""], ""rbi_mpr_2025_04_p035_c002"": [""dense""], ""rbi_mpr_2025_04_p035_c003"": [""dense""], ""rbi_mpr_2025_04_p036_c000"": [""bm25"", ""dense""], ""rbi_mpr_2025_04_p036_c002"": [""bm25"", ""dense""], ""rbi_mpr_2025_04_p036_c003"": [""dense""], ""rbi_mpr_2025_04_p036_c004"": [""bm25""], ""rbi_mpr_2025_04_p037_c000"": [""bm25"", ""dense""], ""rbi_mpr_2025_04_p037_c001"": [""dense""], ""rbi_mpr_2025_04_p038_c000"": [""bm25"", ""dense""], ""rbi_mpr_2025_04_p038_c002"": [""bm25""], ""rbi_mpr_2025_04_p039_c000"": [""bm25""], ""rbi_mpr_2025_04_p039_c001"": [""bm25"", ""dense""], ""rbi_mpr_2025_04_p039_c002"": [""dense""], ""rbi_mpr_2025_04_p039_c003"": [""dense""], ""rbi_mpr_2025_04_p040_c000"": [""dense""], ""rbi_mpr_2025_04_p040_c002"": [""dense""], ""rbi_mpr_2025_04_p041_c000"": [""bm25"", ""dense""], ""rbi_mpr_2025_04_p042_c000"": [""bm25"", ""dense""], ""rbi_mpr_2025_04_p042_c001"": [""dense""], ""rbi_mpr_2025_04_p043_c001"": [""bm25""], ""rbi_mpr_2025_04_p044_c001"": [""bm25""], ""rbi_mpr_2025_04_p044_c002"": [""bm25""], ""rbi_mpr_2025_04_p046_c000"": [""dense""], ""rbi_mpr_2025_04_p047_c002"": [""bm25""], ""rbi_mpr_2025_04_p048_c000"": [""bm25""], ""rbi_mpr_2025_04_p066_c000"": [""bm25""], ""rbi_mpr_2025_04_p068_c000"": [""bm25""], ""rbi_mpr_2025_04_p069_c000"": [""bm25""], ""rbi_mpr_2025_04_p069_c004"": [""bm25""], ""rbi_mpr_2025_04_p070_c000"": [""bm25""], ""rbi_mpr_2025_04_p073_c001"": [""bm25""], ""rbi_mpr_2025_04_p078_c002"": [""bm25""], ""rbi_mpr_2025_04_p078_c003"": [""bm25""], ""rbi_mpr_2025_04_p083_c000"": [""bm25""], ""rbi_mpr_2025_04_p092_c000"": [""bm25""], ""rbi_mpr_2025_04_p096_c001"": [""bm25""], ""rbi_mpr_2025_04_p098_c000"": [""bm25""], ""rbi_mpr_2025_04_p099_c003"": [""bm25""], ""rbi_mpr_2025_04_p099_c004"": [""bm25""], ""rbi_mpr_2025_04_p100_c000"": [""bm25""], ""rbi_mpr_2025_04_p103_c002"": [""bm25""], ""rbi_mpr_2025_04_p105_c001"": [""dense""], ""rbi_mpr_2025_04_p105_c002"": [""dense""], ""rbi_mpr_2025_04_p105_c003"": [""dense""], ""rbi_mpr_2025_04_p107_c002"": [""bm25""], ""rbi_mpr_2025_04_p108_c000"": [""bm25""], ""rbi_mpr_2025_04_p113_c001"": [""bm25""], ""rbi_mpr_2025_10_p009_c001"": [""bm25""], ""rbi_mpr_2025_10_p009_c002"": [""bm25""], ""rbi_mpr_2025_10_p009_c005"": [""bm25""], ""rbi_mpr_2025_10_p010_c000"": [""bm25"", ""dense""], ""rbi_mpr_2025_10_p010_c002"": [""bm25""], ""rbi_mpr_2025_10_p010_c003"": [""dense""], ""rbi_mpr_2025_10_p011_c000"": [""dense""], ""rbi_mpr_2025_10_p012_c000"": [""bm25""], ""rbi_mpr_2025_10_p012_c001"": [""bm25""], ""rbi_mpr_2025_10_p013_c000"": [""bm25""], ""rbi_mpr_2025_10_p013_c003"": [""bm25""], ""rbi_mpr_2025_10_p013_c004"": [""bm25""], ""rbi_mpr_2025_10_p014_c000"": [""dense""], ""rbi_mpr_2025_10_p014_c001"": [""dense""], ""rbi_mpr_2025_10_p014_c002"": [""dense""], ""rbi_mpr_2025_10_p015_c000"": [""bm25""], ""rbi_mpr_2025_10_p015_c001"": [""dense""], ""rbi_mpr_2025_10_p015_c002"": [""dense""], ""rbi_mpr_2025_10_p019_c001"": [""bm25""], ""rbi_mpr_2025_10_p021_c001"": [""bm25""], ""rbi_mpr_2025_10_p023_c000"": [""dense""], ""rbi_mpr_2025_10_p023_c001"": [""dense""], ""rbi_mpr_2025_10_p023_c002"": [""dense""], ""rbi_mpr_2025_10_p024_c000"": [""bm25"", ""dense""], ""rbi_mpr_2025_10_p024_c001"": [""bm25"", ""dense""], ""rbi_mpr_2025_10_p024_c002"": [""dense""], ""rbi_mpr_2025_10_p024_c003"": [""dense""], ""rbi_mpr_2025_10_p025_c000"": [""dense""], ""rbi_mpr_2025_10_p025_c001"": [""bm25"", ""dense""], ""rbi_mpr_2025_10_p025_c002"": [""bm25"", ""dense""], ""rbi_mpr_2025_10_p026_c000"": [""dense""], ""rbi_mpr_2025_10_p026_c002"": [""dense""], ""rbi_mpr_2025_10_p026_c003"": [""dense""], ""rbi_mpr_2025_10_p027_c000"": [""dense""], ""rbi_mpr_2025_10_p027_c003"": [""dense""], ""rbi_mpr_2025_10_p028_c000"": [""dense""], ""rbi_mpr_2025_10_p028_c001"": [""dense""], ""rbi_mpr_2025_10_p028_c002"": [""dense""], ""rbi_mpr_2025_10_p029_c000"": [""dense""], ""rbi_mpr_2025_10_p029_c002"": [""dense""], ""rbi_mpr_2025_10_p030_c000"": [""dense""], ""rbi_mpr_2025_10_p030_c001"": [""dense""], ""rbi_mpr_2025_10_p030_c002"": [""dense""], ""rbi_mpr_2025_10_p031_c000"": [""dense""], ""rbi_mpr_2025_10_p031_c001"": [""dense""], ""rbi_mpr_2025_10_p032_c000"": [""bm25"", ""dense""], ""rbi_mpr_2025_10_p032_c002"": [""dense""], ""rbi_mpr_2025_10_p032_c003"": [""bm25""], ""rbi_mpr_2025_10_p033_c001"": [""dense""], ""rbi_mpr_2025_10_p033_c002"": [""dense""], ""rbi_mpr_2025_10_p034_c000"": [""dense""], ""rbi_mpr_2025_10_p034_c001"": [""dense""], ""rbi_mpr_2025_10_p034_c002"": [""dense""], ""rbi_mpr_2025_10_p035_c002"": [""dense""], ""rbi_mpr_2025_10_p035_c003"": [""dense""], ""rbi_mpr_2025_10_p036_c000"": [""dense""], ""rbi_mpr_2025_10_p036_c002"": [""bm25""], ""rbi_mpr_2025_10_p036_c003"": [""bm25"", ""dense""], ""rbi_mpr_2025_10_p037_c001"": [""bm25"", ""dense""], ""rbi_mpr_2025_10_p038_c000"": [""bm25""], ""rbi_mpr_2025_10_p040_c000"": [""dense""], ""rbi_mpr_2025_10_p041_c003"": [""dense""], ""rbi_mpr_2025_10_p041_c004"": [""dense""], ""rbi_mpr_2025_10_p042_c000"": [""bm25""], ""rbi_mpr_2025_10_p043_c002"": [""bm25""], ""rbi_mpr_2025_10_p062_c000"": [""bm25""], ""rbi_mpr_2025_10_p063_c000"": [""bm25""], ""rbi_mpr_2025_10_p064_c000"": [""bm25""], ""rbi_mpr_2025_10_p064_c003"": [""bm25""], ""rbi_mpr_2025_10_p064_c005"": [""bm25""], ""rbi_mpr_2025_10_p066_c000"": [""bm25""], ""rbi_mpr_2025_10_p066_c001"": [""bm25""], ""rbi_mpr_2025_10_p066_c002"": [""bm25""], ""rbi_mpr_2025_10_p068_c000"": [""bm25""], ""rbi_mpr_2025_10_p069_c000"": [""bm25""], ""rbi_mpr_2025_10_p070_c001"": [""bm25""], ""rbi_mpr_2025_10_p071_c001"": [""bm25""], ""rbi_mpr_2025_10_p074_c000"": [""bm25""], ""rbi_mpr_2025_10_p080_c001"": [""bm25""], ""rbi_mpr_2025_10_p080_c002"": [""bm25""], ""rbi_mpr_2025_10_p094_c003"": [""bm25""], ""rbi_mpr_2025_10_p097_c003"": [""bm25""], ""rbi_mpr_2025_10_p097_c004"": [""bm25""], ""rbi_mpr_2025_10_p099_c000"": [""bm25""], ""rbi_mpr_2025_10_p099_c001"": [""bm25""], ""rbi_mpr_2025_10_p099_c002"": [""bm25""], ""rbi_mpr_2025_10_p101_c001"": [""dense""], ""rbi_mpr_2025_10_p102_c000"": [""bm25"", ""dense""], ""rbi_mpr_2025_10_p102_c001"": [""bm25""], ""rbi_mpr_2025_10_p105_c000"": [""bm25""], ""rbi_mpr_2025_10_p105_c003"": [""bm25""]}, ""candidate_union_ids"": [""rbi_mpr_2025_10_p025_c001"", ""rbi_mpr_2025_10_p025_c000"", ""rbi_mpr_2025_10_p025_c002"", ""rbi_mpr_2025_10_p026_c000"", ""rbi_mpr_2025_10_p010_c000"", ""rbi_mpr_2025_10_p032_c000"", ""rbi_mpr_2025_10_p041_c003"", ""rbi_mpr_2025_10_p010_c003"", ""rbi_mpr_2025_10_p029_c002"", ""rbi_mpr_2025_10_p023_c001"", ""rbi_mpr_2025_10_p014_c000"", ""rbi_mpr_2025_10_p035_c003"", ""rbi_mpr_2025_10_p031_c001"", ""rbi_mpr_2025_10_p024_c002"", ""rbi_mpr_2025_10_p035_c002"", ""rbi_mpr_2025_10_p015_c001"", ""rbi_mpr_2025_10_p024_c003"", ""rbi_mpr_2025_10_p028_c002"", ""rbi_mpr_2025_10_p028_c001"", ""rbi_mpr_2025_10_p034_c001"", ""rbi_mpr_2025_10_p011_c000"", ""rbi_mpr_2025_10_p036_c003"", ""rbi_mpr_2025_10_p041_c004"", ""rbi_mpr_2025_10_p029_c000"", ""rbi_mpr_2025_10_p032_c002"", ""rbi_mpr_2025_10_p027_c003"", ""rbi_mpr_2025_10_p015_c002"", ""rbi_mpr_2025_10_p024_c000"", ""rbi_mpr_2025_10_p034_c000"", ""rbi_mpr_2025_10_p026_c002"", ""rbi_mpr_2025_10_p031_c000"", ""rbi_mpr_2025_10_p030_c000"", ""rbi_mpr_2025_10_p101_c001"", ""rbi_mpr_2025_10_p014_c002"", ""rbi_mpr_2025_10_p014_c001"", ""rbi_mpr_2025_10_p102_c000"", ""rbi_mpr_2025_10_p024_c001"", ""rbi_mpr_2025_10_p028_c000"", ""rbi_mpr_2025_10_p030_c001"", ""rbi_mpr_2025_10_p027_c000"", ""rbi_mpr_2025_10_p033_c001"", ""rbi_mpr_2025_10_p040_c000"", ""rbi_mpr_2025_10_p023_c002"", ""rbi_mpr_2025_10_p030_c002"", ""rbi_mpr_2025_10_p034_c002"", ""rbi_mpr_2025_10_p036_c000"", ""rbi_mpr_2025_10_p023_c000"", ""rbi_mpr_2025_10_p033_c002"", ""rbi_mpr_2025_10_p037_c001"", ""rbi_mpr_2025_10_p026_c003"", ""rbi_mpr_2025_10_p038_c000"", ""rbi_mpr_2025_10_p012_c001"", ""rbi_mpr_2025_10_p015_c000"", ""rbi_mpr_2025_10_p066_c000"", ""rbi_mpr_2025_10_p012_c000"", ""rbi_mpr_2025_10_p102_c001"", ""rbi_mpr_2025_10_p068_c000"", ""rbi_mpr_2025_10_p013_c004"", ""rbi_mpr_2025_10_p019_c001"", ""rbi_mpr_2025_10_p094_c003"", ""rbi_mpr_2025_10_p074_c000"", ""rbi_mpr_2025_10_p099_c000"", ""rbi_mpr_2025_10_p080_c001"", ""rbi_mpr_2025_10_p069_c000"", ""rbi_mpr_2025_10_p066_c001"", ""rbi_mpr_2025_10_p032_c003"", ""rbi_mpr_2025_10_p021_c001"", ""rbi_mpr_2025_10_p097_c004"", ""rbi_mpr_2025_10_p070_c001"", ""rbi_mpr_2025_10_p105_c000"", ""rbi_mpr_2025_10_p071_c001"", ""rbi_mpr_2025_10_p066_c002"", ""rbi_mpr_2025_10_p105_c003"", ""rbi_mpr_2025_10_p097_c003"", ""rbi_mpr_2025_10_p064_c003"", ""rbi_mpr_2025_10_p036_c002"", ""rbi_mpr_2025_10_p013_c000"", ""rbi_mpr_2025_10_p043_c002"", ""rbi_mpr_2025_10_p009_c005"", ""rbi_mpr_2025_10_p013_c003"", ""rbi_mpr_2025_10_p099_c001"", ""rbi_mpr_2025_10_p064_c005"", ""rbi_mpr_2025_10_p009_c002"", ""rbi_mpr_2025_10_p064_c000"", ""rbi_mpr_2025_10_p080_c002"", ""rbi_mpr_2025_10_p099_c002"", ""rbi_mpr_2025_10_p062_c000"", ""rbi_mpr_2025_10_p063_c000"", ""rbi_mpr_2025_10_p009_c001"", ""rbi_mpr_2025_10_p010_c002"", ""rbi_mpr_2025_10_p042_c000""], ""candidate_union_pages"": [25, 25, 25, 26, 10, 32, 41, 10, 29, 23, 14, 35, 31, 24, 35, 15, 24, 28, 28, 34, 11, 36, 41, 29, 32, 27, 15, 24, 34, 26, 31, 30, 101, 14, 14, 102, 24, 28, 30, 27, 33, 40, 23, 30, 34, 36, 23, 33, 37, 26, 38, 12, 15, 66, 12, 102, 68, 13, 19, 94, 74, 99, 80, 69, 66, 32, 21, 97, 70, 105, 71, 66, 105, 97, 64, 36, 13, 43, 9, 13, 99, 64, 9, 64, 80, 99, 62, 63, 9, 10, 42], ""dense_candidate_ids"": [""rbi_mpr_2025_10_p025_c001"", ""rbi_mpr_2025_10_p025_c000"", ""rbi_mpr_2025_10_p025_c002"", ""rbi_mpr_2025_10_p026_c000"", ""rbi_mpr_2025_10_p010_c000"", ""rbi_mpr_2025_10_p032_c000"", ""rbi_mpr_2025_10_p041_c003"", ""rbi_mpr_2025_10_p010_c003"", ""rbi_mpr_2025_10_p029_c002"", ""rbi_mpr_2025_10_p023_c001"", ""rbi_mpr_2025_10_p014_c000"", ""rbi_mpr_2025_10_p035_c003"", ""rbi_mpr_2025_10_p031_c001"", ""rbi_mpr_2025_10_p024_c002"", ""rbi_mpr_2025_10_p035_c002"", ""rbi_mpr_2025_10_p015_c001"", ""rbi_mpr_2025_10_p024_c003"", ""rbi_mpr_2025_10_p028_c002"", ""rbi_mpr_2025_10_p028_c001"", ""rbi_mpr_2025_10_p034_c001"", ""rbi_mpr_2025_10_p011_c000"", ""rbi_mpr_2025_10_p036_c003"", ""rbi_mpr_2025_10_p041_c004"", ""rbi_mpr_2025_10_p029_c000"", ""rbi_mpr_2025_10_p032_c002"", ""rbi_mpr_2025_10_p027_c003"", ""rbi_mpr_2025_10_p015_c002"", ""rbi_mpr_2025_10_p024_c000"", ""rbi_mpr_2025_10_p034_c000"", ""rbi_mpr_2025_10_p026_c002"", ""rbi_mpr_2025_10_p031_c000"", ""rbi_mpr_2025_10_p030_c000"", ""rbi_mpr_2025_10_p101_c001"", ""rbi_mpr_2025_10_p014_c002"", ""rbi_mpr_2025_10_p014_c001"", ""rbi_mpr_2025_10_p102_c000"", ""rbi_mpr_2025_10_p024_c001"", ""rbi_mpr_2025_10_p028_c000"", ""rbi_mpr_2025_10_p030_c001"", ""rbi_mpr_2025_10_p027_c000"", ""rbi_mpr_2025_10_p033_c001"", ""rbi_mpr_2025_10_p040_c000"", ""rbi_mpr_2025_10_p023_c002"", ""rbi_mpr_2025_10_p030_c002"", ""rbi_mpr_2025_10_p034_c002"", ""rbi_mpr_2025_10_p036_c000"", ""rbi_mpr_2025_10_p023_c000"", ""rbi_mpr_2025_10_p033_c002"", ""rbi_mpr_2025_10_p037_c001"", ""rbi_mpr_2025_10_p026_c003""], ""dense_candidate_pages"": [25, 25, 25, 26, 10, 32, 41, 10, 29, 23, 14, 35, 31, 24, 35, 15, 24, 28, 28, 34, 11, 36, 41, 29, 32, 27, 15, 24, 34, 26, 31, 30, 101, 14, 14, 102, 24, 28, 30, 27, 33, 40, 23, 30, 34, 36, 23, 33, 37, 26], ""dense_candidate_scores"": [0.6332074413524842, 0.5819626476814831, 0.5814291107261838, 0.5793911841601365, 0.5582964757461915, 0.5361411840363183, 0.520167654891235, 0.5198339361447257, 0.5165485050096045, 0.5158032222873863, 0.5118557063090075, 0.5032938690619589, 0.5006452346609889, 0.49821251856494, 0.49575485153457277, 0.49523041829855174, 0.48652734696214317, 0.48295822538969513, 0.4824309683148238, 0.47900131066409835, 0.47261412435966643, 0.4721470108376201, 0.4695977165585903, 0.4621600200550242, 0.4620079120787485, 0.4546693028160316, 0.45210226471377857, 0.44862729920090383, 0.4434504439451592, 0.42722715257580035, 0.4261701096151471, 0.420534612353907, 0.4158997655700125, 0.4146874114725966, 0.4099704626278029, 0.4052365707499078, 0.4047277739946843, 0.4022095840898554, 0.4015242763330682, 0.4003608547267735, 0.3980834076206389, 0.3974630060105585, 0.39311311406944616, 0.3915658611137627, 0.38840109640592824, 0.3782839983019791, 0.3764473650844199, 0.3752931736379491, 0.37351828555345834, 0.3730251674258809], ""dense_first_evidence_rank"": 5, ""evidence_rank_after_reranking"": 4, ""evidence_rank_before_reranking"": 1, ""expected_evidence"": [""food inflation turned negative in June and July 2025""], ""loss_stage"": ""lost_by_quota"", ""report_id"": ""rbi_mpr_2025_10"", ""reranker_input_ids"": [""rbi_mpr_2025_10_p010_c000"", ""rbi_mpr_2025_10_p032_c000"", ""rbi_mpr_2025_10_p025_c002"", ""rbi_mpr_2025_10_p025_c001"", ""rbi_mpr_2025_10_p036_c003"", ""rbi_mpr_2025_10_p024_c001"", ""rbi_mpr_2025_10_p102_c000"", ""rbi_mpr_2025_10_p024_c000"", ""rbi_mpr_2025_10_p037_c001"", ""rbi_mpr_2025_10_p038_c000"", ""rbi_mpr_2025_10_p025_c000"", ""rbi_mpr_2025_10_p012_c001"", ""rbi_mpr_2025_10_p015_c000"", ""rbi_mpr_2025_10_p026_c000"", ""rbi_mpr_2025_10_p066_c000"", ""rbi_mpr_2025_10_p012_c000"", ""rbi_mpr_2025_10_p041_c003"", ""rbi_mpr_2025_10_p010_c003"", ""rbi_mpr_2025_10_p102_c001"", ""rbi_mpr_2025_10_p029_c002"", ""rbi_mpr_2025_10_p068_c000"", ""rbi_mpr_2025_10_p023_c001"", ""rbi_mpr_2025_10_p013_c004"", ""rbi_mpr_2025_10_p014_c000"", ""rbi_mpr_2025_10_p019_c001"", ""rbi_mpr_2025_10_p035_c003"", ""rbi_mpr_2025_10_p094_c003"", ""rbi_mpr_2025_10_p031_c001"", ""rbi_mpr_2025_10_p074_c000"", ""rbi_mpr_2025_10_p024_c002""], ""reranker_input_pages"": [10, 32, 25, 25, 36, 24, 102, 24, 37, 38, 25, 12, 15, 26, 66, 12, 41, 10, 102, 29, 68, 23, 13, 14, 19, 35, 94, 31, 74, 24], ""reranker_input_ranks"": [1, 2, 3, 4, 5, 6, 7, 8, 9, 10, 11, 12, 13, 14, 15, 16, 17, 18, 19, 20, 21, 22, 23, 24, 25, 26, 27, 28, 29, 30], ""reranker_output_ids"": [""rbi_mpr_2025_10_p032_c000"", ""rbi_mpr_2025_10_p036_c003"", ""rbi_mpr_2025_10_p025_c001"", ""rbi_mpr_2025_10_p010_c000"", ""rbi_mpr_2025_10_p026_c000"", ""rbi_mpr_2025_10_p102_c000"", ""rbi_mpr_2025_10_p025_c000"", ""rbi_mpr_2025_10_p024_c000"", ""rbi_mpr_2025_10_p012_c000"", ""rbi_mpr_2025_10_p024_c001"", ""rbi_mpr_2025_10_p024_c002"", ""rbi_mpr_2025_10_p014_c000"", ""rbi_mpr_2025_10_p037_c001"", ""rbi_mpr_2025_10_p025_c002"", ""rbi_mpr_2025_10_p074_c000"", ""rbi_mpr_2025_10_p066_c000"", ""rbi_mpr_2025_10_p035_c003"", ""rbi_mpr_2025_10_p102_c001"", ""rbi_mpr_2025_10_p068_c000"", ""rbi_mpr_2025_10_p010_c003"", ""rbi_mpr_2025_10_p038_c000"", ""rbi_mpr_2025_10_p012_c001"", ""rbi_mpr_2025_10_p041_c003"", ""rbi_mpr_2025_10_p029_c002"", ""rbi_mpr_2025_10_p031_c001"", ""rbi_mpr_2025_10_p013_c004"", ""rbi_mpr_2025_10_p023_c001"", ""rbi_mpr_2025_10_p015_c000"", ""rbi_mpr_2025_10_p019_c001"", ""rbi_mpr_2025_10_p094_c003""], ""reranker_output_pages"": [32, 36, 25, 10, 26, 102, 25, 24, 12, 24, 24, 14, 37, 25, 74, 66, 35, 102, 68, 10, 38, 12, 41, 29, 31, 13, 23, 15, 19, 94], ""reranker_scores"": [6.837352752685547, 6.385206699371338, 6.2559967041015625, 6.0419769287109375, 4.916786193847656, 4.842007637023926, 4.510863780975342, 3.640864849090576, 2.606041431427002, 2.389370918273926, 2.365237236022949, 1.650163173675537, 1.4837199449539185, 1.2845240831375122, 1.2256860733032227, 1.2235089540481567, 0.9241262078285217, 0.6216477155685425, 0.1905919313430786, 0.1846497654914856, 0.15481454133987427, -0.08733375370502472, -0.1975746899843216, -0.4101594090461731, -0.8700717687606812, -1.7903401851654053, -2.9949159622192383, -3.273141384124756, -5.183255195617676, -10.662965774536133], ""rrf_candidate_ids"": [""rbi_mpr_2025_10_p010_c000"", ""rbi_mpr_2025_10_p032_c000"", ""rbi_mpr_2025_10_p025_c002"", ""rbi_mpr_2025_10_p025_c001"", ""rbi_mpr_2025_10_p036_c003"", ""rbi_mpr_2025_10_p024_c001"", ""rbi_mpr_2025_10_p102_c000"", ""rbi_mpr_2025_10_p024_c000"", ""rbi_mpr_2025_10_p037_c001"", ""rbi_mpr_2025_10_p038_c000"", ""rbi_mpr_2025_10_p025_c000"", ""rbi_mpr_2025_10_p012_c001"", ""rbi_mpr_2025_10_p015_c000"", ""rbi_mpr_2025_10_p026_c000"", ""rbi_mpr_2025_10_p066_c000"", ""rbi_mpr_2025_10_p012_c000"", ""rbi_mpr_2025_10_p041_c003"", ""rbi_mpr_2025_10_p010_c003"", ""rbi_mpr_2025_10_p102_c001"", ""rbi_mpr_2025_10_p029_c002"", ""rbi_mpr_2025_10_p068_c000"", ""rbi_mpr_2025_10_p023_c001"", ""rbi_mpr_2025_10_p013_c004"", ""rbi_mpr_2025_10_p014_c000"", ""rbi_mpr_2025_10_p019_c001"", ""rbi_mpr_2025_10_p035_c003"", ""rbi_mpr_2025_10_p094_c003"", ""rbi_mpr_2025_10_p031_c001"", ""rbi_mpr_2025_10_p074_c000"", ""rbi_mpr_2025_10_p024_c002""], ""rrf_candidate_pages"": [10, 32, 25, 25, 36, 24, 102, 24, 37, 38, 25, 12, 15, 26, 66, 12, 41, 10, 102, 29, 68, 23, 13, 14, 19, 35, 94, 31, 74, 24], ""rrf_first_evidence_rank"": 1, ""rrf_scores"": [0.031009615384615385, 0.03007688828584351, 0.028693528693528692, 0.02844163539403516, 0.024390243902439025, 0.023642611683848798, 0.022762345679012343, 0.022233201581027668, 0.018433571185864764, 0.01639344262295082, 0.016129032258064516, 0.016129032258064516, 0.015873015873015872, 0.015625, 0.015384615384615385, 0.015151515151515152, 0.014925373134328358, 0.014705882352941176, 0.014705882352941176, 0.014492753623188406, 0.014492753623188406, 0.014285714285714285, 0.014285714285714285, 0.014084507042253521, 0.014084507042253521, 0.013888888888888888, 0.013888888888888888, 0.0136986301369863, 0.0136986301369863, 0.013513513513513514], ""selected_chunk_ids_after_dedup"": [""rbi_mpr_2025_10_p032_c000"", ""rbi_mpr_2025_10_p036_c003"", ""rbi_mpr_2025_10_p025_c001""], ""selected_chunk_ids_before_dedup"": [""rbi_mpr_2025_10_p032_c000"", ""rbi_mpr_2025_10_p036_c003"", ""rbi_mpr_2025_10_p025_c001""], ""selected_pages"": [32, 36, 25]}}","{""rbi_mpr_2025_04"": true, ""rbi_mpr_2025_10"": false}","{""rbi_mpr_2025_04"": 0.3333333333333333, ""rbi_mpr_2025_10"": 0.0}",[],"[""2025""]",0.14879999798722565,pairwise_comparison,cmp_dev_001,"[""Compare""]",0.0,"{""rbi_mpr_2025_04"": 3, ""rbi_mpr_2025_10"": 3}",1.0,"[""rbi_mpr_2025_04"", ""rbi_mpr_2025_10""]",3254.2881999979727,0.12460000289138407,5864,6,0.004299989086575806,dev,3342.150700002094,6
True,4.461600008653477,0.22370000078808516,False,04a5ce7716e7f739c55089569953118657c56d931da37da67b3f680d0125b949,0,0.040099999750964344,bf7cf18e02abb87a6e22fe9b686d8f93fa34ceb3f67abc575741c0a63080b56d,0.26559999969322234,53.30909999611322,0,1467,0.5,[],RRF_K60,[],0.1905999961309135,d063b65fcefc1858e3315b9e67356a80310b8ae9b4d0864e98dd7c18d8553c1a,0.75,Compare the policy-rate levels described in April and October 2025.,Compare the policy-rate levels described in April and October 2025.,"{""rbi_mpr_2025_04"": {""accepted_evidence_found"": true, ""accepted_pages"": [12], ""bm25_candidate_ids"": [""rbi_mpr_2025_04_p014_c000"", ""rbi_mpr_2025_04_p012_c000"", ""rbi_mpr_2025_04_p069_c004"", ""rbi_mpr_2025_04_p025_c000"", ""rbi_mpr_2025_04_p030_c001"", ""rbi_mpr_2025_04_p062_c000"", ""rbi_mpr_2025_04_p041_c000"", ""rbi_mpr_2025_04_p025_c001"", ""rbi_mpr_2025_04_p068_c000"", ""rbi_mpr_2025_04_p107_c000"", ""rbi_mpr_2025_04_p011_c000"", ""rbi_mpr_2025_04_p099_c003"", ""rbi_mpr_2025_04_p099_c004"", ""rbi_mpr_2025_04_p060_c001"", ""rbi_mpr_2025_04_p015_c000"", ""rbi_mpr_2025_04_p043_c001"", ""rbi_mpr_2025_04_p083_c000"", ""rbi_mpr_2025_04_p061_c000"", ""rbi_mpr_2025_04_p025_c003"", ""rbi_mpr_2025_04_p015_c001"", ""rbi_mpr_2025_04_p070_c000"", ""rbi_mpr_2025_04_p034_c000"", ""rbi_mpr_2025_04_p103_c002"", ""rbi_mpr_2025_04_p030_c000"", ""rbi_mpr_2025_04_p098_c000"", ""rbi_mpr_2025_04_p014_c001"", ""rbi_mpr_2025_04_p036_c000"", ""rbi_mpr_2025_04_p039_c001"", ""rbi_mpr_2025_04_p052_c000"", ""rbi_mpr_2025_04_p032_c000"", ""rbi_mpr_2025_04_p048_c000"", ""rbi_mpr_2025_04_p092_c000"", ""rbi_mpr_2025_04_p036_c002"", ""rbi_mpr_2025_04_p107_c002"", ""rbi_mpr_2025_04_p113_c001"", ""rbi_mpr_2025_04_p108_c000"", ""rbi_mpr_2025_04_p042_c000"", ""rbi_mpr_2025_04_p037_c000"", ""rbi_mpr_2025_04_p069_c003"", ""rbi_mpr_2025_04_p109_c000"", ""rbi_mpr_2025_04_p051_c001"", ""rbi_mpr_2025_04_p027_c002"", ""rbi_mpr_2025_04_p100_c000"", ""rbi_mpr_2025_04_p109_c001"", ""rbi_mpr_2025_04_p099_c002"", ""rbi_mpr_2025_04_p038_c000"", ""rbi_mpr_2025_04_p109_c004"", ""rbi_mpr_2025_04_p047_c002"", ""rbi_mpr_2025_04_p083_c001"", ""rbi_mpr_2025_04_p084_c000""], ""bm25_candidate_pages"": [14, 12, 69, 25, 30, 62, 41, 25, 68, 107, 11, 99, 99, 60, 15, 43, 83, 61, 25, 15, 70, 34, 103, 30, 98, 14, 36, 39, 52, 32, 48, 92, 36, 107, 113, 108, 42, 37, 69, 109, 51, 27, 100, 109, 99, 38, 109, 47, 83, 84], ""bm25_candidate_scores"": [null, null, null, null, null, null, null, null, null, null, null, null, null, null, null, null, null, null, null, null, null, null, null, null, null, null, null, null, null, null, null, null, null, null, null, null, null, null, null, null, null, null, null, null, null, null, null, null, null, null], ""bm25_first_evidence_rank"": 2, ""candidate_source_expansion"": {""rbi_mpr_2025_04_p011_c000"": [], ""rbi_mpr_2025_04_p011_c001"": [], ""rbi_mpr_2025_04_p011_c003"": [], ""rbi_mpr_2025_04_p012_c000"": [], ""rbi_mpr_2025_04_p012_c005"": [], ""rbi_mpr_2025_04_p013_c002"": [], ""rbi_mpr_2025_04_p013_c003"": [], ""rbi_mpr_2025_04_p014_c000"": [], ""rbi_mpr_2025_04_p014_c001"": [], ""rbi_mpr_2025_04_p015_c000"": [], ""rbi_mpr_2025_04_p015_c001"": [], ""rbi_mpr_2025_04_p015_c002"": [], ""rbi_mpr_2025_04_p015_c003"": [], ""rbi_mpr_2025_04_p017_c002"": [], ""rbi_mpr_2025_04_p018_c000"": [], ""rbi_mpr_2025_04_p018_c003"": [], ""rbi_mpr_2025_04_p019_c002"": [], ""rbi_mpr_2025_04_p020_c000"": [], ""rbi_mpr_2025_04_p025_c000"": [], ""rbi_mpr_2025_04_p025_c001"": [], ""rbi_mpr_2025_04_p025_c003"": [], ""rbi_mpr_2025_04_p026_c000"": [], ""rbi_mpr_2025_04_p026_c003"": [], ""rbi_mpr_2025_04_p027_c002"": [], ""rbi_mpr_2025_04_p028_c004"": [], ""rbi_mpr_2025_04_p030_c000"": [], ""rbi_mpr_2025_04_p030_c001"": [], ""rbi_mpr_2025_04_p032_c000"": [], ""rbi_mpr_2025_04_p034_c000"": [], ""rbi_mpr_2025_04_p035_c004"": [], ""rbi_mpr_2025_04_p036_c000"": [], ""rbi_mpr_2025_04_p036_c002"": [], ""rbi_mpr_2025_04_p037_c000"": [], ""rbi_mpr_2025_04_p038_c000"": [], ""rbi_mpr_2025_04_p039_c001"": [], ""rbi_mpr_2025_04_p039_c002"": [], ""rbi_mpr_2025_04_p040_c000"": [], ""rbi_mpr_2025_04_p041_c000"": [], ""rbi_mpr_2025_04_p042_c000"": [], ""rbi_mpr_2025_04_p043_c001"": [], ""rbi_mpr_2025_04_p047_c002"": [], ""rbi_mpr_2025_04_p048_c000"": [], ""rbi_mpr_2025_04_p051_c001"": [], ""rbi_mpr_2025_04_p052_c000"": [], ""rbi_mpr_2025_04_p060_c001"": [], ""rbi_mpr_2025_04_p061_c000"": [], ""rbi_mpr_2025_04_p062_c000"": [], ""rbi_mpr_2025_04_p064_c000"": [], ""rbi_mpr_2025_04_p068_c000"": [], ""rbi_mpr_2025_04_p069_c003"": [], ""rbi_mpr_2025_04_p069_c004"": [], ""rbi_mpr_2025_04_p070_c000"": [], ""rbi_mpr_2025_04_p075_c001"": [], ""rbi_mpr_2025_04_p076_c005"": [], ""rbi_mpr_2025_04_p078_c003"": [], ""rbi_mpr_2025_04_p083_c000"": [], ""rbi_mpr_2025_04_p083_c001"": [], ""rbi_mpr_2025_04_p084_c000"": [], ""rbi_mpr_2025_04_p092_c000"": [], ""rbi_mpr_2025_04_p098_c000"": [], ""rbi_mpr_2025_04_p099_c002"": [], ""rbi_mpr_2025_04_p099_c003"": [], ""rbi_mpr_2025_04_p099_c004"": [], ""rbi_mpr_2025_04_p100_c000"": [], ""rbi_mpr_2025_04_p103_c002"": [], ""rbi_mpr_2025_04_p105_c000"": [], ""rbi_mpr_2025_04_p105_c001"": [], ""rbi_mpr_2025_04_p105_c002"": [], ""rbi_mpr_2025_04_p106_c000"": [], ""rbi_mpr_2025_04_p107_c000"": [], ""rbi_mpr_2025_04_p107_c001"": [], ""rbi_mpr_2025_04_p107_c002"": [], ""rbi_mpr_2025_04_p107_c003"": [], ""rbi_mpr_2025_04_p108_c000"": [], ""rbi_mpr_2025_04_p108_c002"": [], ""rbi_mpr_2025_04_p108_c003"": [], ""rbi_mpr_2025_04_p109_c000"": [], ""rbi_mpr_2025_04_p109_c001"": [], ""rbi_mpr_2025_04_p109_c002"": [], ""rbi_mpr_2025_04_p109_c004"": [], ""rbi_mpr_2025_04_p110_c000"": [], ""rbi_mpr_2025_04_p112_c000"": [], ""rbi_mpr_2025_04_p112_c001"": [], ""rbi_mpr_2025_04_p113_c001"": [], ""rbi_mpr_2025_04_p113_c003"": [], ""rbi_mpr_2025_10_p009_c001"": [], ""rbi_mpr_2025_10_p009_c002"": [], ""rbi_mpr_2025_10_p009_c005"": [], ""rbi_mpr_2025_10_p010_c000"": [], ""rbi_mpr_2025_10_p010_c001"": [], ""rbi_mpr_2025_10_p010_c002"": [], ""rbi_mpr_2025_10_p011_c000"": [], ""rbi_mpr_2025_10_p011_c001"": [], ""rbi_mpr_2025_10_p011_c002"": [], ""rbi_mpr_2025_10_p011_c003"": [], ""rbi_mpr_2025_10_p011_c004"": [], ""rbi_mpr_2025_10_p011_c005"": [], ""rbi_mpr_2025_10_p012_c001"": [], ""rbi_mpr_2025_10_p013_c000"": [], ""rbi_mpr_2025_10_p013_c001"": [], ""rbi_mpr_2025_10_p013_c003"": [], ""rbi_mpr_2025_10_p013_c004"": [], ""rbi_mpr_2025_10_p013_c005"": [], ""rbi_mpr_2025_10_p014_c000"": [], ""rbi_mpr_2025_10_p014_c001"": [], ""rbi_mpr_2025_10_p014_c004"": [], ""rbi_mpr_2025_10_p015_c001"": [], ""rbi_mpr_2025_10_p015_c002"": [], ""rbi_mpr_2025_10_p015_c003"": [], ""rbi_mpr_2025_10_p023_c001"": [], ""rbi_mpr_2025_10_p024_c000"": [], ""rbi_mpr_2025_10_p024_c001"": [], ""rbi_mpr_2025_10_p024_c003"": [], ""rbi_mpr_2025_10_p025_c000"": [], ""rbi_mpr_2025_10_p025_c001"": [], ""rbi_mpr_2025_10_p032_c000"": [], ""rbi_mpr_2025_10_p032_c001"": [], ""rbi_mpr_2025_10_p032_c002"": [], ""rbi_mpr_2025_10_p034_c000"": [], ""rbi_mpr_2025_10_p034_c001"": [], ""rbi_mpr_2025_10_p036_c000"": [], ""rbi_mpr_2025_10_p036_c002"": [], ""rbi_mpr_2025_10_p036_c003"": [], ""rbi_mpr_2025_10_p038_c000"": [], ""rbi_mpr_2025_10_p040_c000"": [], ""rbi_mpr_2025_10_p041_c003"": [], ""rbi_mpr_2025_10_p043_c002"": [], ""rbi_mpr_2025_10_p056_c000"": [], ""rbi_mpr_2025_10_p062_c000"": [], ""rbi_mpr_2025_10_p063_c000"": [], ""rbi_mpr_2025_10_p064_c000"": [], ""rbi_mpr_2025_10_p064_c005"": [], ""rbi_mpr_2025_10_p066_c000"": [], ""rbi_mpr_2025_10_p066_c001"": [], ""rbi_mpr_2025_10_p066_c002"": [], ""rbi_mpr_2025_10_p068_c000"": [], ""rbi_mpr_2025_10_p068_c004"": [], ""rbi_mpr_2025_10_p070_c001"": [], ""rbi_mpr_2025_10_p070_c002"": [], ""rbi_mpr_2025_10_p071_c000"": [], ""rbi_mpr_2025_10_p071_c001"": [], ""rbi_mpr_2025_10_p073_c002"": [], ""rbi_mpr_2025_10_p074_c000"": [], ""rbi_mpr_2025_10_p079_c000"": [], ""rbi_mpr_2025_10_p080_c001"": [], ""rbi_mpr_2025_10_p085_c001"": [], ""rbi_mpr_2025_10_p087_c000"": [], ""rbi_mpr_2025_10_p089_c000"": [], ""rbi_mpr_2025_10_p096_c000"": [], ""rbi_mpr_2025_10_p096_c001"": [], ""rbi_mpr_2025_10_p096_c004"": [], ""rbi_mpr_2025_10_p097_c003"": [], ""rbi_mpr_2025_10_p097_c004"": [], ""rbi_mpr_2025_10_p098_c000"": [], ""rbi_mpr_2025_10_p099_c000"": [], ""rbi_mpr_2025_10_p099_c001"": [], ""rbi_mpr_2025_10_p099_c002"": [], ""rbi_mpr_2025_10_p101_c000"": [], ""rbi_mpr_2025_10_p102_c000"": [], ""rbi_mpr_2025_10_p103_c000"": [], ""rbi_mpr_2025_10_p103_c001"": [], ""rbi_mpr_2025_10_p103_c002"": [], ""rbi_mpr_2025_10_p103_c003"": [], ""rbi_mpr_2025_10_p104_c000"": [], ""rbi_mpr_2025_10_p104_c001"": [], ""rbi_mpr_2025_10_p104_c002"": [], ""rbi_mpr_2025_10_p105_c000"": [], ""rbi_mpr_2025_10_p105_c003"": [], ""rbi_mpr_2025_10_p105_c004"": [], ""rbi_mpr_2025_10_p106_c000"": []}, ""candidate_source_facet"": {""rbi_mpr_2025_04_p011_c000"": [], ""rbi_mpr_2025_04_p011_c001"": [], ""rbi_mpr_2025_04_p011_c003"": [], ""rbi_mpr_2025_04_p012_c000"": [], ""rbi_mpr_2025_04_p012_c005"": [], ""rbi_mpr_2025_04_p013_c002"": [], ""rbi_mpr_2025_04_p013_c003"": [], ""rbi_mpr_2025_04_p014_c000"": [], ""rbi_mpr_2025_04_p014_c001"": [], ""rbi_mpr_2025_04_p015_c000"": [], ""rbi_mpr_2025_04_p015_c001"": [], ""rbi_mpr_2025_04_p015_c002"": [], ""rbi_mpr_2025_04_p015_c003"": [], ""rbi_mpr_2025_04_p017_c002"": [], ""rbi_mpr_2025_04_p018_c000"": [], ""rbi_mpr_2025_04_p018_c003"": [], ""rbi_mpr_2025_04_p019_c002"": [], ""rbi_mpr_2025_04_p020_c000"": [], ""rbi_mpr_2025_04_p025_c000"": [], ""rbi_mpr_2025_04_p025_c001"": [], ""rbi_mpr_2025_04_p025_c003"": [], ""rbi_mpr_2025_04_p026_c000"": [], ""rbi_mpr_2025_04_p026_c003"": [], ""rbi_mpr_2025_04_p027_c002"": [], ""rbi_mpr_2025_04_p028_c004"": [], ""rbi_mpr_2025_04_p030_c000"": [], ""rbi_mpr_2025_04_p030_c001"": [], ""rbi_mpr_2025_04_p032_c000"": [], ""rbi_mpr_2025_04_p034_c000"": [], ""rbi_mpr_2025_04_p035_c004"": [], ""rbi_mpr_2025_04_p036_c000"": [], ""rbi_mpr_2025_04_p036_c002"": [], ""rbi_mpr_2025_04_p037_c000"": [], ""rbi_mpr_2025_04_p038_c000"": [], ""rbi_mpr_2025_04_p039_c001"": [], ""rbi_mpr_2025_04_p039_c002"": [], ""rbi_mpr_2025_04_p040_c000"": [], ""rbi_mpr_2025_04_p041_c000"": [], ""rbi_mpr_2025_04_p042_c000"": [], ""rbi_mpr_2025_04_p043_c001"": [], ""rbi_mpr_2025_04_p047_c002"": [], ""rbi_mpr_2025_04_p048_c000"": [], ""rbi_mpr_2025_04_p051_c001"": [], ""rbi_mpr_2025_04_p052_c000"": [], ""rbi_mpr_2025_04_p060_c001"": [], ""rbi_mpr_2025_04_p061_c000"": [], ""rbi_mpr_2025_04_p062_c000"": [], ""rbi_mpr_2025_04_p064_c000"": [], ""rbi_mpr_2025_04_p068_c000"": [], ""rbi_mpr_2025_04_p069_c003"": [], ""rbi_mpr_2025_04_p069_c004"": [], ""rbi_mpr_2025_04_p070_c000"": [], ""rbi_mpr_2025_04_p075_c001"": [], ""rbi_mpr_2025_04_p076_c005"": [], ""rbi_mpr_2025_04_p078_c003"": [], ""rbi_mpr_2025_04_p083_c000"": [], ""rbi_mpr_2025_04_p083_c001"": [], ""rbi_mpr_2025_04_p084_c000"": [], ""rbi_mpr_2025_04_p092_c000"": [], ""rbi_mpr_2025_04_p098_c000"": [], ""rbi_mpr_2025_04_p099_c002"": [], ""rbi_mpr_2025_04_p099_c003"": [], ""rbi_mpr_2025_04_p099_c004"": [], ""rbi_mpr_2025_04_p100_c000"": [], ""rbi_mpr_2025_04_p103_c002"": [], ""rbi_mpr_2025_04_p105_c000"": [], ""rbi_mpr_2025_04_p105_c001"": [], ""rbi_mpr_2025_04_p105_c002"": [], ""rbi_mpr_2025_04_p106_c000"": [], ""rbi_mpr_2025_04_p107_c000"": [], ""rbi_mpr_2025_04_p107_c001"": [], ""rbi_mpr_2025_04_p107_c002"": [], ""rbi_mpr_2025_04_p107_c003"": [], ""rbi_mpr_2025_04_p108_c000"": [], ""rbi_mpr_2025_04_p108_c002"": [], ""rbi_mpr_2025_04_p108_c003"": [], ""rbi_mpr_2025_04_p109_c000"": [], ""rbi_mpr_2025_04_p109_c001"": [], ""rbi_mpr_2025_04_p109_c002"": [], ""rbi_mpr_2025_04_p109_c004"": [], ""rbi_mpr_2025_04_p110_c000"": [], ""rbi_mpr_2025_04_p112_c000"": [], ""rbi_mpr_2025_04_p112_c001"": [], ""rbi_mpr_2025_04_p113_c001"": [], ""rbi_mpr_2025_04_p113_c003"": [], ""rbi_mpr_2025_10_p009_c001"": [], ""rbi_mpr_2025_10_p009_c002"": [], ""rbi_mpr_2025_10_p009_c005"": [], ""rbi_mpr_2025_10_p010_c000"": [], ""rbi_mpr_2025_10_p010_c001"": [], ""rbi_mpr_2025_10_p010_c002"": [], ""rbi_mpr_2025_10_p011_c000"": [], ""rbi_mpr_2025_10_p011_c001"": [], ""rbi_mpr_2025_10_p011_c002"": [], ""rbi_mpr_2025_10_p011_c003"": [], ""rbi_mpr_2025_10_p011_c004"": [], ""rbi_mpr_2025_10_p011_c005"": [], ""rbi_mpr_2025_10_p012_c001"": [], ""rbi_mpr_2025_10_p013_c000"": [], ""rbi_mpr_2025_10_p013_c001"": [], ""rbi_mpr_2025_10_p013_c003"": [], ""rbi_mpr_2025_10_p013_c004"": [], ""rbi_mpr_2025_10_p013_c005"": [], ""rbi_mpr_2025_10_p014_c000"": [], ""rbi_mpr_2025_10_p014_c001"": [], ""rbi_mpr_2025_10_p014_c004"": [], ""rbi_mpr_2025_10_p015_c001"": [], ""rbi_mpr_2025_10_p015_c002"": [], ""rbi_mpr_2025_10_p015_c003"": [], ""rbi_mpr_2025_10_p023_c001"": [], ""rbi_mpr_2025_10_p024_c000"": [], ""rbi_mpr_2025_10_p024_c001"": [], ""rbi_mpr_2025_10_p024_c003"": [], ""rbi_mpr_2025_10_p025_c000"": [], ""rbi_mpr_2025_10_p025_c001"": [], ""rbi_mpr_2025_10_p032_c000"": [], ""rbi_mpr_2025_10_p032_c001"": [], ""rbi_mpr_2025_10_p032_c002"": [], ""rbi_mpr_2025_10_p034_c000"": [], ""rbi_mpr_2025_10_p034_c001"": [], ""rbi_mpr_2025_10_p036_c000"": [], ""rbi_mpr_2025_10_p036_c002"": [], ""rbi_mpr_2025_10_p036_c003"": [], ""rbi_mpr_2025_10_p038_c000"": [], ""rbi_mpr_2025_10_p040_c000"": [], ""rbi_mpr_2025_10_p041_c003"": [], ""rbi_mpr_2025_10_p043_c002"": [], ""rbi_mpr_2025_10_p056_c000"": [], ""rbi_mpr_2025_10_p062_c000"": [], ""rbi_mpr_2025_10_p063_c000"": [], ""rbi_mpr_2025_10_p064_c000"": [], ""rbi_mpr_2025_10_p064_c005"": [], ""rbi_mpr_2025_10_p066_c000"": [], ""rbi_mpr_2025_10_p066_c001"": [], ""rbi_mpr_2025_10_p066_c002"": [], ""rbi_mpr_2025_10_p068_c000"": [], ""rbi_mpr_2025_10_p068_c004"": [], ""rbi_mpr_2025_10_p070_c001"": [], ""rbi_mpr_2025_10_p070_c002"": [], ""rbi_mpr_2025_10_p071_c000"": [], ""rbi_mpr_2025_10_p071_c001"": [], ""rbi_mpr_2025_10_p073_c002"": [], ""rbi_mpr_2025_10_p074_c000"": [], ""rbi_mpr_2025_10_p079_c000"": [], ""rbi_mpr_2025_10_p080_c001"": [], ""rbi_mpr_2025_10_p085_c001"": [], ""rbi_mpr_2025_10_p087_c000"": [], ""rbi_mpr_2025_10_p089_c000"": [], ""rbi_mpr_2025_10_p096_c000"": [], ""rbi_mpr_2025_10_p096_c001"": [], ""rbi_mpr_2025_10_p096_c004"": [], ""rbi_mpr_2025_10_p097_c003"": [], ""rbi_mpr_2025_10_p097_c004"": [], ""rbi_mpr_2025_10_p098_c000"": [], ""rbi_mpr_2025_10_p099_c000"": [], ""rbi_mpr_2025_10_p099_c001"": [], ""rbi_mpr_2025_10_p099_c002"": [], ""rbi_mpr_2025_10_p101_c000"": [], ""rbi_mpr_2025_10_p102_c000"": [], ""rbi_mpr_2025_10_p103_c000"": [], ""rbi_mpr_2025_10_p103_c001"": [], ""rbi_mpr_2025_10_p103_c002"": [], ""rbi_mpr_2025_10_p103_c003"": [], ""rbi_mpr_2025_10_p104_c000"": [], ""rbi_mpr_2025_10_p104_c001"": [], ""rbi_mpr_2025_10_p104_c002"": [], ""rbi_mpr_2025_10_p105_c000"": [], ""rbi_mpr_2025_10_p105_c003"": [], ""rbi_mpr_2025_10_p105_c004"": [], ""rbi_mpr_2025_10_p106_c000"": []}, ""candidate_source_query"": {""rbi_mpr_2025_04_p011_c000"": [""Compare the policy-rate levels described in April and October 2025.""], ""rbi_mpr_2025_04_p011_c001"": [""Compare the policy-rate levels described in April and October 2025.""], ""rbi_mpr_2025_04_p011_c003"": [""Compare the policy-rate levels described in April and October 2025.""], ""rbi_mpr_2025_04_p012_c000"": [""Compare the policy-rate levels described in April and October 2025.""], ""rbi_mpr_2025_04_p012_c005"": [""Compare the policy-rate levels described in April and October 2025.""], ""rbi_mpr_2025_04_p013_c002"": [""Compare the policy-rate levels described in April and October 2025.""], ""rbi_mpr_2025_04_p013_c003"": [""Compare the policy-rate levels described in April and October 2025.""], ""rbi_mpr_2025_04_p014_c000"": [""Compare the policy-rate levels described in April and October 2025.""], ""rbi_mpr_2025_04_p014_c001"": [""Compare the policy-rate levels described in April and October 2025.""], ""rbi_mpr_2025_04_p015_c000"": [""Compare the policy-rate levels described in April and October 2025.""], ""rbi_mpr_2025_04_p015_c001"": [""Compare the policy-rate levels described in April and October 2025.""], ""rbi_mpr_2025_04_p015_c002"": [""Compare the policy-rate levels described in April and October 2025.""], ""rbi_mpr_2025_04_p015_c003"": [""Compare the policy-rate levels described in April and October 2025.""], ""rbi_mpr_2025_04_p017_c002"": [""Compare the policy-rate levels described in April and October 2025.""], ""rbi_mpr_2025_04_p018_c000"": [""Compare the policy-rate levels described in April and October 2025.""], ""rbi_mpr_2025_04_p018_c003"": [""Compare the policy-rate levels described in April and October 2025.""], ""rbi_mpr_2025_04_p019_c002"": [""Compare the policy-rate levels described in April and October 2025.""], ""rbi_mpr_2025_04_p020_c000"": [""Compare the policy-rate levels described in April and October 2025.""], ""rbi_mpr_2025_04_p025_c000"": [""Compare the policy-rate levels described in April and October 2025.""], ""rbi_mpr_2025_04_p025_c001"": [""Compare the policy-rate levels described in April and October 2025.""], ""rbi_mpr_2025_04_p025_c003"": [""Compare the policy-rate levels described in April and October 2025.""], ""rbi_mpr_2025_04_p026_c000"": [""Compare the policy-rate levels described in April and October 2025.""], ""rbi_mpr_2025_04_p026_c003"": [""Compare the policy-rate levels described in April and October 2025.""], ""rbi_mpr_2025_04_p027_c002"": [""Compare the policy-rate levels described in April and October 2025.""], ""rbi_mpr_2025_04_p028_c004"": [""Compare the policy-rate levels described in April and October 2025.""], ""rbi_mpr_2025_04_p030_c000"": [""Compare the policy-rate levels described in April and October 2025.""], ""rbi_mpr_2025_04_p030_c001"": [""Compare the policy-rate levels described in April and October 2025.""], ""rbi_mpr_2025_04_p032_c000"": [""Compare the policy-rate levels described in April and October 2025.""], ""rbi_mpr_2025_04_p034_c000"": [""Compare the policy-rate levels described in April and October 2025.""], ""rbi_mpr_2025_04_p035_c004"": [""Compare the policy-rate levels described in April and October 2025.""], ""rbi_mpr_2025_04_p036_c000"": [""Compare the policy-rate levels described in April and October 2025.""], ""rbi_mpr_2025_04_p036_c002"": [""Compare the policy-rate levels described in April and October 2025.""], ""rbi_mpr_2025_04_p037_c000"": [""Compare the policy-rate levels described in April and October 2025.""], ""rbi_mpr_2025_04_p038_c000"": [""Compare the policy-rate levels described in April and October 2025.""], ""rbi_mpr_2025_04_p039_c001"": [""Compare the policy-rate levels described in April and October 2025.""], ""rbi_mpr_2025_04_p039_c002"": [""Compare the policy-rate levels described in April and October 2025.""], ""rbi_mpr_2025_04_p040_c000"": [""Compare the policy-rate levels described in April and October 2025.""], ""rbi_mpr_2025_04_p041_c000"": [""Compare the policy-rate levels described in April and October 2025.""], ""rbi_mpr_2025_04_p042_c000"": [""Compare the policy-rate levels described in April and October 2025.""], ""rbi_mpr_2025_04_p043_c001"": [""Compare the policy-rate levels described in April and October 2025.""], ""rbi_mpr_2025_04_p047_c002"": [""Compare the policy-rate levels described in April and October 2025.""], ""rbi_mpr_2025_04_p048_c000"": [""Compare the policy-rate levels described in April and October 2025.""], ""rbi_mpr_2025_04_p051_c001"": [""Compare the policy-rate levels described in April and October 2025.""], ""rbi_mpr_2025_04_p052_c000"": [""Compare the policy-rate levels described in April and October 2025.""], ""rbi_mpr_2025_04_p060_c001"": [""Compare the policy-rate levels described in April and October 2025.""], ""rbi_mpr_2025_04_p061_c000"": [""Compare the policy-rate levels described in April and October 2025.""], ""rbi_mpr_2025_04_p062_c000"": [""Compare the policy-rate levels described in April and October 2025.""], ""rbi_mpr_2025_04_p064_c000"": [""Compare the policy-rate levels described in April and October 2025.""], ""rbi_mpr_2025_04_p068_c000"": [""Compare the policy-rate levels described in April and October 2025.""], ""rbi_mpr_2025_04_p069_c003"": [""Compare the policy-rate levels described in April and October 2025.""], ""rbi_mpr_2025_04_p069_c004"": [""Compare the policy-rate levels described in April and October 2025.""], ""rbi_mpr_2025_04_p070_c000"": [""Compare the policy-rate levels described in April and October 2025.""], ""rbi_mpr_2025_04_p075_c001"": [""Compare the policy-rate levels described in April and October 2025.""], ""rbi_mpr_2025_04_p076_c005"": [""Compare the policy-rate levels described in April and October 2025.""], ""rbi_mpr_2025_04_p078_c003"": [""Compare the policy-rate levels described in April and October 2025.""], ""rbi_mpr_2025_04_p083_c000"": [""Compare the policy-rate levels described in April and October 2025.""], ""rbi_mpr_2025_04_p083_c001"": [""Compare the policy-rate levels described in April and October 2025.""], ""rbi_mpr_2025_04_p084_c000"": [""Compare the policy-rate levels described in April and October 2025.""], ""rbi_mpr_2025_04_p092_c000"": [""Compare the policy-rate levels described in April and October 2025.""], ""rbi_mpr_2025_04_p098_c000"": [""Compare the policy-rate levels described in April and October 2025.""], ""rbi_mpr_2025_04_p099_c002"": [""Compare the policy-rate levels described in April and October 2025.""], ""rbi_mpr_2025_04_p099_c003"": [""Compare the policy-rate levels described in April and October 2025.""], ""rbi_mpr_2025_04_p099_c004"": [""Compare the policy-rate levels described in April and October 2025.""], ""rbi_mpr_2025_04_p100_c000"": [""Compare the policy-rate levels described in April and October 2025.""], ""rbi_mpr_2025_04_p103_c002"": [""Compare the policy-rate levels described in April and October 2025.""], ""rbi_mpr_2025_04_p105_c000"": [""Compare the policy-rate levels described in April and October 2025.""], ""rbi_mpr_2025_04_p105_c001"": [""Compare the policy-rate levels described in April and October 2025.""], ""rbi_mpr_2025_04_p105_c002"": [""Compare the policy-rate levels described in April and October 2025.""], ""rbi_mpr_2025_04_p106_c000"": [""Compare the policy-rate levels described in April and October 2025.""], ""rbi_mpr_2025_04_p107_c000"": [""Compare the policy-rate levels described in April and October 2025.""], ""rbi_mpr_2025_04_p107_c001"": [""Compare the policy-rate levels described in April and October 2025.""], ""rbi_mpr_2025_04_p107_c002"": [""Compare the policy-rate levels described in April and October 2025.""], ""rbi_mpr_2025_04_p107_c003"": [""Compare the policy-rate levels described in April and October 2025.""], ""rbi_mpr_2025_04_p108_c000"": [""Compare the policy-rate levels described in April and October 2025.""], ""rbi_mpr_2025_04_p108_c002"": [""Compare the policy-rate levels described in April and October 2025.""], ""rbi_mpr_2025_04_p108_c003"": [""Compare the policy-rate levels described in April and October 2025.""], ""rbi_mpr_2025_04_p109_c000"": [""Compare the policy-rate levels described in April and October 2025.""], ""rbi_mpr_2025_04_p109_c001"": [""Compare the policy-rate levels described in April and October 2025.""], ""rbi_mpr_2025_04_p109_c002"": [""Compare the policy-rate levels described in April and October 2025.""], ""rbi_mpr_2025_04_p109_c004"": [""Compare the policy-rate levels described in April and October 2025.""], ""rbi_mpr_2025_04_p110_c000"": [""Compare the policy-rate levels described in April and October 2025.""], ""rbi_mpr_2025_04_p112_c000"": [""Compare the policy-rate levels described in April and October 2025.""], ""rbi_mpr_2025_04_p112_c001"": [""Compare the policy-rate levels described in April and October 2025.""], ""rbi_mpr_2025_04_p113_c001"": [""Compare the policy-rate levels described in April and October 2025.""], ""rbi_mpr_2025_04_p113_c003"": [""Compare the policy-rate levels described in April and October 2025.""], ""rbi_mpr_2025_10_p009_c001"": [""Compare the policy-rate levels described in April and October 2025.""], ""rbi_mpr_2025_10_p009_c002"": [""Compare the policy-rate levels described in April and October 2025.""], ""rbi_mpr_2025_10_p009_c005"": [""Compare the policy-rate levels described in April and October 2025.""], ""rbi_mpr_2025_10_p010_c000"": [""Compare the policy-rate levels described in April and October 2025.""], ""rbi_mpr_2025_10_p010_c001"": [""Compare the policy-rate levels described in April and October 2025.""], ""rbi_mpr_2025_10_p010_c002"": [""Compare the policy-rate levels described in April and October 2025.""], ""rbi_mpr_2025_10_p011_c000"": [""Compare the policy-rate levels described in April and October 2025.""], ""rbi_mpr_2025_10_p011_c001"": [""Compare the policy-rate levels described in April and October 2025.""], ""rbi_mpr_2025_10_p011_c002"": [""Compare the policy-rate levels described in April and October 2025.""], ""rbi_mpr_2025_10_p011_c003"": [""Compare the policy-rate levels described in April and October 2025.""], ""rbi_mpr_2025_10_p011_c004"": [""Compare the policy-rate levels described in April and October 2025.""], ""rbi_mpr_2025_10_p011_c005"": [""Compare the policy-rate levels described in April and October 2025.""], ""rbi_mpr_2025_10_p012_c001"": [""Compare the policy-rate levels described in April and October 2025.""], ""rbi_mpr_2025_10_p013_c000"": [""Compare the policy-rate levels described in April and October 2025.""], ""rbi_mpr_2025_10_p013_c001"": [""Compare the policy-rate levels described in April and October 2025.""], ""rbi_mpr_2025_10_p013_c003"": [""Compare the policy-rate levels described in April and October 2025.""], ""rbi_mpr_2025_10_p013_c004"": [""Compare the policy-rate levels described in April and October 2025.""], ""rbi_mpr_2025_10_p013_c005"": [""Compare the policy-rate levels described in April and October 2025.""], ""rbi_mpr_2025_10_p014_c000"": [""Compare the policy-rate levels described in April and October 2025.""], ""rbi_mpr_2025_10_p014_c001"": [""Compare the policy-rate levels described in April and October 2025.""], ""rbi_mpr_2025_10_p014_c004"": [""Compare the policy-rate levels described in April and October 2025.""], ""rbi_mpr_2025_10_p015_c001"": [""Compare the policy-rate levels described in April and October 2025.""], ""rbi_mpr_2025_10_p015_c002"": [""Compare the policy-rate levels described in April and October 2025.""], ""rbi_mpr_2025_10_p015_c003"": [""Compare the policy-rate levels described in April and October 2025.""], ""rbi_mpr_2025_10_p023_c001"": [""Compare the policy-rate levels described in April and October 2025.""], ""rbi_mpr_2025_10_p024_c000"": [""Compare the policy-rate levels described in April and October 2025.""], ""rbi_mpr_2025_10_p024_c001"": [""Compare the policy-rate levels described in April and October 2025.""], ""rbi_mpr_2025_10_p024_c003"": [""Compare the policy-rate levels described in April and October 2025.""], ""rbi_mpr_2025_10_p025_c000"": [""Compare the policy-rate levels described in April and October 2025.""], ""rbi_mpr_2025_10_p025_c001"": [""Compare the policy-rate levels described in April and October 2025.""], ""rbi_mpr_2025_10_p032_c000"": [""Compare the policy-rate levels described in April and October 2025.""], ""rbi_mpr_2025_10_p032_c001"": [""Compare the policy-rate levels described in April and October 2025.""], ""rbi_mpr_2025_10_p032_c002"": [""Compare the policy-rate levels described in April and October 2025.""], ""rbi_mpr_2025_10_p034_c000"": [""Compare the policy-rate levels described in April and October 2025.""], ""rbi_mpr_2025_10_p034_c001"": [""Compare the policy-rate levels described in April and October 2025.""], ""rbi_mpr_2025_10_p036_c000"": [""Compare the policy-rate levels described in April and October 2025.""], ""rbi_mpr_2025_10_p036_c002"": [""Compare the policy-rate levels described in April and October 2025.""], ""rbi_mpr_2025_10_p036_c003"": [""Compare the policy-rate levels described in April and October 2025.""], ""rbi_mpr_2025_10_p038_c000"": [""Compare the policy-rate levels described in April and October 2025.""], ""rbi_mpr_2025_10_p040_c000"": [""Compare the policy-rate levels described in April and October 2025.""], ""rbi_mpr_2025_10_p041_c003"": [""Compare the policy-rate levels described in April and October 2025.""], ""rbi_mpr_2025_10_p043_c002"": [""Compare the policy-rate levels described in April and October 2025.""], ""rbi_mpr_2025_10_p056_c000"": [""Compare the policy-rate levels described in April and October 2025.""], ""rbi_mpr_2025_10_p062_c000"": [""Compare the policy-rate levels described in April and October 2025.""], ""rbi_mpr_2025_10_p063_c000"": [""Compare the policy-rate levels described in April and October 2025.""], ""rbi_mpr_2025_10_p064_c000"": [""Compare the policy-rate levels described in April and October 2025.""], ""rbi_mpr_2025_10_p064_c005"": [""Compare the policy-rate levels described in April and October 2025.""], ""rbi_mpr_2025_10_p066_c000"": [""Compare the policy-rate levels described in April and October 2025.""], ""rbi_mpr_2025_10_p066_c001"": [""Compare the policy-rate levels described in April and October 2025.""], ""rbi_mpr_2025_10_p066_c002"": [""Compare the policy-rate levels described in April and October 2025.""], ""rbi_mpr_2025_10_p068_c000"": [""Compare the policy-rate levels described in April and October 2025.""], ""rbi_mpr_2025_10_p068_c004"": [""Compare the policy-rate levels described in April and October 2025.""], ""rbi_mpr_2025_10_p070_c001"": [""Compare the policy-rate levels described in April and October 2025.""], ""rbi_mpr_2025_10_p070_c002"": [""Compare the policy-rate levels described in April and October 2025.""], ""rbi_mpr_2025_10_p071_c000"": [""Compare the policy-rate levels described in April and October 2025.""], ""rbi_mpr_2025_10_p071_c001"": [""Compare the policy-rate levels described in April and October 2025.""], ""rbi_mpr_2025_10_p073_c002"": [""Compare the policy-rate levels described in April and October 2025.""], ""rbi_mpr_2025_10_p074_c000"": [""Compare the policy-rate levels described in April and October 2025.""], ""rbi_mpr_2025_10_p079_c000"": [""Compare the policy-rate levels described in April and October 2025.""], ""rbi_mpr_2025_10_p080_c001"": [""Compare the policy-rate levels described in April and October 2025.""], ""rbi_mpr_2025_10_p085_c001"": [""Compare the policy-rate levels described in April and October 2025.""], ""rbi_mpr_2025_10_p087_c000"": [""Compare the policy-rate levels described in April and October 2025.""], ""rbi_mpr_2025_10_p089_c000"": [""Compare the policy-rate levels described in April and October 2025.""], ""rbi_mpr_2025_10_p096_c000"": [""Compare the policy-rate levels described in April and October 2025.""], ""rbi_mpr_2025_10_p096_c001"": [""Compare the policy-rate levels described in April and October 2025.""], ""rbi_mpr_2025_10_p096_c004"": [""Compare the policy-rate levels described in April and October 2025.""], ""rbi_mpr_2025_10_p097_c003"": [""Compare the policy-rate levels described in April and October 2025.""], ""rbi_mpr_2025_10_p097_c004"": [""Compare the policy-rate levels described in April and October 2025.""], ""rbi_mpr_2025_10_p098_c000"": [""Compare the policy-rate levels described in April and October 2025.""], ""rbi_mpr_2025_10_p099_c000"": [""Compare the policy-rate levels described in April and October 2025.""], ""rbi_mpr_2025_10_p099_c001"": [""Compare the policy-rate levels described in April and October 2025.""], ""rbi_mpr_2025_10_p099_c002"": [""Compare the policy-rate levels described in April and October 2025.""], ""rbi_mpr_2025_10_p101_c000"": [""Compare the policy-rate levels described in April and October 2025.""], ""rbi_mpr_2025_10_p102_c000"": [""Compare the policy-rate levels described in April and October 2025.""], ""rbi_mpr_2025_10_p103_c000"": [""Compare the policy-rate levels described in April and October 2025.""], ""rbi_mpr_2025_10_p103_c001"": [""Compare the policy-rate levels described in April and October 2025.""], ""rbi_mpr_2025_10_p103_c002"": [""Compare the policy-rate levels described in April and October 2025.""], ""rbi_mpr_2025_10_p103_c003"": [""Compare the policy-rate levels described in April and October 2025.""], ""rbi_mpr_2025_10_p104_c000"": [""Compare the policy-rate levels described in April and October 2025.""], ""rbi_mpr_2025_10_p104_c001"": [""Compare the policy-rate levels described in April and October 2025.""], ""rbi_mpr_2025_10_p104_c002"": [""Compare the policy-rate levels described in April and October 2025.""], ""rbi_mpr_2025_10_p105_c000"": [""Compare the policy-rate levels described in April and October 2025.""], ""rbi_mpr_2025_10_p105_c003"": [""Compare the policy-rate levels described in April and October 2025.""], ""rbi_mpr_2025_10_p105_c004"": [""Compare the policy-rate levels described in April and October 2025.""], ""rbi_mpr_2025_10_p106_c000"": [""Compare the policy-rate levels described in April and October 2025.""]}, ""candidate_source_retriever"": {""rbi_mpr_2025_04_p011_c000"": [""bm25"", ""dense""], ""rbi_mpr_2025_04_p011_c001"": [""dense""], ""rbi_mpr_2025_04_p011_c003"": [""dense""], ""rbi_mpr_2025_04_p012_c000"": [""bm25"", ""dense""], ""rbi_mpr_2025_04_p012_c005"": [""dense""], ""rbi_mpr_2025_04_p013_c002"": [""dense""], ""rbi_mpr_2025_04_p013_c003"": [""dense""], ""rbi_mpr_2025_04_p014_c000"": [""bm25""], ""rbi_mpr_2025_04_p014_c001"": [""bm25""], ""rbi_mpr_2025_04_p015_c000"": [""bm25"", ""dense""], ""rbi_mpr_2025_04_p015_c001"": [""bm25"", ""dense""], ""rbi_mpr_2025_04_p015_c002"": [""dense""], ""rbi_mpr_2025_04_p015_c003"": [""dense""], ""rbi_mpr_2025_04_p017_c002"": [""dense""], ""rbi_mpr_2025_04_p018_c000"": [""dense""], ""rbi_mpr_2025_04_p018_c003"": [""dense""], ""rbi_mpr_2025_04_p019_c002"": [""dense""], ""rbi_mpr_2025_04_p020_c000"": [""dense""], ""rbi_mpr_2025_04_p025_c000"": [""bm25""], ""rbi_mpr_2025_04_p025_c001"": [""bm25""], ""rbi_mpr_2025_04_p025_c003"": [""bm25"", ""dense""], ""rbi_mpr_2025_04_p026_c000"": [""dense""], ""rbi_mpr_2025_04_p026_c003"": [""dense""], ""rbi_mpr_2025_04_p027_c002"": [""bm25""], ""rbi_mpr_2025_04_p028_c004"": [""dense""], ""rbi_mpr_2025_04_p030_c000"": [""bm25""], ""rbi_mpr_2025_04_p030_c001"": [""bm25""], ""rbi_mpr_2025_04_p032_c000"": [""bm25""], ""rbi_mpr_2025_04_p034_c000"": [""bm25""], ""rbi_mpr_2025_04_p035_c004"": [""dense""], ""rbi_mpr_2025_04_p036_c000"": [""bm25"", ""dense""], ""rbi_mpr_2025_04_p036_c002"": [""bm25""], ""rbi_mpr_2025_04_p037_c000"": [""bm25""], ""rbi_mpr_2025_04_p038_c000"": [""bm25"", ""dense""], ""rbi_mpr_2025_04_p039_c001"": [""bm25"", ""dense""], ""rbi_mpr_2025_04_p039_c002"": [""dense""], ""rbi_mpr_2025_04_p040_c000"": [""dense""], ""rbi_mpr_2025_04_p041_c000"": [""bm25"", ""dense""], ""rbi_mpr_2025_04_p042_c000"": [""bm25""], ""rbi_mpr_2025_04_p043_c001"": [""bm25""], ""rbi_mpr_2025_04_p047_c002"": [""bm25""], ""rbi_mpr_2025_04_p048_c000"": [""bm25""], ""rbi_mpr_2025_04_p051_c001"": [""bm25""], ""rbi_mpr_2025_04_p052_c000"": [""bm25"", ""dense""], ""rbi_mpr_2025_04_p060_c001"": [""bm25""], ""rbi_mpr_2025_04_p061_c000"": [""bm25""], ""rbi_mpr_2025_04_p062_c000"": [""bm25""], ""rbi_mpr_2025_04_p064_c000"": [""dense""], ""rbi_mpr_2025_04_p068_c000"": [""bm25""], ""rbi_mpr_2025_04_p069_c003"": [""bm25""], ""rbi_mpr_2025_04_p069_c004"": [""bm25""], ""rbi_mpr_2025_04_p070_c000"": [""bm25""], ""rbi_mpr_2025_04_p075_c001"": [""dense""], ""rbi_mpr_2025_04_p076_c005"": [""dense""], ""rbi_mpr_2025_04_p078_c003"": [""dense""], ""rbi_mpr_2025_04_p083_c000"": [""bm25""], ""rbi_mpr_2025_04_p083_c001"": [""bm25""], ""rbi_mpr_2025_04_p084_c000"": [""bm25""], ""rbi_mpr_2025_04_p092_c000"": [""bm25""], ""rbi_mpr_2025_04_p098_c000"": [""bm25""], ""rbi_mpr_2025_04_p099_c002"": [""bm25""], ""rbi_mpr_2025_04_p099_c003"": [""bm25"", ""dense""], ""rbi_mpr_2025_04_p099_c004"": [""bm25""], ""rbi_mpr_2025_04_p100_c000"": [""bm25"", ""dense""], ""rbi_mpr_2025_04_p103_c002"": [""bm25""], ""rbi_mpr_2025_04_p105_c000"": [""dense""], ""rbi_mpr_2025_04_p105_c001"": [""dense""], ""rbi_mpr_2025_04_p105_c002"": [""dense""], ""rbi_mpr_2025_04_p106_c000"": [""dense""], ""rbi_mpr_2025_04_p107_c000"": [""bm25"", ""dense""], ""rbi_mpr_2025_04_p107_c001"": [""dense""], ""rbi_mpr_2025_04_p107_c002"": [""bm25"", ""dense""], ""rbi_mpr_2025_04_p107_c003"": [""dense""], ""rbi_mpr_2025_04_p108_c000"": [""bm25"", ""dense""], ""rbi_mpr_2025_04_p108_c002"": [""dense""], ""rbi_mpr_2025_04_p108_c003"": [""dense""], ""rbi_mpr_2025_04_p109_c000"": [""bm25""], ""rbi_mpr_2025_04_p109_c001"": [""bm25""], ""rbi_mpr_2025_04_p109_c002"": [""dense""], ""rbi_mpr_2025_04_p109_c004"": [""bm25""], ""rbi_mpr_2025_04_p110_c000"": [""dense""], ""rbi_mpr_2025_04_p112_c000"": [""dense""], ""rbi_mpr_2025_04_p112_c001"": [""dense""], ""rbi_mpr_2025_04_p113_c001"": [""bm25""], ""rbi_mpr_2025_04_p113_c003"": [""dense""], ""rbi_mpr_2025_10_p009_c001"": [""dense""], ""rbi_mpr_2025_10_p009_c002"": [""bm25""], ""rbi_mpr_2025_10_p009_c005"": [""bm25""], ""rbi_mpr_2025_10_p010_c000"": [""bm25"", ""dense""], ""rbi_mpr_2025_10_p010_c001"": [""bm25"", ""dense""], ""rbi_mpr_2025_10_p010_c002"": [""bm25"", ""dense""], ""rbi_mpr_2025_10_p011_c000"": [""dense""], ""rbi_mpr_2025_10_p011_c001"": [""dense""], ""rbi_mpr_2025_10_p011_c002"": [""dense""], ""rbi_mpr_2025_10_p011_c003"": [""dense""], ""rbi_mpr_2025_10_p011_c004"": [""dense""], ""rbi_mpr_2025_10_p011_c005"": [""dense""], ""rbi_mpr_2025_10_p012_c001"": [""bm25""], ""rbi_mpr_2025_10_p013_c000"": [""bm25""], ""rbi_mpr_2025_10_p013_c001"": [""bm25""], ""rbi_mpr_2025_10_p013_c003"": [""bm25"", ""dense""], ""rbi_mpr_2025_10_p013_c004"": [""bm25"", ""dense""], ""rbi_mpr_2025_10_p013_c005"": [""dense""], ""rbi_mpr_2025_10_p014_c000"": [""dense""], ""rbi_mpr_2025_10_p014_c001"": [""dense""], ""rbi_mpr_2025_10_p014_c004"": [""dense""], ""rbi_mpr_2025_10_p015_c001"": [""dense""], ""rbi_mpr_2025_10_p015_c002"": [""dense""], ""rbi_mpr_2025_10_p015_c003"": [""dense""], ""rbi_mpr_2025_10_p023_c001"": [""bm25""], ""rbi_mpr_2025_10_p024_c000"": [""bm25"", ""dense""], ""rbi_mpr_2025_10_p024_c001"": [""bm25""], ""rbi_mpr_2025_10_p024_c003"": [""dense""], ""rbi_mpr_2025_10_p025_c000"": [""bm25"", ""dense""], ""rbi_mpr_2025_10_p025_c001"": [""bm25""], ""rbi_mpr_2025_10_p032_c000"": [""bm25"", ""dense""], ""rbi_mpr_2025_10_p032_c001"": [""dense""], ""rbi_mpr_2025_10_p032_c002"": [""dense""], ""rbi_mpr_2025_10_p034_c000"": [""dense""], ""rbi_mpr_2025_10_p034_c001"": [""dense""], ""rbi_mpr_2025_10_p036_c000"": [""dense""], ""rbi_mpr_2025_10_p036_c002"": [""bm25""], ""rbi_mpr_2025_10_p036_c003"": [""bm25""], ""rbi_mpr_2025_10_p038_c000"": [""bm25"", ""dense""], ""rbi_mpr_2025_10_p040_c000"": [""bm25"", ""dense""], ""rbi_mpr_2025_10_p041_c003"": [""dense""], ""rbi_mpr_2025_10_p043_c002"": [""bm25""], ""rbi_mpr_2025_10_p056_c000"": [""bm25""], ""rbi_mpr_2025_10_p062_c000"": [""dense""], ""rbi_mpr_2025_10_p063_c000"": [""bm25""], ""rbi_mpr_2025_10_p064_c000"": [""bm25""], ""rbi_mpr_2025_10_p064_c005"": [""bm25""], ""rbi_mpr_2025_10_p066_c000"": [""bm25"", ""dense""], ""rbi_mpr_2025_10_p066_c001"": [""bm25""], ""rbi_mpr_2025_10_p066_c002"": [""bm25""], ""rbi_mpr_2025_10_p068_c000"": [""bm25""], ""rbi_mpr_2025_10_p068_c004"": [""dense""], ""rbi_mpr_2025_10_p070_c001"": [""bm25""], ""rbi_mpr_2025_10_p070_c002"": [""dense""], ""rbi_mpr_2025_10_p071_c000"": [""dense""], ""rbi_mpr_2025_10_p071_c001"": [""bm25""], ""rbi_mpr_2025_10_p073_c002"": [""bm25"", ""dense""], ""rbi_mpr_2025_10_p074_c000"": [""bm25""], ""rbi_mpr_2025_10_p079_c000"": [""bm25""], ""rbi_mpr_2025_10_p080_c001"": [""bm25""], ""rbi_mpr_2025_10_p085_c001"": [""bm25""], ""rbi_mpr_2025_10_p087_c000"": [""bm25""], ""rbi_mpr_2025_10_p089_c000"": [""bm25""], ""rbi_mpr_2025_10_p096_c000"": [""dense""], ""rbi_mpr_2025_10_p096_c001"": [""bm25""], ""rbi_mpr_2025_10_p096_c004"": [""dense""], ""rbi_mpr_2025_10_p097_c003"": [""bm25""], ""rbi_mpr_2025_10_p097_c004"": [""bm25""], ""rbi_mpr_2025_10_p098_c000"": [""dense""], ""rbi_mpr_2025_10_p099_c000"": [""bm25""], ""rbi_mpr_2025_10_p099_c001"": [""bm25""], ""rbi_mpr_2025_10_p099_c002"": [""bm25""], ""rbi_mpr_2025_10_p101_c000"": [""bm25""], ""rbi_mpr_2025_10_p102_c000"": [""bm25"", ""dense""], ""rbi_mpr_2025_10_p103_c000"": [""dense""], ""rbi_mpr_2025_10_p103_c001"": [""bm25"", ""dense""], ""rbi_mpr_2025_10_p103_c002"": [""dense""], ""rbi_mpr_2025_10_p103_c003"": [""dense""], ""rbi_mpr_2025_10_p104_c000"": [""dense""], ""rbi_mpr_2025_10_p104_c001"": [""dense""], ""rbi_mpr_2025_10_p104_c002"": [""dense""], ""rbi_mpr_2025_10_p105_c000"": [""bm25"", ""dense""], ""rbi_mpr_2025_10_p105_c003"": [""bm25""], ""rbi_mpr_2025_10_p105_c004"": [""bm25""], ""rbi_mpr_2025_10_p106_c000"": [""dense""]}, ""candidate_union_ids"": [""rbi_mpr_2025_04_p108_c003"", ""rbi_mpr_2025_04_p015_c001"", ""rbi_mpr_2025_04_p105_c001"", ""rbi_mpr_2025_04_p015_c002"", ""rbi_mpr_2025_04_p040_c000"", ""rbi_mpr_2025_04_p107_c002"", ""rbi_mpr_2025_04_p012_c000"", ""rbi_mpr_2025_04_p018_c000"", ""rbi_mpr_2025_04_p112_c000"", ""rbi_mpr_2025_04_p112_c001"", ""rbi_mpr_2025_04_p107_c001"", ""rbi_mpr_2025_04_p017_c002"", ""rbi_mpr_2025_04_p108_c000"", ""rbi_mpr_2025_04_p107_c000"", ""rbi_mpr_2025_04_p026_c000"", ""rbi_mpr_2025_04_p013_c003"", ""rbi_mpr_2025_04_p106_c000"", ""rbi_mpr_2025_04_p113_c003"", ""rbi_mpr_2025_04_p110_c000"", ""rbi_mpr_2025_04_p015_c000"", ""rbi_mpr_2025_04_p035_c004"", ""rbi_mpr_2025_04_p018_c003"", ""rbi_mpr_2025_04_p076_c005"", ""rbi_mpr_2025_04_p011_c000"", ""rbi_mpr_2025_04_p052_c000"", ""rbi_mpr_2025_04_p105_c002"", ""rbi_mpr_2025_04_p019_c002"", ""rbi_mpr_2025_04_p026_c003"", ""rbi_mpr_2025_04_p107_c003"", ""rbi_mpr_2025_04_p100_c000"", ""rbi_mpr_2025_04_p078_c003"", ""rbi_mpr_2025_04_p025_c003"", ""rbi_mpr_2025_04_p011_c001"", ""rbi_mpr_2025_04_p105_c000"", ""rbi_mpr_2025_04_p011_c003"", ""rbi_mpr_2025_04_p038_c000"", ""rbi_mpr_2025_04_p013_c002"", ""rbi_mpr_2025_04_p015_c003"", ""rbi_mpr_2025_04_p108_c002"", ""rbi_mpr_2025_04_p099_c003"", ""rbi_mpr_2025_04_p012_c005"", ""rbi_mpr_2025_04_p109_c002"", ""rbi_mpr_2025_04_p028_c004"", ""rbi_mpr_2025_04_p036_c000"", ""rbi_mpr_2025_04_p064_c000"", ""rbi_mpr_2025_04_p039_c002"", ""rbi_mpr_2025_04_p075_c001"", ""rbi_mpr_2025_04_p041_c000"", ""rbi_mpr_2025_04_p039_c001"", ""rbi_mpr_2025_04_p020_c000"", ""rbi_mpr_2025_04_p014_c000"", ""rbi_mpr_2025_04_p069_c004"", ""rbi_mpr_2025_04_p025_c000"", ""rbi_mpr_2025_04_p030_c001"", ""rbi_mpr_2025_04_p062_c000"", ""rbi_mpr_2025_04_p025_c001"", ""rbi_mpr_2025_04_p068_c000"", ""rbi_mpr_2025_04_p099_c004"", ""rbi_mpr_2025_04_p060_c001"", ""rbi_mpr_2025_04_p043_c001"", ""rbi_mpr_2025_04_p083_c000"", ""rbi_mpr_2025_04_p061_c000"", ""rbi_mpr_2025_04_p070_c000"", ""rbi_mpr_2025_04_p034_c000"", ""rbi_mpr_2025_04_p103_c002"", ""rbi_mpr_2025_04_p030_c000"", ""rbi_mpr_2025_04_p098_c000"", ""rbi_mpr_2025_04_p014_c001"", ""rbi_mpr_2025_04_p032_c000"", ""rbi_mpr_2025_04_p048_c000"", ""rbi_mpr_2025_04_p092_c000"", ""rbi_mpr_2025_04_p036_c002"", ""rbi_mpr_2025_04_p113_c001"", ""rbi_mpr_2025_04_p042_c000"", ""rbi_mpr_2025_04_p037_c000"", ""rbi_mpr_2025_04_p069_c003"", ""rbi_mpr_2025_04_p109_c000"", ""rbi_mpr_2025_04_p051_c001"", ""rbi_mpr_2025_04_p027_c002"", ""rbi_mpr_2025_04_p109_c001"", ""rbi_mpr_2025_04_p099_c002"", ""rbi_mpr_2025_04_p109_c004"", ""rbi_mpr_2025_04_p047_c002"", ""rbi_mpr_2025_04_p083_c001"", ""rbi_mpr_2025_04_p084_c000""], ""candidate_union_pages"": [108, 15, 105, 15, 40, 107, 12, 18, 112, 112, 107, 17, 108, 107, 26, 13, 106, 113, 110, 15, 35, 18, 76, 11, 52, 105, 19, 26, 107, 100, 78, 25, 11, 105, 11, 38, 13, 15, 108, 99, 12, 109, 28, 36, 64, 39, 75, 41, 39, 20, 14, 69, 25, 30, 62, 25, 68, 99, 60, 43, 83, 61, 70, 34, 103, 30, 98, 14, 32, 48, 92, 36, 113, 42, 37, 69, 109, 51, 27, 109, 99, 109, 47, 83, 84], ""dense_candidate_ids"": [""rbi_mpr_2025_04_p108_c003"", ""rbi_mpr_2025_04_p015_c001"", ""rbi_mpr_2025_04_p105_c001"", ""rbi_mpr_2025_04_p015_c002"", ""rbi_mpr_2025_04_p040_c000"", ""rbi_mpr_2025_04_p107_c002"", ""rbi_mpr_2025_04_p012_c000"", ""rbi_mpr_2025_04_p018_c000"", ""rbi_mpr_2025_04_p112_c000"", ""rbi_mpr_2025_04_p112_c001"", ""rbi_mpr_2025_04_p107_c001"", ""rbi_mpr_2025_04_p017_c002"", ""rbi_mpr_2025_04_p108_c000"", ""rbi_mpr_2025_04_p107_c000"", ""rbi_mpr_2025_04_p026_c000"", ""rbi_mpr_2025_04_p013_c003"", ""rbi_mpr_2025_04_p106_c000"", ""rbi_mpr_2025_04_p113_c003"", ""rbi_mpr_2025_04_p110_c000"", ""rbi_mpr_2025_04_p015_c000"", ""rbi_mpr_2025_04_p035_c004"", ""rbi_mpr_2025_04_p018_c003"", ""rbi_mpr_2025_04_p076_c005"", ""rbi_mpr_2025_04_p011_c000"", ""rbi_mpr_2025_04_p052_c000"", ""rbi_mpr_2025_04_p105_c002"", ""rbi_mpr_2025_04_p019_c002"", ""rbi_mpr_2025_04_p026_c003"", ""rbi_mpr_2025_04_p107_c003"", ""rbi_mpr_2025_04_p100_c000"", ""rbi_mpr_2025_04_p078_c003"", ""rbi_mpr_2025_04_p025_c003"", ""rbi_mpr_2025_04_p011_c001"", ""rbi_mpr_2025_04_p105_c000"", ""rbi_mpr_2025_04_p011_c003"", ""rbi_mpr_2025_04_p038_c000"", ""rbi_mpr_2025_04_p013_c002"", ""rbi_mpr_2025_04_p015_c003"", ""rbi_mpr_2025_04_p108_c002"", ""rbi_mpr_2025_04_p099_c003"", ""rbi_mpr_2025_04_p012_c005"", ""rbi_mpr_2025_04_p109_c002"", ""rbi_mpr_2025_04_p028_c004"", ""rbi_mpr_2025_04_p036_c000"", ""rbi_mpr_2025_04_p064_c000"", ""rbi_mpr_2025_04_p039_c002"", ""rbi_mpr_2025_04_p075_c001"", ""rbi_mpr_2025_04_p041_c000"", ""rbi_mpr_2025_04_p039_c001"", ""rbi_mpr_2025_04_p020_c000""], ""dense_candidate_pages"": [108, 15, 105, 15, 40, 107, 12, 18, 112, 112, 107, 17, 108, 107, 26, 13, 106, 113, 110, 15, 35, 18, 76, 11, 52, 105, 19, 26, 107, 100, 78, 25, 11, 105, 11, 38, 13, 15, 108, 99, 12, 109, 28, 36, 64, 39, 75, 41, 39, 20], ""dense_candidate_scores"": [0.41404071022904543, 0.36149020719117686, 0.33030208720214593, 0.32240423140653796, 0.3065278507472723, 0.3046816080482526, 0.29592475733314416, 0.29208973129344085, 0.29008767169547633, 0.28648512767215917, 0.2853327485401743, 0.27409454426583546, 0.272452165873063, 0.2701475761964873, 0.2698157962050095, 0.26979826311602895, 0.26752132177207644, 0.26126875250178827, 0.26040305623337456, 0.25888703409243763, 0.2506772494710007, 0.24840283693795873, 0.24697928498265476, 0.24093466826291943, 0.23072198110654762, 0.22602968816813274, 0.21795199176992885, 0.2179378304288292, 0.21748997801655245, 0.21541500437066408, 0.2130895941509241, 0.21065527647463178, 0.20949573237840013, 0.20943554667872655, 0.20900286713191374, 0.20873186289598866, 0.20291778943760785, 0.2010726004098009, 0.1983969498789353, 0.19832175990119194, 0.19685993860744, 0.19455695051110777, 0.19292005120864164, 0.1924846742635241, 0.1924217068718489, 0.19090104857757584, 0.18747830301000612, 0.18732514136251754, 0.187040650135069, 0.18657745626993427], ""dense_first_evidence_rank"": 7, ""evidence_rank_after_reranking"": 1, ""evidence_rank_before_reranking"": 1, ""expected_evidence"": [""cut the policy repo rate by 25 basis points (bps) to 6.25 per cent""], ""loss_stage"": ""evidence_found"", ""report_id"": ""rbi_mpr_2025_04"", ""reranker_input_ids"": [""rbi_mpr_2025_04_p012_c000"", ""rbi_mpr_2025_04_p015_c001"", ""rbi_mpr_2025_04_p107_c000"", ""rbi_mpr_2025_04_p011_c000"", ""rbi_mpr_2025_04_p015_c000"", ""rbi_mpr_2025_04_p107_c002"", ""rbi_mpr_2025_04_p041_c000"", ""rbi_mpr_2025_04_p108_c000"", ""rbi_mpr_2025_04_p099_c003"", ""rbi_mpr_2025_04_p025_c003"", ""rbi_mpr_2025_04_p052_c000"", ""rbi_mpr_2025_04_p036_c000"", ""rbi_mpr_2025_04_p100_c000"", ""rbi_mpr_2025_04_p039_c001"", ""rbi_mpr_2025_04_p038_c000"", ""rbi_mpr_2025_04_p108_c003"", ""rbi_mpr_2025_04_p014_c000"", ""rbi_mpr_2025_04_p105_c001"", ""rbi_mpr_2025_04_p069_c004"", ""rbi_mpr_2025_04_p015_c002"", ""rbi_mpr_2025_04_p025_c000"", ""rbi_mpr_2025_04_p040_c000"", ""rbi_mpr_2025_04_p030_c001"", ""rbi_mpr_2025_04_p062_c000"", ""rbi_mpr_2025_04_p018_c000"", ""rbi_mpr_2025_04_p025_c001"", ""rbi_mpr_2025_04_p112_c000"", ""rbi_mpr_2025_04_p068_c000"", ""rbi_mpr_2025_04_p112_c001"", ""rbi_mpr_2025_04_p107_c001""], ""reranker_input_pages"": [12, 15, 107, 11, 15, 107, 41, 108, 99, 25, 52, 36, 100, 39, 38, 108, 14, 105, 69, 15, 25, 40, 30, 62, 18, 25, 112, 68, 112, 107], ""reranker_input_ranks"": [1, 2, 3, 4, 5, 6, 7, 8, 9, 10, 11, 12, 13, 14, 15, 16, 17, 18, 19, 20, 21, 22, 23, 24, 25, 26, 27, 28, 29, 30], ""reranker_output_ids"": [""rbi_mpr_2025_04_p012_c000"", ""rbi_mpr_2025_04_p052_c000"", ""rbi_mpr_2025_04_p107_c001"", ""rbi_mpr_2025_04_p108_c000"", ""rbi_mpr_2025_04_p018_c000"", ""rbi_mpr_2025_04_p036_c000"", ""rbi_mpr_2025_04_p038_c000"", ""rbi_mpr_2025_04_p015_c002"", ""rbi_mpr_2025_04_p040_c000"", ""rbi_mpr_2025_04_p107_c002"", ""rbi_mpr_2025_04_p112_c000"", ""rbi_mpr_2025_04_p100_c000"", ""rbi_mpr_2025_04_p068_c000"", ""rbi_mpr_2025_04_p014_c000"", ""rbi_mpr_2025_04_p107_c000"", ""rbi_mpr_2025_04_p041_c000"", ""rbi_mpr_2025_04_p015_c001"", ""rbi_mpr_2025_04_p062_c000"", ""rbi_mpr_2025_04_p015_c000"", ""rbi_mpr_2025_04_p039_c001"", ""rbi_mpr_2025_04_p099_c003"", ""rbi_mpr_2025_04_p025_c003"", ""rbi_mpr_2025_04_p069_c004"", ""rbi_mpr_2025_04_p108_c003"", ""rbi_mpr_2025_04_p025_c001"", ""rbi_mpr_2025_04_p025_c000"", ""rbi_mpr_2025_04_p105_c001"", ""rbi_mpr_2025_04_p030_c001"", ""rbi_mpr_2025_04_p011_c000"", ""rbi_mpr_2025_04_p112_c001""], ""reranker_output_pages"": [12, 52, 107, 108, 18, 36, 38, 15, 40, 107, 112, 100, 68, 14, 107, 41, 15, 62, 15, 39, 99, 25, 69, 108, 25, 25, 105, 30, 11, 112], ""reranker_scores"": [5.469998359680176, 4.817425727844238, 4.398426532745361, 4.336760520935059, 4.330626487731934, 3.864327907562256, 3.850184917449951, 3.6189305782318115, 3.611443042755127, 3.521974563598633, 3.139260768890381, 3.0752081871032715, 3.053313732147217, 3.035856246948242, 2.9173059463500977, 2.60610294342041, 1.6917893886566162, 1.581193447113037, 1.4494762420654297, 1.3898906707763672, 1.3555405139923096, 1.329979419708252, 1.2776426076889038, 0.6459054946899414, 0.18740639090538025, 0.06186753883957863, -0.1368022859096527, -1.4322518110275269, -1.7338446378707886, -2.6399149894714355], ""rrf_candidate_ids"": [""rbi_mpr_2025_04_p012_c000"", ""rbi_mpr_2025_04_p015_c001"", ""rbi_mpr_2025_04_p107_c000"", ""rbi_mpr_2025_04_p011_c000"", ""rbi_mpr_2025_04_p015_c000"", ""rbi_mpr_2025_04_p107_c002"", ""rbi_mpr_2025_04_p041_c000"", ""rbi_mpr_2025_04_p108_c000"", ""rbi_mpr_2025_04_p099_c003"", ""rbi_mpr_2025_04_p025_c003"", ""rbi_mpr_2025_04_p052_c000"", ""rbi_mpr_2025_04_p036_c000"", ""rbi_mpr_2025_04_p100_c000"", ""rbi_mpr_2025_04_p039_c001"", ""rbi_mpr_2025_04_p038_c000"", ""rbi_mpr_2025_04_p108_c003"", ""rbi_mpr_2025_04_p014_c000"", ""rbi_mpr_2025_04_p105_c001"", ""rbi_mpr_2025_04_p069_c004"", ""rbi_mpr_2025_04_p015_c002"", ""rbi_mpr_2025_04_p025_c000"", ""rbi_mpr_2025_04_p040_c000"", ""rbi_mpr_2025_04_p030_c001"", ""rbi_mpr_2025_04_p062_c000"", ""rbi_mpr_2025_04_p018_c000"", ""rbi_mpr_2025_04_p025_c001"", ""rbi_mpr_2025_04_p112_c000"", ""rbi_mpr_2025_04_p068_c000"", ""rbi_mpr_2025_04_p112_c001"", ""rbi_mpr_2025_04_p107_c001""], ""rrf_candidate_pages"": [12, 15, 107, 11, 15, 107, 41, 108, 99, 25, 52, 36, 100, 39, 38, 108, 14, 105, 69, 15, 25, 40, 30, 62, 18, 25, 112, 68, 112, 107], ""rrf_first_evidence_rank"": 1, ""rrf_scores"": [0.031054405392392875, 0.028629032258064516, 0.027799227799227798, 0.025989268947015427, 0.025833333333333333, 0.02578981302385558, 0.02418463239358762, 0.024115296803652965, 0.02388888888888889, 0.023527793065492568, 0.023000660938532716, 0.021109637488947834, 0.02081984897518878, 0.02053794829024187, 0.01985062893081761, 0.01639344262295082, 0.01639344262295082, 0.015873015873015872, 0.015873015873015872, 0.015625, 0.015625, 0.015384615384615385, 0.015384615384615385, 0.015151515151515152, 0.014705882352941176, 0.014705882352941176, 0.014492753623188406, 0.014492753623188406, 0.014285714285714285, 0.014084507042253521], ""selected_chunk_ids_after_dedup"": [""rbi_mpr_2025_04_p012_c000"", ""rbi_mpr_2025_04_p052_c000"", ""rbi_mpr_2025_04_p107_c001""], ""selected_chunk_ids_before_dedup"": [""rbi_mpr_2025_04_p012_c000"", ""rbi_mpr_2025_04_p052_c000"", ""rbi_mpr_2025_04_p107_c001""], ""selected_pages"": [12, 52, 107]}, ""rbi_mpr_2025_10"": {""accepted_evidence_found"": true, ""accepted_pages"": [10], ""bm25_candidate_ids"": [""rbi_mpr_2025_10_p025_c001"", ""rbi_mpr_2025_10_p036_c003"", ""rbi_mpr_2025_10_p012_c001"", ""rbi_mpr_2025_10_p066_c000"", ""rbi_mpr_2025_10_p105_c004"", ""rbi_mpr_2025_10_p068_c000"", ""rbi_mpr_2025_10_p032_c000"", ""rbi_mpr_2025_10_p056_c000"", ""rbi_mpr_2025_10_p010_c000"", ""rbi_mpr_2025_10_p099_c000"", ""rbi_mpr_2025_10_p074_c000"", ""rbi_mpr_2025_10_p024_c001"", ""rbi_mpr_2025_10_p038_c000"", ""rbi_mpr_2025_10_p101_c000"", ""rbi_mpr_2025_10_p080_c001"", ""rbi_mpr_2025_10_p066_c001"", ""rbi_mpr_2025_10_p023_c001"", ""rbi_mpr_2025_10_p013_c004"", ""rbi_mpr_2025_10_p097_c004"", ""rbi_mpr_2025_10_p070_c001"", ""rbi_mpr_2025_10_p102_c000"", ""rbi_mpr_2025_10_p071_c001"", ""rbi_mpr_2025_10_p013_c000"", ""rbi_mpr_2025_10_p105_c003"", ""rbi_mpr_2025_10_p066_c002"", ""rbi_mpr_2025_10_p105_c000"", ""rbi_mpr_2025_10_p024_c000"", ""rbi_mpr_2025_10_p097_c003"", ""rbi_mpr_2025_10_p096_c001"", ""rbi_mpr_2025_10_p009_c005"", ""rbi_mpr_2025_10_p036_c002"", ""rbi_mpr_2025_10_p064_c005"", ""rbi_mpr_2025_10_p010_c002"", ""rbi_mpr_2025_10_p013_c003"", ""rbi_mpr_2025_10_p064_c000"", ""rbi_mpr_2025_10_p043_c002"", ""rbi_mpr_2025_10_p079_c000"", ""rbi_mpr_2025_10_p103_c001"", ""rbi_mpr_2025_10_p063_c000"", ""rbi_mpr_2025_10_p099_c001"", ""rbi_mpr_2025_10_p099_c002"", ""rbi_mpr_2025_10_p025_c000"", ""rbi_mpr_2025_10_p009_c002"", ""rbi_mpr_2025_10_p013_c001"", ""rbi_mpr_2025_10_p085_c001"", ""rbi_mpr_2025_10_p087_c000"", ""rbi_mpr_2025_10_p040_c000"", ""rbi_mpr_2025_10_p089_c000"", ""rbi_mpr_2025_10_p073_c002"", ""rbi_mpr_2025_10_p010_c001""], ""bm25_candidate_pages"": [25, 36, 12, 66, 105, 68, 32, 56, 10, 99, 74, 24, 38, 101, 80, 66, 23, 13, 97, 70, 102, 71, 13, 105, 66, 105, 24, 97, 96, 9, 36, 64, 10, 13, 64, 43, 79, 103, 63, 99, 99, 25, 9, 13, 85, 87, 40, 89, 73, 10], ""bm25_candidate_scores"": [null, null, null, null, null, null, null, null, null, null, null, null, null, null, null, null, null, null, null, null, null, null, null, null, null, null, null, null, null, null, null, null, null, null, null, null, null, null, null, null, null, null, null, null, null, null, null, null, null, null], ""bm25_first_evidence_rank"": 9, ""candidate_source_expansion"": {""rbi_mpr_2025_04_p011_c000"": [], ""rbi_mpr_2025_04_p011_c001"": [], ""rbi_mpr_2025_04_p011_c003"": [], ""rbi_mpr_2025_04_p012_c000"": [], ""rbi_mpr_2025_04_p012_c005"": [], ""rbi_mpr_2025_04_p013_c002"": [], ""rbi_mpr_2025_04_p013_c003"": [], ""rbi_mpr_2025_04_p014_c000"": [], ""rbi_mpr_2025_04_p014_c001"": [], ""rbi_mpr_2025_04_p015_c000"": [], ""rbi_mpr_2025_04_p015_c001"": [], ""rbi_mpr_2025_04_p015_c002"": [], ""rbi_mpr_2025_04_p015_c003"": [], ""rbi_mpr_2025_04_p017_c002"": [], ""rbi_mpr_2025_04_p018_c000"": [], ""rbi_mpr_2025_04_p018_c003"": [], ""rbi_mpr_2025_04_p019_c002"": [], ""rbi_mpr_2025_04_p020_c000"": [], ""rbi_mpr_2025_04_p025_c000"": [], ""rbi_mpr_2025_04_p025_c001"": [], ""rbi_mpr_2025_04_p025_c003"": [], ""rbi_mpr_2025_04_p026_c000"": [], ""rbi_mpr_2025_04_p026_c003"": [], ""rbi_mpr_2025_04_p027_c002"": [], ""rbi_mpr_2025_04_p028_c004"": [], ""rbi_mpr_2025_04_p030_c000"": [], ""rbi_mpr_2025_04_p030_c001"": [], ""rbi_mpr_2025_04_p032_c000"": [], ""rbi_mpr_2025_04_p034_c000"": [], ""rbi_mpr_2025_04_p035_c004"": [], ""rbi_mpr_2025_04_p036_c000"": [], ""rbi_mpr_2025_04_p036_c002"": [], ""rbi_mpr_2025_04_p037_c000"": [], ""rbi_mpr_2025_04_p038_c000"": [], ""rbi_mpr_2025_04_p039_c001"": [], ""rbi_mpr_2025_04_p039_c002"": [], ""rbi_mpr_2025_04_p040_c000"": [], ""rbi_mpr_2025_04_p041_c000"": [], ""rbi_mpr_2025_04_p042_c000"": [], ""rbi_mpr_2025_04_p043_c001"": [], ""rbi_mpr_2025_04_p047_c002"": [], ""rbi_mpr_2025_04_p048_c000"": [], ""rbi_mpr_2025_04_p051_c001"": [], ""rbi_mpr_2025_04_p052_c000"": [], ""rbi_mpr_2025_04_p060_c001"": [], ""rbi_mpr_2025_04_p061_c000"": [], ""rbi_mpr_2025_04_p062_c000"": [], ""rbi_mpr_2025_04_p064_c000"": [], ""rbi_mpr_2025_04_p068_c000"": [], ""rbi_mpr_2025_04_p069_c003"": [], ""rbi_mpr_2025_04_p069_c004"": [], ""rbi_mpr_2025_04_p070_c000"": [], ""rbi_mpr_2025_04_p075_c001"": [], ""rbi_mpr_2025_04_p076_c005"": [], ""rbi_mpr_2025_04_p078_c003"": [], ""rbi_mpr_2025_04_p083_c000"": [], ""rbi_mpr_2025_04_p083_c001"": [], ""rbi_mpr_2025_04_p084_c000"": [], ""rbi_mpr_2025_04_p092_c000"": [], ""rbi_mpr_2025_04_p098_c000"": [], ""rbi_mpr_2025_04_p099_c002"": [], ""rbi_mpr_2025_04_p099_c003"": [], ""rbi_mpr_2025_04_p099_c004"": [], ""rbi_mpr_2025_04_p100_c000"": [], ""rbi_mpr_2025_04_p103_c002"": [], ""rbi_mpr_2025_04_p105_c000"": [], ""rbi_mpr_2025_04_p105_c001"": [], ""rbi_mpr_2025_04_p105_c002"": [], ""rbi_mpr_2025_04_p106_c000"": [], ""rbi_mpr_2025_04_p107_c000"": [], ""rbi_mpr_2025_04_p107_c001"": [], ""rbi_mpr_2025_04_p107_c002"": [], ""rbi_mpr_2025_04_p107_c003"": [], ""rbi_mpr_2025_04_p108_c000"": [], ""rbi_mpr_2025_04_p108_c002"": [], ""rbi_mpr_2025_04_p108_c003"": [], ""rbi_mpr_2025_04_p109_c000"": [], ""rbi_mpr_2025_04_p109_c001"": [], ""rbi_mpr_2025_04_p109_c002"": [], ""rbi_mpr_2025_04_p109_c004"": [], ""rbi_mpr_2025_04_p110_c000"": [], ""rbi_mpr_2025_04_p112_c000"": [], ""rbi_mpr_2025_04_p112_c001"": [], ""rbi_mpr_2025_04_p113_c001"": [], ""rbi_mpr_2025_04_p113_c003"": [], ""rbi_mpr_2025_10_p009_c001"": [], ""rbi_mpr_2025_10_p009_c002"": [], ""rbi_mpr_2025_10_p009_c005"": [], ""rbi_mpr_2025_10_p010_c000"": [], ""rbi_mpr_2025_10_p010_c001"": [], ""rbi_mpr_2025_10_p010_c002"": [], ""rbi_mpr_2025_10_p011_c000"": [], ""rbi_mpr_2025_10_p011_c001"": [], ""rbi_mpr_2025_10_p011_c002"": [], ""rbi_mpr_2025_10_p011_c003"": [], ""rbi_mpr_2025_10_p011_c004"": [], ""rbi_mpr_2025_10_p011_c005"": [], ""rbi_mpr_2025_10_p012_c001"": [], ""rbi_mpr_2025_10_p013_c000"": [], ""rbi_mpr_2025_10_p013_c001"": [], ""rbi_mpr_2025_10_p013_c003"": [], ""rbi_mpr_2025_10_p013_c004"": [], ""rbi_mpr_2025_10_p013_c005"": [], ""rbi_mpr_2025_10_p014_c000"": [], ""rbi_mpr_2025_10_p014_c001"": [], ""rbi_mpr_2025_10_p014_c004"": [], ""rbi_mpr_2025_10_p015_c001"": [], ""rbi_mpr_2025_10_p015_c002"": [], ""rbi_mpr_2025_10_p015_c003"": [], ""rbi_mpr_2025_10_p023_c001"": [], ""rbi_mpr_2025_10_p024_c000"": [], ""rbi_mpr_2025_10_p024_c001"": [], ""rbi_mpr_2025_10_p024_c003"": [], ""rbi_mpr_2025_10_p025_c000"": [], ""rbi_mpr_2025_10_p025_c001"": [], ""rbi_mpr_2025_10_p032_c000"": [], ""rbi_mpr_2025_10_p032_c001"": [], ""rbi_mpr_2025_10_p032_c002"": [], ""rbi_mpr_2025_10_p034_c000"": [], ""rbi_mpr_2025_10_p034_c001"": [], ""rbi_mpr_2025_10_p036_c000"": [], ""rbi_mpr_2025_10_p036_c002"": [], ""rbi_mpr_2025_10_p036_c003"": [], ""rbi_mpr_2025_10_p038_c000"": [], ""rbi_mpr_2025_10_p040_c000"": [], ""rbi_mpr_2025_10_p041_c003"": [], ""rbi_mpr_2025_10_p043_c002"": [], ""rbi_mpr_2025_10_p056_c000"": [], ""rbi_mpr_2025_10_p062_c000"": [], ""rbi_mpr_2025_10_p063_c000"": [], ""rbi_mpr_2025_10_p064_c000"": [], ""rbi_mpr_2025_10_p064_c005"": [], ""rbi_mpr_2025_10_p066_c000"": [], ""rbi_mpr_2025_10_p066_c001"": [], ""rbi_mpr_2025_10_p066_c002"": [], ""rbi_mpr_2025_10_p068_c000"": [], ""rbi_mpr_2025_10_p068_c004"": [], ""rbi_mpr_2025_10_p070_c001"": [], ""rbi_mpr_2025_10_p070_c002"": [], ""rbi_mpr_2025_10_p071_c000"": [], ""rbi_mpr_2025_10_p071_c001"": [], ""rbi_mpr_2025_10_p073_c002"": [], ""rbi_mpr_2025_10_p074_c000"": [], ""rbi_mpr_2025_10_p079_c000"": [], ""rbi_mpr_2025_10_p080_c001"": [], ""rbi_mpr_2025_10_p085_c001"": [], ""rbi_mpr_2025_10_p087_c000"": [], ""rbi_mpr_2025_10_p089_c000"": [], ""rbi_mpr_2025_10_p096_c000"": [], ""rbi_mpr_2025_10_p096_c001"": [], ""rbi_mpr_2025_10_p096_c004"": [], ""rbi_mpr_2025_10_p097_c003"": [], ""rbi_mpr_2025_10_p097_c004"": [], ""rbi_mpr_2025_10_p098_c000"": [], ""rbi_mpr_2025_10_p099_c000"": [], ""rbi_mpr_2025_10_p099_c001"": [], ""rbi_mpr_2025_10_p099_c002"": [], ""rbi_mpr_2025_10_p101_c000"": [], ""rbi_mpr_2025_10_p102_c000"": [], ""rbi_mpr_2025_10_p103_c000"": [], ""rbi_mpr_2025_10_p103_c001"": [], ""rbi_mpr_2025_10_p103_c002"": [], ""rbi_mpr_2025_10_p103_c003"": [], ""rbi_mpr_2025_10_p104_c000"": [], ""rbi_mpr_2025_10_p104_c001"": [], ""rbi_mpr_2025_10_p104_c002"": [], ""rbi_mpr_2025_10_p105_c000"": [], ""rbi_mpr_2025_10_p105_c003"": [], ""rbi_mpr_2025_10_p105_c004"": [], ""rbi_mpr_2025_10_p106_c000"": []}, ""candidate_source_facet"": {""rbi_mpr_2025_04_p011_c000"": [], ""rbi_mpr_2025_04_p011_c001"": [], ""rbi_mpr_2025_04_p011_c003"": [], ""rbi_mpr_2025_04_p012_c000"": [], ""rbi_mpr_2025_04_p012_c005"": [], ""rbi_mpr_2025_04_p013_c002"": [], ""rbi_mpr_2025_04_p013_c003"": [], ""rbi_mpr_2025_04_p014_c000"": [], ""rbi_mpr_2025_04_p014_c001"": [], ""rbi_mpr_2025_04_p015_c000"": [], ""rbi_mpr_2025_04_p015_c001"": [], ""rbi_mpr_2025_04_p015_c002"": [], ""rbi_mpr_2025_04_p015_c003"": [], ""rbi_mpr_2025_04_p017_c002"": [], ""rbi_mpr_2025_04_p018_c000"": [], ""rbi_mpr_2025_04_p018_c003"": [], ""rbi_mpr_2025_04_p019_c002"": [], ""rbi_mpr_2025_04_p020_c000"": [], ""rbi_mpr_2025_04_p025_c000"": [], ""rbi_mpr_2025_04_p025_c001"": [], ""rbi_mpr_2025_04_p025_c003"": [], ""rbi_mpr_2025_04_p026_c000"": [], ""rbi_mpr_2025_04_p026_c003"": [], ""rbi_mpr_2025_04_p027_c002"": [], ""rbi_mpr_2025_04_p028_c004"": [], ""rbi_mpr_2025_04_p030_c000"": [], ""rbi_mpr_2025_04_p030_c001"": [], ""rbi_mpr_2025_04_p032_c000"": [], ""rbi_mpr_2025_04_p034_c000"": [], ""rbi_mpr_2025_04_p035_c004"": [], ""rbi_mpr_2025_04_p036_c000"": [], ""rbi_mpr_2025_04_p036_c002"": [], ""rbi_mpr_2025_04_p037_c000"": [], ""rbi_mpr_2025_04_p038_c000"": [], ""rbi_mpr_2025_04_p039_c001"": [], ""rbi_mpr_2025_04_p039_c002"": [], ""rbi_mpr_2025_04_p040_c000"": [], ""rbi_mpr_2025_04_p041_c000"": [], ""rbi_mpr_2025_04_p042_c000"": [], ""rbi_mpr_2025_04_p043_c001"": [], ""rbi_mpr_2025_04_p047_c002"": [], ""rbi_mpr_2025_04_p048_c000"": [], ""rbi_mpr_2025_04_p051_c001"": [], ""rbi_mpr_2025_04_p052_c000"": [], ""rbi_mpr_2025_04_p060_c001"": [], ""rbi_mpr_2025_04_p061_c000"": [], ""rbi_mpr_2025_04_p062_c000"": [], ""rbi_mpr_2025_04_p064_c000"": [], ""rbi_mpr_2025_04_p068_c000"": [], ""rbi_mpr_2025_04_p069_c003"": [], ""rbi_mpr_2025_04_p069_c004"": [], ""rbi_mpr_2025_04_p070_c000"": [], ""rbi_mpr_2025_04_p075_c001"": [], ""rbi_mpr_2025_04_p076_c005"": [], ""rbi_mpr_2025_04_p078_c003"": [], ""rbi_mpr_2025_04_p083_c000"": [], ""rbi_mpr_2025_04_p083_c001"": [], ""rbi_mpr_2025_04_p084_c000"": [], ""rbi_mpr_2025_04_p092_c000"": [], ""rbi_mpr_2025_04_p098_c000"": [], ""rbi_mpr_2025_04_p099_c002"": [], ""rbi_mpr_2025_04_p099_c003"": [], ""rbi_mpr_2025_04_p099_c004"": [], ""rbi_mpr_2025_04_p100_c000"": [], ""rbi_mpr_2025_04_p103_c002"": [], ""rbi_mpr_2025_04_p105_c000"": [], ""rbi_mpr_2025_04_p105_c001"": [], ""rbi_mpr_2025_04_p105_c002"": [], ""rbi_mpr_2025_04_p106_c000"": [], ""rbi_mpr_2025_04_p107_c000"": [], ""rbi_mpr_2025_04_p107_c001"": [], ""rbi_mpr_2025_04_p107_c002"": [], ""rbi_mpr_2025_04_p107_c003"": [], ""rbi_mpr_2025_04_p108_c000"": [], ""rbi_mpr_2025_04_p108_c002"": [], ""rbi_mpr_2025_04_p108_c003"": [], ""rbi_mpr_2025_04_p109_c000"": [], ""rbi_mpr_2025_04_p109_c001"": [], ""rbi_mpr_2025_04_p109_c002"": [], ""rbi_mpr_2025_04_p109_c004"": [], ""rbi_mpr_2025_04_p110_c000"": [], ""rbi_mpr_2025_04_p112_c000"": [], ""rbi_mpr_2025_04_p112_c001"": [], ""rbi_mpr_2025_04_p113_c001"": [], ""rbi_mpr_2025_04_p113_c003"": [], ""rbi_mpr_2025_10_p009_c001"": [], ""rbi_mpr_2025_10_p009_c002"": [], ""rbi_mpr_2025_10_p009_c005"": [], ""rbi_mpr_2025_10_p010_c000"": [], ""rbi_mpr_2025_10_p010_c001"": [], ""rbi_mpr_2025_10_p010_c002"": [], ""rbi_mpr_2025_10_p011_c000"": [], ""rbi_mpr_2025_10_p011_c001"": [], ""rbi_mpr_2025_10_p011_c002"": [], ""rbi_mpr_2025_10_p011_c003"": [], ""rbi_mpr_2025_10_p011_c004"": [], ""rbi_mpr_2025_10_p011_c005"": [], ""rbi_mpr_2025_10_p012_c001"": [], ""rbi_mpr_2025_10_p013_c000"": [], ""rbi_mpr_2025_10_p013_c001"": [], ""rbi_mpr_2025_10_p013_c003"": [], ""rbi_mpr_2025_10_p013_c004"": [], ""rbi_mpr_2025_10_p013_c005"": [], ""rbi_mpr_2025_10_p014_c000"": [], ""rbi_mpr_2025_10_p014_c001"": [], ""rbi_mpr_2025_10_p014_c004"": [], ""rbi_mpr_2025_10_p015_c001"": [], ""rbi_mpr_2025_10_p015_c002"": [], ""rbi_mpr_2025_10_p015_c003"": [], ""rbi_mpr_2025_10_p023_c001"": [], ""rbi_mpr_2025_10_p024_c000"": [], ""rbi_mpr_2025_10_p024_c001"": [], ""rbi_mpr_2025_10_p024_c003"": [], ""rbi_mpr_2025_10_p025_c000"": [], ""rbi_mpr_2025_10_p025_c001"": [], ""rbi_mpr_2025_10_p032_c000"": [], ""rbi_mpr_2025_10_p032_c001"": [], ""rbi_mpr_2025_10_p032_c002"": [], ""rbi_mpr_2025_10_p034_c000"": [], ""rbi_mpr_2025_10_p034_c001"": [], ""rbi_mpr_2025_10_p036_c000"": [], ""rbi_mpr_2025_10_p036_c002"": [], ""rbi_mpr_2025_10_p036_c003"": [], ""rbi_mpr_2025_10_p038_c000"": [], ""rbi_mpr_2025_10_p040_c000"": [], ""rbi_mpr_2025_10_p041_c003"": [], ""rbi_mpr_2025_10_p043_c002"": [], ""rbi_mpr_2025_10_p056_c000"": [], ""rbi_mpr_2025_10_p062_c000"": [], ""rbi_mpr_2025_10_p063_c000"": [], ""rbi_mpr_2025_10_p064_c000"": [], ""rbi_mpr_2025_10_p064_c005"": [], ""rbi_mpr_2025_10_p066_c000"": [], ""rbi_mpr_2025_10_p066_c001"": [], ""rbi_mpr_2025_10_p066_c002"": [], ""rbi_mpr_2025_10_p068_c000"": [], ""rbi_mpr_2025_10_p068_c004"": [], ""rbi_mpr_2025_10_p070_c001"": [], ""rbi_mpr_2025_10_p070_c002"": [], ""rbi_mpr_2025_10_p071_c000"": [], ""rbi_mpr_2025_10_p071_c001"": [], ""rbi_mpr_2025_10_p073_c002"": [], ""rbi_mpr_2025_10_p074_c000"": [], ""rbi_mpr_2025_10_p079_c000"": [], ""rbi_mpr_2025_10_p080_c001"": [], ""rbi_mpr_2025_10_p085_c001"": [], ""rbi_mpr_2025_10_p087_c000"": [], ""rbi_mpr_2025_10_p089_c000"": [], ""rbi_mpr_2025_10_p096_c000"": [], ""rbi_mpr_2025_10_p096_c001"": [], ""rbi_mpr_2025_10_p096_c004"": [], ""rbi_mpr_2025_10_p097_c003"": [], ""rbi_mpr_2025_10_p097_c004"": [], ""rbi_mpr_2025_10_p098_c000"": [], ""rbi_mpr_2025_10_p099_c000"": [], ""rbi_mpr_2025_10_p099_c001"": [], ""rbi_mpr_2025_10_p099_c002"": [], ""rbi_mpr_2025_10_p101_c000"": [], ""rbi_mpr_2025_10_p102_c000"": [], ""rbi_mpr_2025_10_p103_c000"": [], ""rbi_mpr_2025_10_p103_c001"": [], ""rbi_mpr_2025_10_p103_c002"": [], ""rbi_mpr_2025_10_p103_c003"": [], ""rbi_mpr_2025_10_p104_c000"": [], ""rbi_mpr_2025_10_p104_c001"": [], ""rbi_mpr_2025_10_p104_c002"": [], ""rbi_mpr_2025_10_p105_c000"": [], ""rbi_mpr_2025_10_p105_c003"": [], ""rbi_mpr_2025_10_p105_c004"": [], ""rbi_mpr_2025_10_p106_c000"": []}, ""candidate_source_query"": {""rbi_mpr_2025_04_p011_c000"": [""Compare the policy-rate levels described in April and October 2025.""], ""rbi_mpr_2025_04_p011_c001"": [""Compare the policy-rate levels described in April and October 2025.""], ""rbi_mpr_2025_04_p011_c003"": [""Compare the policy-rate levels described in April and October 2025.""], ""rbi_mpr_2025_04_p012_c000"": [""Compare the policy-rate levels described in April and October 2025.""], ""rbi_mpr_2025_04_p012_c005"": [""Compare the policy-rate levels described in April and October 2025.""], ""rbi_mpr_2025_04_p013_c002"": [""Compare the policy-rate levels described in April and October 2025.""], ""rbi_mpr_2025_04_p013_c003"": [""Compare the policy-rate levels described in April and October 2025.""], ""rbi_mpr_2025_04_p014_c000"": [""Compare the policy-rate levels described in April and October 2025.""], ""rbi_mpr_2025_04_p014_c001"": [""Compare the policy-rate levels described in April and October 2025.""], ""rbi_mpr_2025_04_p015_c000"": [""Compare the policy-rate levels described in April and October 2025.""], ""rbi_mpr_2025_04_p015_c001"": [""Compare the policy-rate levels described in April and October 2025.""], ""rbi_mpr_2025_04_p015_c002"": [""Compare the policy-rate levels described in April and October 2025.""], ""rbi_mpr_2025_04_p015_c003"": [""Compare the policy-rate levels described in April and October 2025.""], ""rbi_mpr_2025_04_p017_c002"": [""Compare the policy-rate levels described in April and October 2025.""], ""rbi_mpr_2025_04_p018_c000"": [""Compare the policy-rate levels described in April and October 2025.""], ""rbi_mpr_2025_04_p018_c003"": [""Compare the policy-rate levels described in April and October 2025.""], ""rbi_mpr_2025_04_p019_c002"": [""Compare the policy-rate levels described in April and October 2025.""], ""rbi_mpr_2025_04_p020_c000"": [""Compare the policy-rate levels described in April and October 2025.""], ""rbi_mpr_2025_04_p025_c000"": [""Compare the policy-rate levels described in April and October 2025.""], ""rbi_mpr_2025_04_p025_c001"": [""Compare the policy-rate levels described in April and October 2025.""], ""rbi_mpr_2025_04_p025_c003"": [""Compare the policy-rate levels described in April and October 2025.""], ""rbi_mpr_2025_04_p026_c000"": [""Compare the policy-rate levels described in April and October 2025.""], ""rbi_mpr_2025_04_p026_c003"": [""Compare the policy-rate levels described in April and October 2025.""], ""rbi_mpr_2025_04_p027_c002"": [""Compare the policy-rate levels described in April and October 2025.""], ""rbi_mpr_2025_04_p028_c004"": [""Compare the policy-rate levels described in April and October 2025.""], ""rbi_mpr_2025_04_p030_c000"": [""Compare the policy-rate levels described in April and October 2025.""], ""rbi_mpr_2025_04_p030_c001"": [""Compare the policy-rate levels described in April and October 2025.""], ""rbi_mpr_2025_04_p032_c000"": [""Compare the policy-rate levels described in April and October 2025.""], ""rbi_mpr_2025_04_p034_c000"": [""Compare the policy-rate levels described in April and October 2025.""], ""rbi_mpr_2025_04_p035_c004"": [""Compare the policy-rate levels described in April and October 2025.""], ""rbi_mpr_2025_04_p036_c000"": [""Compare the policy-rate levels described in April and October 2025.""], ""rbi_mpr_2025_04_p036_c002"": [""Compare the policy-rate levels described in April and October 2025.""], ""rbi_mpr_2025_04_p037_c000"": [""Compare the policy-rate levels described in April and October 2025.""], ""rbi_mpr_2025_04_p038_c000"": [""Compare the policy-rate levels described in April and October 2025.""], ""rbi_mpr_2025_04_p039_c001"": [""Compare the policy-rate levels described in April and October 2025.""], ""rbi_mpr_2025_04_p039_c002"": [""Compare the policy-rate levels described in April and October 2025.""], ""rbi_mpr_2025_04_p040_c000"": [""Compare the policy-rate levels described in April and October 2025.""], ""rbi_mpr_2025_04_p041_c000"": [""Compare the policy-rate levels described in April and October 2025.""], ""rbi_mpr_2025_04_p042_c000"": [""Compare the policy-rate levels described in April and October 2025.""], ""rbi_mpr_2025_04_p043_c001"": [""Compare the policy-rate levels described in April and October 2025.""], ""rbi_mpr_2025_04_p047_c002"": [""Compare the policy-rate levels described in April and October 2025.""], ""rbi_mpr_2025_04_p048_c000"": [""Compare the policy-rate levels described in April and October 2025.""], ""rbi_mpr_2025_04_p051_c001"": [""Compare the policy-rate levels described in April and October 2025.""], ""rbi_mpr_2025_04_p052_c000"": [""Compare the policy-rate levels described in April and October 2025.""], ""rbi_mpr_2025_04_p060_c001"": [""Compare the policy-rate levels described in April and October 2025.""], ""rbi_mpr_2025_04_p061_c000"": [""Compare the policy-rate levels described in April and October 2025.""], ""rbi_mpr_2025_04_p062_c000"": [""Compare the policy-rate levels described in April and October 2025.""], ""rbi_mpr_2025_04_p064_c000"": [""Compare the policy-rate levels described in April and October 2025.""], ""rbi_mpr_2025_04_p068_c000"": [""Compare the policy-rate levels described in April and October 2025.""], ""rbi_mpr_2025_04_p069_c003"": [""Compare the policy-rate levels described in April and October 2025.""], ""rbi_mpr_2025_04_p069_c004"": [""Compare the policy-rate levels described in April and October 2025.""], ""rbi_mpr_2025_04_p070_c000"": [""Compare the policy-rate levels described in April and October 2025.""], ""rbi_mpr_2025_04_p075_c001"": [""Compare the policy-rate levels described in April and October 2025.""], ""rbi_mpr_2025_04_p076_c005"": [""Compare the policy-rate levels described in April and October 2025.""], ""rbi_mpr_2025_04_p078_c003"": [""Compare the policy-rate levels described in April and October 2025.""], ""rbi_mpr_2025_04_p083_c000"": [""Compare the policy-rate levels described in April and October 2025.""], ""rbi_mpr_2025_04_p083_c001"": [""Compare the policy-rate levels described in April and October 2025.""], ""rbi_mpr_2025_04_p084_c000"": [""Compare the policy-rate levels described in April and October 2025.""], ""rbi_mpr_2025_04_p092_c000"": [""Compare the policy-rate levels described in April and October 2025.""], ""rbi_mpr_2025_04_p098_c000"": [""Compare the policy-rate levels described in April and October 2025.""], ""rbi_mpr_2025_04_p099_c002"": [""Compare the policy-rate levels described in April and October 2025.""], ""rbi_mpr_2025_04_p099_c003"": [""Compare the policy-rate levels described in April and October 2025.""], ""rbi_mpr_2025_04_p099_c004"": [""Compare the policy-rate levels described in April and October 2025.""], ""rbi_mpr_2025_04_p100_c000"": [""Compare the policy-rate levels described in April and October 2025.""], ""rbi_mpr_2025_04_p103_c002"": [""Compare the policy-rate levels described in April and October 2025.""], ""rbi_mpr_2025_04_p105_c000"": [""Compare the policy-rate levels described in April and October 2025.""], ""rbi_mpr_2025_04_p105_c001"": [""Compare the policy-rate levels described in April and October 2025.""], ""rbi_mpr_2025_04_p105_c002"": [""Compare the policy-rate levels described in April and October 2025.""], ""rbi_mpr_2025_04_p106_c000"": [""Compare the policy-rate levels described in April and October 2025.""], ""rbi_mpr_2025_04_p107_c000"": [""Compare the policy-rate levels described in April and October 2025.""], ""rbi_mpr_2025_04_p107_c001"": [""Compare the policy-rate levels described in April and October 2025.""], ""rbi_mpr_2025_04_p107_c002"": [""Compare the policy-rate levels described in April and October 2025.""], ""rbi_mpr_2025_04_p107_c003"": [""Compare the policy-rate levels described in April and October 2025.""], ""rbi_mpr_2025_04_p108_c000"": [""Compare the policy-rate levels described in April and October 2025.""], ""rbi_mpr_2025_04_p108_c002"": [""Compare the policy-rate levels described in April and October 2025.""], ""rbi_mpr_2025_04_p108_c003"": [""Compare the policy-rate levels described in April and October 2025.""], ""rbi_mpr_2025_04_p109_c000"": [""Compare the policy-rate levels described in April and October 2025.""], ""rbi_mpr_2025_04_p109_c001"": [""Compare the policy-rate levels described in April and October 2025.""], ""rbi_mpr_2025_04_p109_c002"": [""Compare the policy-rate levels described in April and October 2025.""], ""rbi_mpr_2025_04_p109_c004"": [""Compare the policy-rate levels described in April and October 2025.""], ""rbi_mpr_2025_04_p110_c000"": [""Compare the policy-rate levels described in April and October 2025.""], ""rbi_mpr_2025_04_p112_c000"": [""Compare the policy-rate levels described in April and October 2025.""], ""rbi_mpr_2025_04_p112_c001"": [""Compare the policy-rate levels described in April and October 2025.""], ""rbi_mpr_2025_04_p113_c001"": [""Compare the policy-rate levels described in April and October 2025.""], ""rbi_mpr_2025_04_p113_c003"": [""Compare the policy-rate levels described in April and October 2025.""], ""rbi_mpr_2025_10_p009_c001"": [""Compare the policy-rate levels described in April and October 2025.""], ""rbi_mpr_2025_10_p009_c002"": [""Compare the policy-rate levels described in April and October 2025.""], ""rbi_mpr_2025_10_p009_c005"": [""Compare the policy-rate levels described in April and October 2025.""], ""rbi_mpr_2025_10_p010_c000"": [""Compare the policy-rate levels described in April and October 2025.""], ""rbi_mpr_2025_10_p010_c001"": [""Compare the policy-rate levels described in April and October 2025.""], ""rbi_mpr_2025_10_p010_c002"": [""Compare the policy-rate levels described in April and October 2025.""], ""rbi_mpr_2025_10_p011_c000"": [""Compare the policy-rate levels described in April and October 2025.""], ""rbi_mpr_2025_10_p011_c001"": [""Compare the policy-rate levels described in April and October 2025.""], ""rbi_mpr_2025_10_p011_c002"": [""Compare the policy-rate levels described in April and October 2025.""], ""rbi_mpr_2025_10_p011_c003"": [""Compare the policy-rate levels described in April and October 2025.""], ""rbi_mpr_2025_10_p011_c004"": [""Compare the policy-rate levels described in April and October 2025.""], ""rbi_mpr_2025_10_p011_c005"": [""Compare the policy-rate levels described in April and October 2025.""], ""rbi_mpr_2025_10_p012_c001"": [""Compare the policy-rate levels described in April and October 2025.""], ""rbi_mpr_2025_10_p013_c000"": [""Compare the policy-rate levels described in April and October 2025.""], ""rbi_mpr_2025_10_p013_c001"": [""Compare the policy-rate levels described in April and October 2025.""], ""rbi_mpr_2025_10_p013_c003"": [""Compare the policy-rate levels described in April and October 2025.""], ""rbi_mpr_2025_10_p013_c004"": [""Compare the policy-rate levels described in April and October 2025.""], ""rbi_mpr_2025_10_p013_c005"": [""Compare the policy-rate levels described in April and October 2025.""], ""rbi_mpr_2025_10_p014_c000"": [""Compare the policy-rate levels described in April and October 2025.""], ""rbi_mpr_2025_10_p014_c001"": [""Compare the policy-rate levels described in April and October 2025.""], ""rbi_mpr_2025_10_p014_c004"": [""Compare the policy-rate levels described in April and October 2025.""], ""rbi_mpr_2025_10_p015_c001"": [""Compare the policy-rate levels described in April and October 2025.""], ""rbi_mpr_2025_10_p015_c002"": [""Compare the policy-rate levels described in April and October 2025.""], ""rbi_mpr_2025_10_p015_c003"": [""Compare the policy-rate levels described in April and October 2025.""], ""rbi_mpr_2025_10_p023_c001"": [""Compare the policy-rate levels described in April and October 2025.""], ""rbi_mpr_2025_10_p024_c000"": [""Compare the policy-rate levels described in April and October 2025.""], ""rbi_mpr_2025_10_p024_c001"": [""Compare the policy-rate levels described in April and October 2025.""], ""rbi_mpr_2025_10_p024_c003"": [""Compare the policy-rate levels described in April and October 2025.""], ""rbi_mpr_2025_10_p025_c000"": [""Compare the policy-rate levels described in April and October 2025.""], ""rbi_mpr_2025_10_p025_c001"": [""Compare the policy-rate levels described in April and October 2025.""], ""rbi_mpr_2025_10_p032_c000"": [""Compare the policy-rate levels described in April and October 2025.""], ""rbi_mpr_2025_10_p032_c001"": [""Compare the policy-rate levels described in April and October 2025.""], ""rbi_mpr_2025_10_p032_c002"": [""Compare the policy-rate levels described in April and October 2025.""], ""rbi_mpr_2025_10_p034_c000"": [""Compare the policy-rate levels described in April and October 2025.""], ""rbi_mpr_2025_10_p034_c001"": [""Compare the policy-rate levels described in April and October 2025.""], ""rbi_mpr_2025_10_p036_c000"": [""Compare the policy-rate levels described in April and October 2025.""], ""rbi_mpr_2025_10_p036_c002"": [""Compare the policy-rate levels described in April and October 2025.""], ""rbi_mpr_2025_10_p036_c003"": [""Compare the policy-rate levels described in April and October 2025.""], ""rbi_mpr_2025_10_p038_c000"": [""Compare the policy-rate levels described in April and October 2025.""], ""rbi_mpr_2025_10_p040_c000"": [""Compare the policy-rate levels described in April and October 2025.""], ""rbi_mpr_2025_10_p041_c003"": [""Compare the policy-rate levels described in April and October 2025.""], ""rbi_mpr_2025_10_p043_c002"": [""Compare the policy-rate levels described in April and October 2025.""], ""rbi_mpr_2025_10_p056_c000"": [""Compare the policy-rate levels described in April and October 2025.""], ""rbi_mpr_2025_10_p062_c000"": [""Compare the policy-rate levels described in April and October 2025.""], ""rbi_mpr_2025_10_p063_c000"": [""Compare the policy-rate levels described in April and October 2025.""], ""rbi_mpr_2025_10_p064_c000"": [""Compare the policy-rate levels described in April and October 2025.""], ""rbi_mpr_2025_10_p064_c005"": [""Compare the policy-rate levels described in April and October 2025.""], ""rbi_mpr_2025_10_p066_c000"": [""Compare the policy-rate levels described in April and October 2025.""], ""rbi_mpr_2025_10_p066_c001"": [""Compare the policy-rate levels described in April and October 2025.""], ""rbi_mpr_2025_10_p066_c002"": [""Compare the policy-rate levels described in April and October 2025.""], ""rbi_mpr_2025_10_p068_c000"": [""Compare the policy-rate levels described in April and October 2025.""], ""rbi_mpr_2025_10_p068_c004"": [""Compare the policy-rate levels described in April and October 2025.""], ""rbi_mpr_2025_10_p070_c001"": [""Compare the policy-rate levels described in April and October 2025.""], ""rbi_mpr_2025_10_p070_c002"": [""Compare the policy-rate levels described in April and October 2025.""], ""rbi_mpr_2025_10_p071_c000"": [""Compare the policy-rate levels described in April and October 2025.""], ""rbi_mpr_2025_10_p071_c001"": [""Compare the policy-rate levels described in April and October 2025.""], ""rbi_mpr_2025_10_p073_c002"": [""Compare the policy-rate levels described in April and October 2025.""], ""rbi_mpr_2025_10_p074_c000"": [""Compare the policy-rate levels described in April and October 2025.""], ""rbi_mpr_2025_10_p079_c000"": [""Compare the policy-rate levels described in April and October 2025.""], ""rbi_mpr_2025_10_p080_c001"": [""Compare the policy-rate levels described in April and October 2025.""], ""rbi_mpr_2025_10_p085_c001"": [""Compare the policy-rate levels described in April and October 2025.""], ""rbi_mpr_2025_10_p087_c000"": [""Compare the policy-rate levels described in April and October 2025.""], ""rbi_mpr_2025_10_p089_c000"": [""Compare the policy-rate levels described in April and October 2025.""], ""rbi_mpr_2025_10_p096_c000"": [""Compare the policy-rate levels described in April and October 2025.""], ""rbi_mpr_2025_10_p096_c001"": [""Compare the policy-rate levels described in April and October 2025.""], ""rbi_mpr_2025_10_p096_c004"": [""Compare the policy-rate levels described in April and October 2025.""], ""rbi_mpr_2025_10_p097_c003"": [""Compare the policy-rate levels described in April and October 2025.""], ""rbi_mpr_2025_10_p097_c004"": [""Compare the policy-rate levels described in April and October 2025.""], ""rbi_mpr_2025_10_p098_c000"": [""Compare the policy-rate levels described in April and October 2025.""], ""rbi_mpr_2025_10_p099_c000"": [""Compare the policy-rate levels described in April and October 2025.""], ""rbi_mpr_2025_10_p099_c001"": [""Compare the policy-rate levels described in April and October 2025.""], ""rbi_mpr_2025_10_p099_c002"": [""Compare the policy-rate levels described in April and October 2025.""], ""rbi_mpr_2025_10_p101_c000"": [""Compare the policy-rate levels described in April and October 2025.""], ""rbi_mpr_2025_10_p102_c000"": [""Compare the policy-rate levels described in April and October 2025.""], ""rbi_mpr_2025_10_p103_c000"": [""Compare the policy-rate levels described in April and October 2025.""], ""rbi_mpr_2025_10_p103_c001"": [""Compare the policy-rate levels described in April and October 2025.""], ""rbi_mpr_2025_10_p103_c002"": [""Compare the policy-rate levels described in April and October 2025.""], ""rbi_mpr_2025_10_p103_c003"": [""Compare the policy-rate levels described in April and October 2025.""], ""rbi_mpr_2025_10_p104_c000"": [""Compare the policy-rate levels described in April and October 2025.""], ""rbi_mpr_2025_10_p104_c001"": [""Compare the policy-rate levels described in April and October 2025.""], ""rbi_mpr_2025_10_p104_c002"": [""Compare the policy-rate levels described in April and October 2025.""], ""rbi_mpr_2025_10_p105_c000"": [""Compare the policy-rate levels described in April and October 2025.""], ""rbi_mpr_2025_10_p105_c003"": [""Compare the policy-rate levels described in April and October 2025.""], ""rbi_mpr_2025_10_p105_c004"": [""Compare the policy-rate levels described in April and October 2025.""], ""rbi_mpr_2025_10_p106_c000"": [""Compare the policy-rate levels described in April and October 2025.""]}, ""candidate_source_retriever"": {""rbi_mpr_2025_04_p011_c000"": [""bm25"", ""dense""], ""rbi_mpr_2025_04_p011_c001"": [""dense""], ""rbi_mpr_2025_04_p011_c003"": [""dense""], ""rbi_mpr_2025_04_p012_c000"": [""bm25"", ""dense""], ""rbi_mpr_2025_04_p012_c005"": [""dense""], ""rbi_mpr_2025_04_p013_c002"": [""dense""], ""rbi_mpr_2025_04_p013_c003"": [""dense""], ""rbi_mpr_2025_04_p014_c000"": [""bm25""], ""rbi_mpr_2025_04_p014_c001"": [""bm25""], ""rbi_mpr_2025_04_p015_c000"": [""bm25"", ""dense""], ""rbi_mpr_2025_04_p015_c001"": [""bm25"", ""dense""], ""rbi_mpr_2025_04_p015_c002"": [""dense""], ""rbi_mpr_2025_04_p015_c003"": [""dense""], ""rbi_mpr_2025_04_p017_c002"": [""dense""], ""rbi_mpr_2025_04_p018_c000"": [""dense""], ""rbi_mpr_2025_04_p018_c003"": [""dense""], ""rbi_mpr_2025_04_p019_c002"": [""dense""], ""rbi_mpr_2025_04_p020_c000"": [""dense""], ""rbi_mpr_2025_04_p025_c000"": [""bm25""], ""rbi_mpr_2025_04_p025_c001"": [""bm25""], ""rbi_mpr_2025_04_p025_c003"": [""bm25"", ""dense""], ""rbi_mpr_2025_04_p026_c000"": [""dense""], ""rbi_mpr_2025_04_p026_c003"": [""dense""], ""rbi_mpr_2025_04_p027_c002"": [""bm25""], ""rbi_mpr_2025_04_p028_c004"": [""dense""], ""rbi_mpr_2025_04_p030_c000"": [""bm25""], ""rbi_mpr_2025_04_p030_c001"": [""bm25""], ""rbi_mpr_2025_04_p032_c000"": [""bm25""], ""rbi_mpr_2025_04_p034_c000"": [""bm25""], ""rbi_mpr_2025_04_p035_c004"": [""dense""], ""rbi_mpr_2025_04_p036_c000"": [""bm25"", ""dense""], ""rbi_mpr_2025_04_p036_c002"": [""bm25""], ""rbi_mpr_2025_04_p037_c000"": [""bm25""], ""rbi_mpr_2025_04_p038_c000"": [""bm25"", ""dense""], ""rbi_mpr_2025_04_p039_c001"": [""bm25"", ""dense""], ""rbi_mpr_2025_04_p039_c002"": [""dense""], ""rbi_mpr_2025_04_p040_c000"": [""dense""], ""rbi_mpr_2025_04_p041_c000"": [""bm25"", ""dense""], ""rbi_mpr_2025_04_p042_c000"": [""bm25""], ""rbi_mpr_2025_04_p043_c001"": [""bm25""], ""rbi_mpr_2025_04_p047_c002"": [""bm25""], ""rbi_mpr_2025_04_p048_c000"": [""bm25""], ""rbi_mpr_2025_04_p051_c001"": [""bm25""], ""rbi_mpr_2025_04_p052_c000"": [""bm25"", ""dense""], ""rbi_mpr_2025_04_p060_c001"": [""bm25""], ""rbi_mpr_2025_04_p061_c000"": [""bm25""], ""rbi_mpr_2025_04_p062_c000"": [""bm25""], ""rbi_mpr_2025_04_p064_c000"": [""dense""], ""rbi_mpr_2025_04_p068_c000"": [""bm25""], ""rbi_mpr_2025_04_p069_c003"": [""bm25""], ""rbi_mpr_2025_04_p069_c004"": [""bm25""], ""rbi_mpr_2025_04_p070_c000"": [""bm25""], ""rbi_mpr_2025_04_p075_c001"": [""dense""], ""rbi_mpr_2025_04_p076_c005"": [""dense""], ""rbi_mpr_2025_04_p078_c003"": [""dense""], ""rbi_mpr_2025_04_p083_c000"": [""bm25""], ""rbi_mpr_2025_04_p083_c001"": [""bm25""], ""rbi_mpr_2025_04_p084_c000"": [""bm25""], ""rbi_mpr_2025_04_p092_c000"": [""bm25""], ""rbi_mpr_2025_04_p098_c000"": [""bm25""], ""rbi_mpr_2025_04_p099_c002"": [""bm25""], ""rbi_mpr_2025_04_p099_c003"": [""bm25"", ""dense""], ""rbi_mpr_2025_04_p099_c004"": [""bm25""], ""rbi_mpr_2025_04_p100_c000"": [""bm25"", ""dense""], ""rbi_mpr_2025_04_p103_c002"": [""bm25""], ""rbi_mpr_2025_04_p105_c000"": [""dense""], ""rbi_mpr_2025_04_p105_c001"": [""dense""], ""rbi_mpr_2025_04_p105_c002"": [""dense""], ""rbi_mpr_2025_04_p106_c000"": [""dense""], ""rbi_mpr_2025_04_p107_c000"": [""bm25"", ""dense""], ""rbi_mpr_2025_04_p107_c001"": [""dense""], ""rbi_mpr_2025_04_p107_c002"": [""bm25"", ""dense""], ""rbi_mpr_2025_04_p107_c003"": [""dense""], ""rbi_mpr_2025_04_p108_c000"": [""bm25"", ""dense""], ""rbi_mpr_2025_04_p108_c002"": [""dense""], ""rbi_mpr_2025_04_p108_c003"": [""dense""], ""rbi_mpr_2025_04_p109_c000"": [""bm25""], ""rbi_mpr_2025_04_p109_c001"": [""bm25""], ""rbi_mpr_2025_04_p109_c002"": [""dense""], ""rbi_mpr_2025_04_p109_c004"": [""bm25""], ""rbi_mpr_2025_04_p110_c000"": [""dense""], ""rbi_mpr_2025_04_p112_c000"": [""dense""], ""rbi_mpr_2025_04_p112_c001"": [""dense""], ""rbi_mpr_2025_04_p113_c001"": [""bm25""], ""rbi_mpr_2025_04_p113_c003"": [""dense""], ""rbi_mpr_2025_10_p009_c001"": [""dense""], ""rbi_mpr_2025_10_p009_c002"": [""bm25""], ""rbi_mpr_2025_10_p009_c005"": [""bm25""], ""rbi_mpr_2025_10_p010_c000"": [""bm25"", ""dense""], ""rbi_mpr_2025_10_p010_c001"": [""bm25"", ""dense""], ""rbi_mpr_2025_10_p010_c002"": [""bm25"", ""dense""], ""rbi_mpr_2025_10_p011_c000"": [""dense""], ""rbi_mpr_2025_10_p011_c001"": [""dense""], ""rbi_mpr_2025_10_p011_c002"": [""dense""], ""rbi_mpr_2025_10_p011_c003"": [""dense""], ""rbi_mpr_2025_10_p011_c004"": [""dense""], ""rbi_mpr_2025_10_p011_c005"": [""dense""], ""rbi_mpr_2025_10_p012_c001"": [""bm25""], ""rbi_mpr_2025_10_p013_c000"": [""bm25""], ""rbi_mpr_2025_10_p013_c001"": [""bm25""], ""rbi_mpr_2025_10_p013_c003"": [""bm25"", ""dense""], ""rbi_mpr_2025_10_p013_c004"": [""bm25"", ""dense""], ""rbi_mpr_2025_10_p013_c005"": [""dense""], ""rbi_mpr_2025_10_p014_c000"": [""dense""], ""rbi_mpr_2025_10_p014_c001"": [""dense""], ""rbi_mpr_2025_10_p014_c004"": [""dense""], ""rbi_mpr_2025_10_p015_c001"": [""dense""], ""rbi_mpr_2025_10_p015_c002"": [""dense""], ""rbi_mpr_2025_10_p015_c003"": [""dense""], ""rbi_mpr_2025_10_p023_c001"": [""bm25""], ""rbi_mpr_2025_10_p024_c000"": [""bm25"", ""dense""], ""rbi_mpr_2025_10_p024_c001"": [""bm25""], ""rbi_mpr_2025_10_p024_c003"": [""dense""], ""rbi_mpr_2025_10_p025_c000"": [""bm25"", ""dense""], ""rbi_mpr_2025_10_p025_c001"": [""bm25""], ""rbi_mpr_2025_10_p032_c000"": [""bm25"", ""dense""], ""rbi_mpr_2025_10_p032_c001"": [""dense""], ""rbi_mpr_2025_10_p032_c002"": [""dense""], ""rbi_mpr_2025_10_p034_c000"": [""dense""], ""rbi_mpr_2025_10_p034_c001"": [""dense""], ""rbi_mpr_2025_10_p036_c000"": [""dense""], ""rbi_mpr_2025_10_p036_c002"": [""bm25""], ""rbi_mpr_2025_10_p036_c003"": [""bm25""], ""rbi_mpr_2025_10_p038_c000"": [""bm25"", ""dense""], ""rbi_mpr_2025_10_p040_c000"": [""bm25"", ""dense""], ""rbi_mpr_2025_10_p041_c003"": [""dense""], ""rbi_mpr_2025_10_p043_c002"": [""bm25""], ""rbi_mpr_2025_10_p056_c000"": [""bm25""], ""rbi_mpr_2025_10_p062_c000"": [""dense""], ""rbi_mpr_2025_10_p063_c000"": [""bm25""], ""rbi_mpr_2025_10_p064_c000"": [""bm25""], ""rbi_mpr_2025_10_p064_c005"": [""bm25""], ""rbi_mpr_2025_10_p066_c000"": [""bm25"", ""dense""], ""rbi_mpr_2025_10_p066_c001"": [""bm25""], ""rbi_mpr_2025_10_p066_c002"": [""bm25""], ""rbi_mpr_2025_10_p068_c000"": [""bm25""], ""rbi_mpr_2025_10_p068_c004"": [""dense""], ""rbi_mpr_2025_10_p070_c001"": [""bm25""], ""rbi_mpr_2025_10_p070_c002"": [""dense""], ""rbi_mpr_2025_10_p071_c000"": [""dense""], ""rbi_mpr_2025_10_p071_c001"": [""bm25""], ""rbi_mpr_2025_10_p073_c002"": [""bm25"", ""dense""], ""rbi_mpr_2025_10_p074_c000"": [""bm25""], ""rbi_mpr_2025_10_p079_c000"": [""bm25""], ""rbi_mpr_2025_10_p080_c001"": [""bm25""], ""rbi_mpr_2025_10_p085_c001"": [""bm25""], ""rbi_mpr_2025_10_p087_c000"": [""bm25""], ""rbi_mpr_2025_10_p089_c000"": [""bm25""], ""rbi_mpr_2025_10_p096_c000"": [""dense""], ""rbi_mpr_2025_10_p096_c001"": [""bm25""], ""rbi_mpr_2025_10_p096_c004"": [""dense""], ""rbi_mpr_2025_10_p097_c003"": [""bm25""], ""rbi_mpr_2025_10_p097_c004"": [""bm25""], ""rbi_mpr_2025_10_p098_c000"": [""dense""], ""rbi_mpr_2025_10_p099_c000"": [""bm25""], ""rbi_mpr_2025_10_p099_c001"": [""bm25""], ""rbi_mpr_2025_10_p099_c002"": [""bm25""], ""rbi_mpr_2025_10_p101_c000"": [""bm25""], ""rbi_mpr_2025_10_p102_c000"": [""bm25"", ""dense""], ""rbi_mpr_2025_10_p103_c000"": [""dense""], ""rbi_mpr_2025_10_p103_c001"": [""bm25"", ""dense""], ""rbi_mpr_2025_10_p103_c002"": [""dense""], ""rbi_mpr_2025_10_p103_c003"": [""dense""], ""rbi_mpr_2025_10_p104_c000"": [""dense""], ""rbi_mpr_2025_10_p104_c001"": [""dense""], ""rbi_mpr_2025_10_p104_c002"": [""dense""], ""rbi_mpr_2025_10_p105_c000"": [""bm25"", ""dense""], ""rbi_mpr_2025_10_p105_c003"": [""bm25""], ""rbi_mpr_2025_10_p105_c004"": [""bm25""], ""rbi_mpr_2025_10_p106_c000"": [""dense""]}, ""candidate_union_ids"": [""rbi_mpr_2025_10_p103_c002"", ""rbi_mpr_2025_10_p104_c001"", ""rbi_mpr_2025_10_p103_c003"", ""rbi_mpr_2025_10_p010_c000"", ""rbi_mpr_2025_10_p011_c005"", ""rbi_mpr_2025_10_p015_c002"", ""rbi_mpr_2025_10_p104_c000"", ""rbi_mpr_2025_10_p032_c001"", ""rbi_mpr_2025_10_p034_c000"", ""rbi_mpr_2025_10_p010_c002"", ""rbi_mpr_2025_10_p011_c001"", ""rbi_mpr_2025_10_p106_c000"", ""rbi_mpr_2025_10_p014_c000"", ""rbi_mpr_2025_10_p096_c004"", ""rbi_mpr_2025_10_p038_c000"", ""rbi_mpr_2025_10_p013_c003"", ""rbi_mpr_2025_10_p011_c004"", ""rbi_mpr_2025_10_p103_c000"", ""rbi_mpr_2025_10_p102_c000"", ""rbi_mpr_2025_10_p103_c001"", ""rbi_mpr_2025_10_p010_c001"", ""rbi_mpr_2025_10_p011_c002"", ""rbi_mpr_2025_10_p009_c001"", ""rbi_mpr_2025_10_p032_c002"", ""rbi_mpr_2025_10_p014_c004"", ""rbi_mpr_2025_10_p040_c000"", ""rbi_mpr_2025_10_p068_c004"", ""rbi_mpr_2025_10_p032_c000"", ""rbi_mpr_2025_10_p036_c000"", ""rbi_mpr_2025_10_p066_c000"", ""rbi_mpr_2025_10_p104_c002"", ""rbi_mpr_2025_10_p034_c001"", ""rbi_mpr_2025_10_p073_c002"", ""rbi_mpr_2025_10_p024_c003"", ""rbi_mpr_2025_10_p011_c003"", ""rbi_mpr_2025_10_p025_c000"", ""rbi_mpr_2025_10_p041_c003"", ""rbi_mpr_2025_10_p105_c000"", ""rbi_mpr_2025_10_p013_c004"", ""rbi_mpr_2025_10_p024_c000"", ""rbi_mpr_2025_10_p013_c005"", ""rbi_mpr_2025_10_p096_c000"", ""rbi_mpr_2025_10_p015_c001"", ""rbi_mpr_2025_10_p014_c001"", ""rbi_mpr_2025_10_p071_c000"", ""rbi_mpr_2025_10_p098_c000"", ""rbi_mpr_2025_10_p062_c000"", ""rbi_mpr_2025_10_p011_c000"", ""rbi_mpr_2025_10_p070_c002"", ""rbi_mpr_2025_10_p015_c003"", ""rbi_mpr_2025_10_p025_c001"", ""rbi_mpr_2025_10_p036_c003"", ""rbi_mpr_2025_10_p012_c001"", ""rbi_mpr_2025_10_p105_c004"", ""rbi_mpr_2025_10_p068_c000"", ""rbi_mpr_2025_10_p056_c000"", ""rbi_mpr_2025_10_p099_c000"", ""rbi_mpr_2025_10_p074_c000"", ""rbi_mpr_2025_10_p024_c001"", ""rbi_mpr_2025_10_p101_c000"", ""rbi_mpr_2025_10_p080_c001"", ""rbi_mpr_2025_10_p066_c001"", ""rbi_mpr_2025_10_p023_c001"", ""rbi_mpr_2025_10_p097_c004"", ""rbi_mpr_2025_10_p070_c001"", ""rbi_mpr_2025_10_p071_c001"", ""rbi_mpr_2025_10_p013_c000"", ""rbi_mpr_2025_10_p105_c003"", ""rbi_mpr_2025_10_p066_c002"", ""rbi_mpr_2025_10_p097_c003"", ""rbi_mpr_2025_10_p096_c001"", ""rbi_mpr_2025_10_p009_c005"", ""rbi_mpr_2025_10_p036_c002"", ""rbi_mpr_2025_10_p064_c005"", ""rbi_mpr_2025_10_p064_c000"", ""rbi_mpr_2025_10_p043_c002"", ""rbi_mpr_2025_10_p079_c000"", ""rbi_mpr_2025_10_p063_c000"", ""rbi_mpr_2025_10_p099_c001"", ""rbi_mpr_2025_10_p099_c002"", ""rbi_mpr_2025_10_p009_c002"", ""rbi_mpr_2025_10_p013_c001"", ""rbi_mpr_2025_10_p085_c001"", ""rbi_mpr_2025_10_p087_c000"", ""rbi_mpr_2025_10_p089_c000""], ""candidate_union_pages"": [103, 104, 103, 10, 11, 15, 104, 32, 34, 10, 11, 106, 14, 96, 38, 13, 11, 103, 102, 103, 10, 11, 9, 32, 14, 40, 68, 32, 36, 66, 104, 34, 73, 24, 11, 25, 41, 105, 13, 24, 13, 96, 15, 14, 71, 98, 62, 11, 70, 15, 25, 36, 12, 105, 68, 56, 99, 74, 24, 101, 80, 66, 23, 97, 70, 71, 13, 105, 66, 97, 96, 9, 36, 64, 64, 43, 79, 63, 99, 99, 9, 13, 85, 87, 89], ""dense_candidate_ids"": [""rbi_mpr_2025_10_p103_c002"", ""rbi_mpr_2025_10_p104_c001"", ""rbi_mpr_2025_10_p103_c003"", ""rbi_mpr_2025_10_p010_c000"", ""rbi_mpr_2025_10_p011_c005"", ""rbi_mpr_2025_10_p015_c002"", ""rbi_mpr_2025_10_p104_c000"", ""rbi_mpr_2025_10_p032_c001"", ""rbi_mpr_2025_10_p034_c000"", ""rbi_mpr_2025_10_p010_c002"", ""rbi_mpr_2025_10_p011_c001"", ""rbi_mpr_2025_10_p106_c000"", ""rbi_mpr_2025_10_p014_c000"", ""rbi_mpr_2025_10_p096_c004"", ""rbi_mpr_2025_10_p038_c000"", ""rbi_mpr_2025_10_p013_c003"", ""rbi_mpr_2025_10_p011_c004"", ""rbi_mpr_2025_10_p103_c000"", ""rbi_mpr_2025_10_p102_c000"", ""rbi_mpr_2025_10_p103_c001"", ""rbi_mpr_2025_10_p010_c001"", ""rbi_mpr_2025_10_p011_c002"", ""rbi_mpr_2025_10_p009_c001"", ""rbi_mpr_2025_10_p032_c002"", ""rbi_mpr_2025_10_p014_c004"", ""rbi_mpr_2025_10_p040_c000"", ""rbi_mpr_2025_10_p068_c004"", ""rbi_mpr_2025_10_p032_c000"", ""rbi_mpr_2025_10_p036_c000"", ""rbi_mpr_2025_10_p066_c000"", ""rbi_mpr_2025_10_p104_c002"", ""rbi_mpr_2025_10_p034_c001"", ""rbi_mpr_2025_10_p073_c002"", ""rbi_mpr_2025_10_p024_c003"", ""rbi_mpr_2025_10_p011_c003"", ""rbi_mpr_2025_10_p025_c000"", ""rbi_mpr_2025_10_p041_c003"", ""rbi_mpr_2025_10_p105_c000"", ""rbi_mpr_2025_10_p013_c004"", ""rbi_mpr_2025_10_p024_c000"", ""rbi_mpr_2025_10_p013_c005"", ""rbi_mpr_2025_10_p096_c000"", ""rbi_mpr_2025_10_p015_c001"", ""rbi_mpr_2025_10_p014_c001"", ""rbi_mpr_2025_10_p071_c000"", ""rbi_mpr_2025_10_p098_c000"", ""rbi_mpr_2025_10_p062_c000"", ""rbi_mpr_2025_10_p011_c000"", ""rbi_mpr_2025_10_p070_c002"", ""rbi_mpr_2025_10_p015_c003""], ""dense_candidate_pages"": [103, 104, 103, 10, 11, 15, 104, 32, 34, 10, 11, 106, 14, 96, 38, 13, 11, 103, 102, 103, 10, 11, 9, 32, 14, 40, 68, 32, 36, 66, 104, 34, 73, 24, 11, 25, 41, 105, 13, 24, 13, 96, 15, 14, 71, 98, 62, 11, 70, 15], ""dense_candidate_scores"": [0.41518693592114775, 0.4062739311323065, 0.3397058077481996, 0.3375709855774257, 0.3353598776108472, 0.33175847155243987, 0.3294128729922631, 0.31737876763064454, 0.3042313111187621, 0.30165065958444015, 0.2965700677306944, 0.29475429720314805, 0.2754742634986881, 0.2725972353256375, 0.2659728465577862, 0.26466157380691524, 0.2533955526125593, 0.25042453696732936, 0.24796813434241738, 0.2460343526390405, 0.24580591672011154, 0.24478039960214437, 0.23733996355342524, 0.23569337047580163, 0.23423213923792896, 0.23309645025795434, 0.231040864162381, 0.23091341209248406, 0.22887055434516113, 0.2265416037901461, 0.22577368821027766, 0.22539984566398596, 0.2231226514389424, 0.2200629588244455, 0.21962758187932796, 0.21740045811031528, 0.21735898561138056, 0.21599764240447872, 0.20501240351490224, 0.20089625799563138, 0.19834696371660143, 0.1957860369073825, 0.1953067429461166, 0.19416978956068665, 0.1929842830057723, 0.18957055686378388, 0.18912211439562798, 0.18899440944463997, 0.18779432008014074, 0.18767993353328216], ""dense_first_evidence_rank"": 4, ""evidence_rank_after_reranking"": 2, ""evidence_rank_before_reranking"": 1, ""expected_evidence"": [""bringing the repo rate down to 5.5 per cent""], ""loss_stage"": ""evidence_found"", ""report_id"": ""rbi_mpr_2025_10"", ""reranker_input_ids"": [""rbi_mpr_2025_10_p010_c000"", ""rbi_mpr_2025_10_p038_c000"", ""rbi_mpr_2025_10_p066_c000"", ""rbi_mpr_2025_10_p032_c000"", ""rbi_mpr_2025_10_p010_c002"", ""rbi_mpr_2025_10_p102_c000"", ""rbi_mpr_2025_10_p013_c003"", ""rbi_mpr_2025_10_p013_c004"", ""rbi_mpr_2025_10_p103_c001"", ""rbi_mpr_2025_10_p105_c000"", ""rbi_mpr_2025_10_p024_c000"", ""rbi_mpr_2025_10_p010_c001"", ""rbi_mpr_2025_10_p040_c000"", ""rbi_mpr_2025_10_p025_c000"", ""rbi_mpr_2025_10_p073_c002"", ""rbi_mpr_2025_10_p103_c002"", ""rbi_mpr_2025_10_p025_c001"", ""rbi_mpr_2025_10_p104_c001"", ""rbi_mpr_2025_10_p036_c003"", ""rbi_mpr_2025_10_p103_c003"", ""rbi_mpr_2025_10_p012_c001"", ""rbi_mpr_2025_10_p011_c005"", ""rbi_mpr_2025_10_p105_c004"", ""rbi_mpr_2025_10_p015_c002"", ""rbi_mpr_2025_10_p068_c000"", ""rbi_mpr_2025_10_p104_c000"", ""rbi_mpr_2025_10_p032_c001"", ""rbi_mpr_2025_10_p056_c000"", ""rbi_mpr_2025_10_p034_c000"", ""rbi_mpr_2025_10_p099_c000""], ""reranker_input_pages"": [10, 38, 66, 32, 10, 102, 13, 13, 103, 105, 24, 10, 40, 25, 73, 103, 25, 104, 36, 103, 12, 11, 105, 15, 68, 104, 32, 56, 34, 99], ""reranker_input_ranks"": [1, 2, 3, 4, 5, 6, 7, 8, 9, 10, 11, 12, 13, 14, 15, 16, 17, 18, 19, 20, 21, 22, 23, 24, 25, 26, 27, 28, 29, 30], ""reranker_output_ids"": [""rbi_mpr_2025_10_p066_c000"", ""rbi_mpr_2025_10_p010_c000"", ""rbi_mpr_2025_10_p032_c000"", ""rbi_mpr_2025_10_p040_c000"", ""rbi_mpr_2025_10_p102_c000"", ""rbi_mpr_2025_10_p036_c003"", ""rbi_mpr_2025_10_p010_c002"", ""rbi_mpr_2025_10_p068_c000"", ""rbi_mpr_2025_10_p103_c002"", ""rbi_mpr_2025_10_p034_c000"", ""rbi_mpr_2025_10_p056_c000"", ""rbi_mpr_2025_10_p103_c001"", ""rbi_mpr_2025_10_p104_c000"", ""rbi_mpr_2025_10_p024_c000"", ""rbi_mpr_2025_10_p010_c001"", ""rbi_mpr_2025_10_p038_c000"", ""rbi_mpr_2025_10_p012_c001"", ""rbi_mpr_2025_10_p025_c000"", ""rbi_mpr_2025_10_p073_c002"", ""rbi_mpr_2025_10_p105_c000"", ""rbi_mpr_2025_10_p104_c001"", ""rbi_mpr_2025_10_p025_c001"", ""rbi_mpr_2025_10_p099_c000"", ""rbi_mpr_2025_10_p032_c001"", ""rbi_mpr_2025_10_p103_c003"", ""rbi_mpr_2025_10_p013_c003"", ""rbi_mpr_2025_10_p015_c002"", ""rbi_mpr_2025_10_p011_c005"", ""rbi_mpr_2025_10_p013_c004"", ""rbi_mpr_2025_10_p105_c004""], ""reranker_output_pages"": [66, 10, 32, 40, 102, 36, 10, 68, 103, 34, 56, 103, 104, 24, 10, 38, 12, 25, 73, 105, 104, 25, 99, 32, 103, 13, 15, 11, 13, 105], ""reranker_scores"": [5.5010786056518555, 5.049763202667236, 5.033580780029297, 4.880518436431885, 4.873812675476074, 4.063326835632324, 3.719024658203125, 3.5820181369781494, 3.547696113586426, 3.5103793144226074, 3.467740058898926, 3.1548194885253906, 2.891956090927124, 2.6122183799743652, 2.5681605339050293, 2.349853515625, 2.346733331680298, 2.254842519760132, 2.227079153060913, 2.210376262664795, 2.080920457839966, 2.0229406356811523, 1.8436317443847656, 0.7058465480804443, 0.5946811437606812, -0.6766005754470825, -0.7439345121383667, -0.9509875774383545, -2.0056800842285156, -4.0389485359191895], ""rrf_candidate_ids"": [""rbi_mpr_2025_10_p010_c000"", ""rbi_mpr_2025_10_p038_c000"", ""rbi_mpr_2025_10_p066_c000"", ""rbi_mpr_2025_10_p032_c000"", ""rbi_mpr_2025_10_p010_c002"", ""rbi_mpr_2025_10_p102_c000"", ""rbi_mpr_2025_10_p013_c003"", ""rbi_mpr_2025_10_p013_c004"", ""rbi_mpr_2025_10_p103_c001"", ""rbi_mpr_2025_10_p105_c000"", ""rbi_mpr_2025_10_p024_c000"", ""rbi_mpr_2025_10_p010_c001"", ""rbi_mpr_2025_10_p040_c000"", ""rbi_mpr_2025_10_p025_c000"", ""rbi_mpr_2025_10_p073_c002"", ""rbi_mpr_2025_10_p103_c002"", ""rbi_mpr_2025_10_p025_c001"", ""rbi_mpr_2025_10_p104_c001"", ""rbi_mpr_2025_10_p036_c003"", ""rbi_mpr_2025_10_p103_c003"", ""rbi_mpr_2025_10_p012_c001"", ""rbi_mpr_2025_10_p011_c005"", ""rbi_mpr_2025_10_p105_c004"", ""rbi_mpr_2025_10_p015_c002"", ""rbi_mpr_2025_10_p068_c000"", ""rbi_mpr_2025_10_p104_c000"", ""rbi_mpr_2025_10_p032_c001"", ""rbi_mpr_2025_10_p056_c000"", ""rbi_mpr_2025_10_p034_c000"", ""rbi_mpr_2025_10_p099_c000""], ""rrf_candidate_pages"": [10, 38, 66, 32, 10, 102, 13, 13, 103, 105, 24, 10, 40, 25, 73, 103, 25, 104, 36, 103, 12, 11, 105, 15, 68, 104, 32, 56, 34, 99], ""rrf_first_evidence_rank"": 1, ""rrf_scores"": [0.030117753623188408, 0.027031963470319637, 0.026736111111111113, 0.02628900949796472, 0.0250384024577573, 0.025003906860446942, 0.02379619260918253, 0.02292152292152292, 0.022704081632653063, 0.021831988609397245, 0.02149425287356322, 0.02143658810325477, 0.02097370136926755, 0.020220588235294115, 0.019927000098648517, 0.01639344262295082, 0.01639344262295082, 0.016129032258064516, 0.016129032258064516, 0.015873015873015872, 0.015873015873015872, 0.015384615384615385, 0.015384615384615385, 0.015151515151515152, 0.015151515151515152, 0.014925373134328358, 0.014705882352941176, 0.014705882352941176, 0.014492753623188406, 0.014285714285714285], ""selected_chunk_ids_after_dedup"": [""rbi_mpr_2025_10_p066_c000"", ""rbi_mpr_2025_10_p010_c000"", ""rbi_mpr_2025_10_p032_c000""], ""selected_chunk_ids_before_dedup"": [""rbi_mpr_2025_10_p066_c000"", ""rbi_mpr_2025_10_p010_c000"", ""rbi_mpr_2025_10_p032_c000""], ""selected_pages"": [66, 10, 32]}}","{""rbi_mpr_2025_04"": true, ""rbi_mpr_2025_10"": true}","{""rbi_mpr_2025_04"": 1.0, ""rbi_mpr_2025_10"": 0.5}",[],"[""2025""]",0.10269999620504677,pairwise_comparison,cmp_dev_002,"[""Compare""]",0.0,"{""rbi_mpr_2025_04"": 3, ""rbi_mpr_2025_10"": 3}",1.0,"[""rbi_mpr_2025_04"", ""rbi_mpr_2025_10""]",3630.4775000025984,0.11100000119768083,5867,6,0.006699992809444666,dev,3689.4311000069138,6
True,6.609399992157705,0.33889999031089246,True,04a5ce7716e7f739c55089569953118657c56d931da37da67b3f680d0125b949,0,0.023499989765696228,bf7cf18e02abb87a6e22fe9b686d8f93fa34ceb3f67abc575741c0a63080b56d,0.3465000045252964,80.21340001141652,0,1472,1.0,[],RRF_K60,[],0.3083000046899542,d063b65fcefc1858e3315b9e67356a80310b8ae9b4d0864e98dd7c18d8553c1a,1.0,Compare the crude-oil baseline assumptions in April and October 2025.,Compare the crude-oil baseline assumptions in April and October 2025.,"{""rbi_mpr_2025_04"": {""accepted_evidence_found"": true, ""accepted_pages"": [14], ""bm25_candidate_ids"": [""rbi_mpr_2025_04_p021_c000"", ""rbi_mpr_2025_04_p021_c001"", ""rbi_mpr_2025_04_p021_c003"", ""rbi_mpr_2025_04_p021_c004"", ""rbi_mpr_2025_04_p019_c003"", ""rbi_mpr_2025_04_p019_c004"", ""rbi_mpr_2025_04_p015_c000"", ""rbi_mpr_2025_04_p014_c001"", ""rbi_mpr_2025_04_p020_c000"", ""rbi_mpr_2025_04_p012_c000"", ""rbi_mpr_2025_04_p069_c004"", ""rbi_mpr_2025_04_p023_c001"", ""rbi_mpr_2025_04_p025_c000"", ""rbi_mpr_2025_04_p018_c000"", ""rbi_mpr_2025_04_p030_c001"", ""rbi_mpr_2025_04_p014_c003"", ""rbi_mpr_2025_04_p014_c000"", ""rbi_mpr_2025_04_p041_c000"", ""rbi_mpr_2025_04_p025_c001"", ""rbi_mpr_2025_04_p068_c000"", ""rbi_mpr_2025_04_p011_c000"", ""rbi_mpr_2025_04_p022_c001"", ""rbi_mpr_2025_04_p099_c003"", ""rbi_mpr_2025_04_p099_c004"", ""rbi_mpr_2025_04_p043_c001"", ""rbi_mpr_2025_04_p083_c000"", ""rbi_mpr_2025_04_p025_c003"", ""rbi_mpr_2025_04_p015_c001"", ""rbi_mpr_2025_04_p070_c000"", ""rbi_mpr_2025_04_p034_c000"", ""rbi_mpr_2025_04_p103_c002"", ""rbi_mpr_2025_04_p030_c000"", ""rbi_mpr_2025_04_p098_c000"", ""rbi_mpr_2025_04_p036_c000"", ""rbi_mpr_2025_04_p039_c001"", ""rbi_mpr_2025_04_p032_c000"", ""rbi_mpr_2025_04_p048_c000"", ""rbi_mpr_2025_04_p092_c000"", ""rbi_mpr_2025_04_p036_c002"", ""rbi_mpr_2025_04_p107_c002"", ""rbi_mpr_2025_04_p113_c001"", ""rbi_mpr_2025_04_p108_c000"", ""rbi_mpr_2025_04_p042_c000"", ""rbi_mpr_2025_04_p037_c000"", ""rbi_mpr_2025_04_p069_c003"", ""rbi_mpr_2025_04_p109_c000"", ""rbi_mpr_2025_04_p051_c001"", ""rbi_mpr_2025_04_p027_c002"", ""rbi_mpr_2025_04_p100_c000"", ""rbi_mpr_2025_04_p109_c001""], ""bm25_candidate_pages"": [21, 21, 21, 21, 19, 19, 15, 14, 20, 12, 69, 23, 25, 18, 30, 14, 14, 41, 25, 68, 11, 22, 99, 99, 43, 83, 25, 15, 70, 34, 103, 30, 98, 36, 39, 32, 48, 92, 36, 107, 113, 108, 42, 37, 69, 109, 51, 27, 100, 109], ""bm25_candidate_scores"": [null, null, null, null, null, null, null, null, null, null, null, null, null, null, null, null, null, null, null, null, null, null, null, null, null, null, null, null, null, null, null, null, null, null, null, null, null, null, null, null, null, null, null, null, null, null, null, null, null, null], ""bm25_first_evidence_rank"": 8, ""candidate_source_expansion"": {""rbi_mpr_2025_04_p011_c000"": [], ""rbi_mpr_2025_04_p011_c002"": [], ""rbi_mpr_2025_04_p011_c003"": [], ""rbi_mpr_2025_04_p012_c000"": [], ""rbi_mpr_2025_04_p012_c001"": [], ""rbi_mpr_2025_04_p013_c004"": [], ""rbi_mpr_2025_04_p014_c000"": [], ""rbi_mpr_2025_04_p014_c001"": [], ""rbi_mpr_2025_04_p014_c002"": [], ""rbi_mpr_2025_04_p014_c003"": [], ""rbi_mpr_2025_04_p014_c004"": [], ""rbi_mpr_2025_04_p015_c000"": [], ""rbi_mpr_2025_04_p015_c001"": [], ""rbi_mpr_2025_04_p015_c002"": [], ""rbi_mpr_2025_04_p016_c002"": [], ""rbi_mpr_2025_04_p017_c002"": [], ""rbi_mpr_2025_04_p018_c000"": [], ""rbi_mpr_2025_04_p018_c004"": [], ""rbi_mpr_2025_04_p019_c000"": [], ""rbi_mpr_2025_04_p019_c001"": [], ""rbi_mpr_2025_04_p019_c002"": [], ""rbi_mpr_2025_04_p019_c003"": [], ""rbi_mpr_2025_04_p019_c004"": [], ""rbi_mpr_2025_04_p020_c000"": [], ""rbi_mpr_2025_04_p021_c000"": [], ""rbi_mpr_2025_04_p021_c001"": [], ""rbi_mpr_2025_04_p021_c003"": [], ""rbi_mpr_2025_04_p021_c004"": [], ""rbi_mpr_2025_04_p022_c000"": [], ""rbi_mpr_2025_04_p022_c001"": [], ""rbi_mpr_2025_04_p022_c002"": [], ""rbi_mpr_2025_04_p022_c003"": [], ""rbi_mpr_2025_04_p023_c001"": [], ""rbi_mpr_2025_04_p023_c002"": [], ""rbi_mpr_2025_04_p023_c003"": [], ""rbi_mpr_2025_04_p025_c000"": [], ""rbi_mpr_2025_04_p025_c001"": [], ""rbi_mpr_2025_04_p025_c003"": [], ""rbi_mpr_2025_04_p025_c004"": [], ""rbi_mpr_2025_04_p027_c002"": [], ""rbi_mpr_2025_04_p030_c000"": [], ""rbi_mpr_2025_04_p030_c001"": [], ""rbi_mpr_2025_04_p032_c000"": [], ""rbi_mpr_2025_04_p034_c000"": [], ""rbi_mpr_2025_04_p036_c000"": [], ""rbi_mpr_2025_04_p036_c001"": [], ""rbi_mpr_2025_04_p036_c002"": [], ""rbi_mpr_2025_04_p036_c003"": [], ""rbi_mpr_2025_04_p037_c000"": [], ""rbi_mpr_2025_04_p039_c000"": [], ""rbi_mpr_2025_04_p039_c001"": [], ""rbi_mpr_2025_04_p039_c002"": [], ""rbi_mpr_2025_04_p039_c003"": [], ""rbi_mpr_2025_04_p041_c000"": [], ""rbi_mpr_2025_04_p042_c000"": [], ""rbi_mpr_2025_04_p043_c001"": [], ""rbi_mpr_2025_04_p048_c000"": [], ""rbi_mpr_2025_04_p051_c001"": [], ""rbi_mpr_2025_04_p068_c000"": [], ""rbi_mpr_2025_04_p069_c003"": [], ""rbi_mpr_2025_04_p069_c004"": [], ""rbi_mpr_2025_04_p070_c000"": [], ""rbi_mpr_2025_04_p078_c003"": [], ""rbi_mpr_2025_04_p083_c000"": [], ""rbi_mpr_2025_04_p085_c001"": [], ""rbi_mpr_2025_04_p092_c000"": [], ""rbi_mpr_2025_04_p098_c000"": [], ""rbi_mpr_2025_04_p099_c002"": [], ""rbi_mpr_2025_04_p099_c003"": [], ""rbi_mpr_2025_04_p099_c004"": [], ""rbi_mpr_2025_04_p100_c000"": [], ""rbi_mpr_2025_04_p101_c003"": [], ""rbi_mpr_2025_04_p103_c001"": [], ""rbi_mpr_2025_04_p103_c002"": [], ""rbi_mpr_2025_04_p104_c000"": [], ""rbi_mpr_2025_04_p104_c002"": [], ""rbi_mpr_2025_04_p104_c003"": [], ""rbi_mpr_2025_04_p107_c000"": [], ""rbi_mpr_2025_04_p107_c002"": [], ""rbi_mpr_2025_04_p108_c000"": [], ""rbi_mpr_2025_04_p109_c000"": [], ""rbi_mpr_2025_04_p109_c001"": [], ""rbi_mpr_2025_04_p110_c000"": [], ""rbi_mpr_2025_04_p110_c001"": [], ""rbi_mpr_2025_04_p112_c000"": [], ""rbi_mpr_2025_04_p113_c001"": [], ""rbi_mpr_2025_10_p009_c001"": [], ""rbi_mpr_2025_10_p009_c003"": [], ""rbi_mpr_2025_10_p009_c004"": [], ""rbi_mpr_2025_10_p009_c005"": [], ""rbi_mpr_2025_10_p010_c000"": [], ""rbi_mpr_2025_10_p010_c002"": [], ""rbi_mpr_2025_10_p010_c003"": [], ""rbi_mpr_2025_10_p011_c000"": [], ""rbi_mpr_2025_10_p012_c000"": [], ""rbi_mpr_2025_10_p012_c001"": [], ""rbi_mpr_2025_10_p012_c002"": [], ""rbi_mpr_2025_10_p012_c003"": [], ""rbi_mpr_2025_10_p012_c004"": [], ""rbi_mpr_2025_10_p013_c000"": [], ""rbi_mpr_2025_10_p013_c003"": [], ""rbi_mpr_2025_10_p013_c004"": [], ""rbi_mpr_2025_10_p014_c000"": [], ""rbi_mpr_2025_10_p015_c002"": [], ""rbi_mpr_2025_10_p016_c002"": [], ""rbi_mpr_2025_10_p017_c000"": [], ""rbi_mpr_2025_10_p017_c002"": [], ""rbi_mpr_2025_10_p017_c003"": [], ""rbi_mpr_2025_10_p017_c004"": [], ""rbi_mpr_2025_10_p018_c000"": [], ""rbi_mpr_2025_10_p019_c002"": [], ""rbi_mpr_2025_10_p020_c000"": [], ""rbi_mpr_2025_10_p020_c001"": [], ""rbi_mpr_2025_10_p021_c000"": [], ""rbi_mpr_2025_10_p021_c002"": [], ""rbi_mpr_2025_10_p021_c003"": [], ""rbi_mpr_2025_10_p021_c004"": [], ""rbi_mpr_2025_10_p021_c005"": [], ""rbi_mpr_2025_10_p022_c000"": [], ""rbi_mpr_2025_10_p022_c001"": [], ""rbi_mpr_2025_10_p022_c002"": [], ""rbi_mpr_2025_10_p023_c000"": [], ""rbi_mpr_2025_10_p023_c001"": [], ""rbi_mpr_2025_10_p023_c002"": [], ""rbi_mpr_2025_10_p024_c000"": [], ""rbi_mpr_2025_10_p024_c001"": [], ""rbi_mpr_2025_10_p025_c001"": [], ""rbi_mpr_2025_10_p026_c003"": [], ""rbi_mpr_2025_10_p031_c000"": [], ""rbi_mpr_2025_10_p031_c002"": [], ""rbi_mpr_2025_10_p032_c000"": [], ""rbi_mpr_2025_10_p032_c001"": [], ""rbi_mpr_2025_10_p032_c002"": [], ""rbi_mpr_2025_10_p036_c002"": [], ""rbi_mpr_2025_10_p036_c003"": [], ""rbi_mpr_2025_10_p037_c000"": [], ""rbi_mpr_2025_10_p037_c001"": [], ""rbi_mpr_2025_10_p038_c000"": [], ""rbi_mpr_2025_10_p041_c003"": [], ""rbi_mpr_2025_10_p041_c004"": [], ""rbi_mpr_2025_10_p042_c002"": [], ""rbi_mpr_2025_10_p043_c002"": [], ""rbi_mpr_2025_10_p057_c001"": [], ""rbi_mpr_2025_10_p064_c000"": [], ""rbi_mpr_2025_10_p064_c005"": [], ""rbi_mpr_2025_10_p066_c000"": [], ""rbi_mpr_2025_10_p066_c001"": [], ""rbi_mpr_2025_10_p066_c002"": [], ""rbi_mpr_2025_10_p068_c000"": [], ""rbi_mpr_2025_10_p068_c004"": [], ""rbi_mpr_2025_10_p070_c001"": [], ""rbi_mpr_2025_10_p071_c001"": [], ""rbi_mpr_2025_10_p074_c000"": [], ""rbi_mpr_2025_10_p074_c003"": [], ""rbi_mpr_2025_10_p079_c000"": [], ""rbi_mpr_2025_10_p080_c001"": [], ""rbi_mpr_2025_10_p096_c004"": [], ""rbi_mpr_2025_10_p097_c003"": [], ""rbi_mpr_2025_10_p097_c004"": [], ""rbi_mpr_2025_10_p098_c002"": [], ""rbi_mpr_2025_10_p099_c000"": [], ""rbi_mpr_2025_10_p099_c002"": [], ""rbi_mpr_2025_10_p100_c001"": [], ""rbi_mpr_2025_10_p100_c002"": [], ""rbi_mpr_2025_10_p100_c003"": [], ""rbi_mpr_2025_10_p102_c000"": [], ""rbi_mpr_2025_10_p103_c000"": [], ""rbi_mpr_2025_10_p103_c001"": [], ""rbi_mpr_2025_10_p105_c000"": [], ""rbi_mpr_2025_10_p105_c003"": [], ""rbi_mpr_2025_10_p106_c000"": []}, ""candidate_source_facet"": {""rbi_mpr_2025_04_p011_c000"": [], ""rbi_mpr_2025_04_p011_c002"": [], ""rbi_mpr_2025_04_p011_c003"": [], ""rbi_mpr_2025_04_p012_c000"": [], ""rbi_mpr_2025_04_p012_c001"": [], ""rbi_mpr_2025_04_p013_c004"": [], ""rbi_mpr_2025_04_p014_c000"": [], ""rbi_mpr_2025_04_p014_c001"": [], ""rbi_mpr_2025_04_p014_c002"": [], ""rbi_mpr_2025_04_p014_c003"": [], ""rbi_mpr_2025_04_p014_c004"": [], ""rbi_mpr_2025_04_p015_c000"": [], ""rbi_mpr_2025_04_p015_c001"": [], ""rbi_mpr_2025_04_p015_c002"": [], ""rbi_mpr_2025_04_p016_c002"": [], ""rbi_mpr_2025_04_p017_c002"": [], ""rbi_mpr_2025_04_p018_c000"": [], ""rbi_mpr_2025_04_p018_c004"": [], ""rbi_mpr_2025_04_p019_c000"": [], ""rbi_mpr_2025_04_p019_c001"": [], ""rbi_mpr_2025_04_p019_c002"": [], ""rbi_mpr_2025_04_p019_c003"": [], ""rbi_mpr_2025_04_p019_c004"": [], ""rbi_mpr_2025_04_p020_c000"": [], ""rbi_mpr_2025_04_p021_c000"": [], ""rbi_mpr_2025_04_p021_c001"": [], ""rbi_mpr_2025_04_p021_c003"": [], ""rbi_mpr_2025_04_p021_c004"": [], ""rbi_mpr_2025_04_p022_c000"": [], ""rbi_mpr_2025_04_p022_c001"": [], ""rbi_mpr_2025_04_p022_c002"": [], ""rbi_mpr_2025_04_p022_c003"": [], ""rbi_mpr_2025_04_p023_c001"": [], ""rbi_mpr_2025_04_p023_c002"": [], ""rbi_mpr_2025_04_p023_c003"": [], ""rbi_mpr_2025_04_p025_c000"": [], ""rbi_mpr_2025_04_p025_c001"": [], ""rbi_mpr_2025_04_p025_c003"": [], ""rbi_mpr_2025_04_p025_c004"": [], ""rbi_mpr_2025_04_p027_c002"": [], ""rbi_mpr_2025_04_p030_c000"": [], ""rbi_mpr_2025_04_p030_c001"": [], ""rbi_mpr_2025_04_p032_c000"": [], ""rbi_mpr_2025_04_p034_c000"": [], ""rbi_mpr_2025_04_p036_c000"": [], ""rbi_mpr_2025_04_p036_c001"": [], ""rbi_mpr_2025_04_p036_c002"": [], ""rbi_mpr_2025_04_p036_c003"": [], ""rbi_mpr_2025_04_p037_c000"": [], ""rbi_mpr_2025_04_p039_c000"": [], ""rbi_mpr_2025_04_p039_c001"": [], ""rbi_mpr_2025_04_p039_c002"": [], ""rbi_mpr_2025_04_p039_c003"": [], ""rbi_mpr_2025_04_p041_c000"": [], ""rbi_mpr_2025_04_p042_c000"": [], ""rbi_mpr_2025_04_p043_c001"": [], ""rbi_mpr_2025_04_p048_c000"": [], ""rbi_mpr_2025_04_p051_c001"": [], ""rbi_mpr_2025_04_p068_c000"": [], ""rbi_mpr_2025_04_p069_c003"": [], ""rbi_mpr_2025_04_p069_c004"": [], ""rbi_mpr_2025_04_p070_c000"": [], ""rbi_mpr_2025_04_p078_c003"": [], ""rbi_mpr_2025_04_p083_c000"": [], ""rbi_mpr_2025_04_p085_c001"": [], ""rbi_mpr_2025_04_p092_c000"": [], ""rbi_mpr_2025_04_p098_c000"": [], ""rbi_mpr_2025_04_p099_c002"": [], ""rbi_mpr_2025_04_p099_c003"": [], ""rbi_mpr_2025_04_p099_c004"": [], ""rbi_mpr_2025_04_p100_c000"": [], ""rbi_mpr_2025_04_p101_c003"": [], ""rbi_mpr_2025_04_p103_c001"": [], ""rbi_mpr_2025_04_p103_c002"": [], ""rbi_mpr_2025_04_p104_c000"": [], ""rbi_mpr_2025_04_p104_c002"": [], ""rbi_mpr_2025_04_p104_c003"": [], ""rbi_mpr_2025_04_p107_c000"": [], ""rbi_mpr_2025_04_p107_c002"": [], ""rbi_mpr_2025_04_p108_c000"": [], ""rbi_mpr_2025_04_p109_c000"": [], ""rbi_mpr_2025_04_p109_c001"": [], ""rbi_mpr_2025_04_p110_c000"": [], ""rbi_mpr_2025_04_p110_c001"": [], ""rbi_mpr_2025_04_p112_c000"": [], ""rbi_mpr_2025_04_p113_c001"": [], ""rbi_mpr_2025_10_p009_c001"": [], ""rbi_mpr_2025_10_p009_c003"": [], ""rbi_mpr_2025_10_p009_c004"": [], ""rbi_mpr_2025_10_p009_c005"": [], ""rbi_mpr_2025_10_p010_c000"": [], ""rbi_mpr_2025_10_p010_c002"": [], ""rbi_mpr_2025_10_p010_c003"": [], ""rbi_mpr_2025_10_p011_c000"": [], ""rbi_mpr_2025_10_p012_c000"": [], ""rbi_mpr_2025_10_p012_c001"": [], ""rbi_mpr_2025_10_p012_c002"": [], ""rbi_mpr_2025_10_p012_c003"": [], ""rbi_mpr_2025_10_p012_c004"": [], ""rbi_mpr_2025_10_p013_c000"": [], ""rbi_mpr_2025_10_p013_c003"": [], ""rbi_mpr_2025_10_p013_c004"": [], ""rbi_mpr_2025_10_p014_c000"": [], ""rbi_mpr_2025_10_p015_c002"": [], ""rbi_mpr_2025_10_p016_c002"": [], ""rbi_mpr_2025_10_p017_c000"": [], ""rbi_mpr_2025_10_p017_c002"": [], ""rbi_mpr_2025_10_p017_c003"": [], ""rbi_mpr_2025_10_p017_c004"": [], ""rbi_mpr_2025_10_p018_c000"": [], ""rbi_mpr_2025_10_p019_c002"": [], ""rbi_mpr_2025_10_p020_c000"": [], ""rbi_mpr_2025_10_p020_c001"": [], ""rbi_mpr_2025_10_p021_c000"": [], ""rbi_mpr_2025_10_p021_c002"": [], ""rbi_mpr_2025_10_p021_c003"": [], ""rbi_mpr_2025_10_p021_c004"": [], ""rbi_mpr_2025_10_p021_c005"": [], ""rbi_mpr_2025_10_p022_c000"": [], ""rbi_mpr_2025_10_p022_c001"": [], ""rbi_mpr_2025_10_p022_c002"": [], ""rbi_mpr_2025_10_p023_c000"": [], ""rbi_mpr_2025_10_p023_c001"": [], ""rbi_mpr_2025_10_p023_c002"": [], ""rbi_mpr_2025_10_p024_c000"": [], ""rbi_mpr_2025_10_p024_c001"": [], ""rbi_mpr_2025_10_p025_c001"": [], ""rbi_mpr_2025_10_p026_c003"": [], ""rbi_mpr_2025_10_p031_c000"": [], ""rbi_mpr_2025_10_p031_c002"": [], ""rbi_mpr_2025_10_p032_c000"": [], ""rbi_mpr_2025_10_p032_c001"": [], ""rbi_mpr_2025_10_p032_c002"": [], ""rbi_mpr_2025_10_p036_c002"": [], ""rbi_mpr_2025_10_p036_c003"": [], ""rbi_mpr_2025_10_p037_c000"": [], ""rbi_mpr_2025_10_p037_c001"": [], ""rbi_mpr_2025_10_p038_c000"": [], ""rbi_mpr_2025_10_p041_c003"": [], ""rbi_mpr_2025_10_p041_c004"": [], ""rbi_mpr_2025_10_p042_c002"": [], ""rbi_mpr_2025_10_p043_c002"": [], ""rbi_mpr_2025_10_p057_c001"": [], ""rbi_mpr_2025_10_p064_c000"": [], ""rbi_mpr_2025_10_p064_c005"": [], ""rbi_mpr_2025_10_p066_c000"": [], ""rbi_mpr_2025_10_p066_c001"": [], ""rbi_mpr_2025_10_p066_c002"": [], ""rbi_mpr_2025_10_p068_c000"": [], ""rbi_mpr_2025_10_p068_c004"": [], ""rbi_mpr_2025_10_p070_c001"": [], ""rbi_mpr_2025_10_p071_c001"": [], ""rbi_mpr_2025_10_p074_c000"": [], ""rbi_mpr_2025_10_p074_c003"": [], ""rbi_mpr_2025_10_p079_c000"": [], ""rbi_mpr_2025_10_p080_c001"": [], ""rbi_mpr_2025_10_p096_c004"": [], ""rbi_mpr_2025_10_p097_c003"": [], ""rbi_mpr_2025_10_p097_c004"": [], ""rbi_mpr_2025_10_p098_c002"": [], ""rbi_mpr_2025_10_p099_c000"": [], ""rbi_mpr_2025_10_p099_c002"": [], ""rbi_mpr_2025_10_p100_c001"": [], ""rbi_mpr_2025_10_p100_c002"": [], ""rbi_mpr_2025_10_p100_c003"": [], ""rbi_mpr_2025_10_p102_c000"": [], ""rbi_mpr_2025_10_p103_c000"": [], ""rbi_mpr_2025_10_p103_c001"": [], ""rbi_mpr_2025_10_p105_c000"": [], ""rbi_mpr_2025_10_p105_c003"": [], ""rbi_mpr_2025_10_p106_c000"": []}, ""candidate_source_query"": {""rbi_mpr_2025_04_p011_c000"": [""Compare the crude-oil baseline assumptions in April and October 2025.""], ""rbi_mpr_2025_04_p011_c002"": [""Compare the crude-oil baseline assumptions in April and October 2025.""], ""rbi_mpr_2025_04_p011_c003"": [""Compare the crude-oil baseline assumptions in April and October 2025.""], ""rbi_mpr_2025_04_p012_c000"": [""Compare the crude-oil baseline assumptions in April and October 2025.""], ""rbi_mpr_2025_04_p012_c001"": [""Compare the crude-oil baseline assumptions in April and October 2025.""], ""rbi_mpr_2025_04_p013_c004"": [""Compare the crude-oil baseline assumptions in April and October 2025.""], ""rbi_mpr_2025_04_p014_c000"": [""Compare the crude-oil baseline assumptions in April and October 2025.""], ""rbi_mpr_2025_04_p014_c001"": [""Compare the crude-oil baseline assumptions in April and October 2025.""], ""rbi_mpr_2025_04_p014_c002"": [""Compare the crude-oil baseline assumptions in April and October 2025.""], ""rbi_mpr_2025_04_p014_c003"": [""Compare the crude-oil baseline assumptions in April and October 2025.""], ""rbi_mpr_2025_04_p014_c004"": [""Compare the crude-oil baseline assumptions in April and October 2025.""], ""rbi_mpr_2025_04_p015_c000"": [""Compare the crude-oil baseline assumptions in April and October 2025.""], ""rbi_mpr_2025_04_p015_c001"": [""Compare the crude-oil baseline assumptions in April and October 2025.""], ""rbi_mpr_2025_04_p015_c002"": [""Compare the crude-oil baseline assumptions in April and October 2025.""], ""rbi_mpr_2025_04_p016_c002"": [""Compare the crude-oil baseline assumptions in April and October 2025.""], ""rbi_mpr_2025_04_p017_c002"": [""Compare the crude-oil baseline assumptions in April and October 2025.""], ""rbi_mpr_2025_04_p018_c000"": [""Compare the crude-oil baseline assumptions in April and October 2025.""], ""rbi_mpr_2025_04_p018_c004"": [""Compare the crude-oil baseline assumptions in April and October 2025.""], ""rbi_mpr_2025_04_p019_c000"": [""Compare the crude-oil baseline assumptions in April and October 2025.""], ""rbi_mpr_2025_04_p019_c001"": [""Compare the crude-oil baseline assumptions in April and October 2025.""], ""rbi_mpr_2025_04_p019_c002"": [""Compare the crude-oil baseline assumptions in April and October 2025.""], ""rbi_mpr_2025_04_p019_c003"": [""Compare the crude-oil baseline assumptions in April and October 2025.""], ""rbi_mpr_2025_04_p019_c004"": [""Compare the crude-oil baseline assumptions in April and October 2025.""], ""rbi_mpr_2025_04_p020_c000"": [""Compare the crude-oil baseline assumptions in April and October 2025.""], ""rbi_mpr_2025_04_p021_c000"": [""Compare the crude-oil baseline assumptions in April and October 2025.""], ""rbi_mpr_2025_04_p021_c001"": [""Compare the crude-oil baseline assumptions in April and October 2025.""], ""rbi_mpr_2025_04_p021_c003"": [""Compare the crude-oil baseline assumptions in April and October 2025.""], ""rbi_mpr_2025_04_p021_c004"": [""Compare the crude-oil baseline assumptions in April and October 2025.""], ""rbi_mpr_2025_04_p022_c000"": [""Compare the crude-oil baseline assumptions in April and October 2025.""], ""rbi_mpr_2025_04_p022_c001"": [""Compare the crude-oil baseline assumptions in April and October 2025.""], ""rbi_mpr_2025_04_p022_c002"": [""Compare the crude-oil baseline assumptions in April and October 2025.""], ""rbi_mpr_2025_04_p022_c003"": [""Compare the crude-oil baseline assumptions in April and October 2025.""], ""rbi_mpr_2025_04_p023_c001"": [""Compare the crude-oil baseline assumptions in April and October 2025.""], ""rbi_mpr_2025_04_p023_c002"": [""Compare the crude-oil baseline assumptions in April and October 2025.""], ""rbi_mpr_2025_04_p023_c003"": [""Compare the crude-oil baseline assumptions in April and October 2025.""], ""rbi_mpr_2025_04_p025_c000"": [""Compare the crude-oil baseline assumptions in April and October 2025.""], ""rbi_mpr_2025_04_p025_c001"": [""Compare the crude-oil baseline assumptions in April and October 2025.""], ""rbi_mpr_2025_04_p025_c003"": [""Compare the crude-oil baseline assumptions in April and October 2025.""], ""rbi_mpr_2025_04_p025_c004"": [""Compare the crude-oil baseline assumptions in April and October 2025.""], ""rbi_mpr_2025_04_p027_c002"": [""Compare the crude-oil baseline assumptions in April and October 2025.""], ""rbi_mpr_2025_04_p030_c000"": [""Compare the crude-oil baseline assumptions in April and October 2025.""], ""rbi_mpr_2025_04_p030_c001"": [""Compare the crude-oil baseline assumptions in April and October 2025.""], ""rbi_mpr_2025_04_p032_c000"": [""Compare the crude-oil baseline assumptions in April and October 2025.""], ""rbi_mpr_2025_04_p034_c000"": [""Compare the crude-oil baseline assumptions in April and October 2025.""], ""rbi_mpr_2025_04_p036_c000"": [""Compare the crude-oil baseline assumptions in April and October 2025.""], ""rbi_mpr_2025_04_p036_c001"": [""Compare the crude-oil baseline assumptions in April and October 2025.""], ""rbi_mpr_2025_04_p036_c002"": [""Compare the crude-oil baseline assumptions in April and October 2025.""], ""rbi_mpr_2025_04_p036_c003"": [""Compare the crude-oil baseline assumptions in April and October 2025.""], ""rbi_mpr_2025_04_p037_c000"": [""Compare the crude-oil baseline assumptions in April and October 2025.""], ""rbi_mpr_2025_04_p039_c000"": [""Compare the crude-oil baseline assumptions in April and October 2025.""], ""rbi_mpr_2025_04_p039_c001"": [""Compare the crude-oil baseline assumptions in April and October 2025.""], ""rbi_mpr_2025_04_p039_c002"": [""Compare the crude-oil baseline assumptions in April and October 2025.""], ""rbi_mpr_2025_04_p039_c003"": [""Compare the crude-oil baseline assumptions in April and October 2025.""], ""rbi_mpr_2025_04_p041_c000"": [""Compare the crude-oil baseline assumptions in April and October 2025.""], ""rbi_mpr_2025_04_p042_c000"": [""Compare the crude-oil baseline assumptions in April and October 2025.""], ""rbi_mpr_2025_04_p043_c001"": [""Compare the crude-oil baseline assumptions in April and October 2025.""], ""rbi_mpr_2025_04_p048_c000"": [""Compare the crude-oil baseline assumptions in April and October 2025.""], ""rbi_mpr_2025_04_p051_c001"": [""Compare the crude-oil baseline assumptions in April and October 2025.""], ""rbi_mpr_2025_04_p068_c000"": [""Compare the crude-oil baseline assumptions in April and October 2025.""], ""rbi_mpr_2025_04_p069_c003"": [""Compare the crude-oil baseline assumptions in April and October 2025.""], ""rbi_mpr_2025_04_p069_c004"": [""Compare the crude-oil baseline assumptions in April and October 2025.""], ""rbi_mpr_2025_04_p070_c000"": [""Compare the crude-oil baseline assumptions in April and October 2025.""], ""rbi_mpr_2025_04_p078_c003"": [""Compare the crude-oil baseline assumptions in April and October 2025.""], ""rbi_mpr_2025_04_p083_c000"": [""Compare the crude-oil baseline assumptions in April and October 2025.""], ""rbi_mpr_2025_04_p085_c001"": [""Compare the crude-oil baseline assumptions in April and October 2025.""], ""rbi_mpr_2025_04_p092_c000"": [""Compare the crude-oil baseline assumptions in April and October 2025.""], ""rbi_mpr_2025_04_p098_c000"": [""Compare the crude-oil baseline assumptions in April and October 2025.""], ""rbi_mpr_2025_04_p099_c002"": [""Compare the crude-oil baseline assumptions in April and October 2025.""], ""rbi_mpr_2025_04_p099_c003"": [""Compare the crude-oil baseline assumptions in April and October 2025.""], ""rbi_mpr_2025_04_p099_c004"": [""Compare the crude-oil baseline assumptions in April and October 2025.""], ""rbi_mpr_2025_04_p100_c000"": [""Compare the crude-oil baseline assumptions in April and October 2025.""], ""rbi_mpr_2025_04_p101_c003"": [""Compare the crude-oil baseline assumptions in April and October 2025.""], ""rbi_mpr_2025_04_p103_c001"": [""Compare the crude-oil baseline assumptions in April and October 2025.""], ""rbi_mpr_2025_04_p103_c002"": [""Compare the crude-oil baseline assumptions in April and October 2025.""], ""rbi_mpr_2025_04_p104_c000"": [""Compare the crude-oil baseline assumptions in April and October 2025.""], ""rbi_mpr_2025_04_p104_c002"": [""Compare the crude-oil baseline assumptions in April and October 2025.""], ""rbi_mpr_2025_04_p104_c003"": [""Compare the crude-oil baseline assumptions in April and October 2025.""], ""rbi_mpr_2025_04_p107_c000"": [""Compare the crude-oil baseline assumptions in April and October 2025.""], ""rbi_mpr_2025_04_p107_c002"": [""Compare the crude-oil baseline assumptions in April and October 2025.""], ""rbi_mpr_2025_04_p108_c000"": [""Compare the crude-oil baseline assumptions in April and October 2025.""], ""rbi_mpr_2025_04_p109_c000"": [""Compare the crude-oil baseline assumptions in April and October 2025.""], ""rbi_mpr_2025_04_p109_c001"": [""Compare the crude-oil baseline assumptions in April and October 2025.""], ""rbi_mpr_2025_04_p110_c000"": [""Compare the crude-oil baseline assumptions in April and October 2025.""], ""rbi_mpr_2025_04_p110_c001"": [""Compare the crude-oil baseline assumptions in April and October 2025.""], ""rbi_mpr_2025_04_p112_c000"": [""Compare the crude-oil baseline assumptions in April and October 2025.""], ""rbi_mpr_2025_04_p113_c001"": [""Compare the crude-oil baseline assumptions in April and October 2025.""], ""rbi_mpr_2025_10_p009_c001"": [""Compare the crude-oil baseline assumptions in April and October 2025.""], ""rbi_mpr_2025_10_p009_c003"": [""Compare the crude-oil baseline assumptions in April and October 2025.""], ""rbi_mpr_2025_10_p009_c004"": [""Compare the crude-oil baseline assumptions in April and October 2025.""], ""rbi_mpr_2025_10_p009_c005"": [""Compare the crude-oil baseline assumptions in April and October 2025.""], ""rbi_mpr_2025_10_p010_c000"": [""Compare the crude-oil baseline assumptions in April and October 2025.""], ""rbi_mpr_2025_10_p010_c002"": [""Compare the crude-oil baseline assumptions in April and October 2025.""], ""rbi_mpr_2025_10_p010_c003"": [""Compare the crude-oil baseline assumptions in April and October 2025.""], ""rbi_mpr_2025_10_p011_c000"": [""Compare the crude-oil baseline assumptions in April and October 2025.""], ""rbi_mpr_2025_10_p012_c000"": [""Compare the crude-oil baseline assumptions in April and October 2025.""], ""rbi_mpr_2025_10_p012_c001"": [""Compare the crude-oil baseline assumptions in April and October 2025.""], ""rbi_mpr_2025_10_p012_c002"": [""Compare the crude-oil baseline assumptions in April and October 2025.""], ""rbi_mpr_2025_10_p012_c003"": [""Compare the crude-oil baseline assumptions in April and October 2025.""], ""rbi_mpr_2025_10_p012_c004"": [""Compare the crude-oil baseline assumptions in April and October 2025.""], ""rbi_mpr_2025_10_p013_c000"": [""Compare the crude-oil baseline assumptions in April and October 2025.""], ""rbi_mpr_2025_10_p013_c003"": [""Compare the crude-oil baseline assumptions in April and October 2025.""], ""rbi_mpr_2025_10_p013_c004"": [""Compare the crude-oil baseline assumptions in April and October 2025.""], ""rbi_mpr_2025_10_p014_c000"": [""Compare the crude-oil baseline assumptions in April and October 2025.""], ""rbi_mpr_2025_10_p015_c002"": [""Compare the crude-oil baseline assumptions in April and October 2025.""], ""rbi_mpr_2025_10_p016_c002"": [""Compare the crude-oil baseline assumptions in April and October 2025.""], ""rbi_mpr_2025_10_p017_c000"": [""Compare the crude-oil baseline assumptions in April and October 2025.""], ""rbi_mpr_2025_10_p017_c002"": [""Compare the crude-oil baseline assumptions in April and October 2025.""], ""rbi_mpr_2025_10_p017_c003"": [""Compare the crude-oil baseline assumptions in April and October 2025.""], ""rbi_mpr_2025_10_p017_c004"": [""Compare the crude-oil baseline assumptions in April and October 2025.""], ""rbi_mpr_2025_10_p018_c000"": [""Compare the crude-oil baseline assumptions in April and October 2025.""], ""rbi_mpr_2025_10_p019_c002"": [""Compare the crude-oil baseline assumptions in April and October 2025.""], ""rbi_mpr_2025_10_p020_c000"": [""Compare the crude-oil baseline assumptions in April and October 2025.""], ""rbi_mpr_2025_10_p020_c001"": [""Compare the crude-oil baseline assumptions in April and October 2025.""], ""rbi_mpr_2025_10_p021_c000"": [""Compare the crude-oil baseline assumptions in April and October 2025.""], ""rbi_mpr_2025_10_p021_c002"": [""Compare the crude-oil baseline assumptions in April and October 2025.""], ""rbi_mpr_2025_10_p021_c003"": [""Compare the crude-oil baseline assumptions in April and October 2025.""], ""rbi_mpr_2025_10_p021_c004"": [""Compare the crude-oil baseline assumptions in April and October 2025.""], ""rbi_mpr_2025_10_p021_c005"": [""Compare the crude-oil baseline assumptions in April and October 2025.""], ""rbi_mpr_2025_10_p022_c000"": [""Compare the crude-oil baseline assumptions in April and October 2025.""], ""rbi_mpr_2025_10_p022_c001"": [""Compare the crude-oil baseline assumptions in April and October 2025.""], ""rbi_mpr_2025_10_p022_c002"": [""Compare the crude-oil baseline assumptions in April and October 2025.""], ""rbi_mpr_2025_10_p023_c000"": [""Compare the crude-oil baseline assumptions in April and October 2025.""], ""rbi_mpr_2025_10_p023_c001"": [""Compare the crude-oil baseline assumptions in April and October 2025.""], ""rbi_mpr_2025_10_p023_c002"": [""Compare the crude-oil baseline assumptions in April and October 2025.""], ""rbi_mpr_2025_10_p024_c000"": [""Compare the crude-oil baseline assumptions in April and October 2025.""], ""rbi_mpr_2025_10_p024_c001"": [""Compare the crude-oil baseline assumptions in April and October 2025.""], ""rbi_mpr_2025_10_p025_c001"": [""Compare the crude-oil baseline assumptions in April and October 2025.""], ""rbi_mpr_2025_10_p026_c003"": [""Compare the crude-oil baseline assumptions in April and October 2025.""], ""rbi_mpr_2025_10_p031_c000"": [""Compare the crude-oil baseline assumptions in April and October 2025.""], ""rbi_mpr_2025_10_p031_c002"": [""Compare the crude-oil baseline assumptions in April and October 2025.""], ""rbi_mpr_2025_10_p032_c000"": [""Compare the crude-oil baseline assumptions in April and October 2025.""], ""rbi_mpr_2025_10_p032_c001"": [""Compare the crude-oil baseline assumptions in April and October 2025.""], ""rbi_mpr_2025_10_p032_c002"": [""Compare the crude-oil baseline assumptions in April and October 2025.""], ""rbi_mpr_2025_10_p036_c002"": [""Compare the crude-oil baseline assumptions in April and October 2025.""], ""rbi_mpr_2025_10_p036_c003"": [""Compare the crude-oil baseline assumptions in April and October 2025.""], ""rbi_mpr_2025_10_p037_c000"": [""Compare the crude-oil baseline assumptions in April and October 2025.""], ""rbi_mpr_2025_10_p037_c001"": [""Compare the crude-oil baseline assumptions in April and October 2025.""], ""rbi_mpr_2025_10_p038_c000"": [""Compare the crude-oil baseline assumptions in April and October 2025.""], ""rbi_mpr_2025_10_p041_c003"": [""Compare the crude-oil baseline assumptions in April and October 2025.""], ""rbi_mpr_2025_10_p041_c004"": [""Compare the crude-oil baseline assumptions in April and October 2025.""], ""rbi_mpr_2025_10_p042_c002"": [""Compare the crude-oil baseline assumptions in April and October 2025.""], ""rbi_mpr_2025_10_p043_c002"": [""Compare the crude-oil baseline assumptions in April and October 2025.""], ""rbi_mpr_2025_10_p057_c001"": [""Compare the crude-oil baseline assumptions in April and October 2025.""], ""rbi_mpr_2025_10_p064_c000"": [""Compare the crude-oil baseline assumptions in April and October 2025.""], ""rbi_mpr_2025_10_p064_c005"": [""Compare the crude-oil baseline assumptions in April and October 2025.""], ""rbi_mpr_2025_10_p066_c000"": [""Compare the crude-oil baseline assumptions in April and October 2025.""], ""rbi_mpr_2025_10_p066_c001"": [""Compare the crude-oil baseline assumptions in April and October 2025.""], ""rbi_mpr_2025_10_p066_c002"": [""Compare the crude-oil baseline assumptions in April and October 2025.""], ""rbi_mpr_2025_10_p068_c000"": [""Compare the crude-oil baseline assumptions in April and October 2025.""], ""rbi_mpr_2025_10_p068_c004"": [""Compare the crude-oil baseline assumptions in April and October 2025.""], ""rbi_mpr_2025_10_p070_c001"": [""Compare the crude-oil baseline assumptions in April and October 2025.""], ""rbi_mpr_2025_10_p071_c001"": [""Compare the crude-oil baseline assumptions in April and October 2025.""], ""rbi_mpr_2025_10_p074_c000"": [""Compare the crude-oil baseline assumptions in April and October 2025.""], ""rbi_mpr_2025_10_p074_c003"": [""Compare the crude-oil baseline assumptions in April and October 2025.""], ""rbi_mpr_2025_10_p079_c000"": [""Compare the crude-oil baseline assumptions in April and October 2025.""], ""rbi_mpr_2025_10_p080_c001"": [""Compare the crude-oil baseline assumptions in April and October 2025.""], ""rbi_mpr_2025_10_p096_c004"": [""Compare the crude-oil baseline assumptions in April and October 2025.""], ""rbi_mpr_2025_10_p097_c003"": [""Compare the crude-oil baseline assumptions in April and October 2025.""], ""rbi_mpr_2025_10_p097_c004"": [""Compare the crude-oil baseline assumptions in April and October 2025.""], ""rbi_mpr_2025_10_p098_c002"": [""Compare the crude-oil baseline assumptions in April and October 2025.""], ""rbi_mpr_2025_10_p099_c000"": [""Compare the crude-oil baseline assumptions in April and October 2025.""], ""rbi_mpr_2025_10_p099_c002"": [""Compare the crude-oil baseline assumptions in April and October 2025.""], ""rbi_mpr_2025_10_p100_c001"": [""Compare the crude-oil baseline assumptions in April and October 2025.""], ""rbi_mpr_2025_10_p100_c002"": [""Compare the crude-oil baseline assumptions in April and October 2025.""], ""rbi_mpr_2025_10_p100_c003"": [""Compare the crude-oil baseline assumptions in April and October 2025.""], ""rbi_mpr_2025_10_p102_c000"": [""Compare the crude-oil baseline assumptions in April and October 2025.""], ""rbi_mpr_2025_10_p103_c000"": [""Compare the crude-oil baseline assumptions in April and October 2025.""], ""rbi_mpr_2025_10_p103_c001"": [""Compare the crude-oil baseline assumptions in April and October 2025.""], ""rbi_mpr_2025_10_p105_c000"": [""Compare the crude-oil baseline assumptions in April and October 2025.""], ""rbi_mpr_2025_10_p105_c003"": [""Compare the crude-oil baseline assumptions in April and October 2025.""], ""rbi_mpr_2025_10_p106_c000"": [""Compare the crude-oil baseline assumptions in April and October 2025.""]}, ""candidate_source_retriever"": {""rbi_mpr_2025_04_p011_c000"": [""bm25"", ""dense""], ""rbi_mpr_2025_04_p011_c002"": [""dense""], ""rbi_mpr_2025_04_p011_c003"": [""dense""], ""rbi_mpr_2025_04_p012_c000"": [""bm25""], ""rbi_mpr_2025_04_p012_c001"": [""dense""], ""rbi_mpr_2025_04_p013_c004"": [""dense""], ""rbi_mpr_2025_04_p014_c000"": [""bm25"", ""dense""], ""rbi_mpr_2025_04_p014_c001"": [""bm25"", ""dense""], ""rbi_mpr_2025_04_p014_c002"": [""dense""], ""rbi_mpr_2025_04_p014_c003"": [""bm25"", ""dense""], ""rbi_mpr_2025_04_p014_c004"": [""dense""], ""rbi_mpr_2025_04_p015_c000"": [""bm25"", ""dense""], ""rbi_mpr_2025_04_p015_c001"": [""bm25"", ""dense""], ""rbi_mpr_2025_04_p015_c002"": [""dense""], ""rbi_mpr_2025_04_p016_c002"": [""dense""], ""rbi_mpr_2025_04_p017_c002"": [""dense""], ""rbi_mpr_2025_04_p018_c000"": [""bm25""], ""rbi_mpr_2025_04_p018_c004"": [""dense""], ""rbi_mpr_2025_04_p019_c000"": [""dense""], ""rbi_mpr_2025_04_p019_c001"": [""dense""], ""rbi_mpr_2025_04_p019_c002"": [""dense""], ""rbi_mpr_2025_04_p019_c003"": [""bm25""], ""rbi_mpr_2025_04_p019_c004"": [""bm25""], ""rbi_mpr_2025_04_p020_c000"": [""bm25""], ""rbi_mpr_2025_04_p021_c000"": [""bm25"", ""dense""], ""rbi_mpr_2025_04_p021_c001"": [""bm25"", ""dense""], ""rbi_mpr_2025_04_p021_c003"": [""bm25"", ""dense""], ""rbi_mpr_2025_04_p021_c004"": [""bm25""], ""rbi_mpr_2025_04_p022_c000"": [""dense""], ""rbi_mpr_2025_04_p022_c001"": [""bm25"", ""dense""], ""rbi_mpr_2025_04_p022_c002"": [""dense""], ""rbi_mpr_2025_04_p022_c003"": [""dense""], ""rbi_mpr_2025_04_p023_c001"": [""bm25""], ""rbi_mpr_2025_04_p023_c002"": [""dense""], ""rbi_mpr_2025_04_p023_c003"": [""dense""], ""rbi_mpr_2025_04_p025_c000"": [""bm25""], ""rbi_mpr_2025_04_p025_c001"": [""bm25""], ""rbi_mpr_2025_04_p025_c003"": [""bm25"", ""dense""], ""rbi_mpr_2025_04_p025_c004"": [""dense""], ""rbi_mpr_2025_04_p027_c002"": [""bm25""], ""rbi_mpr_2025_04_p030_c000"": [""bm25""], ""rbi_mpr_2025_04_p030_c001"": [""bm25""], ""rbi_mpr_2025_04_p032_c000"": [""bm25"", ""dense""], ""rbi_mpr_2025_04_p034_c000"": [""bm25""], ""rbi_mpr_2025_04_p036_c000"": [""bm25"", ""dense""], ""rbi_mpr_2025_04_p036_c001"": [""dense""], ""rbi_mpr_2025_04_p036_c002"": [""bm25""], ""rbi_mpr_2025_04_p036_c003"": [""dense""], ""rbi_mpr_2025_04_p037_c000"": [""bm25""], ""rbi_mpr_2025_04_p039_c000"": [""dense""], ""rbi_mpr_2025_04_p039_c001"": [""bm25""], ""rbi_mpr_2025_04_p039_c002"": [""dense""], ""rbi_mpr_2025_04_p039_c003"": [""dense""], ""rbi_mpr_2025_04_p041_c000"": [""bm25""], ""rbi_mpr_2025_04_p042_c000"": [""bm25""], ""rbi_mpr_2025_04_p043_c001"": [""bm25""], ""rbi_mpr_2025_04_p048_c000"": [""bm25""], ""rbi_mpr_2025_04_p051_c001"": [""bm25""], ""rbi_mpr_2025_04_p068_c000"": [""bm25""], ""rbi_mpr_2025_04_p069_c003"": [""bm25""], ""rbi_mpr_2025_04_p069_c004"": [""bm25""], ""rbi_mpr_2025_04_p070_c000"": [""bm25""], ""rbi_mpr_2025_04_p078_c003"": [""dense""], ""rbi_mpr_2025_04_p083_c000"": [""bm25""], ""rbi_mpr_2025_04_p085_c001"": [""dense""], ""rbi_mpr_2025_04_p092_c000"": [""bm25""], ""rbi_mpr_2025_04_p098_c000"": [""bm25""], ""rbi_mpr_2025_04_p099_c002"": [""dense""], ""rbi_mpr_2025_04_p099_c003"": [""bm25""], ""rbi_mpr_2025_04_p099_c004"": [""bm25""], ""rbi_mpr_2025_04_p100_c000"": [""bm25""], ""rbi_mpr_2025_04_p101_c003"": [""dense""], ""rbi_mpr_2025_04_p103_c001"": [""dense""], ""rbi_mpr_2025_04_p103_c002"": [""bm25"", ""dense""], ""rbi_mpr_2025_04_p104_c000"": [""dense""], ""rbi_mpr_2025_04_p104_c002"": [""dense""], ""rbi_mpr_2025_04_p104_c003"": [""dense""], ""rbi_mpr_2025_04_p107_c000"": [""dense""], ""rbi_mpr_2025_04_p107_c002"": [""bm25""], ""rbi_mpr_2025_04_p108_c000"": [""bm25""], ""rbi_mpr_2025_04_p109_c000"": [""bm25""], ""rbi_mpr_2025_04_p109_c001"": [""bm25""], ""rbi_mpr_2025_04_p110_c000"": [""dense""], ""rbi_mpr_2025_04_p110_c001"": [""dense""], ""rbi_mpr_2025_04_p112_c000"": [""dense""], ""rbi_mpr_2025_04_p113_c001"": [""bm25""], ""rbi_mpr_2025_10_p009_c001"": [""dense""], ""rbi_mpr_2025_10_p009_c003"": [""dense""], ""rbi_mpr_2025_10_p009_c004"": [""dense""], ""rbi_mpr_2025_10_p009_c005"": [""bm25"", ""dense""], ""rbi_mpr_2025_10_p010_c000"": [""bm25""], ""rbi_mpr_2025_10_p010_c002"": [""bm25""], ""rbi_mpr_2025_10_p010_c003"": [""dense""], ""rbi_mpr_2025_10_p011_c000"": [""dense""], ""rbi_mpr_2025_10_p012_c000"": [""bm25"", ""dense""], ""rbi_mpr_2025_10_p012_c001"": [""bm25"", ""dense""], ""rbi_mpr_2025_10_p012_c002"": [""bm25"", ""dense""], ""rbi_mpr_2025_10_p012_c003"": [""dense""], ""rbi_mpr_2025_10_p012_c004"": [""dense""], ""rbi_mpr_2025_10_p013_c000"": [""bm25"", ""dense""], ""rbi_mpr_2025_10_p013_c003"": [""bm25"", ""dense""], ""rbi_mpr_2025_10_p013_c004"": [""bm25"", ""dense""], ""rbi_mpr_2025_10_p014_c000"": [""dense""], ""rbi_mpr_2025_10_p015_c002"": [""dense""], ""rbi_mpr_2025_10_p016_c002"": [""bm25""], ""rbi_mpr_2025_10_p017_c000"": [""bm25""], ""rbi_mpr_2025_10_p017_c002"": [""bm25""], ""rbi_mpr_2025_10_p017_c003"": [""bm25""], ""rbi_mpr_2025_10_p017_c004"": [""dense""], ""rbi_mpr_2025_10_p018_c000"": [""bm25""], ""rbi_mpr_2025_10_p019_c002"": [""bm25""], ""rbi_mpr_2025_10_p020_c000"": [""bm25"", ""dense""], ""rbi_mpr_2025_10_p020_c001"": [""bm25""], ""rbi_mpr_2025_10_p021_c000"": [""bm25"", ""dense""], ""rbi_mpr_2025_10_p021_c002"": [""dense""], ""rbi_mpr_2025_10_p021_c003"": [""dense""], ""rbi_mpr_2025_10_p021_c004"": [""bm25"", ""dense""], ""rbi_mpr_2025_10_p021_c005"": [""bm25""], ""rbi_mpr_2025_10_p022_c000"": [""dense""], ""rbi_mpr_2025_10_p022_c001"": [""dense""], ""rbi_mpr_2025_10_p022_c002"": [""dense""], ""rbi_mpr_2025_10_p023_c000"": [""bm25""], ""rbi_mpr_2025_10_p023_c001"": [""bm25""], ""rbi_mpr_2025_10_p023_c002"": [""bm25""], ""rbi_mpr_2025_10_p024_c000"": [""bm25""], ""rbi_mpr_2025_10_p024_c001"": [""bm25""], ""rbi_mpr_2025_10_p025_c001"": [""bm25""], ""rbi_mpr_2025_10_p026_c003"": [""dense""], ""rbi_mpr_2025_10_p031_c000"": [""dense""], ""rbi_mpr_2025_10_p031_c002"": [""dense""], ""rbi_mpr_2025_10_p032_c000"": [""bm25"", ""dense""], ""rbi_mpr_2025_10_p032_c001"": [""dense""], ""rbi_mpr_2025_10_p032_c002"": [""dense""], ""rbi_mpr_2025_10_p036_c002"": [""bm25""], ""rbi_mpr_2025_10_p036_c003"": [""bm25""], ""rbi_mpr_2025_10_p037_c000"": [""dense""], ""rbi_mpr_2025_10_p037_c001"": [""dense""], ""rbi_mpr_2025_10_p038_c000"": [""bm25""], ""rbi_mpr_2025_10_p041_c003"": [""dense""], ""rbi_mpr_2025_10_p041_c004"": [""dense""], ""rbi_mpr_2025_10_p042_c002"": [""dense""], ""rbi_mpr_2025_10_p043_c002"": [""bm25""], ""rbi_mpr_2025_10_p057_c001"": [""dense""], ""rbi_mpr_2025_10_p064_c000"": [""bm25""], ""rbi_mpr_2025_10_p064_c005"": [""bm25""], ""rbi_mpr_2025_10_p066_c000"": [""bm25""], ""rbi_mpr_2025_10_p066_c001"": [""bm25""], ""rbi_mpr_2025_10_p066_c002"": [""bm25""], ""rbi_mpr_2025_10_p068_c000"": [""bm25""], ""rbi_mpr_2025_10_p068_c004"": [""dense""], ""rbi_mpr_2025_10_p070_c001"": [""bm25""], ""rbi_mpr_2025_10_p071_c001"": [""bm25""], ""rbi_mpr_2025_10_p074_c000"": [""bm25"", ""dense""], ""rbi_mpr_2025_10_p074_c003"": [""dense""], ""rbi_mpr_2025_10_p079_c000"": [""bm25""], ""rbi_mpr_2025_10_p080_c001"": [""bm25"", ""dense""], ""rbi_mpr_2025_10_p096_c004"": [""dense""], ""rbi_mpr_2025_10_p097_c003"": [""bm25"", ""dense""], ""rbi_mpr_2025_10_p097_c004"": [""bm25""], ""rbi_mpr_2025_10_p098_c002"": [""dense""], ""rbi_mpr_2025_10_p099_c000"": [""bm25"", ""dense""], ""rbi_mpr_2025_10_p099_c002"": [""dense""], ""rbi_mpr_2025_10_p100_c001"": [""dense""], ""rbi_mpr_2025_10_p100_c002"": [""dense""], ""rbi_mpr_2025_10_p100_c003"": [""dense""], ""rbi_mpr_2025_10_p102_c000"": [""bm25""], ""rbi_mpr_2025_10_p103_c000"": [""dense""], ""rbi_mpr_2025_10_p103_c001"": [""bm25""], ""rbi_mpr_2025_10_p105_c000"": [""bm25""], ""rbi_mpr_2025_10_p105_c003"": [""bm25""], ""rbi_mpr_2025_10_p106_c000"": [""bm25""]}, ""candidate_union_ids"": [""rbi_mpr_2025_04_p022_c000"", ""rbi_mpr_2025_04_p011_c003"", ""rbi_mpr_2025_04_p014_c000"", ""rbi_mpr_2025_04_p014_c003"", ""rbi_mpr_2025_04_p022_c001"", ""rbi_mpr_2025_04_p014_c004"", ""rbi_mpr_2025_04_p023_c003"", ""rbi_mpr_2025_04_p014_c001"", ""rbi_mpr_2025_04_p014_c002"", ""rbi_mpr_2025_04_p078_c003"", ""rbi_mpr_2025_04_p104_c003"", ""rbi_mpr_2025_04_p022_c003"", ""rbi_mpr_2025_04_p036_c000"", ""rbi_mpr_2025_04_p013_c004"", ""rbi_mpr_2025_04_p104_c000"", ""rbi_mpr_2025_04_p103_c002"", ""rbi_mpr_2025_04_p019_c000"", ""rbi_mpr_2025_04_p015_c001"", ""rbi_mpr_2025_04_p015_c000"", ""rbi_mpr_2025_04_p018_c004"", ""rbi_mpr_2025_04_p110_c000"", ""rbi_mpr_2025_04_p022_c002"", ""rbi_mpr_2025_04_p017_c002"", ""rbi_mpr_2025_04_p015_c002"", ""rbi_mpr_2025_04_p021_c000"", ""rbi_mpr_2025_04_p021_c003"", ""rbi_mpr_2025_04_p025_c003"", ""rbi_mpr_2025_04_p011_c000"", ""rbi_mpr_2025_04_p039_c003"", ""rbi_mpr_2025_04_p025_c004"", ""rbi_mpr_2025_04_p021_c001"", ""rbi_mpr_2025_04_p036_c003"", ""rbi_mpr_2025_04_p103_c001"", ""rbi_mpr_2025_04_p101_c003"", ""rbi_mpr_2025_04_p016_c002"", ""rbi_mpr_2025_04_p011_c002"", ""rbi_mpr_2025_04_p112_c000"", ""rbi_mpr_2025_04_p032_c000"", ""rbi_mpr_2025_04_p019_c002"", ""rbi_mpr_2025_04_p110_c001"", ""rbi_mpr_2025_04_p104_c002"", ""rbi_mpr_2025_04_p039_c002"", ""rbi_mpr_2025_04_p107_c000"", ""rbi_mpr_2025_04_p085_c001"", ""rbi_mpr_2025_04_p012_c001"", ""rbi_mpr_2025_04_p039_c000"", ""rbi_mpr_2025_04_p019_c001"", ""rbi_mpr_2025_04_p099_c002"", ""rbi_mpr_2025_04_p023_c002"", ""rbi_mpr_2025_04_p036_c001"", ""rbi_mpr_2025_04_p021_c004"", ""rbi_mpr_2025_04_p019_c003"", ""rbi_mpr_2025_04_p019_c004"", ""rbi_mpr_2025_04_p020_c000"", ""rbi_mpr_2025_04_p012_c000"", ""rbi_mpr_2025_04_p069_c004"", ""rbi_mpr_2025_04_p023_c001"", ""rbi_mpr_2025_04_p025_c000"", ""rbi_mpr_2025_04_p018_c000"", ""rbi_mpr_2025_04_p030_c001"", ""rbi_mpr_2025_04_p041_c000"", ""rbi_mpr_2025_04_p025_c001"", ""rbi_mpr_2025_04_p068_c000"", ""rbi_mpr_2025_04_p099_c003"", ""rbi_mpr_2025_04_p099_c004"", ""rbi_mpr_2025_04_p043_c001"", ""rbi_mpr_2025_04_p083_c000"", ""rbi_mpr_2025_04_p070_c000"", ""rbi_mpr_2025_04_p034_c000"", ""rbi_mpr_2025_04_p030_c000"", ""rbi_mpr_2025_04_p098_c000"", ""rbi_mpr_2025_04_p039_c001"", ""rbi_mpr_2025_04_p048_c000"", ""rbi_mpr_2025_04_p092_c000"", ""rbi_mpr_2025_04_p036_c002"", ""rbi_mpr_2025_04_p107_c002"", ""rbi_mpr_2025_04_p113_c001"", ""rbi_mpr_2025_04_p108_c000"", ""rbi_mpr_2025_04_p042_c000"", ""rbi_mpr_2025_04_p037_c000"", ""rbi_mpr_2025_04_p069_c003"", ""rbi_mpr_2025_04_p109_c000"", ""rbi_mpr_2025_04_p051_c001"", ""rbi_mpr_2025_04_p027_c002"", ""rbi_mpr_2025_04_p100_c000"", ""rbi_mpr_2025_04_p109_c001""], ""candidate_union_pages"": [22, 11, 14, 14, 22, 14, 23, 14, 14, 78, 104, 22, 36, 13, 104, 103, 19, 15, 15, 18, 110, 22, 17, 15, 21, 21, 25, 11, 39, 25, 21, 36, 103, 101, 16, 11, 112, 32, 19, 110, 104, 39, 107, 85, 12, 39, 19, 99, 23, 36, 21, 19, 19, 20, 12, 69, 23, 25, 18, 30, 41, 25, 68, 99, 99, 43, 83, 70, 34, 30, 98, 39, 48, 92, 36, 107, 113, 108, 42, 37, 69, 109, 51, 27, 100, 109], ""dense_candidate_ids"": [""rbi_mpr_2025_04_p022_c000"", ""rbi_mpr_2025_04_p011_c003"", ""rbi_mpr_2025_04_p014_c000"", ""rbi_mpr_2025_04_p014_c003"", ""rbi_mpr_2025_04_p022_c001"", ""rbi_mpr_2025_04_p014_c004"", ""rbi_mpr_2025_04_p023_c003"", ""rbi_mpr_2025_04_p014_c001"", ""rbi_mpr_2025_04_p014_c002"", ""rbi_mpr_2025_04_p078_c003"", ""rbi_mpr_2025_04_p104_c003"", ""rbi_mpr_2025_04_p022_c003"", ""rbi_mpr_2025_04_p036_c000"", ""rbi_mpr_2025_04_p013_c004"", ""rbi_mpr_2025_04_p104_c000"", ""rbi_mpr_2025_04_p103_c002"", ""rbi_mpr_2025_04_p019_c000"", ""rbi_mpr_2025_04_p015_c001"", ""rbi_mpr_2025_04_p015_c000"", ""rbi_mpr_2025_04_p018_c004"", ""rbi_mpr_2025_04_p110_c000"", ""rbi_mpr_2025_04_p022_c002"", ""rbi_mpr_2025_04_p017_c002"", ""rbi_mpr_2025_04_p015_c002"", ""rbi_mpr_2025_04_p021_c000"", ""rbi_mpr_2025_04_p021_c003"", ""rbi_mpr_2025_04_p025_c003"", ""rbi_mpr_2025_04_p011_c000"", ""rbi_mpr_2025_04_p039_c003"", ""rbi_mpr_2025_04_p025_c004"", ""rbi_mpr_2025_04_p021_c001"", ""rbi_mpr_2025_04_p036_c003"", ""rbi_mpr_2025_04_p103_c001"", ""rbi_mpr_2025_04_p101_c003"", ""rbi_mpr_2025_04_p016_c002"", ""rbi_mpr_2025_04_p011_c002"", ""rbi_mpr_2025_04_p112_c000"", ""rbi_mpr_2025_04_p032_c000"", ""rbi_mpr_2025_04_p019_c002"", ""rbi_mpr_2025_04_p110_c001"", ""rbi_mpr_2025_04_p104_c002"", ""rbi_mpr_2025_04_p039_c002"", ""rbi_mpr_2025_04_p107_c000"", ""rbi_mpr_2025_04_p085_c001"", ""rbi_mpr_2025_04_p012_c001"", ""rbi_mpr_2025_04_p039_c000"", ""rbi_mpr_2025_04_p019_c001"", ""rbi_mpr_2025_04_p099_c002"", ""rbi_mpr_2025_04_p023_c002"", ""rbi_mpr_2025_04_p036_c001""], ""dense_candidate_pages"": [22, 11, 14, 14, 22, 14, 23, 14, 14, 78, 104, 22, 36, 13, 104, 103, 19, 15, 15, 18, 110, 22, 17, 15, 21, 21, 25, 11, 39, 25, 21, 36, 103, 101, 16, 11, 112, 32, 19, 110, 104, 39, 107, 85, 12, 39, 19, 99, 23, 36], ""dense_candidate_scores"": [0.5250014348001009, 0.4830495997572668, 0.46242554520064283, 0.45101816347638135, 0.4160619466430824, 0.40380825620072214, 0.364088686842419, 0.3635335285538335, 0.34059662353832576, 0.3271425908503752, 0.3184192468798329, 0.3158663279718311, 0.30495547826987635, 0.29201487849048546, 0.29142473831763593, 0.2679475107042186, 0.24236041185434587, 0.2403091247373207, 0.23805645997811042, 0.23240128013861572, 0.21006935098663337, 0.20884616514915022, 0.20785824302005484, 0.2052099036470243, 0.20280525735208377, 0.20267569793976126, 0.19244160018434597, 0.1909035773884864, 0.1891474025047345, 0.18552395364455598, 0.18211444218741868, 0.17891971107029292, 0.1776469605389609, 0.1757108186120675, 0.17009770132738655, 0.16977763815979485, 0.16929404521998082, 0.1691542862703187, 0.1646998701448994, 0.16432400454987928, 0.1605189027726187, 0.16015542835106078, 0.15485706373105923, 0.1532484028170954, 0.14765484167012366, 0.14752519796410413, 0.14509163893108512, 0.14492878350843896, 0.14438188600216162, 0.14188156636110139], ""dense_first_evidence_rank"": 3, ""evidence_rank_after_reranking"": 1, ""evidence_rank_before_reranking"": 1, ""expected_evidence"": [""US$ 70 per barrel during 2025-26""], ""loss_stage"": ""evidence_found"", ""report_id"": ""rbi_mpr_2025_04"", ""reranker_input_ids"": [""rbi_mpr_2025_04_p014_c001"", ""rbi_mpr_2025_04_p014_c000"", ""rbi_mpr_2025_04_p014_c003"", ""rbi_mpr_2025_04_p021_c000"", ""rbi_mpr_2025_04_p015_c000"", ""rbi_mpr_2025_04_p022_c001"", ""rbi_mpr_2025_04_p021_c003"", ""rbi_mpr_2025_04_p021_c001"", ""rbi_mpr_2025_04_p036_c000"", ""rbi_mpr_2025_04_p015_c001"", ""rbi_mpr_2025_04_p103_c002"", ""rbi_mpr_2025_04_p011_c000"", ""rbi_mpr_2025_04_p025_c003"", ""rbi_mpr_2025_04_p032_c000"", ""rbi_mpr_2025_04_p022_c000"", ""rbi_mpr_2025_04_p011_c003"", ""rbi_mpr_2025_04_p021_c004"", ""rbi_mpr_2025_04_p019_c003"", ""rbi_mpr_2025_04_p014_c004"", ""rbi_mpr_2025_04_p019_c004"", ""rbi_mpr_2025_04_p023_c003"", ""rbi_mpr_2025_04_p014_c002"", ""rbi_mpr_2025_04_p020_c000"", ""rbi_mpr_2025_04_p078_c003"", ""rbi_mpr_2025_04_p012_c000"", ""rbi_mpr_2025_04_p104_c003"", ""rbi_mpr_2025_04_p069_c004"", ""rbi_mpr_2025_04_p022_c003"", ""rbi_mpr_2025_04_p023_c001"", ""rbi_mpr_2025_04_p025_c000""], ""reranker_input_pages"": [14, 14, 14, 21, 15, 22, 21, 21, 36, 15, 103, 11, 25, 32, 22, 11, 21, 19, 14, 19, 23, 14, 20, 78, 12, 104, 69, 22, 23, 25], ""reranker_input_ranks"": [1, 2, 3, 4, 5, 6, 7, 8, 9, 10, 11, 12, 13, 14, 15, 16, 17, 18, 19, 20, 21, 22, 23, 24, 25, 26, 27, 28, 29, 30], ""reranker_output_ids"": [""rbi_mpr_2025_04_p014_c001"", ""rbi_mpr_2025_04_p022_c000"", ""rbi_mpr_2025_04_p014_c000"", ""rbi_mpr_2025_04_p015_c000"", ""rbi_mpr_2025_04_p020_c000"", ""rbi_mpr_2025_04_p014_c003"", ""rbi_mpr_2025_04_p022_c001"", ""rbi_mpr_2025_04_p103_c002"", ""rbi_mpr_2025_04_p036_c000"", ""rbi_mpr_2025_04_p032_c000"", ""rbi_mpr_2025_04_p023_c001"", ""rbi_mpr_2025_04_p012_c000"", ""rbi_mpr_2025_04_p023_c003"", ""rbi_mpr_2025_04_p021_c001"", ""rbi_mpr_2025_04_p022_c003"", ""rbi_mpr_2025_04_p011_c003"", ""rbi_mpr_2025_04_p019_c004"", ""rbi_mpr_2025_04_p014_c004"", ""rbi_mpr_2025_04_p015_c001"", ""rbi_mpr_2025_04_p025_c003"", ""rbi_mpr_2025_04_p014_c002"", ""rbi_mpr_2025_04_p025_c000"", ""rbi_mpr_2025_04_p021_c004"", ""rbi_mpr_2025_04_p019_c003"", ""rbi_mpr_2025_04_p069_c004"", ""rbi_mpr_2025_04_p011_c000"", ""rbi_mpr_2025_04_p104_c003"", ""rbi_mpr_2025_04_p021_c003"", ""rbi_mpr_2025_04_p078_c003"", ""rbi_mpr_2025_04_p021_c000""], ""reranker_output_pages"": [14, 22, 14, 15, 20, 14, 22, 103, 36, 32, 23, 12, 23, 21, 22, 11, 19, 14, 15, 25, 14, 25, 21, 19, 69, 11, 104, 21, 78, 21], ""reranker_scores"": [6.813275337219238, 5.174882888793945, 4.239805221557617, 4.2120561599731445, 3.5015084743499756, 3.3776302337646484, 2.623666763305664, 2.3780035972595215, 1.2000279426574707, 0.878507673740387, 0.18240122497081757, 0.11878643929958344, -0.40102288126945496, -0.7303299903869629, -0.9166239500045776, -1.0724648237228394, -1.1023294925689697, -1.2018673419952393, -1.4128596782684326, -1.664353370666504, -1.9868377447128296, -2.8096585273742676, -3.0788774490356445, -3.203721523284912, -3.9594924449920654, -4.477259635925293, -5.053835868835449, -5.079701900482178, -5.365029335021973, -5.673682689666748], ""rrf_candidate_ids"": [""rbi_mpr_2025_04_p014_c001"", ""rbi_mpr_2025_04_p014_c000"", ""rbi_mpr_2025_04_p014_c003"", ""rbi_mpr_2025_04_p021_c000"", ""rbi_mpr_2025_04_p015_c000"", ""rbi_mpr_2025_04_p022_c001"", ""rbi_mpr_2025_04_p021_c003"", ""rbi_mpr_2025_04_p021_c001"", ""rbi_mpr_2025_04_p036_c000"", ""rbi_mpr_2025_04_p015_c001"", ""rbi_mpr_2025_04_p103_c002"", ""rbi_mpr_2025_04_p011_c000"", ""rbi_mpr_2025_04_p025_c003"", ""rbi_mpr_2025_04_p032_c000"", ""rbi_mpr_2025_04_p022_c000"", ""rbi_mpr_2025_04_p011_c003"", ""rbi_mpr_2025_04_p021_c004"", ""rbi_mpr_2025_04_p019_c003"", ""rbi_mpr_2025_04_p014_c004"", ""rbi_mpr_2025_04_p019_c004"", ""rbi_mpr_2025_04_p023_c003"", ""rbi_mpr_2025_04_p014_c002"", ""rbi_mpr_2025_04_p020_c000"", ""rbi_mpr_2025_04_p078_c003"", ""rbi_mpr_2025_04_p012_c000"", ""rbi_mpr_2025_04_p104_c003"", ""rbi_mpr_2025_04_p069_c004"", ""rbi_mpr_2025_04_p022_c003"", ""rbi_mpr_2025_04_p023_c001"", ""rbi_mpr_2025_04_p025_c000""], ""rrf_candidate_pages"": [14, 14, 14, 21, 15, 22, 21, 21, 36, 15, 103, 11, 25, 32, 22, 11, 21, 19, 14, 19, 23, 14, 20, 78, 12, 104, 69, 22, 23, 25], ""rrf_first_evidence_rank"": 1, ""rrf_scores"": [0.029411764705882353, 0.02886002886002886, 0.028782894736842105, 0.02815814850530376, 0.027583600982429624, 0.027579737335834898, 0.027500922849760058, 0.027118043247075507, 0.024336928009326728, 0.024184149184149184, 0.024146905725853096, 0.023709315375982042, 0.022988505747126436, 0.020620748299319726, 0.01639344262295082, 0.016129032258064516, 0.015625, 0.015384615384615385, 0.015151515151515152, 0.015151515151515152, 0.014925373134328358, 0.014492753623188406, 0.014492753623188406, 0.014285714285714285, 0.014285714285714285, 0.014084507042253521, 0.014084507042253521, 0.013888888888888888, 0.013888888888888888, 0.0136986301369863], ""selected_chunk_ids_after_dedup"": [""rbi_mpr_2025_04_p014_c001"", ""rbi_mpr_2025_04_p022_c000"", ""rbi_mpr_2025_04_p014_c000""], ""selected_chunk_ids_before_dedup"": [""rbi_mpr_2025_04_p014_c001"", ""rbi_mpr_2025_04_p022_c000"", ""rbi_mpr_2025_04_p014_c000""], ""selected_pages"": [14, 22, 14]}, ""rbi_mpr_2025_10"": {""accepted_evidence_found"": true, ""accepted_pages"": [12], ""bm25_candidate_ids"": [""rbi_mpr_2025_10_p020_c000"", ""rbi_mpr_2025_10_p021_c000"", ""rbi_mpr_2025_10_p021_c004"", ""rbi_mpr_2025_10_p020_c001"", ""rbi_mpr_2025_10_p021_c005"", ""rbi_mpr_2025_10_p066_c000"", ""rbi_mpr_2025_10_p013_c000"", ""rbi_mpr_2025_10_p012_c000"", ""rbi_mpr_2025_10_p068_c000"", ""rbi_mpr_2025_10_p032_c000"", ""rbi_mpr_2025_10_p010_c000"", ""rbi_mpr_2025_10_p017_c003"", ""rbi_mpr_2025_10_p016_c002"", ""rbi_mpr_2025_10_p099_c000"", ""rbi_mpr_2025_10_p074_c000"", ""rbi_mpr_2025_10_p024_c001"", ""rbi_mpr_2025_10_p038_c000"", ""rbi_mpr_2025_10_p080_c001"", ""rbi_mpr_2025_10_p066_c001"", ""rbi_mpr_2025_10_p013_c004"", ""rbi_mpr_2025_10_p097_c004"", ""rbi_mpr_2025_10_p017_c000"", ""rbi_mpr_2025_10_p070_c001"", ""rbi_mpr_2025_10_p102_c000"", ""rbi_mpr_2025_10_p071_c001"", ""rbi_mpr_2025_10_p025_c001"", ""rbi_mpr_2025_10_p105_c003"", ""rbi_mpr_2025_10_p036_c003"", ""rbi_mpr_2025_10_p066_c002"", ""rbi_mpr_2025_10_p019_c002"", ""rbi_mpr_2025_10_p105_c000"", ""rbi_mpr_2025_10_p023_c000"", ""rbi_mpr_2025_10_p023_c001"", ""rbi_mpr_2025_10_p024_c000"", ""rbi_mpr_2025_10_p097_c003"", ""rbi_mpr_2025_10_p023_c002"", ""rbi_mpr_2025_10_p106_c000"", ""rbi_mpr_2025_10_p009_c005"", ""rbi_mpr_2025_10_p036_c002"", ""rbi_mpr_2025_10_p018_c000"", ""rbi_mpr_2025_10_p012_c001"", ""rbi_mpr_2025_10_p012_c002"", ""rbi_mpr_2025_10_p064_c005"", ""rbi_mpr_2025_10_p017_c002"", ""rbi_mpr_2025_10_p010_c002"", ""rbi_mpr_2025_10_p013_c003"", ""rbi_mpr_2025_10_p064_c000"", ""rbi_mpr_2025_10_p043_c002"", ""rbi_mpr_2025_10_p079_c000"", ""rbi_mpr_2025_10_p103_c001""], ""bm25_candidate_pages"": [20, 21, 21, 20, 21, 66, 13, 12, 68, 32, 10, 17, 16, 99, 74, 24, 38, 80, 66, 13, 97, 17, 70, 102, 71, 25, 105, 36, 66, 19, 105, 23, 23, 24, 97, 23, 106, 9, 36, 18, 12, 12, 64, 17, 10, 13, 64, 43, 79, 103], ""bm25_candidate_scores"": [null, null, null, null, null, null, null, null, null, null, null, null, null, null, null, null, null, null, null, null, null, null, null, null, null, null, null, null, null, null, null, null, null, null, null, null, null, null, null, null, null, null, null, null, null, null, null, null, null, null], ""bm25_first_evidence_rank"": 8, ""candidate_source_expansion"": {""rbi_mpr_2025_04_p011_c000"": [], ""rbi_mpr_2025_04_p011_c002"": [], ""rbi_mpr_2025_04_p011_c003"": [], ""rbi_mpr_2025_04_p012_c000"": [], ""rbi_mpr_2025_04_p012_c001"": [], ""rbi_mpr_2025_04_p013_c004"": [], ""rbi_mpr_2025_04_p014_c000"": [], ""rbi_mpr_2025_04_p014_c001"": [], ""rbi_mpr_2025_04_p014_c002"": [], ""rbi_mpr_2025_04_p014_c003"": [], ""rbi_mpr_2025_04_p014_c004"": [], ""rbi_mpr_2025_04_p015_c000"": [], ""rbi_mpr_2025_04_p015_c001"": [], ""rbi_mpr_2025_04_p015_c002"": [], ""rbi_mpr_2025_04_p016_c002"": [], ""rbi_mpr_2025_04_p017_c002"": [], ""rbi_mpr_2025_04_p018_c000"": [], ""rbi_mpr_2025_04_p018_c004"": [], ""rbi_mpr_2025_04_p019_c000"": [], ""rbi_mpr_2025_04_p019_c001"": [], ""rbi_mpr_2025_04_p019_c002"": [], ""rbi_mpr_2025_04_p019_c003"": [], ""rbi_mpr_2025_04_p019_c004"": [], ""rbi_mpr_2025_04_p020_c000"": [], ""rbi_mpr_2025_04_p021_c000"": [], ""rbi_mpr_2025_04_p021_c001"": [], ""rbi_mpr_2025_04_p021_c003"": [], ""rbi_mpr_2025_04_p021_c004"": [], ""rbi_mpr_2025_04_p022_c000"": [], ""rbi_mpr_2025_04_p022_c001"": [], ""rbi_mpr_2025_04_p022_c002"": [], ""rbi_mpr_2025_04_p022_c003"": [], ""rbi_mpr_2025_04_p023_c001"": [], ""rbi_mpr_2025_04_p023_c002"": [], ""rbi_mpr_2025_04_p023_c003"": [], ""rbi_mpr_2025_04_p025_c000"": [], ""rbi_mpr_2025_04_p025_c001"": [], ""rbi_mpr_2025_04_p025_c003"": [], ""rbi_mpr_2025_04_p025_c004"": [], ""rbi_mpr_2025_04_p027_c002"": [], ""rbi_mpr_2025_04_p030_c000"": [], ""rbi_mpr_2025_04_p030_c001"": [], ""rbi_mpr_2025_04_p032_c000"": [], ""rbi_mpr_2025_04_p034_c000"": [], ""rbi_mpr_2025_04_p036_c000"": [], ""rbi_mpr_2025_04_p036_c001"": [], ""rbi_mpr_2025_04_p036_c002"": [], ""rbi_mpr_2025_04_p036_c003"": [], ""rbi_mpr_2025_04_p037_c000"": [], ""rbi_mpr_2025_04_p039_c000"": [], ""rbi_mpr_2025_04_p039_c001"": [], ""rbi_mpr_2025_04_p039_c002"": [], ""rbi_mpr_2025_04_p039_c003"": [], ""rbi_mpr_2025_04_p041_c000"": [], ""rbi_mpr_2025_04_p042_c000"": [], ""rbi_mpr_2025_04_p043_c001"": [], ""rbi_mpr_2025_04_p048_c000"": [], ""rbi_mpr_2025_04_p051_c001"": [], ""rbi_mpr_2025_04_p068_c000"": [], ""rbi_mpr_2025_04_p069_c003"": [], ""rbi_mpr_2025_04_p069_c004"": [], ""rbi_mpr_2025_04_p070_c000"": [], ""rbi_mpr_2025_04_p078_c003"": [], ""rbi_mpr_2025_04_p083_c000"": [], ""rbi_mpr_2025_04_p085_c001"": [], ""rbi_mpr_2025_04_p092_c000"": [], ""rbi_mpr_2025_04_p098_c000"": [], ""rbi_mpr_2025_04_p099_c002"": [], ""rbi_mpr_2025_04_p099_c003"": [], ""rbi_mpr_2025_04_p099_c004"": [], ""rbi_mpr_2025_04_p100_c000"": [], ""rbi_mpr_2025_04_p101_c003"": [], ""rbi_mpr_2025_04_p103_c001"": [], ""rbi_mpr_2025_04_p103_c002"": [], ""rbi_mpr_2025_04_p104_c000"": [], ""rbi_mpr_2025_04_p104_c002"": [], ""rbi_mpr_2025_04_p104_c003"": [], ""rbi_mpr_2025_04_p107_c000"": [], ""rbi_mpr_2025_04_p107_c002"": [], ""rbi_mpr_2025_04_p108_c000"": [], ""rbi_mpr_2025_04_p109_c000"": [], ""rbi_mpr_2025_04_p109_c001"": [], ""rbi_mpr_2025_04_p110_c000"": [], ""rbi_mpr_2025_04_p110_c001"": [], ""rbi_mpr_2025_04_p112_c000"": [], ""rbi_mpr_2025_04_p113_c001"": [], ""rbi_mpr_2025_10_p009_c001"": [], ""rbi_mpr_2025_10_p009_c003"": [], ""rbi_mpr_2025_10_p009_c004"": [], ""rbi_mpr_2025_10_p009_c005"": [], ""rbi_mpr_2025_10_p010_c000"": [], ""rbi_mpr_2025_10_p010_c002"": [], ""rbi_mpr_2025_10_p010_c003"": [], ""rbi_mpr_2025_10_p011_c000"": [], ""rbi_mpr_2025_10_p012_c000"": [], ""rbi_mpr_2025_10_p012_c001"": [], ""rbi_mpr_2025_10_p012_c002"": [], ""rbi_mpr_2025_10_p012_c003"": [], ""rbi_mpr_2025_10_p012_c004"": [], ""rbi_mpr_2025_10_p013_c000"": [], ""rbi_mpr_2025_10_p013_c003"": [], ""rbi_mpr_2025_10_p013_c004"": [], ""rbi_mpr_2025_10_p014_c000"": [], ""rbi_mpr_2025_10_p015_c002"": [], ""rbi_mpr_2025_10_p016_c002"": [], ""rbi_mpr_2025_10_p017_c000"": [], ""rbi_mpr_2025_10_p017_c002"": [], ""rbi_mpr_2025_10_p017_c003"": [], ""rbi_mpr_2025_10_p017_c004"": [], ""rbi_mpr_2025_10_p018_c000"": [], ""rbi_mpr_2025_10_p019_c002"": [], ""rbi_mpr_2025_10_p020_c000"": [], ""rbi_mpr_2025_10_p020_c001"": [], ""rbi_mpr_2025_10_p021_c000"": [], ""rbi_mpr_2025_10_p021_c002"": [], ""rbi_mpr_2025_10_p021_c003"": [], ""rbi_mpr_2025_10_p021_c004"": [], ""rbi_mpr_2025_10_p021_c005"": [], ""rbi_mpr_2025_10_p022_c000"": [], ""rbi_mpr_2025_10_p022_c001"": [], ""rbi_mpr_2025_10_p022_c002"": [], ""rbi_mpr_2025_10_p023_c000"": [], ""rbi_mpr_2025_10_p023_c001"": [], ""rbi_mpr_2025_10_p023_c002"": [], ""rbi_mpr_2025_10_p024_c000"": [], ""rbi_mpr_2025_10_p024_c001"": [], ""rbi_mpr_2025_10_p025_c001"": [], ""rbi_mpr_2025_10_p026_c003"": [], ""rbi_mpr_2025_10_p031_c000"": [], ""rbi_mpr_2025_10_p031_c002"": [], ""rbi_mpr_2025_10_p032_c000"": [], ""rbi_mpr_2025_10_p032_c001"": [], ""rbi_mpr_2025_10_p032_c002"": [], ""rbi_mpr_2025_10_p036_c002"": [], ""rbi_mpr_2025_10_p036_c003"": [], ""rbi_mpr_2025_10_p037_c000"": [], ""rbi_mpr_2025_10_p037_c001"": [], ""rbi_mpr_2025_10_p038_c000"": [], ""rbi_mpr_2025_10_p041_c003"": [], ""rbi_mpr_2025_10_p041_c004"": [], ""rbi_mpr_2025_10_p042_c002"": [], ""rbi_mpr_2025_10_p043_c002"": [], ""rbi_mpr_2025_10_p057_c001"": [], ""rbi_mpr_2025_10_p064_c000"": [], ""rbi_mpr_2025_10_p064_c005"": [], ""rbi_mpr_2025_10_p066_c000"": [], ""rbi_mpr_2025_10_p066_c001"": [], ""rbi_mpr_2025_10_p066_c002"": [], ""rbi_mpr_2025_10_p068_c000"": [], ""rbi_mpr_2025_10_p068_c004"": [], ""rbi_mpr_2025_10_p070_c001"": [], ""rbi_mpr_2025_10_p071_c001"": [], ""rbi_mpr_2025_10_p074_c000"": [], ""rbi_mpr_2025_10_p074_c003"": [], ""rbi_mpr_2025_10_p079_c000"": [], ""rbi_mpr_2025_10_p080_c001"": [], ""rbi_mpr_2025_10_p096_c004"": [], ""rbi_mpr_2025_10_p097_c003"": [], ""rbi_mpr_2025_10_p097_c004"": [], ""rbi_mpr_2025_10_p098_c002"": [], ""rbi_mpr_2025_10_p099_c000"": [], ""rbi_mpr_2025_10_p099_c002"": [], ""rbi_mpr_2025_10_p100_c001"": [], ""rbi_mpr_2025_10_p100_c002"": [], ""rbi_mpr_2025_10_p100_c003"": [], ""rbi_mpr_2025_10_p102_c000"": [], ""rbi_mpr_2025_10_p103_c000"": [], ""rbi_mpr_2025_10_p103_c001"": [], ""rbi_mpr_2025_10_p105_c000"": [], ""rbi_mpr_2025_10_p105_c003"": [], ""rbi_mpr_2025_10_p106_c000"": []}, ""candidate_source_facet"": {""rbi_mpr_2025_04_p011_c000"": [], ""rbi_mpr_2025_04_p011_c002"": [], ""rbi_mpr_2025_04_p011_c003"": [], ""rbi_mpr_2025_04_p012_c000"": [], ""rbi_mpr_2025_04_p012_c001"": [], ""rbi_mpr_2025_04_p013_c004"": [], ""rbi_mpr_2025_04_p014_c000"": [], ""rbi_mpr_2025_04_p014_c001"": [], ""rbi_mpr_2025_04_p014_c002"": [], ""rbi_mpr_2025_04_p014_c003"": [], ""rbi_mpr_2025_04_p014_c004"": [], ""rbi_mpr_2025_04_p015_c000"": [], ""rbi_mpr_2025_04_p015_c001"": [], ""rbi_mpr_2025_04_p015_c002"": [], ""rbi_mpr_2025_04_p016_c002"": [], ""rbi_mpr_2025_04_p017_c002"": [], ""rbi_mpr_2025_04_p018_c000"": [], ""rbi_mpr_2025_04_p018_c004"": [], ""rbi_mpr_2025_04_p019_c000"": [], ""rbi_mpr_2025_04_p019_c001"": [], ""rbi_mpr_2025_04_p019_c002"": [], ""rbi_mpr_2025_04_p019_c003"": [], ""rbi_mpr_2025_04_p019_c004"": [], ""rbi_mpr_2025_04_p020_c000"": [], ""rbi_mpr_2025_04_p021_c000"": [], ""rbi_mpr_2025_04_p021_c001"": [], ""rbi_mpr_2025_04_p021_c003"": [], ""rbi_mpr_2025_04_p021_c004"": [], ""rbi_mpr_2025_04_p022_c000"": [], ""rbi_mpr_2025_04_p022_c001"": [], ""rbi_mpr_2025_04_p022_c002"": [], ""rbi_mpr_2025_04_p022_c003"": [], ""rbi_mpr_2025_04_p023_c001"": [], ""rbi_mpr_2025_04_p023_c002"": [], ""rbi_mpr_2025_04_p023_c003"": [], ""rbi_mpr_2025_04_p025_c000"": [], ""rbi_mpr_2025_04_p025_c001"": [], ""rbi_mpr_2025_04_p025_c003"": [], ""rbi_mpr_2025_04_p025_c004"": [], ""rbi_mpr_2025_04_p027_c002"": [], ""rbi_mpr_2025_04_p030_c000"": [], ""rbi_mpr_2025_04_p030_c001"": [], ""rbi_mpr_2025_04_p032_c000"": [], ""rbi_mpr_2025_04_p034_c000"": [], ""rbi_mpr_2025_04_p036_c000"": [], ""rbi_mpr_2025_04_p036_c001"": [], ""rbi_mpr_2025_04_p036_c002"": [], ""rbi_mpr_2025_04_p036_c003"": [], ""rbi_mpr_2025_04_p037_c000"": [], ""rbi_mpr_2025_04_p039_c000"": [], ""rbi_mpr_2025_04_p039_c001"": [], ""rbi_mpr_2025_04_p039_c002"": [], ""rbi_mpr_2025_04_p039_c003"": [], ""rbi_mpr_2025_04_p041_c000"": [], ""rbi_mpr_2025_04_p042_c000"": [], ""rbi_mpr_2025_04_p043_c001"": [], ""rbi_mpr_2025_04_p048_c000"": [], ""rbi_mpr_2025_04_p051_c001"": [], ""rbi_mpr_2025_04_p068_c000"": [], ""rbi_mpr_2025_04_p069_c003"": [], ""rbi_mpr_2025_04_p069_c004"": [], ""rbi_mpr_2025_04_p070_c000"": [], ""rbi_mpr_2025_04_p078_c003"": [], ""rbi_mpr_2025_04_p083_c000"": [], ""rbi_mpr_2025_04_p085_c001"": [], ""rbi_mpr_2025_04_p092_c000"": [], ""rbi_mpr_2025_04_p098_c000"": [], ""rbi_mpr_2025_04_p099_c002"": [], ""rbi_mpr_2025_04_p099_c003"": [], ""rbi_mpr_2025_04_p099_c004"": [], ""rbi_mpr_2025_04_p100_c000"": [], ""rbi_mpr_2025_04_p101_c003"": [], ""rbi_mpr_2025_04_p103_c001"": [], ""rbi_mpr_2025_04_p103_c002"": [], ""rbi_mpr_2025_04_p104_c000"": [], ""rbi_mpr_2025_04_p104_c002"": [], ""rbi_mpr_2025_04_p104_c003"": [], ""rbi_mpr_2025_04_p107_c000"": [], ""rbi_mpr_2025_04_p107_c002"": [], ""rbi_mpr_2025_04_p108_c000"": [], ""rbi_mpr_2025_04_p109_c000"": [], ""rbi_mpr_2025_04_p109_c001"": [], ""rbi_mpr_2025_04_p110_c000"": [], ""rbi_mpr_2025_04_p110_c001"": [], ""rbi_mpr_2025_04_p112_c000"": [], ""rbi_mpr_2025_04_p113_c001"": [], ""rbi_mpr_2025_10_p009_c001"": [], ""rbi_mpr_2025_10_p009_c003"": [], ""rbi_mpr_2025_10_p009_c004"": [], ""rbi_mpr_2025_10_p009_c005"": [], ""rbi_mpr_2025_10_p010_c000"": [], ""rbi_mpr_2025_10_p010_c002"": [], ""rbi_mpr_2025_10_p010_c003"": [], ""rbi_mpr_2025_10_p011_c000"": [], ""rbi_mpr_2025_10_p012_c000"": [], ""rbi_mpr_2025_10_p012_c001"": [], ""rbi_mpr_2025_10_p012_c002"": [], ""rbi_mpr_2025_10_p012_c003"": [], ""rbi_mpr_2025_10_p012_c004"": [], ""rbi_mpr_2025_10_p013_c000"": [], ""rbi_mpr_2025_10_p013_c003"": [], ""rbi_mpr_2025_10_p013_c004"": [], ""rbi_mpr_2025_10_p014_c000"": [], ""rbi_mpr_2025_10_p015_c002"": [], ""rbi_mpr_2025_10_p016_c002"": [], ""rbi_mpr_2025_10_p017_c000"": [], ""rbi_mpr_2025_10_p017_c002"": [], ""rbi_mpr_2025_10_p017_c003"": [], ""rbi_mpr_2025_10_p017_c004"": [], ""rbi_mpr_2025_10_p018_c000"": [], ""rbi_mpr_2025_10_p019_c002"": [], ""rbi_mpr_2025_10_p020_c000"": [], ""rbi_mpr_2025_10_p020_c001"": [], ""rbi_mpr_2025_10_p021_c000"": [], ""rbi_mpr_2025_10_p021_c002"": [], ""rbi_mpr_2025_10_p021_c003"": [], ""rbi_mpr_2025_10_p021_c004"": [], ""rbi_mpr_2025_10_p021_c005"": [], ""rbi_mpr_2025_10_p022_c000"": [], ""rbi_mpr_2025_10_p022_c001"": [], ""rbi_mpr_2025_10_p022_c002"": [], ""rbi_mpr_2025_10_p023_c000"": [], ""rbi_mpr_2025_10_p023_c001"": [], ""rbi_mpr_2025_10_p023_c002"": [], ""rbi_mpr_2025_10_p024_c000"": [], ""rbi_mpr_2025_10_p024_c001"": [], ""rbi_mpr_2025_10_p025_c001"": [], ""rbi_mpr_2025_10_p026_c003"": [], ""rbi_mpr_2025_10_p031_c000"": [], ""rbi_mpr_2025_10_p031_c002"": [], ""rbi_mpr_2025_10_p032_c000"": [], ""rbi_mpr_2025_10_p032_c001"": [], ""rbi_mpr_2025_10_p032_c002"": [], ""rbi_mpr_2025_10_p036_c002"": [], ""rbi_mpr_2025_10_p036_c003"": [], ""rbi_mpr_2025_10_p037_c000"": [], ""rbi_mpr_2025_10_p037_c001"": [], ""rbi_mpr_2025_10_p038_c000"": [], ""rbi_mpr_2025_10_p041_c003"": [], ""rbi_mpr_2025_10_p041_c004"": [], ""rbi_mpr_2025_10_p042_c002"": [], ""rbi_mpr_2025_10_p043_c002"": [], ""rbi_mpr_2025_10_p057_c001"": [], ""rbi_mpr_2025_10_p064_c000"": [], ""rbi_mpr_2025_10_p064_c005"": [], ""rbi_mpr_2025_10_p066_c000"": [], ""rbi_mpr_2025_10_p066_c001"": [], ""rbi_mpr_2025_10_p066_c002"": [], ""rbi_mpr_2025_10_p068_c000"": [], ""rbi_mpr_2025_10_p068_c004"": [], ""rbi_mpr_2025_10_p070_c001"": [], ""rbi_mpr_2025_10_p071_c001"": [], ""rbi_mpr_2025_10_p074_c000"": [], ""rbi_mpr_2025_10_p074_c003"": [], ""rbi_mpr_2025_10_p079_c000"": [], ""rbi_mpr_2025_10_p080_c001"": [], ""rbi_mpr_2025_10_p096_c004"": [], ""rbi_mpr_2025_10_p097_c003"": [], ""rbi_mpr_2025_10_p097_c004"": [], ""rbi_mpr_2025_10_p098_c002"": [], ""rbi_mpr_2025_10_p099_c000"": [], ""rbi_mpr_2025_10_p099_c002"": [], ""rbi_mpr_2025_10_p100_c001"": [], ""rbi_mpr_2025_10_p100_c002"": [], ""rbi_mpr_2025_10_p100_c003"": [], ""rbi_mpr_2025_10_p102_c000"": [], ""rbi_mpr_2025_10_p103_c000"": [], ""rbi_mpr_2025_10_p103_c001"": [], ""rbi_mpr_2025_10_p105_c000"": [], ""rbi_mpr_2025_10_p105_c003"": [], ""rbi_mpr_2025_10_p106_c000"": []}, ""candidate_source_query"": {""rbi_mpr_2025_04_p011_c000"": [""Compare the crude-oil baseline assumptions in April and October 2025.""], ""rbi_mpr_2025_04_p011_c002"": [""Compare the crude-oil baseline assumptions in April and October 2025.""], ""rbi_mpr_2025_04_p011_c003"": [""Compare the crude-oil baseline assumptions in April and October 2025.""], ""rbi_mpr_2025_04_p012_c000"": [""Compare the crude-oil baseline assumptions in April and October 2025.""], ""rbi_mpr_2025_04_p012_c001"": [""Compare the crude-oil baseline assumptions in April and October 2025.""], ""rbi_mpr_2025_04_p013_c004"": [""Compare the crude-oil baseline assumptions in April and October 2025.""], ""rbi_mpr_2025_04_p014_c000"": [""Compare the crude-oil baseline assumptions in April and October 2025.""], ""rbi_mpr_2025_04_p014_c001"": [""Compare the crude-oil baseline assumptions in April and October 2025.""], ""rbi_mpr_2025_04_p014_c002"": [""Compare the crude-oil baseline assumptions in April and October 2025.""], ""rbi_mpr_2025_04_p014_c003"": [""Compare the crude-oil baseline assumptions in April and October 2025.""], ""rbi_mpr_2025_04_p014_c004"": [""Compare the crude-oil baseline assumptions in April and October 2025.""], ""rbi_mpr_2025_04_p015_c000"": [""Compare the crude-oil baseline assumptions in April and October 2025.""], ""rbi_mpr_2025_04_p015_c001"": [""Compare the crude-oil baseline assumptions in April and October 2025.""], ""rbi_mpr_2025_04_p015_c002"": [""Compare the crude-oil baseline assumptions in April and October 2025.""], ""rbi_mpr_2025_04_p016_c002"": [""Compare the crude-oil baseline assumptions in April and October 2025.""], ""rbi_mpr_2025_04_p017_c002"": [""Compare the crude-oil baseline assumptions in April and October 2025.""], ""rbi_mpr_2025_04_p018_c000"": [""Compare the crude-oil baseline assumptions in April and October 2025.""], ""rbi_mpr_2025_04_p018_c004"": [""Compare the crude-oil baseline assumptions in April and October 2025.""], ""rbi_mpr_2025_04_p019_c000"": [""Compare the crude-oil baseline assumptions in April and October 2025.""], ""rbi_mpr_2025_04_p019_c001"": [""Compare the crude-oil baseline assumptions in April and October 2025.""], ""rbi_mpr_2025_04_p019_c002"": [""Compare the crude-oil baseline assumptions in April and October 2025.""], ""rbi_mpr_2025_04_p019_c003"": [""Compare the crude-oil baseline assumptions in April and October 2025.""], ""rbi_mpr_2025_04_p019_c004"": [""Compare the crude-oil baseline assumptions in April and October 2025.""], ""rbi_mpr_2025_04_p020_c000"": [""Compare the crude-oil baseline assumptions in April and October 2025.""], ""rbi_mpr_2025_04_p021_c000"": [""Compare the crude-oil baseline assumptions in April and October 2025.""], ""rbi_mpr_2025_04_p021_c001"": [""Compare the crude-oil baseline assumptions in April and October 2025.""], ""rbi_mpr_2025_04_p021_c003"": [""Compare the crude-oil baseline assumptions in April and October 2025.""], ""rbi_mpr_2025_04_p021_c004"": [""Compare the crude-oil baseline assumptions in April and October 2025.""], ""rbi_mpr_2025_04_p022_c000"": [""Compare the crude-oil baseline assumptions in April and October 2025.""], ""rbi_mpr_2025_04_p022_c001"": [""Compare the crude-oil baseline assumptions in April and October 2025.""], ""rbi_mpr_2025_04_p022_c002"": [""Compare the crude-oil baseline assumptions in April and October 2025.""], ""rbi_mpr_2025_04_p022_c003"": [""Compare the crude-oil baseline assumptions in April and October 2025.""], ""rbi_mpr_2025_04_p023_c001"": [""Compare the crude-oil baseline assumptions in April and October 2025.""], ""rbi_mpr_2025_04_p023_c002"": [""Compare the crude-oil baseline assumptions in April and October 2025.""], ""rbi_mpr_2025_04_p023_c003"": [""Compare the crude-oil baseline assumptions in April and October 2025.""], ""rbi_mpr_2025_04_p025_c000"": [""Compare the crude-oil baseline assumptions in April and October 2025.""], ""rbi_mpr_2025_04_p025_c001"": [""Compare the crude-oil baseline assumptions in April and October 2025.""], ""rbi_mpr_2025_04_p025_c003"": [""Compare the crude-oil baseline assumptions in April and October 2025.""], ""rbi_mpr_2025_04_p025_c004"": [""Compare the crude-oil baseline assumptions in April and October 2025.""], ""rbi_mpr_2025_04_p027_c002"": [""Compare the crude-oil baseline assumptions in April and October 2025.""], ""rbi_mpr_2025_04_p030_c000"": [""Compare the crude-oil baseline assumptions in April and October 2025.""], ""rbi_mpr_2025_04_p030_c001"": [""Compare the crude-oil baseline assumptions in April and October 2025.""], ""rbi_mpr_2025_04_p032_c000"": [""Compare the crude-oil baseline assumptions in April and October 2025.""], ""rbi_mpr_2025_04_p034_c000"": [""Compare the crude-oil baseline assumptions in April and October 2025.""], ""rbi_mpr_2025_04_p036_c000"": [""Compare the crude-oil baseline assumptions in April and October 2025.""], ""rbi_mpr_2025_04_p036_c001"": [""Compare the crude-oil baseline assumptions in April and October 2025.""], ""rbi_mpr_2025_04_p036_c002"": [""Compare the crude-oil baseline assumptions in April and October 2025.""], ""rbi_mpr_2025_04_p036_c003"": [""Compare the crude-oil baseline assumptions in April and October 2025.""], ""rbi_mpr_2025_04_p037_c000"": [""Compare the crude-oil baseline assumptions in April and October 2025.""], ""rbi_mpr_2025_04_p039_c000"": [""Compare the crude-oil baseline assumptions in April and October 2025.""], ""rbi_mpr_2025_04_p039_c001"": [""Compare the crude-oil baseline assumptions in April and October 2025.""], ""rbi_mpr_2025_04_p039_c002"": [""Compare the crude-oil baseline assumptions in April and October 2025.""], ""rbi_mpr_2025_04_p039_c003"": [""Compare the crude-oil baseline assumptions in April and October 2025.""], ""rbi_mpr_2025_04_p041_c000"": [""Compare the crude-oil baseline assumptions in April and October 2025.""], ""rbi_mpr_2025_04_p042_c000"": [""Compare the crude-oil baseline assumptions in April and October 2025.""], ""rbi_mpr_2025_04_p043_c001"": [""Compare the crude-oil baseline assumptions in April and October 2025.""], ""rbi_mpr_2025_04_p048_c000"": [""Compare the crude-oil baseline assumptions in April and October 2025.""], ""rbi_mpr_2025_04_p051_c001"": [""Compare the crude-oil baseline assumptions in April and October 2025.""], ""rbi_mpr_2025_04_p068_c000"": [""Compare the crude-oil baseline assumptions in April and October 2025.""], ""rbi_mpr_2025_04_p069_c003"": [""Compare the crude-oil baseline assumptions in April and October 2025.""], ""rbi_mpr_2025_04_p069_c004"": [""Compare the crude-oil baseline assumptions in April and October 2025.""], ""rbi_mpr_2025_04_p070_c000"": [""Compare the crude-oil baseline assumptions in April and October 2025.""], ""rbi_mpr_2025_04_p078_c003"": [""Compare the crude-oil baseline assumptions in April and October 2025.""], ""rbi_mpr_2025_04_p083_c000"": [""Compare the crude-oil baseline assumptions in April and October 2025.""], ""rbi_mpr_2025_04_p085_c001"": [""Compare the crude-oil baseline assumptions in April and October 2025.""], ""rbi_mpr_2025_04_p092_c000"": [""Compare the crude-oil baseline assumptions in April and October 2025.""], ""rbi_mpr_2025_04_p098_c000"": [""Compare the crude-oil baseline assumptions in April and October 2025.""], ""rbi_mpr_2025_04_p099_c002"": [""Compare the crude-oil baseline assumptions in April and October 2025.""], ""rbi_mpr_2025_04_p099_c003"": [""Compare the crude-oil baseline assumptions in April and October 2025.""], ""rbi_mpr_2025_04_p099_c004"": [""Compare the crude-oil baseline assumptions in April and October 2025.""], ""rbi_mpr_2025_04_p100_c000"": [""Compare the crude-oil baseline assumptions in April and October 2025.""], ""rbi_mpr_2025_04_p101_c003"": [""Compare the crude-oil baseline assumptions in April and October 2025.""], ""rbi_mpr_2025_04_p103_c001"": [""Compare the crude-oil baseline assumptions in April and October 2025.""], ""rbi_mpr_2025_04_p103_c002"": [""Compare the crude-oil baseline assumptions in April and October 2025.""], ""rbi_mpr_2025_04_p104_c000"": [""Compare the crude-oil baseline assumptions in April and October 2025.""], ""rbi_mpr_2025_04_p104_c002"": [""Compare the crude-oil baseline assumptions in April and October 2025.""], ""rbi_mpr_2025_04_p104_c003"": [""Compare the crude-oil baseline assumptions in April and October 2025.""], ""rbi_mpr_2025_04_p107_c000"": [""Compare the crude-oil baseline assumptions in April and October 2025.""], ""rbi_mpr_2025_04_p107_c002"": [""Compare the crude-oil baseline assumptions in April and October 2025.""], ""rbi_mpr_2025_04_p108_c000"": [""Compare the crude-oil baseline assumptions in April and October 2025.""], ""rbi_mpr_2025_04_p109_c000"": [""Compare the crude-oil baseline assumptions in April and October 2025.""], ""rbi_mpr_2025_04_p109_c001"": [""Compare the crude-oil baseline assumptions in April and October 2025.""], ""rbi_mpr_2025_04_p110_c000"": [""Compare the crude-oil baseline assumptions in April and October 2025.""], ""rbi_mpr_2025_04_p110_c001"": [""Compare the crude-oil baseline assumptions in April and October 2025.""], ""rbi_mpr_2025_04_p112_c000"": [""Compare the crude-oil baseline assumptions in April and October 2025.""], ""rbi_mpr_2025_04_p113_c001"": [""Compare the crude-oil baseline assumptions in April and October 2025.""], ""rbi_mpr_2025_10_p009_c001"": [""Compare the crude-oil baseline assumptions in April and October 2025.""], ""rbi_mpr_2025_10_p009_c003"": [""Compare the crude-oil baseline assumptions in April and October 2025.""], ""rbi_mpr_2025_10_p009_c004"": [""Compare the crude-oil baseline assumptions in April and October 2025.""], ""rbi_mpr_2025_10_p009_c005"": [""Compare the crude-oil baseline assumptions in April and October 2025.""], ""rbi_mpr_2025_10_p010_c000"": [""Compare the crude-oil baseline assumptions in April and October 2025.""], ""rbi_mpr_2025_10_p010_c002"": [""Compare the crude-oil baseline assumptions in April and October 2025.""], ""rbi_mpr_2025_10_p010_c003"": [""Compare the crude-oil baseline assumptions in April and October 2025.""], ""rbi_mpr_2025_10_p011_c000"": [""Compare the crude-oil baseline assumptions in April and October 2025.""], ""rbi_mpr_2025_10_p012_c000"": [""Compare the crude-oil baseline assumptions in April and October 2025.""], ""rbi_mpr_2025_10_p012_c001"": [""Compare the crude-oil baseline assumptions in April and October 2025.""], ""rbi_mpr_2025_10_p012_c002"": [""Compare the crude-oil baseline assumptions in April and October 2025.""], ""rbi_mpr_2025_10_p012_c003"": [""Compare the crude-oil baseline assumptions in April and October 2025.""], ""rbi_mpr_2025_10_p012_c004"": [""Compare the crude-oil baseline assumptions in April and October 2025.""], ""rbi_mpr_2025_10_p013_c000"": [""Compare the crude-oil baseline assumptions in April and October 2025.""], ""rbi_mpr_2025_10_p013_c003"": [""Compare the crude-oil baseline assumptions in April and October 2025.""], ""rbi_mpr_2025_10_p013_c004"": [""Compare the crude-oil baseline assumptions in April and October 2025.""], ""rbi_mpr_2025_10_p014_c000"": [""Compare the crude-oil baseline assumptions in April and October 2025.""], ""rbi_mpr_2025_10_p015_c002"": [""Compare the crude-oil baseline assumptions in April and October 2025.""], ""rbi_mpr_2025_10_p016_c002"": [""Compare the crude-oil baseline assumptions in April and October 2025.""], ""rbi_mpr_2025_10_p017_c000"": [""Compare the crude-oil baseline assumptions in April and October 2025.""], ""rbi_mpr_2025_10_p017_c002"": [""Compare the crude-oil baseline assumptions in April and October 2025.""], ""rbi_mpr_2025_10_p017_c003"": [""Compare the crude-oil baseline assumptions in April and October 2025.""], ""rbi_mpr_2025_10_p017_c004"": [""Compare the crude-oil baseline assumptions in April and October 2025.""], ""rbi_mpr_2025_10_p018_c000"": [""Compare the crude-oil baseline assumptions in April and October 2025.""], ""rbi_mpr_2025_10_p019_c002"": [""Compare the crude-oil baseline assumptions in April and October 2025.""], ""rbi_mpr_2025_10_p020_c000"": [""Compare the crude-oil baseline assumptions in April and October 2025.""], ""rbi_mpr_2025_10_p020_c001"": [""Compare the crude-oil baseline assumptions in April and October 2025.""], ""rbi_mpr_2025_10_p021_c000"": [""Compare the crude-oil baseline assumptions in April and October 2025.""], ""rbi_mpr_2025_10_p021_c002"": [""Compare the crude-oil baseline assumptions in April and October 2025.""], ""rbi_mpr_2025_10_p021_c003"": [""Compare the crude-oil baseline assumptions in April and October 2025.""], ""rbi_mpr_2025_10_p021_c004"": [""Compare the crude-oil baseline assumptions in April and October 2025.""], ""rbi_mpr_2025_10_p021_c005"": [""Compare the crude-oil baseline assumptions in April and October 2025.""], ""rbi_mpr_2025_10_p022_c000"": [""Compare the crude-oil baseline assumptions in April and October 2025.""], ""rbi_mpr_2025_10_p022_c001"": [""Compare the crude-oil baseline assumptions in April and October 2025.""], ""rbi_mpr_2025_10_p022_c002"": [""Compare the crude-oil baseline assumptions in April and October 2025.""], ""rbi_mpr_2025_10_p023_c000"": [""Compare the crude-oil baseline assumptions in April and October 2025.""], ""rbi_mpr_2025_10_p023_c001"": [""Compare the crude-oil baseline assumptions in April and October 2025.""], ""rbi_mpr_2025_10_p023_c002"": [""Compare the crude-oil baseline assumptions in April and October 2025.""], ""rbi_mpr_2025_10_p024_c000"": [""Compare the crude-oil baseline assumptions in April and October 2025.""], ""rbi_mpr_2025_10_p024_c001"": [""Compare the crude-oil baseline assumptions in April and October 2025.""], ""rbi_mpr_2025_10_p025_c001"": [""Compare the crude-oil baseline assumptions in April and October 2025.""], ""rbi_mpr_2025_10_p026_c003"": [""Compare the crude-oil baseline assumptions in April and October 2025.""], ""rbi_mpr_2025_10_p031_c000"": [""Compare the crude-oil baseline assumptions in April and October 2025.""], ""rbi_mpr_2025_10_p031_c002"": [""Compare the crude-oil baseline assumptions in April and October 2025.""], ""rbi_mpr_2025_10_p032_c000"": [""Compare the crude-oil baseline assumptions in April and October 2025.""], ""rbi_mpr_2025_10_p032_c001"": [""Compare the crude-oil baseline assumptions in April and October 2025.""], ""rbi_mpr_2025_10_p032_c002"": [""Compare the crude-oil baseline assumptions in April and October 2025.""], ""rbi_mpr_2025_10_p036_c002"": [""Compare the crude-oil baseline assumptions in April and October 2025.""], ""rbi_mpr_2025_10_p036_c003"": [""Compare the crude-oil baseline assumptions in April and October 2025.""], ""rbi_mpr_2025_10_p037_c000"": [""Compare the crude-oil baseline assumptions in April and October 2025.""], ""rbi_mpr_2025_10_p037_c001"": [""Compare the crude-oil baseline assumptions in April and October 2025.""], ""rbi_mpr_2025_10_p038_c000"": [""Compare the crude-oil baseline assumptions in April and October 2025.""], ""rbi_mpr_2025_10_p041_c003"": [""Compare the crude-oil baseline assumptions in April and October 2025.""], ""rbi_mpr_2025_10_p041_c004"": [""Compare the crude-oil baseline assumptions in April and October 2025.""], ""rbi_mpr_2025_10_p042_c002"": [""Compare the crude-oil baseline assumptions in April and October 2025.""], ""rbi_mpr_2025_10_p043_c002"": [""Compare the crude-oil baseline assumptions in April and October 2025.""], ""rbi_mpr_2025_10_p057_c001"": [""Compare the crude-oil baseline assumptions in April and October 2025.""], ""rbi_mpr_2025_10_p064_c000"": [""Compare the crude-oil baseline assumptions in April and October 2025.""], ""rbi_mpr_2025_10_p064_c005"": [""Compare the crude-oil baseline assumptions in April and October 2025.""], ""rbi_mpr_2025_10_p066_c000"": [""Compare the crude-oil baseline assumptions in April and October 2025.""], ""rbi_mpr_2025_10_p066_c001"": [""Compare the crude-oil baseline assumptions in April and October 2025.""], ""rbi_mpr_2025_10_p066_c002"": [""Compare the crude-oil baseline assumptions in April and October 2025.""], ""rbi_mpr_2025_10_p068_c000"": [""Compare the crude-oil baseline assumptions in April and October 2025.""], ""rbi_mpr_2025_10_p068_c004"": [""Compare the crude-oil baseline assumptions in April and October 2025.""], ""rbi_mpr_2025_10_p070_c001"": [""Compare the crude-oil baseline assumptions in April and October 2025.""], ""rbi_mpr_2025_10_p071_c001"": [""Compare the crude-oil baseline assumptions in April and October 2025.""], ""rbi_mpr_2025_10_p074_c000"": [""Compare the crude-oil baseline assumptions in April and October 2025.""], ""rbi_mpr_2025_10_p074_c003"": [""Compare the crude-oil baseline assumptions in April and October 2025.""], ""rbi_mpr_2025_10_p079_c000"": [""Compare the crude-oil baseline assumptions in April and October 2025.""], ""rbi_mpr_2025_10_p080_c001"": [""Compare the crude-oil baseline assumptions in April and October 2025.""], ""rbi_mpr_2025_10_p096_c004"": [""Compare the crude-oil baseline assumptions in April and October 2025.""], ""rbi_mpr_2025_10_p097_c003"": [""Compare the crude-oil baseline assumptions in April and October 2025.""], ""rbi_mpr_2025_10_p097_c004"": [""Compare the crude-oil baseline assumptions in April and October 2025.""], ""rbi_mpr_2025_10_p098_c002"": [""Compare the crude-oil baseline assumptions in April and October 2025.""], ""rbi_mpr_2025_10_p099_c000"": [""Compare the crude-oil baseline assumptions in April and October 2025.""], ""rbi_mpr_2025_10_p099_c002"": [""Compare the crude-oil baseline assumptions in April and October 2025.""], ""rbi_mpr_2025_10_p100_c001"": [""Compare the crude-oil baseline assumptions in April and October 2025.""], ""rbi_mpr_2025_10_p100_c002"": [""Compare the crude-oil baseline assumptions in April and October 2025.""], ""rbi_mpr_2025_10_p100_c003"": [""Compare the crude-oil baseline assumptions in April and October 2025.""], ""rbi_mpr_2025_10_p102_c000"": [""Compare the crude-oil baseline assumptions in April and October 2025.""], ""rbi_mpr_2025_10_p103_c000"": [""Compare the crude-oil baseline assumptions in April and October 2025.""], ""rbi_mpr_2025_10_p103_c001"": [""Compare the crude-oil baseline assumptions in April and October 2025.""], ""rbi_mpr_2025_10_p105_c000"": [""Compare the crude-oil baseline assumptions in April and October 2025.""], ""rbi_mpr_2025_10_p105_c003"": [""Compare the crude-oil baseline assumptions in April and October 2025.""], ""rbi_mpr_2025_10_p106_c000"": [""Compare the crude-oil baseline assumptions in April and October 2025.""]}, ""candidate_source_retriever"": {""rbi_mpr_2025_04_p011_c000"": [""bm25"", ""dense""], ""rbi_mpr_2025_04_p011_c002"": [""dense""], ""rbi_mpr_2025_04_p011_c003"": [""dense""], ""rbi_mpr_2025_04_p012_c000"": [""bm25""], ""rbi_mpr_2025_04_p012_c001"": [""dense""], ""rbi_mpr_2025_04_p013_c004"": [""dense""], ""rbi_mpr_2025_04_p014_c000"": [""bm25"", ""dense""], ""rbi_mpr_2025_04_p014_c001"": [""bm25"", ""dense""], ""rbi_mpr_2025_04_p014_c002"": [""dense""], ""rbi_mpr_2025_04_p014_c003"": [""bm25"", ""dense""], ""rbi_mpr_2025_04_p014_c004"": [""dense""], ""rbi_mpr_2025_04_p015_c000"": [""bm25"", ""dense""], ""rbi_mpr_2025_04_p015_c001"": [""bm25"", ""dense""], ""rbi_mpr_2025_04_p015_c002"": [""dense""], ""rbi_mpr_2025_04_p016_c002"": [""dense""], ""rbi_mpr_2025_04_p017_c002"": [""dense""], ""rbi_mpr_2025_04_p018_c000"": [""bm25""], ""rbi_mpr_2025_04_p018_c004"": [""dense""], ""rbi_mpr_2025_04_p019_c000"": [""dense""], ""rbi_mpr_2025_04_p019_c001"": [""dense""], ""rbi_mpr_2025_04_p019_c002"": [""dense""], ""rbi_mpr_2025_04_p019_c003"": [""bm25""], ""rbi_mpr_2025_04_p019_c004"": [""bm25""], ""rbi_mpr_2025_04_p020_c000"": [""bm25""], ""rbi_mpr_2025_04_p021_c000"": [""bm25"", ""dense""], ""rbi_mpr_2025_04_p021_c001"": [""bm25"", ""dense""], ""rbi_mpr_2025_04_p021_c003"": [""bm25"", ""dense""], ""rbi_mpr_2025_04_p021_c004"": [""bm25""], ""rbi_mpr_2025_04_p022_c000"": [""dense""], ""rbi_mpr_2025_04_p022_c001"": [""bm25"", ""dense""], ""rbi_mpr_2025_04_p022_c002"": [""dense""], ""rbi_mpr_2025_04_p022_c003"": [""dense""], ""rbi_mpr_2025_04_p023_c001"": [""bm25""], ""rbi_mpr_2025_04_p023_c002"": [""dense""], ""rbi_mpr_2025_04_p023_c003"": [""dense""], ""rbi_mpr_2025_04_p025_c000"": [""bm25""], ""rbi_mpr_2025_04_p025_c001"": [""bm25""], ""rbi_mpr_2025_04_p025_c003"": [""bm25"", ""dense""], ""rbi_mpr_2025_04_p025_c004"": [""dense""], ""rbi_mpr_2025_04_p027_c002"": [""bm25""], ""rbi_mpr_2025_04_p030_c000"": [""bm25""], ""rbi_mpr_2025_04_p030_c001"": [""bm25""], ""rbi_mpr_2025_04_p032_c000"": [""bm25"", ""dense""], ""rbi_mpr_2025_04_p034_c000"": [""bm25""], ""rbi_mpr_2025_04_p036_c000"": [""bm25"", ""dense""], ""rbi_mpr_2025_04_p036_c001"": [""dense""], ""rbi_mpr_2025_04_p036_c002"": [""bm25""], ""rbi_mpr_2025_04_p036_c003"": [""dense""], ""rbi_mpr_2025_04_p037_c000"": [""bm25""], ""rbi_mpr_2025_04_p039_c000"": [""dense""], ""rbi_mpr_2025_04_p039_c001"": [""bm25""], ""rbi_mpr_2025_04_p039_c002"": [""dense""], ""rbi_mpr_2025_04_p039_c003"": [""dense""], ""rbi_mpr_2025_04_p041_c000"": [""bm25""], ""rbi_mpr_2025_04_p042_c000"": [""bm25""], ""rbi_mpr_2025_04_p043_c001"": [""bm25""], ""rbi_mpr_2025_04_p048_c000"": [""bm25""], ""rbi_mpr_2025_04_p051_c001"": [""bm25""], ""rbi_mpr_2025_04_p068_c000"": [""bm25""], ""rbi_mpr_2025_04_p069_c003"": [""bm25""], ""rbi_mpr_2025_04_p069_c004"": [""bm25""], ""rbi_mpr_2025_04_p070_c000"": [""bm25""], ""rbi_mpr_2025_04_p078_c003"": [""dense""], ""rbi_mpr_2025_04_p083_c000"": [""bm25""], ""rbi_mpr_2025_04_p085_c001"": [""dense""], ""rbi_mpr_2025_04_p092_c000"": [""bm25""], ""rbi_mpr_2025_04_p098_c000"": [""bm25""], ""rbi_mpr_2025_04_p099_c002"": [""dense""], ""rbi_mpr_2025_04_p099_c003"": [""bm25""], ""rbi_mpr_2025_04_p099_c004"": [""bm25""], ""rbi_mpr_2025_04_p100_c000"": [""bm25""], ""rbi_mpr_2025_04_p101_c003"": [""dense""], ""rbi_mpr_2025_04_p103_c001"": [""dense""], ""rbi_mpr_2025_04_p103_c002"": [""bm25"", ""dense""], ""rbi_mpr_2025_04_p104_c000"": [""dense""], ""rbi_mpr_2025_04_p104_c002"": [""dense""], ""rbi_mpr_2025_04_p104_c003"": [""dense""], ""rbi_mpr_2025_04_p107_c000"": [""dense""], ""rbi_mpr_2025_04_p107_c002"": [""bm25""], ""rbi_mpr_2025_04_p108_c000"": [""bm25""], ""rbi_mpr_2025_04_p109_c000"": [""bm25""], ""rbi_mpr_2025_04_p109_c001"": [""bm25""], ""rbi_mpr_2025_04_p110_c000"": [""dense""], ""rbi_mpr_2025_04_p110_c001"": [""dense""], ""rbi_mpr_2025_04_p112_c000"": [""dense""], ""rbi_mpr_2025_04_p113_c001"": [""bm25""], ""rbi_mpr_2025_10_p009_c001"": [""dense""], ""rbi_mpr_2025_10_p009_c003"": [""dense""], ""rbi_mpr_2025_10_p009_c004"": [""dense""], ""rbi_mpr_2025_10_p009_c005"": [""bm25"", ""dense""], ""rbi_mpr_2025_10_p010_c000"": [""bm25""], ""rbi_mpr_2025_10_p010_c002"": [""bm25""], ""rbi_mpr_2025_10_p010_c003"": [""dense""], ""rbi_mpr_2025_10_p011_c000"": [""dense""], ""rbi_mpr_2025_10_p012_c000"": [""bm25"", ""dense""], ""rbi_mpr_2025_10_p012_c001"": [""bm25"", ""dense""], ""rbi_mpr_2025_10_p012_c002"": [""bm25"", ""dense""], ""rbi_mpr_2025_10_p012_c003"": [""dense""], ""rbi_mpr_2025_10_p012_c004"": [""dense""], ""rbi_mpr_2025_10_p013_c000"": [""bm25"", ""dense""], ""rbi_mpr_2025_10_p013_c003"": [""bm25"", ""dense""], ""rbi_mpr_2025_10_p013_c004"": [""bm25"", ""dense""], ""rbi_mpr_2025_10_p014_c000"": [""dense""], ""rbi_mpr_2025_10_p015_c002"": [""dense""], ""rbi_mpr_2025_10_p016_c002"": [""bm25""], ""rbi_mpr_2025_10_p017_c000"": [""bm25""], ""rbi_mpr_2025_10_p017_c002"": [""bm25""], ""rbi_mpr_2025_10_p017_c003"": [""bm25""], ""rbi_mpr_2025_10_p017_c004"": [""dense""], ""rbi_mpr_2025_10_p018_c000"": [""bm25""], ""rbi_mpr_2025_10_p019_c002"": [""bm25""], ""rbi_mpr_2025_10_p020_c000"": [""bm25"", ""dense""], ""rbi_mpr_2025_10_p020_c001"": [""bm25""], ""rbi_mpr_2025_10_p021_c000"": [""bm25"", ""dense""], ""rbi_mpr_2025_10_p021_c002"": [""dense""], ""rbi_mpr_2025_10_p021_c003"": [""dense""], ""rbi_mpr_2025_10_p021_c004"": [""bm25"", ""dense""], ""rbi_mpr_2025_10_p021_c005"": [""bm25""], ""rbi_mpr_2025_10_p022_c000"": [""dense""], ""rbi_mpr_2025_10_p022_c001"": [""dense""], ""rbi_mpr_2025_10_p022_c002"": [""dense""], ""rbi_mpr_2025_10_p023_c000"": [""bm25""], ""rbi_mpr_2025_10_p023_c001"": [""bm25""], ""rbi_mpr_2025_10_p023_c002"": [""bm25""], ""rbi_mpr_2025_10_p024_c000"": [""bm25""], ""rbi_mpr_2025_10_p024_c001"": [""bm25""], ""rbi_mpr_2025_10_p025_c001"": [""bm25""], ""rbi_mpr_2025_10_p026_c003"": [""dense""], ""rbi_mpr_2025_10_p031_c000"": [""dense""], ""rbi_mpr_2025_10_p031_c002"": [""dense""], ""rbi_mpr_2025_10_p032_c000"": [""bm25"", ""dense""], ""rbi_mpr_2025_10_p032_c001"": [""dense""], ""rbi_mpr_2025_10_p032_c002"": [""dense""], ""rbi_mpr_2025_10_p036_c002"": [""bm25""], ""rbi_mpr_2025_10_p036_c003"": [""bm25""], ""rbi_mpr_2025_10_p037_c000"": [""dense""], ""rbi_mpr_2025_10_p037_c001"": [""dense""], ""rbi_mpr_2025_10_p038_c000"": [""bm25""], ""rbi_mpr_2025_10_p041_c003"": [""dense""], ""rbi_mpr_2025_10_p041_c004"": [""dense""], ""rbi_mpr_2025_10_p042_c002"": [""dense""], ""rbi_mpr_2025_10_p043_c002"": [""bm25""], ""rbi_mpr_2025_10_p057_c001"": [""dense""], ""rbi_mpr_2025_10_p064_c000"": [""bm25""], ""rbi_mpr_2025_10_p064_c005"": [""bm25""], ""rbi_mpr_2025_10_p066_c000"": [""bm25""], ""rbi_mpr_2025_10_p066_c001"": [""bm25""], ""rbi_mpr_2025_10_p066_c002"": [""bm25""], ""rbi_mpr_2025_10_p068_c000"": [""bm25""], ""rbi_mpr_2025_10_p068_c004"": [""dense""], ""rbi_mpr_2025_10_p070_c001"": [""bm25""], ""rbi_mpr_2025_10_p071_c001"": [""bm25""], ""rbi_mpr_2025_10_p074_c000"": [""bm25"", ""dense""], ""rbi_mpr_2025_10_p074_c003"": [""dense""], ""rbi_mpr_2025_10_p079_c000"": [""bm25""], ""rbi_mpr_2025_10_p080_c001"": [""bm25"", ""dense""], ""rbi_mpr_2025_10_p096_c004"": [""dense""], ""rbi_mpr_2025_10_p097_c003"": [""bm25"", ""dense""], ""rbi_mpr_2025_10_p097_c004"": [""bm25""], ""rbi_mpr_2025_10_p098_c002"": [""dense""], ""rbi_mpr_2025_10_p099_c000"": [""bm25"", ""dense""], ""rbi_mpr_2025_10_p099_c002"": [""dense""], ""rbi_mpr_2025_10_p100_c001"": [""dense""], ""rbi_mpr_2025_10_p100_c002"": [""dense""], ""rbi_mpr_2025_10_p100_c003"": [""dense""], ""rbi_mpr_2025_10_p102_c000"": [""bm25""], ""rbi_mpr_2025_10_p103_c000"": [""dense""], ""rbi_mpr_2025_10_p103_c001"": [""bm25""], ""rbi_mpr_2025_10_p105_c000"": [""bm25""], ""rbi_mpr_2025_10_p105_c003"": [""bm25""], ""rbi_mpr_2025_10_p106_c000"": [""bm25""]}, ""candidate_union_ids"": [""rbi_mpr_2025_10_p012_c000"", ""rbi_mpr_2025_10_p021_c003"", ""rbi_mpr_2025_10_p012_c001"", ""rbi_mpr_2025_10_p021_c002"", ""rbi_mpr_2025_10_p022_c002"", ""rbi_mpr_2025_10_p012_c003"", ""rbi_mpr_2025_10_p013_c004"", ""rbi_mpr_2025_10_p013_c000"", ""rbi_mpr_2025_10_p022_c001"", ""rbi_mpr_2025_10_p099_c002"", ""rbi_mpr_2025_10_p012_c004"", ""rbi_mpr_2025_10_p021_c004"", ""rbi_mpr_2025_10_p012_c002"", ""rbi_mpr_2025_10_p009_c003"", ""rbi_mpr_2025_10_p031_c000"", ""rbi_mpr_2025_10_p041_c003"", ""rbi_mpr_2025_10_p022_c000"", ""rbi_mpr_2025_10_p099_c000"", ""rbi_mpr_2025_10_p096_c004"", ""rbi_mpr_2025_10_p100_c002"", ""rbi_mpr_2025_10_p017_c004"", ""rbi_mpr_2025_10_p020_c000"", ""rbi_mpr_2025_10_p074_c003"", ""rbi_mpr_2025_10_p015_c002"", ""rbi_mpr_2025_10_p098_c002"", ""rbi_mpr_2025_10_p013_c003"", ""rbi_mpr_2025_10_p032_c000"", ""rbi_mpr_2025_10_p074_c000"", ""rbi_mpr_2025_10_p041_c004"", ""rbi_mpr_2025_10_p032_c001"", ""rbi_mpr_2025_10_p068_c004"", ""rbi_mpr_2025_10_p014_c000"", ""rbi_mpr_2025_10_p080_c001"", ""rbi_mpr_2025_10_p100_c001"", ""rbi_mpr_2025_10_p021_c000"", ""rbi_mpr_2025_10_p037_c001"", ""rbi_mpr_2025_10_p057_c001"", ""rbi_mpr_2025_10_p010_c003"", ""rbi_mpr_2025_10_p100_c003"", ""rbi_mpr_2025_10_p032_c002"", ""rbi_mpr_2025_10_p037_c000"", ""rbi_mpr_2025_10_p097_c003"", ""rbi_mpr_2025_10_p009_c005"", ""rbi_mpr_2025_10_p026_c003"", ""rbi_mpr_2025_10_p009_c001"", ""rbi_mpr_2025_10_p031_c002"", ""rbi_mpr_2025_10_p009_c004"", ""rbi_mpr_2025_10_p103_c000"", ""rbi_mpr_2025_10_p042_c002"", ""rbi_mpr_2025_10_p011_c000"", ""rbi_mpr_2025_10_p020_c001"", ""rbi_mpr_2025_10_p021_c005"", ""rbi_mpr_2025_10_p066_c000"", ""rbi_mpr_2025_10_p068_c000"", ""rbi_mpr_2025_10_p010_c000"", ""rbi_mpr_2025_10_p017_c003"", ""rbi_mpr_2025_10_p016_c002"", ""rbi_mpr_2025_10_p024_c001"", ""rbi_mpr_2025_10_p038_c000"", ""rbi_mpr_2025_10_p066_c001"", ""rbi_mpr_2025_10_p097_c004"", ""rbi_mpr_2025_10_p017_c000"", ""rbi_mpr_2025_10_p070_c001"", ""rbi_mpr_2025_10_p102_c000"", ""rbi_mpr_2025_10_p071_c001"", ""rbi_mpr_2025_10_p025_c001"", ""rbi_mpr_2025_10_p105_c003"", ""rbi_mpr_2025_10_p036_c003"", ""rbi_mpr_2025_10_p066_c002"", ""rbi_mpr_2025_10_p019_c002"", ""rbi_mpr_2025_10_p105_c000"", ""rbi_mpr_2025_10_p023_c000"", ""rbi_mpr_2025_10_p023_c001"", ""rbi_mpr_2025_10_p024_c000"", ""rbi_mpr_2025_10_p023_c002"", ""rbi_mpr_2025_10_p106_c000"", ""rbi_mpr_2025_10_p036_c002"", ""rbi_mpr_2025_10_p018_c000"", ""rbi_mpr_2025_10_p064_c005"", ""rbi_mpr_2025_10_p017_c002"", ""rbi_mpr_2025_10_p010_c002"", ""rbi_mpr_2025_10_p064_c000"", ""rbi_mpr_2025_10_p043_c002"", ""rbi_mpr_2025_10_p079_c000"", ""rbi_mpr_2025_10_p103_c001""], ""candidate_union_pages"": [12, 21, 12, 21, 22, 12, 13, 13, 22, 99, 12, 21, 12, 9, 31, 41, 22, 99, 96, 100, 17, 20, 74, 15, 98, 13, 32, 74, 41, 32, 68, 14, 80, 100, 21, 37, 57, 10, 100, 32, 37, 97, 9, 26, 9, 31, 9, 103, 42, 11, 20, 21, 66, 68, 10, 17, 16, 24, 38, 66, 97, 17, 70, 102, 71, 25, 105, 36, 66, 19, 105, 23, 23, 24, 23, 106, 36, 18, 64, 17, 10, 64, 43, 79, 103], ""dense_candidate_ids"": [""rbi_mpr_2025_10_p012_c000"", ""rbi_mpr_2025_10_p021_c003"", ""rbi_mpr_2025_10_p012_c001"", ""rbi_mpr_2025_10_p021_c002"", ""rbi_mpr_2025_10_p022_c002"", ""rbi_mpr_2025_10_p012_c003"", ""rbi_mpr_2025_10_p013_c004"", ""rbi_mpr_2025_10_p013_c000"", ""rbi_mpr_2025_10_p022_c001"", ""rbi_mpr_2025_10_p099_c002"", ""rbi_mpr_2025_10_p012_c004"", ""rbi_mpr_2025_10_p021_c004"", ""rbi_mpr_2025_10_p012_c002"", ""rbi_mpr_2025_10_p009_c003"", ""rbi_mpr_2025_10_p031_c000"", ""rbi_mpr_2025_10_p041_c003"", ""rbi_mpr_2025_10_p022_c000"", ""rbi_mpr_2025_10_p099_c000"", ""rbi_mpr_2025_10_p096_c004"", ""rbi_mpr_2025_10_p100_c002"", ""rbi_mpr_2025_10_p017_c004"", ""rbi_mpr_2025_10_p020_c000"", ""rbi_mpr_2025_10_p074_c003"", ""rbi_mpr_2025_10_p015_c002"", ""rbi_mpr_2025_10_p098_c002"", ""rbi_mpr_2025_10_p013_c003"", ""rbi_mpr_2025_10_p032_c000"", ""rbi_mpr_2025_10_p074_c000"", ""rbi_mpr_2025_10_p041_c004"", ""rbi_mpr_2025_10_p032_c001"", ""rbi_mpr_2025_10_p068_c004"", ""rbi_mpr_2025_10_p014_c000"", ""rbi_mpr_2025_10_p080_c001"", ""rbi_mpr_2025_10_p100_c001"", ""rbi_mpr_2025_10_p021_c000"", ""rbi_mpr_2025_10_p037_c001"", ""rbi_mpr_2025_10_p057_c001"", ""rbi_mpr_2025_10_p010_c003"", ""rbi_mpr_2025_10_p100_c003"", ""rbi_mpr_2025_10_p032_c002"", ""rbi_mpr_2025_10_p037_c000"", ""rbi_mpr_2025_10_p097_c003"", ""rbi_mpr_2025_10_p009_c005"", ""rbi_mpr_2025_10_p026_c003"", ""rbi_mpr_2025_10_p009_c001"", ""rbi_mpr_2025_10_p031_c002"", ""rbi_mpr_2025_10_p009_c004"", ""rbi_mpr_2025_10_p103_c000"", ""rbi_mpr_2025_10_p042_c002"", ""rbi_mpr_2025_10_p011_c000""], ""dense_candidate_pages"": [12, 21, 12, 21, 22, 12, 13, 13, 22, 99, 12, 21, 12, 9, 31, 41, 22, 99, 96, 100, 17, 20, 74, 15, 98, 13, 32, 74, 41, 32, 68, 14, 80, 100, 21, 37, 57, 10, 100, 32, 37, 97, 9, 26, 9, 31, 9, 103, 42, 11], ""dense_candidate_scores"": [0.5575931291382417, 0.4981731534084308, 0.4888350133586602, 0.4357511419528861, 0.4236908212514938, 0.39973851436166163, 0.3625701358905715, 0.34001048731608474, 0.3359960842891192, 0.335239169036712, 0.33124946406297373, 0.3272743418988203, 0.3159978682860336, 0.29831490511219694, 0.2812784745945174, 0.28080095080088896, 0.26724011799881175, 0.25366377515648253, 0.2519375245351734, 0.24897679272098006, 0.24696874827052706, 0.2344458237598792, 0.22359907941450952, 0.21046224390845192, 0.18568428025629136, 0.1836289470418091, 0.183017059095128, 0.1814258469764477, 0.18140688089461776, 0.18022803354176808, 0.1784026535327612, 0.17449867524889418, 0.17295264455181758, 0.1715651702988389, 0.16376564310080688, 0.16098454115496708, 0.15711739921669843, 0.1544340779594039, 0.15340738072967852, 0.15241583397161118, 0.15047387577962323, 0.14866628174068808, 0.147919355291378, 0.14687091028782095, 0.1433497939758268, 0.14291753589749912, 0.14272382898174307, 0.1422145264643374, 0.14159690654625878, 0.13929138963901588], ""dense_first_evidence_rank"": 1, ""evidence_rank_after_reranking"": 1, ""evidence_rank_before_reranking"": 1, ""expected_evidence"": [""US$ 70 per barrel during H2: 2025-26""], ""loss_stage"": ""evidence_found"", ""report_id"": ""rbi_mpr_2025_10"", ""reranker_input_ids"": [""rbi_mpr_2025_10_p012_c000"", ""rbi_mpr_2025_10_p021_c004"", ""rbi_mpr_2025_10_p013_c000"", ""rbi_mpr_2025_10_p020_c000"", ""rbi_mpr_2025_10_p013_c004"", ""rbi_mpr_2025_10_p021_c000"", ""rbi_mpr_2025_10_p099_c000"", ""rbi_mpr_2025_10_p032_c000"", ""rbi_mpr_2025_10_p012_c001"", ""rbi_mpr_2025_10_p074_c000"", ""rbi_mpr_2025_10_p080_c001"", ""rbi_mpr_2025_10_p012_c002"", ""rbi_mpr_2025_10_p013_c003"", ""rbi_mpr_2025_10_p097_c003"", ""rbi_mpr_2025_10_p009_c005"", ""rbi_mpr_2025_10_p021_c003"", ""rbi_mpr_2025_10_p021_c002"", ""rbi_mpr_2025_10_p020_c001"", ""rbi_mpr_2025_10_p022_c002"", ""rbi_mpr_2025_10_p021_c005"", ""rbi_mpr_2025_10_p012_c003"", ""rbi_mpr_2025_10_p066_c000"", ""rbi_mpr_2025_10_p022_c001"", ""rbi_mpr_2025_10_p068_c000"", ""rbi_mpr_2025_10_p099_c002"", ""rbi_mpr_2025_10_p012_c004"", ""rbi_mpr_2025_10_p010_c000"", ""rbi_mpr_2025_10_p017_c003"", ""rbi_mpr_2025_10_p016_c002"", ""rbi_mpr_2025_10_p009_c003""], ""reranker_input_pages"": [12, 21, 13, 20, 13, 21, 99, 32, 12, 74, 80, 12, 13, 97, 9, 21, 21, 20, 22, 21, 12, 66, 22, 68, 99, 12, 10, 17, 16, 9], ""reranker_input_ranks"": [1, 2, 3, 4, 5, 6, 7, 8, 9, 10, 11, 12, 13, 14, 15, 16, 17, 18, 19, 20, 21, 22, 23, 24, 25, 26, 27, 28, 29, 30], ""reranker_output_ids"": [""rbi_mpr_2025_10_p012_c000"", ""rbi_mpr_2025_10_p012_c001"", ""rbi_mpr_2025_10_p013_c000"", ""rbi_mpr_2025_10_p021_c003"", ""rbi_mpr_2025_10_p021_c002"", ""rbi_mpr_2025_10_p074_c000"", ""rbi_mpr_2025_10_p012_c003"", ""rbi_mpr_2025_10_p032_c000"", ""rbi_mpr_2025_10_p099_c002"", ""rbi_mpr_2025_10_p066_c000"", ""rbi_mpr_2025_10_p010_c000"", ""rbi_mpr_2025_10_p021_c000"", ""rbi_mpr_2025_10_p022_c001"", ""rbi_mpr_2025_10_p022_c002"", ""rbi_mpr_2025_10_p009_c003"", ""rbi_mpr_2025_10_p099_c000"", ""rbi_mpr_2025_10_p021_c004"", ""rbi_mpr_2025_10_p068_c000"", ""rbi_mpr_2025_10_p020_c001"", ""rbi_mpr_2025_10_p080_c001"", ""rbi_mpr_2025_10_p021_c005"", ""rbi_mpr_2025_10_p012_c002"", ""rbi_mpr_2025_10_p009_c005"", ""rbi_mpr_2025_10_p020_c000"", ""rbi_mpr_2025_10_p016_c002"", ""rbi_mpr_2025_10_p013_c004"", ""rbi_mpr_2025_10_p097_c003"", ""rbi_mpr_2025_10_p012_c004"", ""rbi_mpr_2025_10_p017_c003"", ""rbi_mpr_2025_10_p013_c003""], ""reranker_output_pages"": [12, 12, 13, 21, 21, 74, 12, 32, 99, 66, 10, 21, 22, 22, 9, 99, 21, 68, 20, 80, 21, 12, 9, 20, 16, 13, 97, 12, 17, 13], ""reranker_scores"": [6.791872024536133, 5.963298797607422, 5.547171115875244, 4.484108924865723, 2.9308857917785645, 2.2766799926757812, 1.2068595886230469, 0.7732518911361694, 0.3779844641685486, 0.27658796310424805, 0.09358827024698257, -0.29182207584381104, -0.3530392646789551, -0.38207411766052246, -0.5033122897148132, -0.58271324634552, -0.8352600336074829, -1.0870797634124756, -1.1450870037078857, -1.2304630279541016, -1.450012445449829, -1.676727056503296, -2.295233726501465, -2.305723190307617, -2.4807960987091064, -2.498499870300293, -3.0530924797058105, -3.4710476398468018, -3.8204407691955566, -4.464428901672363], ""rrf_candidate_ids"": [""rbi_mpr_2025_10_p012_c000"", ""rbi_mpr_2025_10_p021_c004"", ""rbi_mpr_2025_10_p013_c000"", ""rbi_mpr_2025_10_p020_c000"", ""rbi_mpr_2025_10_p013_c004"", ""rbi_mpr_2025_10_p021_c000"", ""rbi_mpr_2025_10_p099_c000"", ""rbi_mpr_2025_10_p032_c000"", ""rbi_mpr_2025_10_p012_c001"", ""rbi_mpr_2025_10_p074_c000"", ""rbi_mpr_2025_10_p080_c001"", ""rbi_mpr_2025_10_p012_c002"", ""rbi_mpr_2025_10_p013_c003"", ""rbi_mpr_2025_10_p097_c003"", ""rbi_mpr_2025_10_p009_c005"", ""rbi_mpr_2025_10_p021_c003"", ""rbi_mpr_2025_10_p021_c002"", ""rbi_mpr_2025_10_p020_c001"", ""rbi_mpr_2025_10_p022_c002"", ""rbi_mpr_2025_10_p021_c005"", ""rbi_mpr_2025_10_p012_c003"", ""rbi_mpr_2025_10_p066_c000"", ""rbi_mpr_2025_10_p022_c001"", ""rbi_mpr_2025_10_p068_c000"", ""rbi_mpr_2025_10_p099_c002"", ""rbi_mpr_2025_10_p012_c004"", ""rbi_mpr_2025_10_p010_c000"", ""rbi_mpr_2025_10_p017_c003"", ""rbi_mpr_2025_10_p016_c002"", ""rbi_mpr_2025_10_p009_c003""], ""rrf_candidate_pages"": [12, 21, 13, 20, 13, 21, 99, 32, 12, 74, 80, 12, 13, 97, 9, 21, 21, 20, 22, 21, 12, 66, 22, 68, 99, 12, 10, 17, 16, 9], ""rrf_first_evidence_rank"": 1, ""rrf_scores"": [0.031099324975891997, 0.02976190476190476, 0.029631255487269532, 0.028588564574170333, 0.027425373134328357, 0.026655348047538198, 0.026334026334026334, 0.025779967159277502, 0.025774005972025775, 0.024696969696969696, 0.02357320099255583, 0.02350255170561375, 0.021061869240895127, 0.020330237358101133, 0.01991281949673073, 0.016129032258064516, 0.015625, 0.015625, 0.015384615384615385, 0.015384615384615385, 0.015151515151515152, 0.015151515151515152, 0.014492753623188406, 0.014492753623188406, 0.014285714285714285, 0.014084507042253521, 0.014084507042253521, 0.013888888888888888, 0.0136986301369863, 0.013513513513513514], ""selected_chunk_ids_after_dedup"": [""rbi_mpr_2025_10_p012_c000"", ""rbi_mpr_2025_10_p012_c001"", ""rbi_mpr_2025_10_p013_c000""], ""selected_chunk_ids_before_dedup"": [""rbi_mpr_2025_10_p012_c000"", ""rbi_mpr_2025_10_p012_c001"", ""rbi_mpr_2025_10_p013_c000""], ""selected_pages"": [12, 12, 13]}}","{""rbi_mpr_2025_04"": true, ""rbi_mpr_2025_10"": true}","{""rbi_mpr_2025_04"": 1.0, ""rbi_mpr_2025_10"": 1.0}",[],"[""2025""]",0.12480000441428274,pairwise_comparison,cmp_dev_003,"[""Compare""]",0.0,"{""rbi_mpr_2025_04"": 3, ""rbi_mpr_2025_10"": 3}",1.0,"[""rbi_mpr_2025_04"", ""rbi_mpr_2025_10""]",4510.140700003831,0.1331999956164509,5886,6,0.0048000074457377195,dev,4598.568800007342,4
False,4.872400008025579,0.338400001055561,False,04a5ce7716e7f739c55089569953118657c56d931da37da67b3f680d0125b949,0,0.02720000338740647,bf7cf18e02abb87a6e22fe9b686d8f93fa34ceb3f67abc575741c0a63080b56d,0.3929999948013574,63.48709999292623,0,1469,0.0,[],RRF_K60,[],0.26879999495577067,d063b65fcefc1858e3315b9e67356a80310b8ae9b4d0864e98dd7c18d8553c1a,0.0,Compare global-growth assumptions in April and October 2025.,Compare global-growth assumptions in April and October 2025.,"{""rbi_mpr_2025_04"": {""accepted_evidence_found"": false, ""accepted_pages"": [14], ""bm25_candidate_ids"": [""rbi_mpr_2025_04_p021_c001"", ""rbi_mpr_2025_04_p021_c000"", ""rbi_mpr_2025_04_p012_c000"", ""rbi_mpr_2025_04_p041_c000"", ""rbi_mpr_2025_04_p069_c004"", ""rbi_mpr_2025_04_p021_c003"", ""rbi_mpr_2025_04_p030_c001"", ""rbi_mpr_2025_04_p068_c000"", ""rbi_mpr_2025_04_p025_c000"", ""rbi_mpr_2025_04_p037_c000"", ""rbi_mpr_2025_04_p036_c004"", ""rbi_mpr_2025_04_p099_c004"", ""rbi_mpr_2025_04_p025_c001"", ""rbi_mpr_2025_04_p011_c000"", ""rbi_mpr_2025_04_p043_c001"", ""rbi_mpr_2025_04_p066_c000"", ""rbi_mpr_2025_04_p083_c000"", ""rbi_mpr_2025_04_p099_c003"", ""rbi_mpr_2025_04_p025_c003"", ""rbi_mpr_2025_04_p015_c000"", ""rbi_mpr_2025_04_p014_c001"", ""rbi_mpr_2025_04_p048_c000"", ""rbi_mpr_2025_04_p015_c001"", ""rbi_mpr_2025_04_p039_c001"", ""rbi_mpr_2025_04_p039_c000"", ""rbi_mpr_2025_04_p070_c000"", ""rbi_mpr_2025_04_p036_c002"", ""rbi_mpr_2025_04_p103_c002"", ""rbi_mpr_2025_04_p032_c000"", ""rbi_mpr_2025_04_p098_c000"", ""rbi_mpr_2025_04_p019_c004"", ""rbi_mpr_2025_04_p036_c000"", ""rbi_mpr_2025_04_p034_c000"", ""rbi_mpr_2025_04_p030_c000"", ""rbi_mpr_2025_04_p092_c000"", ""rbi_mpr_2025_04_p021_c004"", ""rbi_mpr_2025_04_p019_c003"", ""rbi_mpr_2025_04_p107_c002"", ""rbi_mpr_2025_04_p042_c000"", ""rbi_mpr_2025_04_p113_c001"", ""rbi_mpr_2025_04_p100_c000"", ""rbi_mpr_2025_04_p038_c000"", ""rbi_mpr_2025_04_p022_c000"", ""rbi_mpr_2025_04_p047_c002"", ""rbi_mpr_2025_04_p108_c000"", ""rbi_mpr_2025_04_p109_c001"", ""rbi_mpr_2025_04_p084_c000"", ""rbi_mpr_2025_04_p109_c000"", ""rbi_mpr_2025_04_p099_c002"", ""rbi_mpr_2025_04_p092_c001""], ""bm25_candidate_pages"": [21, 21, 12, 41, 69, 21, 30, 68, 25, 37, 36, 99, 25, 11, 43, 66, 83, 99, 25, 15, 14, 48, 15, 39, 39, 70, 36, 103, 32, 98, 19, 36, 34, 30, 92, 21, 19, 107, 42, 113, 100, 38, 22, 47, 108, 109, 84, 109, 99, 92], ""bm25_candidate_scores"": [null, null, null, null, null, null, null, null, null, null, null, null, null, null, null, null, null, null, null, null, null, null, null, null, null, null, null, null, null, null, null, null, null, null, null, null, null, null, null, null, null, null, null, null, null, null, null, null, null, null], ""bm25_first_evidence_rank"": 21, ""candidate_source_expansion"": {""rbi_mpr_2025_04_p011_c000"": [], ""rbi_mpr_2025_04_p011_c004"": [], ""rbi_mpr_2025_04_p012_c000"": [], ""rbi_mpr_2025_04_p012_c001"": [], ""rbi_mpr_2025_04_p012_c002"": [], ""rbi_mpr_2025_04_p012_c004"": [], ""rbi_mpr_2025_04_p012_c005"": [], ""rbi_mpr_2025_04_p013_c000"": [], ""rbi_mpr_2025_04_p013_c001"": [], ""rbi_mpr_2025_04_p014_c001"": [], ""rbi_mpr_2025_04_p015_c000"": [], ""rbi_mpr_2025_04_p015_c001"": [], ""rbi_mpr_2025_04_p015_c002"": [], ""rbi_mpr_2025_04_p015_c003"": [], ""rbi_mpr_2025_04_p017_c002"": [], ""rbi_mpr_2025_04_p018_c003"": [], ""rbi_mpr_2025_04_p019_c000"": [], ""rbi_mpr_2025_04_p019_c002"": [], ""rbi_mpr_2025_04_p019_c003"": [], ""rbi_mpr_2025_04_p019_c004"": [], ""rbi_mpr_2025_04_p020_c000"": [], ""rbi_mpr_2025_04_p020_c003"": [], ""rbi_mpr_2025_04_p021_c000"": [], ""rbi_mpr_2025_04_p021_c001"": [], ""rbi_mpr_2025_04_p021_c002"": [], ""rbi_mpr_2025_04_p021_c003"": [], ""rbi_mpr_2025_04_p021_c004"": [], ""rbi_mpr_2025_04_p022_c000"": [], ""rbi_mpr_2025_04_p023_c003"": [], ""rbi_mpr_2025_04_p025_c000"": [], ""rbi_mpr_2025_04_p025_c001"": [], ""rbi_mpr_2025_04_p025_c003"": [], ""rbi_mpr_2025_04_p030_c000"": [], ""rbi_mpr_2025_04_p030_c001"": [], ""rbi_mpr_2025_04_p032_c000"": [], ""rbi_mpr_2025_04_p034_c000"": [], ""rbi_mpr_2025_04_p036_c000"": [], ""rbi_mpr_2025_04_p036_c002"": [], ""rbi_mpr_2025_04_p036_c004"": [], ""rbi_mpr_2025_04_p037_c000"": [], ""rbi_mpr_2025_04_p038_c000"": [], ""rbi_mpr_2025_04_p039_c000"": [], ""rbi_mpr_2025_04_p039_c001"": [], ""rbi_mpr_2025_04_p041_c000"": [], ""rbi_mpr_2025_04_p042_c000"": [], ""rbi_mpr_2025_04_p043_c001"": [], ""rbi_mpr_2025_04_p047_c001"": [], ""rbi_mpr_2025_04_p047_c002"": [], ""rbi_mpr_2025_04_p047_c004"": [], ""rbi_mpr_2025_04_p048_c000"": [], ""rbi_mpr_2025_04_p048_c002"": [], ""rbi_mpr_2025_04_p048_c003"": [], ""rbi_mpr_2025_04_p053_c002"": [], ""rbi_mpr_2025_04_p057_c004"": [], ""rbi_mpr_2025_04_p058_c000"": [], ""rbi_mpr_2025_04_p060_c001"": [], ""rbi_mpr_2025_04_p061_c001"": [], ""rbi_mpr_2025_04_p064_c002"": [], ""rbi_mpr_2025_04_p066_c000"": [], ""rbi_mpr_2025_04_p068_c000"": [], ""rbi_mpr_2025_04_p068_c001"": [], ""rbi_mpr_2025_04_p069_c004"": [], ""rbi_mpr_2025_04_p070_c000"": [], ""rbi_mpr_2025_04_p083_c000"": [], ""rbi_mpr_2025_04_p084_c000"": [], ""rbi_mpr_2025_04_p092_c000"": [], ""rbi_mpr_2025_04_p092_c001"": [], ""rbi_mpr_2025_04_p098_c000"": [], ""rbi_mpr_2025_04_p099_c000"": [], ""rbi_mpr_2025_04_p099_c002"": [], ""rbi_mpr_2025_04_p099_c003"": [], ""rbi_mpr_2025_04_p099_c004"": [], ""rbi_mpr_2025_04_p100_c000"": [], ""rbi_mpr_2025_04_p100_c002"": [], ""rbi_mpr_2025_04_p100_c003"": [], ""rbi_mpr_2025_04_p101_c001"": [], ""rbi_mpr_2025_04_p101_c002"": [], ""rbi_mpr_2025_04_p101_c003"": [], ""rbi_mpr_2025_04_p101_c004"": [], ""rbi_mpr_2025_04_p101_c005"": [], ""rbi_mpr_2025_04_p102_c000"": [], ""rbi_mpr_2025_04_p103_c000"": [], ""rbi_mpr_2025_04_p103_c002"": [], ""rbi_mpr_2025_04_p107_c002"": [], ""rbi_mpr_2025_04_p108_c000"": [], ""rbi_mpr_2025_04_p109_c000"": [], ""rbi_mpr_2025_04_p109_c001"": [], ""rbi_mpr_2025_04_p113_c001"": [], ""rbi_mpr_2025_10_p009_c001"": [], ""rbi_mpr_2025_10_p009_c002"": [], ""rbi_mpr_2025_10_p009_c005"": [], ""rbi_mpr_2025_10_p010_c000"": [], ""rbi_mpr_2025_10_p010_c002"": [], ""rbi_mpr_2025_10_p010_c003"": [], ""rbi_mpr_2025_10_p011_c000"": [], ""rbi_mpr_2025_10_p011_c002"": [], ""rbi_mpr_2025_10_p012_c001"": [], ""rbi_mpr_2025_10_p013_c000"": [], ""rbi_mpr_2025_10_p013_c002"": [], ""rbi_mpr_2025_10_p013_c003"": [], ""rbi_mpr_2025_10_p013_c004"": [], ""rbi_mpr_2025_10_p013_c005"": [], ""rbi_mpr_2025_10_p015_c002"": [], ""rbi_mpr_2025_10_p016_c001"": [], ""rbi_mpr_2025_10_p017_c000"": [], ""rbi_mpr_2025_10_p017_c004"": [], ""rbi_mpr_2025_10_p017_c005"": [], ""rbi_mpr_2025_10_p019_c001"": [], ""rbi_mpr_2025_10_p019_c002"": [], ""rbi_mpr_2025_10_p020_c000"": [], ""rbi_mpr_2025_10_p020_c001"": [], ""rbi_mpr_2025_10_p020_c003"": [], ""rbi_mpr_2025_10_p021_c000"": [], ""rbi_mpr_2025_10_p021_c001"": [], ""rbi_mpr_2025_10_p021_c002"": [], ""rbi_mpr_2025_10_p021_c004"": [], ""rbi_mpr_2025_10_p021_c005"": [], ""rbi_mpr_2025_10_p022_c001"": [], ""rbi_mpr_2025_10_p022_c002"": [], ""rbi_mpr_2025_10_p024_c000"": [], ""rbi_mpr_2025_10_p024_c001"": [], ""rbi_mpr_2025_10_p025_c000"": [], ""rbi_mpr_2025_10_p025_c001"": [], ""rbi_mpr_2025_10_p026_c003"": [], ""rbi_mpr_2025_10_p028_c000"": [], ""rbi_mpr_2025_10_p032_c000"": [], ""rbi_mpr_2025_10_p036_c002"": [], ""rbi_mpr_2025_10_p036_c003"": [], ""rbi_mpr_2025_10_p037_c001"": [], ""rbi_mpr_2025_10_p038_c000"": [], ""rbi_mpr_2025_10_p041_c003"": [], ""rbi_mpr_2025_10_p042_c000"": [], ""rbi_mpr_2025_10_p042_c002"": [], ""rbi_mpr_2025_10_p042_c003"": [], ""rbi_mpr_2025_10_p042_c004"": [], ""rbi_mpr_2025_10_p043_c001"": [], ""rbi_mpr_2025_10_p043_c002"": [], ""rbi_mpr_2025_10_p043_c003"": [], ""rbi_mpr_2025_10_p046_c001"": [], ""rbi_mpr_2025_10_p049_c000"": [], ""rbi_mpr_2025_10_p052_c002"": [], ""rbi_mpr_2025_10_p057_c001"": [], ""rbi_mpr_2025_10_p058_c002"": [], ""rbi_mpr_2025_10_p061_c004"": [], ""rbi_mpr_2025_10_p062_c000"": [], ""rbi_mpr_2025_10_p063_c000"": [], ""rbi_mpr_2025_10_p064_c000"": [], ""rbi_mpr_2025_10_p064_c005"": [], ""rbi_mpr_2025_10_p066_c000"": [], ""rbi_mpr_2025_10_p066_c001"": [], ""rbi_mpr_2025_10_p066_c002"": [], ""rbi_mpr_2025_10_p068_c000"": [], ""rbi_mpr_2025_10_p070_c001"": [], ""rbi_mpr_2025_10_p071_c001"": [], ""rbi_mpr_2025_10_p074_c000"": [], ""rbi_mpr_2025_10_p079_c000"": [], ""rbi_mpr_2025_10_p080_c001"": [], ""rbi_mpr_2025_10_p080_c002"": [], ""rbi_mpr_2025_10_p085_c001"": [], ""rbi_mpr_2025_10_p095_c000"": [], ""rbi_mpr_2025_10_p095_c003"": [], ""rbi_mpr_2025_10_p096_c002"": [], ""rbi_mpr_2025_10_p096_c004"": [], ""rbi_mpr_2025_10_p097_c000"": [], ""rbi_mpr_2025_10_p097_c002"": [], ""rbi_mpr_2025_10_p097_c003"": [], ""rbi_mpr_2025_10_p097_c004"": [], ""rbi_mpr_2025_10_p098_c000"": [], ""rbi_mpr_2025_10_p098_c002"": [], ""rbi_mpr_2025_10_p099_c000"": [], ""rbi_mpr_2025_10_p099_c001"": [], ""rbi_mpr_2025_10_p099_c002"": [], ""rbi_mpr_2025_10_p102_c000"": [], ""rbi_mpr_2025_10_p103_c001"": [], ""rbi_mpr_2025_10_p105_c000"": [], ""rbi_mpr_2025_10_p105_c003"": []}, ""candidate_source_facet"": {""rbi_mpr_2025_04_p011_c000"": [], ""rbi_mpr_2025_04_p011_c004"": [], ""rbi_mpr_2025_04_p012_c000"": [], ""rbi_mpr_2025_04_p012_c001"": [], ""rbi_mpr_2025_04_p012_c002"": [], ""rbi_mpr_2025_04_p012_c004"": [], ""rbi_mpr_2025_04_p012_c005"": [], ""rbi_mpr_2025_04_p013_c000"": [], ""rbi_mpr_2025_04_p013_c001"": [], ""rbi_mpr_2025_04_p014_c001"": [], ""rbi_mpr_2025_04_p015_c000"": [], ""rbi_mpr_2025_04_p015_c001"": [], ""rbi_mpr_2025_04_p015_c002"": [], ""rbi_mpr_2025_04_p015_c003"": [], ""rbi_mpr_2025_04_p017_c002"": [], ""rbi_mpr_2025_04_p018_c003"": [], ""rbi_mpr_2025_04_p019_c000"": [], ""rbi_mpr_2025_04_p019_c002"": [], ""rbi_mpr_2025_04_p019_c003"": [], ""rbi_mpr_2025_04_p019_c004"": [], ""rbi_mpr_2025_04_p020_c000"": [], ""rbi_mpr_2025_04_p020_c003"": [], ""rbi_mpr_2025_04_p021_c000"": [], ""rbi_mpr_2025_04_p021_c001"": [], ""rbi_mpr_2025_04_p021_c002"": [], ""rbi_mpr_2025_04_p021_c003"": [], ""rbi_mpr_2025_04_p021_c004"": [], ""rbi_mpr_2025_04_p022_c000"": [], ""rbi_mpr_2025_04_p023_c003"": [], ""rbi_mpr_2025_04_p025_c000"": [], ""rbi_mpr_2025_04_p025_c001"": [], ""rbi_mpr_2025_04_p025_c003"": [], ""rbi_mpr_2025_04_p030_c000"": [], ""rbi_mpr_2025_04_p030_c001"": [], ""rbi_mpr_2025_04_p032_c000"": [], ""rbi_mpr_2025_04_p034_c000"": [], ""rbi_mpr_2025_04_p036_c000"": [], ""rbi_mpr_2025_04_p036_c002"": [], ""rbi_mpr_2025_04_p036_c004"": [], ""rbi_mpr_2025_04_p037_c000"": [], ""rbi_mpr_2025_04_p038_c000"": [], ""rbi_mpr_2025_04_p039_c000"": [], ""rbi_mpr_2025_04_p039_c001"": [], ""rbi_mpr_2025_04_p041_c000"": [], ""rbi_mpr_2025_04_p042_c000"": [], ""rbi_mpr_2025_04_p043_c001"": [], ""rbi_mpr_2025_04_p047_c001"": [], ""rbi_mpr_2025_04_p047_c002"": [], ""rbi_mpr_2025_04_p047_c004"": [], ""rbi_mpr_2025_04_p048_c000"": [], ""rbi_mpr_2025_04_p048_c002"": [], ""rbi_mpr_2025_04_p048_c003"": [], ""rbi_mpr_2025_04_p053_c002"": [], ""rbi_mpr_2025_04_p057_c004"": [], ""rbi_mpr_2025_04_p058_c000"": [], ""rbi_mpr_2025_04_p060_c001"": [], ""rbi_mpr_2025_04_p061_c001"": [], ""rbi_mpr_2025_04_p064_c002"": [], ""rbi_mpr_2025_04_p066_c000"": [], ""rbi_mpr_2025_04_p068_c000"": [], ""rbi_mpr_2025_04_p068_c001"": [], ""rbi_mpr_2025_04_p069_c004"": [], ""rbi_mpr_2025_04_p070_c000"": [], ""rbi_mpr_2025_04_p083_c000"": [], ""rbi_mpr_2025_04_p084_c000"": [], ""rbi_mpr_2025_04_p092_c000"": [], ""rbi_mpr_2025_04_p092_c001"": [], ""rbi_mpr_2025_04_p098_c000"": [], ""rbi_mpr_2025_04_p099_c000"": [], ""rbi_mpr_2025_04_p099_c002"": [], ""rbi_mpr_2025_04_p099_c003"": [], ""rbi_mpr_2025_04_p099_c004"": [], ""rbi_mpr_2025_04_p100_c000"": [], ""rbi_mpr_2025_04_p100_c002"": [], ""rbi_mpr_2025_04_p100_c003"": [], ""rbi_mpr_2025_04_p101_c001"": [], ""rbi_mpr_2025_04_p101_c002"": [], ""rbi_mpr_2025_04_p101_c003"": [], ""rbi_mpr_2025_04_p101_c004"": [], ""rbi_mpr_2025_04_p101_c005"": [], ""rbi_mpr_2025_04_p102_c000"": [], ""rbi_mpr_2025_04_p103_c000"": [], ""rbi_mpr_2025_04_p103_c002"": [], ""rbi_mpr_2025_04_p107_c002"": [], ""rbi_mpr_2025_04_p108_c000"": [], ""rbi_mpr_2025_04_p109_c000"": [], ""rbi_mpr_2025_04_p109_c001"": [], ""rbi_mpr_2025_04_p113_c001"": [], ""rbi_mpr_2025_10_p009_c001"": [], ""rbi_mpr_2025_10_p009_c002"": [], ""rbi_mpr_2025_10_p009_c005"": [], ""rbi_mpr_2025_10_p010_c000"": [], ""rbi_mpr_2025_10_p010_c002"": [], ""rbi_mpr_2025_10_p010_c003"": [], ""rbi_mpr_2025_10_p011_c000"": [], ""rbi_mpr_2025_10_p011_c002"": [], ""rbi_mpr_2025_10_p012_c001"": [], ""rbi_mpr_2025_10_p013_c000"": [], ""rbi_mpr_2025_10_p013_c002"": [], ""rbi_mpr_2025_10_p013_c003"": [], ""rbi_mpr_2025_10_p013_c004"": [], ""rbi_mpr_2025_10_p013_c005"": [], ""rbi_mpr_2025_10_p015_c002"": [], ""rbi_mpr_2025_10_p016_c001"": [], ""rbi_mpr_2025_10_p017_c000"": [], ""rbi_mpr_2025_10_p017_c004"": [], ""rbi_mpr_2025_10_p017_c005"": [], ""rbi_mpr_2025_10_p019_c001"": [], ""rbi_mpr_2025_10_p019_c002"": [], ""rbi_mpr_2025_10_p020_c000"": [], ""rbi_mpr_2025_10_p020_c001"": [], ""rbi_mpr_2025_10_p020_c003"": [], ""rbi_mpr_2025_10_p021_c000"": [], ""rbi_mpr_2025_10_p021_c001"": [], ""rbi_mpr_2025_10_p021_c002"": [], ""rbi_mpr_2025_10_p021_c004"": [], ""rbi_mpr_2025_10_p021_c005"": [], ""rbi_mpr_2025_10_p022_c001"": [], ""rbi_mpr_2025_10_p022_c002"": [], ""rbi_mpr_2025_10_p024_c000"": [], ""rbi_mpr_2025_10_p024_c001"": [], ""rbi_mpr_2025_10_p025_c000"": [], ""rbi_mpr_2025_10_p025_c001"": [], ""rbi_mpr_2025_10_p026_c003"": [], ""rbi_mpr_2025_10_p028_c000"": [], ""rbi_mpr_2025_10_p032_c000"": [], ""rbi_mpr_2025_10_p036_c002"": [], ""rbi_mpr_2025_10_p036_c003"": [], ""rbi_mpr_2025_10_p037_c001"": [], ""rbi_mpr_2025_10_p038_c000"": [], ""rbi_mpr_2025_10_p041_c003"": [], ""rbi_mpr_2025_10_p042_c000"": [], ""rbi_mpr_2025_10_p042_c002"": [], ""rbi_mpr_2025_10_p042_c003"": [], ""rbi_mpr_2025_10_p042_c004"": [], ""rbi_mpr_2025_10_p043_c001"": [], ""rbi_mpr_2025_10_p043_c002"": [], ""rbi_mpr_2025_10_p043_c003"": [], ""rbi_mpr_2025_10_p046_c001"": [], ""rbi_mpr_2025_10_p049_c000"": [], ""rbi_mpr_2025_10_p052_c002"": [], ""rbi_mpr_2025_10_p057_c001"": [], ""rbi_mpr_2025_10_p058_c002"": [], ""rbi_mpr_2025_10_p061_c004"": [], ""rbi_mpr_2025_10_p062_c000"": [], ""rbi_mpr_2025_10_p063_c000"": [], ""rbi_mpr_2025_10_p064_c000"": [], ""rbi_mpr_2025_10_p064_c005"": [], ""rbi_mpr_2025_10_p066_c000"": [], ""rbi_mpr_2025_10_p066_c001"": [], ""rbi_mpr_2025_10_p066_c002"": [], ""rbi_mpr_2025_10_p068_c000"": [], ""rbi_mpr_2025_10_p070_c001"": [], ""rbi_mpr_2025_10_p071_c001"": [], ""rbi_mpr_2025_10_p074_c000"": [], ""rbi_mpr_2025_10_p079_c000"": [], ""rbi_mpr_2025_10_p080_c001"": [], ""rbi_mpr_2025_10_p080_c002"": [], ""rbi_mpr_2025_10_p085_c001"": [], ""rbi_mpr_2025_10_p095_c000"": [], ""rbi_mpr_2025_10_p095_c003"": [], ""rbi_mpr_2025_10_p096_c002"": [], ""rbi_mpr_2025_10_p096_c004"": [], ""rbi_mpr_2025_10_p097_c000"": [], ""rbi_mpr_2025_10_p097_c002"": [], ""rbi_mpr_2025_10_p097_c003"": [], ""rbi_mpr_2025_10_p097_c004"": [], ""rbi_mpr_2025_10_p098_c000"": [], ""rbi_mpr_2025_10_p098_c002"": [], ""rbi_mpr_2025_10_p099_c000"": [], ""rbi_mpr_2025_10_p099_c001"": [], ""rbi_mpr_2025_10_p099_c002"": [], ""rbi_mpr_2025_10_p102_c000"": [], ""rbi_mpr_2025_10_p103_c001"": [], ""rbi_mpr_2025_10_p105_c000"": [], ""rbi_mpr_2025_10_p105_c003"": []}, ""candidate_source_query"": {""rbi_mpr_2025_04_p011_c000"": [""Compare global-growth assumptions in April and October 2025.""], ""rbi_mpr_2025_04_p011_c004"": [""Compare global-growth assumptions in April and October 2025.""], ""rbi_mpr_2025_04_p012_c000"": [""Compare global-growth assumptions in April and October 2025.""], ""rbi_mpr_2025_04_p012_c001"": [""Compare global-growth assumptions in April and October 2025.""], ""rbi_mpr_2025_04_p012_c002"": [""Compare global-growth assumptions in April and October 2025.""], ""rbi_mpr_2025_04_p012_c004"": [""Compare global-growth assumptions in April and October 2025.""], ""rbi_mpr_2025_04_p012_c005"": [""Compare global-growth assumptions in April and October 2025.""], ""rbi_mpr_2025_04_p013_c000"": [""Compare global-growth assumptions in April and October 2025.""], ""rbi_mpr_2025_04_p013_c001"": [""Compare global-growth assumptions in April and October 2025.""], ""rbi_mpr_2025_04_p014_c001"": [""Compare global-growth assumptions in April and October 2025.""], ""rbi_mpr_2025_04_p015_c000"": [""Compare global-growth assumptions in April and October 2025.""], ""rbi_mpr_2025_04_p015_c001"": [""Compare global-growth assumptions in April and October 2025.""], ""rbi_mpr_2025_04_p015_c002"": [""Compare global-growth assumptions in April and October 2025.""], ""rbi_mpr_2025_04_p015_c003"": [""Compare global-growth assumptions in April and October 2025.""], ""rbi_mpr_2025_04_p017_c002"": [""Compare global-growth assumptions in April and October 2025.""], ""rbi_mpr_2025_04_p018_c003"": [""Compare global-growth assumptions in April and October 2025.""], ""rbi_mpr_2025_04_p019_c000"": [""Compare global-growth assumptions in April and October 2025.""], ""rbi_mpr_2025_04_p019_c002"": [""Compare global-growth assumptions in April and October 2025.""], ""rbi_mpr_2025_04_p019_c003"": [""Compare global-growth assumptions in April and October 2025.""], ""rbi_mpr_2025_04_p019_c004"": [""Compare global-growth assumptions in April and October 2025.""], ""rbi_mpr_2025_04_p020_c000"": [""Compare global-growth assumptions in April and October 2025.""], ""rbi_mpr_2025_04_p020_c003"": [""Compare global-growth assumptions in April and October 2025.""], ""rbi_mpr_2025_04_p021_c000"": [""Compare global-growth assumptions in April and October 2025.""], ""rbi_mpr_2025_04_p021_c001"": [""Compare global-growth assumptions in April and October 2025.""], ""rbi_mpr_2025_04_p021_c002"": [""Compare global-growth assumptions in April and October 2025.""], ""rbi_mpr_2025_04_p021_c003"": [""Compare global-growth assumptions in April and October 2025.""], ""rbi_mpr_2025_04_p021_c004"": [""Compare global-growth assumptions in April and October 2025.""], ""rbi_mpr_2025_04_p022_c000"": [""Compare global-growth assumptions in April and October 2025.""], ""rbi_mpr_2025_04_p023_c003"": [""Compare global-growth assumptions in April and October 2025.""], ""rbi_mpr_2025_04_p025_c000"": [""Compare global-growth assumptions in April and October 2025.""], ""rbi_mpr_2025_04_p025_c001"": [""Compare global-growth assumptions in April and October 2025.""], ""rbi_mpr_2025_04_p025_c003"": [""Compare global-growth assumptions in April and October 2025.""], ""rbi_mpr_2025_04_p030_c000"": [""Compare global-growth assumptions in April and October 2025.""], ""rbi_mpr_2025_04_p030_c001"": [""Compare global-growth assumptions in April and October 2025.""], ""rbi_mpr_2025_04_p032_c000"": [""Compare global-growth assumptions in April and October 2025.""], ""rbi_mpr_2025_04_p034_c000"": [""Compare global-growth assumptions in April and October 2025.""], ""rbi_mpr_2025_04_p036_c000"": [""Compare global-growth assumptions in April and October 2025.""], ""rbi_mpr_2025_04_p036_c002"": [""Compare global-growth assumptions in April and October 2025.""], ""rbi_mpr_2025_04_p036_c004"": [""Compare global-growth assumptions in April and October 2025.""], ""rbi_mpr_2025_04_p037_c000"": [""Compare global-growth assumptions in April and October 2025.""], ""rbi_mpr_2025_04_p038_c000"": [""Compare global-growth assumptions in April and October 2025.""], ""rbi_mpr_2025_04_p039_c000"": [""Compare global-growth assumptions in April and October 2025.""], ""rbi_mpr_2025_04_p039_c001"": [""Compare global-growth assumptions in April and October 2025.""], ""rbi_mpr_2025_04_p041_c000"": [""Compare global-growth assumptions in April and October 2025.""], ""rbi_mpr_2025_04_p042_c000"": [""Compare global-growth assumptions in April and October 2025.""], ""rbi_mpr_2025_04_p043_c001"": [""Compare global-growth assumptions in April and October 2025.""], ""rbi_mpr_2025_04_p047_c001"": [""Compare global-growth assumptions in April and October 2025.""], ""rbi_mpr_2025_04_p047_c002"": [""Compare global-growth assumptions in April and October 2025.""], ""rbi_mpr_2025_04_p047_c004"": [""Compare global-growth assumptions in April and October 2025.""], ""rbi_mpr_2025_04_p048_c000"": [""Compare global-growth assumptions in April and October 2025.""], ""rbi_mpr_2025_04_p048_c002"": [""Compare global-growth assumptions in April and October 2025.""], ""rbi_mpr_2025_04_p048_c003"": [""Compare global-growth assumptions in April and October 2025.""], ""rbi_mpr_2025_04_p053_c002"": [""Compare global-growth assumptions in April and October 2025.""], ""rbi_mpr_2025_04_p057_c004"": [""Compare global-growth assumptions in April and October 2025.""], ""rbi_mpr_2025_04_p058_c000"": [""Compare global-growth assumptions in April and October 2025.""], ""rbi_mpr_2025_04_p060_c001"": [""Compare global-growth assumptions in April and October 2025.""], ""rbi_mpr_2025_04_p061_c001"": [""Compare global-growth assumptions in April and October 2025.""], ""rbi_mpr_2025_04_p064_c002"": [""Compare global-growth assumptions in April and October 2025.""], ""rbi_mpr_2025_04_p066_c000"": [""Compare global-growth assumptions in April and October 2025.""], ""rbi_mpr_2025_04_p068_c000"": [""Compare global-growth assumptions in April and October 2025.""], ""rbi_mpr_2025_04_p068_c001"": [""Compare global-growth assumptions in April and October 2025.""], ""rbi_mpr_2025_04_p069_c004"": [""Compare global-growth assumptions in April and October 2025.""], ""rbi_mpr_2025_04_p070_c000"": [""Compare global-growth assumptions in April and October 2025.""], ""rbi_mpr_2025_04_p083_c000"": [""Compare global-growth assumptions in April and October 2025.""], ""rbi_mpr_2025_04_p084_c000"": [""Compare global-growth assumptions in April and October 2025.""], ""rbi_mpr_2025_04_p092_c000"": [""Compare global-growth assumptions in April and October 2025.""], ""rbi_mpr_2025_04_p092_c001"": [""Compare global-growth assumptions in April and October 2025.""], ""rbi_mpr_2025_04_p098_c000"": [""Compare global-growth assumptions in April and October 2025.""], ""rbi_mpr_2025_04_p099_c000"": [""Compare global-growth assumptions in April and October 2025.""], ""rbi_mpr_2025_04_p099_c002"": [""Compare global-growth assumptions in April and October 2025.""], ""rbi_mpr_2025_04_p099_c003"": [""Compare global-growth assumptions in April and October 2025.""], ""rbi_mpr_2025_04_p099_c004"": [""Compare global-growth assumptions in April and October 2025.""], ""rbi_mpr_2025_04_p100_c000"": [""Compare global-growth assumptions in April and October 2025.""], ""rbi_mpr_2025_04_p100_c002"": [""Compare global-growth assumptions in April and October 2025.""], ""rbi_mpr_2025_04_p100_c003"": [""Compare global-growth assumptions in April and October 2025.""], ""rbi_mpr_2025_04_p101_c001"": [""Compare global-growth assumptions in April and October 2025.""], ""rbi_mpr_2025_04_p101_c002"": [""Compare global-growth assumptions in April and October 2025.""], ""rbi_mpr_2025_04_p101_c003"": [""Compare global-growth assumptions in April and October 2025.""], ""rbi_mpr_2025_04_p101_c004"": [""Compare global-growth assumptions in April and October 2025.""], ""rbi_mpr_2025_04_p101_c005"": [""Compare global-growth assumptions in April and October 2025.""], ""rbi_mpr_2025_04_p102_c000"": [""Compare global-growth assumptions in April and October 2025.""], ""rbi_mpr_2025_04_p103_c000"": [""Compare global-growth assumptions in April and October 2025.""], ""rbi_mpr_2025_04_p103_c002"": [""Compare global-growth assumptions in April and October 2025.""], ""rbi_mpr_2025_04_p107_c002"": [""Compare global-growth assumptions in April and October 2025.""], ""rbi_mpr_2025_04_p108_c000"": [""Compare global-growth assumptions in April and October 2025.""], ""rbi_mpr_2025_04_p109_c000"": [""Compare global-growth assumptions in April and October 2025.""], ""rbi_mpr_2025_04_p109_c001"": [""Compare global-growth assumptions in April and October 2025.""], ""rbi_mpr_2025_04_p113_c001"": [""Compare global-growth assumptions in April and October 2025.""], ""rbi_mpr_2025_10_p009_c001"": [""Compare global-growth assumptions in April and October 2025.""], ""rbi_mpr_2025_10_p009_c002"": [""Compare global-growth assumptions in April and October 2025.""], ""rbi_mpr_2025_10_p009_c005"": [""Compare global-growth assumptions in April and October 2025.""], ""rbi_mpr_2025_10_p010_c000"": [""Compare global-growth assumptions in April and October 2025.""], ""rbi_mpr_2025_10_p010_c002"": [""Compare global-growth assumptions in April and October 2025.""], ""rbi_mpr_2025_10_p010_c003"": [""Compare global-growth assumptions in April and October 2025.""], ""rbi_mpr_2025_10_p011_c000"": [""Compare global-growth assumptions in April and October 2025.""], ""rbi_mpr_2025_10_p011_c002"": [""Compare global-growth assumptions in April and October 2025.""], ""rbi_mpr_2025_10_p012_c001"": [""Compare global-growth assumptions in April and October 2025.""], ""rbi_mpr_2025_10_p013_c000"": [""Compare global-growth assumptions in April and October 2025.""], ""rbi_mpr_2025_10_p013_c002"": [""Compare global-growth assumptions in April and October 2025.""], ""rbi_mpr_2025_10_p013_c003"": [""Compare global-growth assumptions in April and October 2025.""], ""rbi_mpr_2025_10_p013_c004"": [""Compare global-growth assumptions in April and October 2025.""], ""rbi_mpr_2025_10_p013_c005"": [""Compare global-growth assumptions in April and October 2025.""], ""rbi_mpr_2025_10_p015_c002"": [""Compare global-growth assumptions in April and October 2025.""], ""rbi_mpr_2025_10_p016_c001"": [""Compare global-growth assumptions in April and October 2025.""], ""rbi_mpr_2025_10_p017_c000"": [""Compare global-growth assumptions in April and October 2025.""], ""rbi_mpr_2025_10_p017_c004"": [""Compare global-growth assumptions in April and October 2025.""], ""rbi_mpr_2025_10_p017_c005"": [""Compare global-growth assumptions in April and October 2025.""], ""rbi_mpr_2025_10_p019_c001"": [""Compare global-growth assumptions in April and October 2025.""], ""rbi_mpr_2025_10_p019_c002"": [""Compare global-growth assumptions in April and October 2025.""], ""rbi_mpr_2025_10_p020_c000"": [""Compare global-growth assumptions in April and October 2025.""], ""rbi_mpr_2025_10_p020_c001"": [""Compare global-growth assumptions in April and October 2025.""], ""rbi_mpr_2025_10_p020_c003"": [""Compare global-growth assumptions in April and October 2025.""], ""rbi_mpr_2025_10_p021_c000"": [""Compare global-growth assumptions in April and October 2025.""], ""rbi_mpr_2025_10_p021_c001"": [""Compare global-growth assumptions in April and October 2025.""], ""rbi_mpr_2025_10_p021_c002"": [""Compare global-growth assumptions in April and October 2025.""], ""rbi_mpr_2025_10_p021_c004"": [""Compare global-growth assumptions in April and October 2025.""], ""rbi_mpr_2025_10_p021_c005"": [""Compare global-growth assumptions in April and October 2025.""], ""rbi_mpr_2025_10_p022_c001"": [""Compare global-growth assumptions in April and October 2025.""], ""rbi_mpr_2025_10_p022_c002"": [""Compare global-growth assumptions in April and October 2025.""], ""rbi_mpr_2025_10_p024_c000"": [""Compare global-growth assumptions in April and October 2025.""], ""rbi_mpr_2025_10_p024_c001"": [""Compare global-growth assumptions in April and October 2025.""], ""rbi_mpr_2025_10_p025_c000"": [""Compare global-growth assumptions in April and October 2025.""], ""rbi_mpr_2025_10_p025_c001"": [""Compare global-growth assumptions in April and October 2025.""], ""rbi_mpr_2025_10_p026_c003"": [""Compare global-growth assumptions in April and October 2025.""], ""rbi_mpr_2025_10_p028_c000"": [""Compare global-growth assumptions in April and October 2025.""], ""rbi_mpr_2025_10_p032_c000"": [""Compare global-growth assumptions in April and October 2025.""], ""rbi_mpr_2025_10_p036_c002"": [""Compare global-growth assumptions in April and October 2025.""], ""rbi_mpr_2025_10_p036_c003"": [""Compare global-growth assumptions in April and October 2025.""], ""rbi_mpr_2025_10_p037_c001"": [""Compare global-growth assumptions in April and October 2025.""], ""rbi_mpr_2025_10_p038_c000"": [""Compare global-growth assumptions in April and October 2025.""], ""rbi_mpr_2025_10_p041_c003"": [""Compare global-growth assumptions in April and October 2025.""], ""rbi_mpr_2025_10_p042_c000"": [""Compare global-growth assumptions in April and October 2025.""], ""rbi_mpr_2025_10_p042_c002"": [""Compare global-growth assumptions in April and October 2025.""], ""rbi_mpr_2025_10_p042_c003"": [""Compare global-growth assumptions in April and October 2025.""], ""rbi_mpr_2025_10_p042_c004"": [""Compare global-growth assumptions in April and October 2025.""], ""rbi_mpr_2025_10_p043_c001"": [""Compare global-growth assumptions in April and October 2025.""], ""rbi_mpr_2025_10_p043_c002"": [""Compare global-growth assumptions in April and October 2025.""], ""rbi_mpr_2025_10_p043_c003"": [""Compare global-growth assumptions in April and October 2025.""], ""rbi_mpr_2025_10_p046_c001"": [""Compare global-growth assumptions in April and October 2025.""], ""rbi_mpr_2025_10_p049_c000"": [""Compare global-growth assumptions in April and October 2025.""], ""rbi_mpr_2025_10_p052_c002"": [""Compare global-growth assumptions in April and October 2025.""], ""rbi_mpr_2025_10_p057_c001"": [""Compare global-growth assumptions in April and October 2025.""], ""rbi_mpr_2025_10_p058_c002"": [""Compare global-growth assumptions in April and October 2025.""], ""rbi_mpr_2025_10_p061_c004"": [""Compare global-growth assumptions in April and October 2025.""], ""rbi_mpr_2025_10_p062_c000"": [""Compare global-growth assumptions in April and October 2025.""], ""rbi_mpr_2025_10_p063_c000"": [""Compare global-growth assumptions in April and October 2025.""], ""rbi_mpr_2025_10_p064_c000"": [""Compare global-growth assumptions in April and October 2025.""], ""rbi_mpr_2025_10_p064_c005"": [""Compare global-growth assumptions in April and October 2025.""], ""rbi_mpr_2025_10_p066_c000"": [""Compare global-growth assumptions in April and October 2025.""], ""rbi_mpr_2025_10_p066_c001"": [""Compare global-growth assumptions in April and October 2025.""], ""rbi_mpr_2025_10_p066_c002"": [""Compare global-growth assumptions in April and October 2025.""], ""rbi_mpr_2025_10_p068_c000"": [""Compare global-growth assumptions in April and October 2025.""], ""rbi_mpr_2025_10_p070_c001"": [""Compare global-growth assumptions in April and October 2025.""], ""rbi_mpr_2025_10_p071_c001"": [""Compare global-growth assumptions in April and October 2025.""], ""rbi_mpr_2025_10_p074_c000"": [""Compare global-growth assumptions in April and October 2025.""], ""rbi_mpr_2025_10_p079_c000"": [""Compare global-growth assumptions in April and October 2025.""], ""rbi_mpr_2025_10_p080_c001"": [""Compare global-growth assumptions in April and October 2025.""], ""rbi_mpr_2025_10_p080_c002"": [""Compare global-growth assumptions in April and October 2025.""], ""rbi_mpr_2025_10_p085_c001"": [""Compare global-growth assumptions in April and October 2025.""], ""rbi_mpr_2025_10_p095_c000"": [""Compare global-growth assumptions in April and October 2025.""], ""rbi_mpr_2025_10_p095_c003"": [""Compare global-growth assumptions in April and October 2025.""], ""rbi_mpr_2025_10_p096_c002"": [""Compare global-growth assumptions in April and October 2025.""], ""rbi_mpr_2025_10_p096_c004"": [""Compare global-growth assumptions in April and October 2025.""], ""rbi_mpr_2025_10_p097_c000"": [""Compare global-growth assumptions in April and October 2025.""], ""rbi_mpr_2025_10_p097_c002"": [""Compare global-growth assumptions in April and October 2025.""], ""rbi_mpr_2025_10_p097_c003"": [""Compare global-growth assumptions in April and October 2025.""], ""rbi_mpr_2025_10_p097_c004"": [""Compare global-growth assumptions in April and October 2025.""], ""rbi_mpr_2025_10_p098_c000"": [""Compare global-growth assumptions in April and October 2025.""], ""rbi_mpr_2025_10_p098_c002"": [""Compare global-growth assumptions in April and October 2025.""], ""rbi_mpr_2025_10_p099_c000"": [""Compare global-growth assumptions in April and October 2025.""], ""rbi_mpr_2025_10_p099_c001"": [""Compare global-growth assumptions in April and October 2025.""], ""rbi_mpr_2025_10_p099_c002"": [""Compare global-growth assumptions in April and October 2025.""], ""rbi_mpr_2025_10_p102_c000"": [""Compare global-growth assumptions in April and October 2025.""], ""rbi_mpr_2025_10_p103_c001"": [""Compare global-growth assumptions in April and October 2025.""], ""rbi_mpr_2025_10_p105_c000"": [""Compare global-growth assumptions in April and October 2025.""], ""rbi_mpr_2025_10_p105_c003"": [""Compare global-growth assumptions in April and October 2025.""]}, ""candidate_source_retriever"": {""rbi_mpr_2025_04_p011_c000"": [""bm25"", ""dense""], ""rbi_mpr_2025_04_p011_c004"": [""dense""], ""rbi_mpr_2025_04_p012_c000"": [""bm25""], ""rbi_mpr_2025_04_p012_c001"": [""dense""], ""rbi_mpr_2025_04_p012_c002"": [""dense""], ""rbi_mpr_2025_04_p012_c004"": [""dense""], ""rbi_mpr_2025_04_p012_c005"": [""dense""], ""rbi_mpr_2025_04_p013_c000"": [""dense""], ""rbi_mpr_2025_04_p013_c001"": [""dense""], ""rbi_mpr_2025_04_p014_c001"": [""bm25""], ""rbi_mpr_2025_04_p015_c000"": [""bm25"", ""dense""], ""rbi_mpr_2025_04_p015_c001"": [""bm25"", ""dense""], ""rbi_mpr_2025_04_p015_c002"": [""dense""], ""rbi_mpr_2025_04_p015_c003"": [""dense""], ""rbi_mpr_2025_04_p017_c002"": [""dense""], ""rbi_mpr_2025_04_p018_c003"": [""dense""], ""rbi_mpr_2025_04_p019_c000"": [""dense""], ""rbi_mpr_2025_04_p019_c002"": [""dense""], ""rbi_mpr_2025_04_p019_c003"": [""bm25""], ""rbi_mpr_2025_04_p019_c004"": [""bm25""], ""rbi_mpr_2025_04_p020_c000"": [""dense""], ""rbi_mpr_2025_04_p020_c003"": [""dense""], ""rbi_mpr_2025_04_p021_c000"": [""bm25"", ""dense""], ""rbi_mpr_2025_04_p021_c001"": [""bm25"", ""dense""], ""rbi_mpr_2025_04_p021_c002"": [""dense""], ""rbi_mpr_2025_04_p021_c003"": [""bm25"", ""dense""], ""rbi_mpr_2025_04_p021_c004"": [""bm25""], ""rbi_mpr_2025_04_p022_c000"": [""bm25"", ""dense""], ""rbi_mpr_2025_04_p023_c003"": [""dense""], ""rbi_mpr_2025_04_p025_c000"": [""bm25""], ""rbi_mpr_2025_04_p025_c001"": [""bm25""], ""rbi_mpr_2025_04_p025_c003"": [""bm25"", ""dense""], ""rbi_mpr_2025_04_p030_c000"": [""bm25""], ""rbi_mpr_2025_04_p030_c001"": [""bm25""], ""rbi_mpr_2025_04_p032_c000"": [""bm25""], ""rbi_mpr_2025_04_p034_c000"": [""bm25""], ""rbi_mpr_2025_04_p036_c000"": [""bm25""], ""rbi_mpr_2025_04_p036_c002"": [""bm25""], ""rbi_mpr_2025_04_p036_c004"": [""bm25""], ""rbi_mpr_2025_04_p037_c000"": [""bm25""], ""rbi_mpr_2025_04_p038_c000"": [""bm25""], ""rbi_mpr_2025_04_p039_c000"": [""bm25""], ""rbi_mpr_2025_04_p039_c001"": [""bm25""], ""rbi_mpr_2025_04_p041_c000"": [""bm25""], ""rbi_mpr_2025_04_p042_c000"": [""bm25""], ""rbi_mpr_2025_04_p043_c001"": [""bm25""], ""rbi_mpr_2025_04_p047_c001"": [""dense""], ""rbi_mpr_2025_04_p047_c002"": [""bm25"", ""dense""], ""rbi_mpr_2025_04_p047_c004"": [""dense""], ""rbi_mpr_2025_04_p048_c000"": [""bm25""], ""rbi_mpr_2025_04_p048_c002"": [""dense""], ""rbi_mpr_2025_04_p048_c003"": [""dense""], ""rbi_mpr_2025_04_p053_c002"": [""dense""], ""rbi_mpr_2025_04_p057_c004"": [""dense""], ""rbi_mpr_2025_04_p058_c000"": [""dense""], ""rbi_mpr_2025_04_p060_c001"": [""dense""], ""rbi_mpr_2025_04_p061_c001"": [""dense""], ""rbi_mpr_2025_04_p064_c002"": [""dense""], ""rbi_mpr_2025_04_p066_c000"": [""bm25"", ""dense""], ""rbi_mpr_2025_04_p068_c000"": [""bm25""], ""rbi_mpr_2025_04_p068_c001"": [""dense""], ""rbi_mpr_2025_04_p069_c004"": [""bm25""], ""rbi_mpr_2025_04_p070_c000"": [""bm25""], ""rbi_mpr_2025_04_p083_c000"": [""bm25""], ""rbi_mpr_2025_04_p084_c000"": [""bm25""], ""rbi_mpr_2025_04_p092_c000"": [""bm25""], ""rbi_mpr_2025_04_p092_c001"": [""bm25""], ""rbi_mpr_2025_04_p098_c000"": [""bm25""], ""rbi_mpr_2025_04_p099_c000"": [""dense""], ""rbi_mpr_2025_04_p099_c002"": [""bm25"", ""dense""], ""rbi_mpr_2025_04_p099_c003"": [""bm25"", ""dense""], ""rbi_mpr_2025_04_p099_c004"": [""bm25""], ""rbi_mpr_2025_04_p100_c000"": [""bm25""], ""rbi_mpr_2025_04_p100_c002"": [""dense""], ""rbi_mpr_2025_04_p100_c003"": [""dense""], ""rbi_mpr_2025_04_p101_c001"": [""dense""], ""rbi_mpr_2025_04_p101_c002"": [""dense""], ""rbi_mpr_2025_04_p101_c003"": [""dense""], ""rbi_mpr_2025_04_p101_c004"": [""dense""], ""rbi_mpr_2025_04_p101_c005"": [""dense""], ""rbi_mpr_2025_04_p102_c000"": [""dense""], ""rbi_mpr_2025_04_p103_c000"": [""dense""], ""rbi_mpr_2025_04_p103_c002"": [""bm25""], ""rbi_mpr_2025_04_p107_c002"": [""bm25""], ""rbi_mpr_2025_04_p108_c000"": [""bm25""], ""rbi_mpr_2025_04_p109_c000"": [""bm25""], ""rbi_mpr_2025_04_p109_c001"": [""bm25""], ""rbi_mpr_2025_04_p113_c001"": [""bm25""], ""rbi_mpr_2025_10_p009_c001"": [""bm25"", ""dense""], ""rbi_mpr_2025_10_p009_c002"": [""bm25""], ""rbi_mpr_2025_10_p009_c005"": [""bm25"", ""dense""], ""rbi_mpr_2025_10_p010_c000"": [""bm25""], ""rbi_mpr_2025_10_p010_c002"": [""bm25""], ""rbi_mpr_2025_10_p010_c003"": [""dense""], ""rbi_mpr_2025_10_p011_c000"": [""dense""], ""rbi_mpr_2025_10_p011_c002"": [""dense""], ""rbi_mpr_2025_10_p012_c001"": [""bm25""], ""rbi_mpr_2025_10_p013_c000"": [""bm25""], ""rbi_mpr_2025_10_p013_c002"": [""dense""], ""rbi_mpr_2025_10_p013_c003"": [""bm25"", ""dense""], ""rbi_mpr_2025_10_p013_c004"": [""bm25"", ""dense""], ""rbi_mpr_2025_10_p013_c005"": [""dense""], ""rbi_mpr_2025_10_p015_c002"": [""dense""], ""rbi_mpr_2025_10_p016_c001"": [""dense""], ""rbi_mpr_2025_10_p017_c000"": [""bm25""], ""rbi_mpr_2025_10_p017_c004"": [""dense""], ""rbi_mpr_2025_10_p017_c005"": [""dense""], ""rbi_mpr_2025_10_p019_c001"": [""dense""], ""rbi_mpr_2025_10_p019_c002"": [""dense""], ""rbi_mpr_2025_10_p020_c000"": [""bm25"", ""dense""], ""rbi_mpr_2025_10_p020_c001"": [""bm25""], ""rbi_mpr_2025_10_p020_c003"": [""dense""], ""rbi_mpr_2025_10_p021_c000"": [""bm25"", ""dense""], ""rbi_mpr_2025_10_p021_c001"": [""dense""], ""rbi_mpr_2025_10_p021_c002"": [""dense""], ""rbi_mpr_2025_10_p021_c004"": [""bm25"", ""dense""], ""rbi_mpr_2025_10_p021_c005"": [""bm25""], ""rbi_mpr_2025_10_p022_c001"": [""dense""], ""rbi_mpr_2025_10_p022_c002"": [""dense""], ""rbi_mpr_2025_10_p024_c000"": [""bm25""], ""rbi_mpr_2025_10_p024_c001"": [""bm25""], ""rbi_mpr_2025_10_p025_c000"": [""bm25""], ""rbi_mpr_2025_10_p025_c001"": [""bm25""], ""rbi_mpr_2025_10_p026_c003"": [""dense""], ""rbi_mpr_2025_10_p028_c000"": [""dense""], ""rbi_mpr_2025_10_p032_c000"": [""bm25""], ""rbi_mpr_2025_10_p036_c002"": [""bm25""], ""rbi_mpr_2025_10_p036_c003"": [""bm25""], ""rbi_mpr_2025_10_p037_c001"": [""bm25""], ""rbi_mpr_2025_10_p038_c000"": [""bm25"", ""dense""], ""rbi_mpr_2025_10_p041_c003"": [""dense""], ""rbi_mpr_2025_10_p042_c000"": [""bm25""], ""rbi_mpr_2025_10_p042_c002"": [""dense""], ""rbi_mpr_2025_10_p042_c003"": [""dense""], ""rbi_mpr_2025_10_p042_c004"": [""dense""], ""rbi_mpr_2025_10_p043_c001"": [""dense""], ""rbi_mpr_2025_10_p043_c002"": [""bm25""], ""rbi_mpr_2025_10_p043_c003"": [""dense""], ""rbi_mpr_2025_10_p046_c001"": [""dense""], ""rbi_mpr_2025_10_p049_c000"": [""dense""], ""rbi_mpr_2025_10_p052_c002"": [""dense""], ""rbi_mpr_2025_10_p057_c001"": [""dense""], ""rbi_mpr_2025_10_p058_c002"": [""dense""], ""rbi_mpr_2025_10_p061_c004"": [""dense""], ""rbi_mpr_2025_10_p062_c000"": [""bm25""], ""rbi_mpr_2025_10_p063_c000"": [""bm25""], ""rbi_mpr_2025_10_p064_c000"": [""bm25""], ""rbi_mpr_2025_10_p064_c005"": [""bm25""], ""rbi_mpr_2025_10_p066_c000"": [""bm25""], ""rbi_mpr_2025_10_p066_c001"": [""bm25""], ""rbi_mpr_2025_10_p066_c002"": [""bm25""], ""rbi_mpr_2025_10_p068_c000"": [""bm25""], ""rbi_mpr_2025_10_p070_c001"": [""bm25""], ""rbi_mpr_2025_10_p071_c001"": [""bm25""], ""rbi_mpr_2025_10_p074_c000"": [""bm25""], ""rbi_mpr_2025_10_p079_c000"": [""bm25""], ""rbi_mpr_2025_10_p080_c001"": [""bm25"", ""dense""], ""rbi_mpr_2025_10_p080_c002"": [""bm25""], ""rbi_mpr_2025_10_p085_c001"": [""bm25""], ""rbi_mpr_2025_10_p095_c000"": [""dense""], ""rbi_mpr_2025_10_p095_c003"": [""dense""], ""rbi_mpr_2025_10_p096_c002"": [""dense""], ""rbi_mpr_2025_10_p096_c004"": [""dense""], ""rbi_mpr_2025_10_p097_c000"": [""dense""], ""rbi_mpr_2025_10_p097_c002"": [""dense""], ""rbi_mpr_2025_10_p097_c003"": [""bm25"", ""dense""], ""rbi_mpr_2025_10_p097_c004"": [""bm25"", ""dense""], ""rbi_mpr_2025_10_p098_c000"": [""dense""], ""rbi_mpr_2025_10_p098_c002"": [""dense""], ""rbi_mpr_2025_10_p099_c000"": [""bm25"", ""dense""], ""rbi_mpr_2025_10_p099_c001"": [""bm25""], ""rbi_mpr_2025_10_p099_c002"": [""bm25""], ""rbi_mpr_2025_10_p102_c000"": [""bm25""], ""rbi_mpr_2025_10_p103_c001"": [""bm25""], ""rbi_mpr_2025_10_p105_c000"": [""bm25""], ""rbi_mpr_2025_10_p105_c003"": [""bm25""]}, ""candidate_union_ids"": [""rbi_mpr_2025_04_p015_c001"", ""rbi_mpr_2025_04_p101_c002"", ""rbi_mpr_2025_04_p048_c003"", ""rbi_mpr_2025_04_p015_c000"", ""rbi_mpr_2025_04_p101_c003"", ""rbi_mpr_2025_04_p012_c004"", ""rbi_mpr_2025_04_p021_c003"", ""rbi_mpr_2025_04_p047_c004"", ""rbi_mpr_2025_04_p101_c004"", ""rbi_mpr_2025_04_p013_c000"", ""rbi_mpr_2025_04_p101_c005"", ""rbi_mpr_2025_04_p019_c000"", ""rbi_mpr_2025_04_p021_c001"", ""rbi_mpr_2025_04_p099_c002"", ""rbi_mpr_2025_04_p021_c000"", ""rbi_mpr_2025_04_p100_c002"", ""rbi_mpr_2025_04_p012_c001"", ""rbi_mpr_2025_04_p099_c003"", ""rbi_mpr_2025_04_p103_c000"", ""rbi_mpr_2025_04_p017_c002"", ""rbi_mpr_2025_04_p020_c000"", ""rbi_mpr_2025_04_p021_c002"", ""rbi_mpr_2025_04_p011_c000"", ""rbi_mpr_2025_04_p011_c004"", ""rbi_mpr_2025_04_p060_c001"", ""rbi_mpr_2025_04_p012_c002"", ""rbi_mpr_2025_04_p102_c000"", ""rbi_mpr_2025_04_p048_c002"", ""rbi_mpr_2025_04_p018_c003"", ""rbi_mpr_2025_04_p066_c000"", ""rbi_mpr_2025_04_p013_c001"", ""rbi_mpr_2025_04_p058_c000"", ""rbi_mpr_2025_04_p022_c000"", ""rbi_mpr_2025_04_p064_c002"", ""rbi_mpr_2025_04_p019_c002"", ""rbi_mpr_2025_04_p101_c001"", ""rbi_mpr_2025_04_p099_c000"", ""rbi_mpr_2025_04_p020_c003"", ""rbi_mpr_2025_04_p025_c003"", ""rbi_mpr_2025_04_p023_c003"", ""rbi_mpr_2025_04_p100_c003"", ""rbi_mpr_2025_04_p068_c001"", ""rbi_mpr_2025_04_p061_c001"", ""rbi_mpr_2025_04_p047_c002"", ""rbi_mpr_2025_04_p047_c001"", ""rbi_mpr_2025_04_p015_c002"", ""rbi_mpr_2025_04_p053_c002"", ""rbi_mpr_2025_04_p012_c005"", ""rbi_mpr_2025_04_p015_c003"", ""rbi_mpr_2025_04_p057_c004"", ""rbi_mpr_2025_04_p012_c000"", ""rbi_mpr_2025_04_p041_c000"", ""rbi_mpr_2025_04_p069_c004"", ""rbi_mpr_2025_04_p030_c001"", ""rbi_mpr_2025_04_p068_c000"", ""rbi_mpr_2025_04_p025_c000"", ""rbi_mpr_2025_04_p037_c000"", ""rbi_mpr_2025_04_p036_c004"", ""rbi_mpr_2025_04_p099_c004"", ""rbi_mpr_2025_04_p025_c001"", ""rbi_mpr_2025_04_p043_c001"", ""rbi_mpr_2025_04_p083_c000"", ""rbi_mpr_2025_04_p014_c001"", ""rbi_mpr_2025_04_p048_c000"", ""rbi_mpr_2025_04_p039_c001"", ""rbi_mpr_2025_04_p039_c000"", ""rbi_mpr_2025_04_p070_c000"", ""rbi_mpr_2025_04_p036_c002"", ""rbi_mpr_2025_04_p103_c002"", ""rbi_mpr_2025_04_p032_c000"", ""rbi_mpr_2025_04_p098_c000"", ""rbi_mpr_2025_04_p019_c004"", ""rbi_mpr_2025_04_p036_c000"", ""rbi_mpr_2025_04_p034_c000"", ""rbi_mpr_2025_04_p030_c000"", ""rbi_mpr_2025_04_p092_c000"", ""rbi_mpr_2025_04_p021_c004"", ""rbi_mpr_2025_04_p019_c003"", ""rbi_mpr_2025_04_p107_c002"", ""rbi_mpr_2025_04_p042_c000"", ""rbi_mpr_2025_04_p113_c001"", ""rbi_mpr_2025_04_p100_c000"", ""rbi_mpr_2025_04_p038_c000"", ""rbi_mpr_2025_04_p108_c000"", ""rbi_mpr_2025_04_p109_c001"", ""rbi_mpr_2025_04_p084_c000"", ""rbi_mpr_2025_04_p109_c000"", ""rbi_mpr_2025_04_p092_c001""], ""candidate_union_pages"": [15, 101, 48, 15, 101, 12, 21, 47, 101, 13, 101, 19, 21, 99, 21, 100, 12, 99, 103, 17, 20, 21, 11, 11, 60, 12, 102, 48, 18, 66, 13, 58, 22, 64, 19, 101, 99, 20, 25, 23, 100, 68, 61, 47, 47, 15, 53, 12, 15, 57, 12, 41, 69, 30, 68, 25, 37, 36, 99, 25, 43, 83, 14, 48, 39, 39, 70, 36, 103, 32, 98, 19, 36, 34, 30, 92, 21, 19, 107, 42, 113, 100, 38, 108, 109, 84, 109, 92], ""dense_candidate_ids"": [""rbi_mpr_2025_04_p015_c001"", ""rbi_mpr_2025_04_p101_c002"", ""rbi_mpr_2025_04_p048_c003"", ""rbi_mpr_2025_04_p015_c000"", ""rbi_mpr_2025_04_p101_c003"", ""rbi_mpr_2025_04_p012_c004"", ""rbi_mpr_2025_04_p021_c003"", ""rbi_mpr_2025_04_p047_c004"", ""rbi_mpr_2025_04_p101_c004"", ""rbi_mpr_2025_04_p013_c000"", ""rbi_mpr_2025_04_p101_c005"", ""rbi_mpr_2025_04_p019_c000"", ""rbi_mpr_2025_04_p021_c001"", ""rbi_mpr_2025_04_p099_c002"", ""rbi_mpr_2025_04_p021_c000"", ""rbi_mpr_2025_04_p100_c002"", ""rbi_mpr_2025_04_p012_c001"", ""rbi_mpr_2025_04_p099_c003"", ""rbi_mpr_2025_04_p103_c000"", ""rbi_mpr_2025_04_p017_c002"", ""rbi_mpr_2025_04_p020_c000"", ""rbi_mpr_2025_04_p021_c002"", ""rbi_mpr_2025_04_p011_c000"", ""rbi_mpr_2025_04_p011_c004"", ""rbi_mpr_2025_04_p060_c001"", ""rbi_mpr_2025_04_p012_c002"", ""rbi_mpr_2025_04_p102_c000"", ""rbi_mpr_2025_04_p048_c002"", ""rbi_mpr_2025_04_p018_c003"", ""rbi_mpr_2025_04_p066_c000"", ""rbi_mpr_2025_04_p013_c001"", ""rbi_mpr_2025_04_p058_c000"", ""rbi_mpr_2025_04_p022_c000"", ""rbi_mpr_2025_04_p064_c002"", ""rbi_mpr_2025_04_p019_c002"", ""rbi_mpr_2025_04_p101_c001"", ""rbi_mpr_2025_04_p099_c000"", ""rbi_mpr_2025_04_p020_c003"", ""rbi_mpr_2025_04_p025_c003"", ""rbi_mpr_2025_04_p023_c003"", ""rbi_mpr_2025_04_p100_c003"", ""rbi_mpr_2025_04_p068_c001"", ""rbi_mpr_2025_04_p061_c001"", ""rbi_mpr_2025_04_p047_c002"", ""rbi_mpr_2025_04_p047_c001"", ""rbi_mpr_2025_04_p015_c002"", ""rbi_mpr_2025_04_p053_c002"", ""rbi_mpr_2025_04_p012_c005"", ""rbi_mpr_2025_04_p015_c003"", ""rbi_mpr_2025_04_p057_c004""], ""dense_candidate_pages"": [15, 101, 48, 15, 101, 12, 21, 47, 101, 13, 101, 19, 21, 99, 21, 100, 12, 99, 103, 17, 20, 21, 11, 11, 60, 12, 102, 48, 18, 66, 13, 58, 22, 64, 19, 101, 99, 20, 25, 23, 100, 68, 61, 47, 47, 15, 53, 12, 15, 57], ""dense_candidate_scores"": [0.41705770808600084, 0.39504276538166894, 0.3931413946047969, 0.3690672833227684, 0.3584459824700834, 0.3576035512620477, 0.35490522572668326, 0.3484538919188177, 0.34803680670595394, 0.3385735326629544, 0.3383644000006433, 0.3321871892954926, 0.3262750822674755, 0.32418202762357595, 0.3215196954968398, 0.3169352563437644, 0.3097817981865558, 0.3093862500132811, 0.3013112088665334, 0.2960119170158646, 0.2861944830048281, 0.28035478426255267, 0.2790437643927728, 0.2757913763868841, 0.27419923703753657, 0.27360243766262227, 0.26122567842261013, 0.2566159933072767, 0.254327166552044, 0.25196078959555135, 0.25169652885538807, 0.2499170889112582, 0.24370759372014816, 0.24307648681054594, 0.2383270427455504, 0.23810787913329368, 0.23755061350228268, 0.2373070890115867, 0.23451266866161746, 0.23392185413919175, 0.22892492377974016, 0.22804708921895522, 0.22277831168660833, 0.22152216701358973, 0.22109673672472074, 0.22072213553515585, 0.21822198448148966, 0.2140723743645011, 0.21095232746293657, 0.2094639536546229], ""dense_first_evidence_rank"": null, ""evidence_rank_after_reranking"": null, ""evidence_rank_before_reranking"": null, ""expected_evidence"": [""3.1 per cent in 2025 3.0 per cent in 2026""], ""loss_stage"": ""lost_in_fusion"", ""report_id"": ""rbi_mpr_2025_04"", ""reranker_input_ids"": [""rbi_mpr_2025_04_p021_c001"", ""rbi_mpr_2025_04_p021_c003"", ""rbi_mpr_2025_04_p021_c000"", ""rbi_mpr_2025_04_p015_c001"", ""rbi_mpr_2025_04_p015_c000"", ""rbi_mpr_2025_04_p099_c003"", ""rbi_mpr_2025_04_p011_c000"", ""rbi_mpr_2025_04_p066_c000"", ""rbi_mpr_2025_04_p025_c003"", ""rbi_mpr_2025_04_p099_c002"", ""rbi_mpr_2025_04_p022_c000"", ""rbi_mpr_2025_04_p047_c002"", ""rbi_mpr_2025_04_p101_c002"", ""rbi_mpr_2025_04_p048_c003"", ""rbi_mpr_2025_04_p012_c000"", ""rbi_mpr_2025_04_p041_c000"", ""rbi_mpr_2025_04_p101_c003"", ""rbi_mpr_2025_04_p069_c004"", ""rbi_mpr_2025_04_p012_c004"", ""rbi_mpr_2025_04_p030_c001"", ""rbi_mpr_2025_04_p047_c004"", ""rbi_mpr_2025_04_p068_c000"", ""rbi_mpr_2025_04_p101_c004"", ""rbi_mpr_2025_04_p025_c000"", ""rbi_mpr_2025_04_p013_c000"", ""rbi_mpr_2025_04_p037_c000"", ""rbi_mpr_2025_04_p101_c005"", ""rbi_mpr_2025_04_p036_c004"", ""rbi_mpr_2025_04_p019_c000"", ""rbi_mpr_2025_04_p099_c004""], ""reranker_input_pages"": [21, 21, 21, 15, 15, 99, 11, 66, 25, 99, 22, 47, 101, 48, 12, 41, 101, 69, 12, 30, 47, 68, 101, 25, 13, 37, 101, 36, 19, 99], ""reranker_input_ranks"": [1, 2, 3, 4, 5, 6, 7, 8, 9, 10, 11, 12, 13, 14, 15, 16, 17, 18, 19, 20, 21, 22, 23, 24, 25, 26, 27, 28, 29, 30], ""reranker_output_ids"": [""rbi_mpr_2025_04_p022_c000"", ""rbi_mpr_2025_04_p015_c000"", ""rbi_mpr_2025_04_p015_c001"", ""rbi_mpr_2025_04_p099_c002"", ""rbi_mpr_2025_04_p099_c003"", ""rbi_mpr_2025_04_p101_c004"", ""rbi_mpr_2025_04_p012_c004"", ""rbi_mpr_2025_04_p066_c000"", ""rbi_mpr_2025_04_p012_c000"", ""rbi_mpr_2025_04_p021_c001"", ""rbi_mpr_2025_04_p047_c002"", ""rbi_mpr_2025_04_p101_c003"", ""rbi_mpr_2025_04_p013_c000"", ""rbi_mpr_2025_04_p011_c000"", ""rbi_mpr_2025_04_p101_c002"", ""rbi_mpr_2025_04_p099_c004"", ""rbi_mpr_2025_04_p048_c003"", ""rbi_mpr_2025_04_p025_c003"", ""rbi_mpr_2025_04_p068_c000"", ""rbi_mpr_2025_04_p041_c000"", ""rbi_mpr_2025_04_p021_c003"", ""rbi_mpr_2025_04_p030_c001"", ""rbi_mpr_2025_04_p037_c000"", ""rbi_mpr_2025_04_p025_c000"", ""rbi_mpr_2025_04_p069_c004"", ""rbi_mpr_2025_04_p036_c004"", ""rbi_mpr_2025_04_p021_c000"", ""rbi_mpr_2025_04_p101_c005"", ""rbi_mpr_2025_04_p019_c000"", ""rbi_mpr_2025_04_p047_c004""], ""reranker_output_pages"": [22, 15, 15, 99, 99, 101, 12, 66, 12, 21, 47, 101, 13, 11, 101, 99, 48, 25, 68, 41, 21, 30, 37, 25, 69, 36, 21, 101, 19, 47], ""reranker_scores"": [5.268382549285889, 4.407762050628662, 3.506206512451172, 3.369361162185669, 3.3164076805114746, 1.6944835186004639, 1.6075608730316162, 1.3253592252731323, 1.0573023557662964, 0.9835355877876282, 0.6741769909858704, 0.46701565384864807, 0.32468247413635254, 0.04304838553071022, -0.06035248190164566, -0.07034243643283844, -0.3257373571395874, -0.441043496131897, -0.6243481636047363, -1.4253807067871094, -2.2938621044158936, -2.5226826667785645, -3.366265296936035, -3.502136707305908, -3.6711478233337402, -4.211005210876465, -4.253907203674316, -5.128124713897705, -5.4245285987854, -10.283268928527832], ""rrf_candidate_ids"": [""rbi_mpr_2025_04_p021_c001"", ""rbi_mpr_2025_04_p021_c003"", ""rbi_mpr_2025_04_p021_c000"", ""rbi_mpr_2025_04_p015_c001"", ""rbi_mpr_2025_04_p015_c000"", ""rbi_mpr_2025_04_p099_c003"", ""rbi_mpr_2025_04_p011_c000"", ""rbi_mpr_2025_04_p066_c000"", ""rbi_mpr_2025_04_p025_c003"", ""rbi_mpr_2025_04_p099_c002"", ""rbi_mpr_2025_04_p022_c000"", ""rbi_mpr_2025_04_p047_c002"", ""rbi_mpr_2025_04_p101_c002"", ""rbi_mpr_2025_04_p048_c003"", ""rbi_mpr_2025_04_p012_c000"", ""rbi_mpr_2025_04_p041_c000"", ""rbi_mpr_2025_04_p101_c003"", ""rbi_mpr_2025_04_p069_c004"", ""rbi_mpr_2025_04_p012_c004"", ""rbi_mpr_2025_04_p030_c001"", ""rbi_mpr_2025_04_p047_c004"", ""rbi_mpr_2025_04_p068_c000"", ""rbi_mpr_2025_04_p101_c004"", ""rbi_mpr_2025_04_p025_c000"", ""rbi_mpr_2025_04_p013_c000"", ""rbi_mpr_2025_04_p037_c000"", ""rbi_mpr_2025_04_p101_c005"", ""rbi_mpr_2025_04_p036_c004"", ""rbi_mpr_2025_04_p019_c000"", ""rbi_mpr_2025_04_p099_c004""], ""rrf_candidate_pages"": [21, 21, 21, 15, 15, 99, 11, 66, 25, 99, 22, 47, 101, 48, 12, 41, 101, 69, 12, 30, 47, 68, 101, 25, 13, 37, 101, 36, 19, 99], ""rrf_first_evidence_rank"": null, ""rrf_scores"": [0.03009207275993712, 0.03007688828584351, 0.02946236559139785, 0.02844163539403516, 0.028125, 0.02564102564102564, 0.025561706284597852, 0.024269005847953218, 0.022759237949111367, 0.02268782544011902, 0.02046142603612068, 0.019230769230769232, 0.016129032258064516, 0.015873015873015872, 0.015873015873015872, 0.015625, 0.015384615384615385, 0.015384615384615385, 0.015151515151515152, 0.014925373134328358, 0.014705882352941176, 0.014705882352941176, 0.014492753623188406, 0.014492753623188406, 0.014285714285714285, 0.014285714285714285, 0.014084507042253521, 0.014084507042253521, 0.013888888888888888, 0.013888888888888888], ""selected_chunk_ids_after_dedup"": [""rbi_mpr_2025_04_p022_c000"", ""rbi_mpr_2025_04_p015_c000"", ""rbi_mpr_2025_04_p015_c001""], ""selected_chunk_ids_before_dedup"": [""rbi_mpr_2025_04_p022_c000"", ""rbi_mpr_2025_04_p015_c000"", ""rbi_mpr_2025_04_p015_c001""], ""selected_pages"": [22, 15, 15]}, ""rbi_mpr_2025_10"": {""accepted_evidence_found"": false, ""accepted_pages"": [12], ""bm25_candidate_ids"": [""rbi_mpr_2025_10_p010_c000"", ""rbi_mpr_2025_10_p066_c000"", ""rbi_mpr_2025_10_p032_c000"", ""rbi_mpr_2025_10_p068_c000"", ""rbi_mpr_2025_10_p013_c004"", ""rbi_mpr_2025_10_p074_c000"", ""rbi_mpr_2025_10_p021_c000"", ""rbi_mpr_2025_10_p099_c000"", ""rbi_mpr_2025_10_p038_c000"", ""rbi_mpr_2025_10_p020_c000"", ""rbi_mpr_2025_10_p024_c001"", ""rbi_mpr_2025_10_p012_c001"", ""rbi_mpr_2025_10_p080_c001"", ""rbi_mpr_2025_10_p066_c001"", ""rbi_mpr_2025_10_p102_c000"", ""rbi_mpr_2025_10_p036_c003"", ""rbi_mpr_2025_10_p025_c001"", ""rbi_mpr_2025_10_p097_c004"", ""rbi_mpr_2025_10_p021_c004"", ""rbi_mpr_2025_10_p020_c001"", ""rbi_mpr_2025_10_p017_c000"", ""rbi_mpr_2025_10_p070_c001"", ""rbi_mpr_2025_10_p105_c000"", ""rbi_mpr_2025_10_p021_c005"", ""rbi_mpr_2025_10_p071_c001"", ""rbi_mpr_2025_10_p066_c002"", ""rbi_mpr_2025_10_p105_c003"", ""rbi_mpr_2025_10_p097_c003"", ""rbi_mpr_2025_10_p024_c000"", ""rbi_mpr_2025_10_p036_c002"", ""rbi_mpr_2025_10_p013_c000"", ""rbi_mpr_2025_10_p043_c002"", ""rbi_mpr_2025_10_p009_c005"", ""rbi_mpr_2025_10_p013_c003"", ""rbi_mpr_2025_10_p099_c001"", ""rbi_mpr_2025_10_p064_c005"", ""rbi_mpr_2025_10_p009_c002"", ""rbi_mpr_2025_10_p064_c000"", ""rbi_mpr_2025_10_p080_c002"", ""rbi_mpr_2025_10_p099_c002"", ""rbi_mpr_2025_10_p062_c000"", ""rbi_mpr_2025_10_p063_c000"", ""rbi_mpr_2025_10_p009_c001"", ""rbi_mpr_2025_10_p037_c001"", ""rbi_mpr_2025_10_p010_c002"", ""rbi_mpr_2025_10_p042_c000"", ""rbi_mpr_2025_10_p079_c000"", ""rbi_mpr_2025_10_p025_c000"", ""rbi_mpr_2025_10_p085_c001"", ""rbi_mpr_2025_10_p103_c001""], ""bm25_candidate_pages"": [10, 66, 32, 68, 13, 74, 21, 99, 38, 20, 24, 12, 80, 66, 102, 36, 25, 97, 21, 20, 17, 70, 105, 21, 71, 66, 105, 97, 24, 36, 13, 43, 9, 13, 99, 64, 9, 64, 80, 99, 62, 63, 9, 37, 10, 42, 79, 25, 85, 103], ""bm25_candidate_scores"": [null, null, null, null, null, null, null, null, null, null, null, null, null, null, null, null, null, null, null, null, null, null, null, null, null, null, null, null, null, null, null, null, null, null, null, null, null, null, null, null, null, null, null, null, null, null, null, null, null, null], ""bm25_first_evidence_rank"": 12, ""candidate_source_expansion"": {""rbi_mpr_2025_04_p011_c000"": [], ""rbi_mpr_2025_04_p011_c004"": [], ""rbi_mpr_2025_04_p012_c000"": [], ""rbi_mpr_2025_04_p012_c001"": [], ""rbi_mpr_2025_04_p012_c002"": [], ""rbi_mpr_2025_04_p012_c004"": [], ""rbi_mpr_2025_04_p012_c005"": [], ""rbi_mpr_2025_04_p013_c000"": [], ""rbi_mpr_2025_04_p013_c001"": [], ""rbi_mpr_2025_04_p014_c001"": [], ""rbi_mpr_2025_04_p015_c000"": [], ""rbi_mpr_2025_04_p015_c001"": [], ""rbi_mpr_2025_04_p015_c002"": [], ""rbi_mpr_2025_04_p015_c003"": [], ""rbi_mpr_2025_04_p017_c002"": [], ""rbi_mpr_2025_04_p018_c003"": [], ""rbi_mpr_2025_04_p019_c000"": [], ""rbi_mpr_2025_04_p019_c002"": [], ""rbi_mpr_2025_04_p019_c003"": [], ""rbi_mpr_2025_04_p019_c004"": [], ""rbi_mpr_2025_04_p020_c000"": [], ""rbi_mpr_2025_04_p020_c003"": [], ""rbi_mpr_2025_04_p021_c000"": [], ""rbi_mpr_2025_04_p021_c001"": [], ""rbi_mpr_2025_04_p021_c002"": [], ""rbi_mpr_2025_04_p021_c003"": [], ""rbi_mpr_2025_04_p021_c004"": [], ""rbi_mpr_2025_04_p022_c000"": [], ""rbi_mpr_2025_04_p023_c003"": [], ""rbi_mpr_2025_04_p025_c000"": [], ""rbi_mpr_2025_04_p025_c001"": [], ""rbi_mpr_2025_04_p025_c003"": [], ""rbi_mpr_2025_04_p030_c000"": [], ""rbi_mpr_2025_04_p030_c001"": [], ""rbi_mpr_2025_04_p032_c000"": [], ""rbi_mpr_2025_04_p034_c000"": [], ""rbi_mpr_2025_04_p036_c000"": [], ""rbi_mpr_2025_04_p036_c002"": [], ""rbi_mpr_2025_04_p036_c004"": [], ""rbi_mpr_2025_04_p037_c000"": [], ""rbi_mpr_2025_04_p038_c000"": [], ""rbi_mpr_2025_04_p039_c000"": [], ""rbi_mpr_2025_04_p039_c001"": [], ""rbi_mpr_2025_04_p041_c000"": [], ""rbi_mpr_2025_04_p042_c000"": [], ""rbi_mpr_2025_04_p043_c001"": [], ""rbi_mpr_2025_04_p047_c001"": [], ""rbi_mpr_2025_04_p047_c002"": [], ""rbi_mpr_2025_04_p047_c004"": [], ""rbi_mpr_2025_04_p048_c000"": [], ""rbi_mpr_2025_04_p048_c002"": [], ""rbi_mpr_2025_04_p048_c003"": [], ""rbi_mpr_2025_04_p053_c002"": [], ""rbi_mpr_2025_04_p057_c004"": [], ""rbi_mpr_2025_04_p058_c000"": [], ""rbi_mpr_2025_04_p060_c001"": [], ""rbi_mpr_2025_04_p061_c001"": [], ""rbi_mpr_2025_04_p064_c002"": [], ""rbi_mpr_2025_04_p066_c000"": [], ""rbi_mpr_2025_04_p068_c000"": [], ""rbi_mpr_2025_04_p068_c001"": [], ""rbi_mpr_2025_04_p069_c004"": [], ""rbi_mpr_2025_04_p070_c000"": [], ""rbi_mpr_2025_04_p083_c000"": [], ""rbi_mpr_2025_04_p084_c000"": [], ""rbi_mpr_2025_04_p092_c000"": [], ""rbi_mpr_2025_04_p092_c001"": [], ""rbi_mpr_2025_04_p098_c000"": [], ""rbi_mpr_2025_04_p099_c000"": [], ""rbi_mpr_2025_04_p099_c002"": [], ""rbi_mpr_2025_04_p099_c003"": [], ""rbi_mpr_2025_04_p099_c004"": [], ""rbi_mpr_2025_04_p100_c000"": [], ""rbi_mpr_2025_04_p100_c002"": [], ""rbi_mpr_2025_04_p100_c003"": [], ""rbi_mpr_2025_04_p101_c001"": [], ""rbi_mpr_2025_04_p101_c002"": [], ""rbi_mpr_2025_04_p101_c003"": [], ""rbi_mpr_2025_04_p101_c004"": [], ""rbi_mpr_2025_04_p101_c005"": [], ""rbi_mpr_2025_04_p102_c000"": [], ""rbi_mpr_2025_04_p103_c000"": [], ""rbi_mpr_2025_04_p103_c002"": [], ""rbi_mpr_2025_04_p107_c002"": [], ""rbi_mpr_2025_04_p108_c000"": [], ""rbi_mpr_2025_04_p109_c000"": [], ""rbi_mpr_2025_04_p109_c001"": [], ""rbi_mpr_2025_04_p113_c001"": [], ""rbi_mpr_2025_10_p009_c001"": [], ""rbi_mpr_2025_10_p009_c002"": [], ""rbi_mpr_2025_10_p009_c005"": [], ""rbi_mpr_2025_10_p010_c000"": [], ""rbi_mpr_2025_10_p010_c002"": [], ""rbi_mpr_2025_10_p010_c003"": [], ""rbi_mpr_2025_10_p011_c000"": [], ""rbi_mpr_2025_10_p011_c002"": [], ""rbi_mpr_2025_10_p012_c001"": [], ""rbi_mpr_2025_10_p013_c000"": [], ""rbi_mpr_2025_10_p013_c002"": [], ""rbi_mpr_2025_10_p013_c003"": [], ""rbi_mpr_2025_10_p013_c004"": [], ""rbi_mpr_2025_10_p013_c005"": [], ""rbi_mpr_2025_10_p015_c002"": [], ""rbi_mpr_2025_10_p016_c001"": [], ""rbi_mpr_2025_10_p017_c000"": [], ""rbi_mpr_2025_10_p017_c004"": [], ""rbi_mpr_2025_10_p017_c005"": [], ""rbi_mpr_2025_10_p019_c001"": [], ""rbi_mpr_2025_10_p019_c002"": [], ""rbi_mpr_2025_10_p020_c000"": [], ""rbi_mpr_2025_10_p020_c001"": [], ""rbi_mpr_2025_10_p020_c003"": [], ""rbi_mpr_2025_10_p021_c000"": [], ""rbi_mpr_2025_10_p021_c001"": [], ""rbi_mpr_2025_10_p021_c002"": [], ""rbi_mpr_2025_10_p021_c004"": [], ""rbi_mpr_2025_10_p021_c005"": [], ""rbi_mpr_2025_10_p022_c001"": [], ""rbi_mpr_2025_10_p022_c002"": [], ""rbi_mpr_2025_10_p024_c000"": [], ""rbi_mpr_2025_10_p024_c001"": [], ""rbi_mpr_2025_10_p025_c000"": [], ""rbi_mpr_2025_10_p025_c001"": [], ""rbi_mpr_2025_10_p026_c003"": [], ""rbi_mpr_2025_10_p028_c000"": [], ""rbi_mpr_2025_10_p032_c000"": [], ""rbi_mpr_2025_10_p036_c002"": [], ""rbi_mpr_2025_10_p036_c003"": [], ""rbi_mpr_2025_10_p037_c001"": [], ""rbi_mpr_2025_10_p038_c000"": [], ""rbi_mpr_2025_10_p041_c003"": [], ""rbi_mpr_2025_10_p042_c000"": [], ""rbi_mpr_2025_10_p042_c002"": [], ""rbi_mpr_2025_10_p042_c003"": [], ""rbi_mpr_2025_10_p042_c004"": [], ""rbi_mpr_2025_10_p043_c001"": [], ""rbi_mpr_2025_10_p043_c002"": [], ""rbi_mpr_2025_10_p043_c003"": [], ""rbi_mpr_2025_10_p046_c001"": [], ""rbi_mpr_2025_10_p049_c000"": [], ""rbi_mpr_2025_10_p052_c002"": [], ""rbi_mpr_2025_10_p057_c001"": [], ""rbi_mpr_2025_10_p058_c002"": [], ""rbi_mpr_2025_10_p061_c004"": [], ""rbi_mpr_2025_10_p062_c000"": [], ""rbi_mpr_2025_10_p063_c000"": [], ""rbi_mpr_2025_10_p064_c000"": [], ""rbi_mpr_2025_10_p064_c005"": [], ""rbi_mpr_2025_10_p066_c000"": [], ""rbi_mpr_2025_10_p066_c001"": [], ""rbi_mpr_2025_10_p066_c002"": [], ""rbi_mpr_2025_10_p068_c000"": [], ""rbi_mpr_2025_10_p070_c001"": [], ""rbi_mpr_2025_10_p071_c001"": [], ""rbi_mpr_2025_10_p074_c000"": [], ""rbi_mpr_2025_10_p079_c000"": [], ""rbi_mpr_2025_10_p080_c001"": [], ""rbi_mpr_2025_10_p080_c002"": [], ""rbi_mpr_2025_10_p085_c001"": [], ""rbi_mpr_2025_10_p095_c000"": [], ""rbi_mpr_2025_10_p095_c003"": [], ""rbi_mpr_2025_10_p096_c002"": [], ""rbi_mpr_2025_10_p096_c004"": [], ""rbi_mpr_2025_10_p097_c000"": [], ""rbi_mpr_2025_10_p097_c002"": [], ""rbi_mpr_2025_10_p097_c003"": [], ""rbi_mpr_2025_10_p097_c004"": [], ""rbi_mpr_2025_10_p098_c000"": [], ""rbi_mpr_2025_10_p098_c002"": [], ""rbi_mpr_2025_10_p099_c000"": [], ""rbi_mpr_2025_10_p099_c001"": [], ""rbi_mpr_2025_10_p099_c002"": [], ""rbi_mpr_2025_10_p102_c000"": [], ""rbi_mpr_2025_10_p103_c001"": [], ""rbi_mpr_2025_10_p105_c000"": [], ""rbi_mpr_2025_10_p105_c003"": []}, ""candidate_source_facet"": {""rbi_mpr_2025_04_p011_c000"": [], ""rbi_mpr_2025_04_p011_c004"": [], ""rbi_mpr_2025_04_p012_c000"": [], ""rbi_mpr_2025_04_p012_c001"": [], ""rbi_mpr_2025_04_p012_c002"": [], ""rbi_mpr_2025_04_p012_c004"": [], ""rbi_mpr_2025_04_p012_c005"": [], ""rbi_mpr_2025_04_p013_c000"": [], ""rbi_mpr_2025_04_p013_c001"": [], ""rbi_mpr_2025_04_p014_c001"": [], ""rbi_mpr_2025_04_p015_c000"": [], ""rbi_mpr_2025_04_p015_c001"": [], ""rbi_mpr_2025_04_p015_c002"": [], ""rbi_mpr_2025_04_p015_c003"": [], ""rbi_mpr_2025_04_p017_c002"": [], ""rbi_mpr_2025_04_p018_c003"": [], ""rbi_mpr_2025_04_p019_c000"": [], ""rbi_mpr_2025_04_p019_c002"": [], ""rbi_mpr_2025_04_p019_c003"": [], ""rbi_mpr_2025_04_p019_c004"": [], ""rbi_mpr_2025_04_p020_c000"": [], ""rbi_mpr_2025_04_p020_c003"": [], ""rbi_mpr_2025_04_p021_c000"": [], ""rbi_mpr_2025_04_p021_c001"": [], ""rbi_mpr_2025_04_p021_c002"": [], ""rbi_mpr_2025_04_p021_c003"": [], ""rbi_mpr_2025_04_p021_c004"": [], ""rbi_mpr_2025_04_p022_c000"": [], ""rbi_mpr_2025_04_p023_c003"": [], ""rbi_mpr_2025_04_p025_c000"": [], ""rbi_mpr_2025_04_p025_c001"": [], ""rbi_mpr_2025_04_p025_c003"": [], ""rbi_mpr_2025_04_p030_c000"": [], ""rbi_mpr_2025_04_p030_c001"": [], ""rbi_mpr_2025_04_p032_c000"": [], ""rbi_mpr_2025_04_p034_c000"": [], ""rbi_mpr_2025_04_p036_c000"": [], ""rbi_mpr_2025_04_p036_c002"": [], ""rbi_mpr_2025_04_p036_c004"": [], ""rbi_mpr_2025_04_p037_c000"": [], ""rbi_mpr_2025_04_p038_c000"": [], ""rbi_mpr_2025_04_p039_c000"": [], ""rbi_mpr_2025_04_p039_c001"": [], ""rbi_mpr_2025_04_p041_c000"": [], ""rbi_mpr_2025_04_p042_c000"": [], ""rbi_mpr_2025_04_p043_c001"": [], ""rbi_mpr_2025_04_p047_c001"": [], ""rbi_mpr_2025_04_p047_c002"": [], ""rbi_mpr_2025_04_p047_c004"": [], ""rbi_mpr_2025_04_p048_c000"": [], ""rbi_mpr_2025_04_p048_c002"": [], ""rbi_mpr_2025_04_p048_c003"": [], ""rbi_mpr_2025_04_p053_c002"": [], ""rbi_mpr_2025_04_p057_c004"": [], ""rbi_mpr_2025_04_p058_c000"": [], ""rbi_mpr_2025_04_p060_c001"": [], ""rbi_mpr_2025_04_p061_c001"": [], ""rbi_mpr_2025_04_p064_c002"": [], ""rbi_mpr_2025_04_p066_c000"": [], ""rbi_mpr_2025_04_p068_c000"": [], ""rbi_mpr_2025_04_p068_c001"": [], ""rbi_mpr_2025_04_p069_c004"": [], ""rbi_mpr_2025_04_p070_c000"": [], ""rbi_mpr_2025_04_p083_c000"": [], ""rbi_mpr_2025_04_p084_c000"": [], ""rbi_mpr_2025_04_p092_c000"": [], ""rbi_mpr_2025_04_p092_c001"": [], ""rbi_mpr_2025_04_p098_c000"": [], ""rbi_mpr_2025_04_p099_c000"": [], ""rbi_mpr_2025_04_p099_c002"": [], ""rbi_mpr_2025_04_p099_c003"": [], ""rbi_mpr_2025_04_p099_c004"": [], ""rbi_mpr_2025_04_p100_c000"": [], ""rbi_mpr_2025_04_p100_c002"": [], ""rbi_mpr_2025_04_p100_c003"": [], ""rbi_mpr_2025_04_p101_c001"": [], ""rbi_mpr_2025_04_p101_c002"": [], ""rbi_mpr_2025_04_p101_c003"": [], ""rbi_mpr_2025_04_p101_c004"": [], ""rbi_mpr_2025_04_p101_c005"": [], ""rbi_mpr_2025_04_p102_c000"": [], ""rbi_mpr_2025_04_p103_c000"": [], ""rbi_mpr_2025_04_p103_c002"": [], ""rbi_mpr_2025_04_p107_c002"": [], ""rbi_mpr_2025_04_p108_c000"": [], ""rbi_mpr_2025_04_p109_c000"": [], ""rbi_mpr_2025_04_p109_c001"": [], ""rbi_mpr_2025_04_p113_c001"": [], ""rbi_mpr_2025_10_p009_c001"": [], ""rbi_mpr_2025_10_p009_c002"": [], ""rbi_mpr_2025_10_p009_c005"": [], ""rbi_mpr_2025_10_p010_c000"": [], ""rbi_mpr_2025_10_p010_c002"": [], ""rbi_mpr_2025_10_p010_c003"": [], ""rbi_mpr_2025_10_p011_c000"": [], ""rbi_mpr_2025_10_p011_c002"": [], ""rbi_mpr_2025_10_p012_c001"": [], ""rbi_mpr_2025_10_p013_c000"": [], ""rbi_mpr_2025_10_p013_c002"": [], ""rbi_mpr_2025_10_p013_c003"": [], ""rbi_mpr_2025_10_p013_c004"": [], ""rbi_mpr_2025_10_p013_c005"": [], ""rbi_mpr_2025_10_p015_c002"": [], ""rbi_mpr_2025_10_p016_c001"": [], ""rbi_mpr_2025_10_p017_c000"": [], ""rbi_mpr_2025_10_p017_c004"": [], ""rbi_mpr_2025_10_p017_c005"": [], ""rbi_mpr_2025_10_p019_c001"": [], ""rbi_mpr_2025_10_p019_c002"": [], ""rbi_mpr_2025_10_p020_c000"": [], ""rbi_mpr_2025_10_p020_c001"": [], ""rbi_mpr_2025_10_p020_c003"": [], ""rbi_mpr_2025_10_p021_c000"": [], ""rbi_mpr_2025_10_p021_c001"": [], ""rbi_mpr_2025_10_p021_c002"": [], ""rbi_mpr_2025_10_p021_c004"": [], ""rbi_mpr_2025_10_p021_c005"": [], ""rbi_mpr_2025_10_p022_c001"": [], ""rbi_mpr_2025_10_p022_c002"": [], ""rbi_mpr_2025_10_p024_c000"": [], ""rbi_mpr_2025_10_p024_c001"": [], ""rbi_mpr_2025_10_p025_c000"": [], ""rbi_mpr_2025_10_p025_c001"": [], ""rbi_mpr_2025_10_p026_c003"": [], ""rbi_mpr_2025_10_p028_c000"": [], ""rbi_mpr_2025_10_p032_c000"": [], ""rbi_mpr_2025_10_p036_c002"": [], ""rbi_mpr_2025_10_p036_c003"": [], ""rbi_mpr_2025_10_p037_c001"": [], ""rbi_mpr_2025_10_p038_c000"": [], ""rbi_mpr_2025_10_p041_c003"": [], ""rbi_mpr_2025_10_p042_c000"": [], ""rbi_mpr_2025_10_p042_c002"": [], ""rbi_mpr_2025_10_p042_c003"": [], ""rbi_mpr_2025_10_p042_c004"": [], ""rbi_mpr_2025_10_p043_c001"": [], ""rbi_mpr_2025_10_p043_c002"": [], ""rbi_mpr_2025_10_p043_c003"": [], ""rbi_mpr_2025_10_p046_c001"": [], ""rbi_mpr_2025_10_p049_c000"": [], ""rbi_mpr_2025_10_p052_c002"": [], ""rbi_mpr_2025_10_p057_c001"": [], ""rbi_mpr_2025_10_p058_c002"": [], ""rbi_mpr_2025_10_p061_c004"": [], ""rbi_mpr_2025_10_p062_c000"": [], ""rbi_mpr_2025_10_p063_c000"": [], ""rbi_mpr_2025_10_p064_c000"": [], ""rbi_mpr_2025_10_p064_c005"": [], ""rbi_mpr_2025_10_p066_c000"": [], ""rbi_mpr_2025_10_p066_c001"": [], ""rbi_mpr_2025_10_p066_c002"": [], ""rbi_mpr_2025_10_p068_c000"": [], ""rbi_mpr_2025_10_p070_c001"": [], ""rbi_mpr_2025_10_p071_c001"": [], ""rbi_mpr_2025_10_p074_c000"": [], ""rbi_mpr_2025_10_p079_c000"": [], ""rbi_mpr_2025_10_p080_c001"": [], ""rbi_mpr_2025_10_p080_c002"": [], ""rbi_mpr_2025_10_p085_c001"": [], ""rbi_mpr_2025_10_p095_c000"": [], ""rbi_mpr_2025_10_p095_c003"": [], ""rbi_mpr_2025_10_p096_c002"": [], ""rbi_mpr_2025_10_p096_c004"": [], ""rbi_mpr_2025_10_p097_c000"": [], ""rbi_mpr_2025_10_p097_c002"": [], ""rbi_mpr_2025_10_p097_c003"": [], ""rbi_mpr_2025_10_p097_c004"": [], ""rbi_mpr_2025_10_p098_c000"": [], ""rbi_mpr_2025_10_p098_c002"": [], ""rbi_mpr_2025_10_p099_c000"": [], ""rbi_mpr_2025_10_p099_c001"": [], ""rbi_mpr_2025_10_p099_c002"": [], ""rbi_mpr_2025_10_p102_c000"": [], ""rbi_mpr_2025_10_p103_c001"": [], ""rbi_mpr_2025_10_p105_c000"": [], ""rbi_mpr_2025_10_p105_c003"": []}, ""candidate_source_query"": {""rbi_mpr_2025_04_p011_c000"": [""Compare global-growth assumptions in April and October 2025.""], ""rbi_mpr_2025_04_p011_c004"": [""Compare global-growth assumptions in April and October 2025.""], ""rbi_mpr_2025_04_p012_c000"": [""Compare global-growth assumptions in April and October 2025.""], ""rbi_mpr_2025_04_p012_c001"": [""Compare global-growth assumptions in April and October 2025.""], ""rbi_mpr_2025_04_p012_c002"": [""Compare global-growth assumptions in April and October 2025.""], ""rbi_mpr_2025_04_p012_c004"": [""Compare global-growth assumptions in April and October 2025.""], ""rbi_mpr_2025_04_p012_c005"": [""Compare global-growth assumptions in April and October 2025.""], ""rbi_mpr_2025_04_p013_c000"": [""Compare global-growth assumptions in April and October 2025.""], ""rbi_mpr_2025_04_p013_c001"": [""Compare global-growth assumptions in April and October 2025.""], ""rbi_mpr_2025_04_p014_c001"": [""Compare global-growth assumptions in April and October 2025.""], ""rbi_mpr_2025_04_p015_c000"": [""Compare global-growth assumptions in April and October 2025.""], ""rbi_mpr_2025_04_p015_c001"": [""Compare global-growth assumptions in April and October 2025.""], ""rbi_mpr_2025_04_p015_c002"": [""Compare global-growth assumptions in April and October 2025.""], ""rbi_mpr_2025_04_p015_c003"": [""Compare global-growth assumptions in April and October 2025.""], ""rbi_mpr_2025_04_p017_c002"": [""Compare global-growth assumptions in April and October 2025.""], ""rbi_mpr_2025_04_p018_c003"": [""Compare global-growth assumptions in April and October 2025.""], ""rbi_mpr_2025_04_p019_c000"": [""Compare global-growth assumptions in April and October 2025.""], ""rbi_mpr_2025_04_p019_c002"": [""Compare global-growth assumptions in April and October 2025.""], ""rbi_mpr_2025_04_p019_c003"": [""Compare global-growth assumptions in April and October 2025.""], ""rbi_mpr_2025_04_p019_c004"": [""Compare global-growth assumptions in April and October 2025.""], ""rbi_mpr_2025_04_p020_c000"": [""Compare global-growth assumptions in April and October 2025.""], ""rbi_mpr_2025_04_p020_c003"": [""Compare global-growth assumptions in April and October 2025.""], ""rbi_mpr_2025_04_p021_c000"": [""Compare global-growth assumptions in April and October 2025.""], ""rbi_mpr_2025_04_p021_c001"": [""Compare global-growth assumptions in April and October 2025.""], ""rbi_mpr_2025_04_p021_c002"": [""Compare global-growth assumptions in April and October 2025.""], ""rbi_mpr_2025_04_p021_c003"": [""Compare global-growth assumptions in April and October 2025.""], ""rbi_mpr_2025_04_p021_c004"": [""Compare global-growth assumptions in April and October 2025.""], ""rbi_mpr_2025_04_p022_c000"": [""Compare global-growth assumptions in April and October 2025.""], ""rbi_mpr_2025_04_p023_c003"": [""Compare global-growth assumptions in April and October 2025.""], ""rbi_mpr_2025_04_p025_c000"": [""Compare global-growth assumptions in April and October 2025.""], ""rbi_mpr_2025_04_p025_c001"": [""Compare global-growth assumptions in April and October 2025.""], ""rbi_mpr_2025_04_p025_c003"": [""Compare global-growth assumptions in April and October 2025.""], ""rbi_mpr_2025_04_p030_c000"": [""Compare global-growth assumptions in April and October 2025.""], ""rbi_mpr_2025_04_p030_c001"": [""Compare global-growth assumptions in April and October 2025.""], ""rbi_mpr_2025_04_p032_c000"": [""Compare global-growth assumptions in April and October 2025.""], ""rbi_mpr_2025_04_p034_c000"": [""Compare global-growth assumptions in April and October 2025.""], ""rbi_mpr_2025_04_p036_c000"": [""Compare global-growth assumptions in April and October 2025.""], ""rbi_mpr_2025_04_p036_c002"": [""Compare global-growth assumptions in April and October 2025.""], ""rbi_mpr_2025_04_p036_c004"": [""Compare global-growth assumptions in April and October 2025.""], ""rbi_mpr_2025_04_p037_c000"": [""Compare global-growth assumptions in April and October 2025.""], ""rbi_mpr_2025_04_p038_c000"": [""Compare global-growth assumptions in April and October 2025.""], ""rbi_mpr_2025_04_p039_c000"": [""Compare global-growth assumptions in April and October 2025.""], ""rbi_mpr_2025_04_p039_c001"": [""Compare global-growth assumptions in April and October 2025.""], ""rbi_mpr_2025_04_p041_c000"": [""Compare global-growth assumptions in April and October 2025.""], ""rbi_mpr_2025_04_p042_c000"": [""Compare global-growth assumptions in April and October 2025.""], ""rbi_mpr_2025_04_p043_c001"": [""Compare global-growth assumptions in April and October 2025.""], ""rbi_mpr_2025_04_p047_c001"": [""Compare global-growth assumptions in April and October 2025.""], ""rbi_mpr_2025_04_p047_c002"": [""Compare global-growth assumptions in April and October 2025.""], ""rbi_mpr_2025_04_p047_c004"": [""Compare global-growth assumptions in April and October 2025.""], ""rbi_mpr_2025_04_p048_c000"": [""Compare global-growth assumptions in April and October 2025.""], ""rbi_mpr_2025_04_p048_c002"": [""Compare global-growth assumptions in April and October 2025.""], ""rbi_mpr_2025_04_p048_c003"": [""Compare global-growth assumptions in April and October 2025.""], ""rbi_mpr_2025_04_p053_c002"": [""Compare global-growth assumptions in April and October 2025.""], ""rbi_mpr_2025_04_p057_c004"": [""Compare global-growth assumptions in April and October 2025.""], ""rbi_mpr_2025_04_p058_c000"": [""Compare global-growth assumptions in April and October 2025.""], ""rbi_mpr_2025_04_p060_c001"": [""Compare global-growth assumptions in April and October 2025.""], ""rbi_mpr_2025_04_p061_c001"": [""Compare global-growth assumptions in April and October 2025.""], ""rbi_mpr_2025_04_p064_c002"": [""Compare global-growth assumptions in April and October 2025.""], ""rbi_mpr_2025_04_p066_c000"": [""Compare global-growth assumptions in April and October 2025.""], ""rbi_mpr_2025_04_p068_c000"": [""Compare global-growth assumptions in April and October 2025.""], ""rbi_mpr_2025_04_p068_c001"": [""Compare global-growth assumptions in April and October 2025.""], ""rbi_mpr_2025_04_p069_c004"": [""Compare global-growth assumptions in April and October 2025.""], ""rbi_mpr_2025_04_p070_c000"": [""Compare global-growth assumptions in April and October 2025.""], ""rbi_mpr_2025_04_p083_c000"": [""Compare global-growth assumptions in April and October 2025.""], ""rbi_mpr_2025_04_p084_c000"": [""Compare global-growth assumptions in April and October 2025.""], ""rbi_mpr_2025_04_p092_c000"": [""Compare global-growth assumptions in April and October 2025.""], ""rbi_mpr_2025_04_p092_c001"": [""Compare global-growth assumptions in April and October 2025.""], ""rbi_mpr_2025_04_p098_c000"": [""Compare global-growth assumptions in April and October 2025.""], ""rbi_mpr_2025_04_p099_c000"": [""Compare global-growth assumptions in April and October 2025.""], ""rbi_mpr_2025_04_p099_c002"": [""Compare global-growth assumptions in April and October 2025.""], ""rbi_mpr_2025_04_p099_c003"": [""Compare global-growth assumptions in April and October 2025.""], ""rbi_mpr_2025_04_p099_c004"": [""Compare global-growth assumptions in April and October 2025.""], ""rbi_mpr_2025_04_p100_c000"": [""Compare global-growth assumptions in April and October 2025.""], ""rbi_mpr_2025_04_p100_c002"": [""Compare global-growth assumptions in April and October 2025.""], ""rbi_mpr_2025_04_p100_c003"": [""Compare global-growth assumptions in April and October 2025.""], ""rbi_mpr_2025_04_p101_c001"": [""Compare global-growth assumptions in April and October 2025.""], ""rbi_mpr_2025_04_p101_c002"": [""Compare global-growth assumptions in April and October 2025.""], ""rbi_mpr_2025_04_p101_c003"": [""Compare global-growth assumptions in April and October 2025.""], ""rbi_mpr_2025_04_p101_c004"": [""Compare global-growth assumptions in April and October 2025.""], ""rbi_mpr_2025_04_p101_c005"": [""Compare global-growth assumptions in April and October 2025.""], ""rbi_mpr_2025_04_p102_c000"": [""Compare global-growth assumptions in April and October 2025.""], ""rbi_mpr_2025_04_p103_c000"": [""Compare global-growth assumptions in April and October 2025.""], ""rbi_mpr_2025_04_p103_c002"": [""Compare global-growth assumptions in April and October 2025.""], ""rbi_mpr_2025_04_p107_c002"": [""Compare global-growth assumptions in April and October 2025.""], ""rbi_mpr_2025_04_p108_c000"": [""Compare global-growth assumptions in April and October 2025.""], ""rbi_mpr_2025_04_p109_c000"": [""Compare global-growth assumptions in April and October 2025.""], ""rbi_mpr_2025_04_p109_c001"": [""Compare global-growth assumptions in April and October 2025.""], ""rbi_mpr_2025_04_p113_c001"": [""Compare global-growth assumptions in April and October 2025.""], ""rbi_mpr_2025_10_p009_c001"": [""Compare global-growth assumptions in April and October 2025.""], ""rbi_mpr_2025_10_p009_c002"": [""Compare global-growth assumptions in April and October 2025.""], ""rbi_mpr_2025_10_p009_c005"": [""Compare global-growth assumptions in April and October 2025.""], ""rbi_mpr_2025_10_p010_c000"": [""Compare global-growth assumptions in April and October 2025.""], ""rbi_mpr_2025_10_p010_c002"": [""Compare global-growth assumptions in April and October 2025.""], ""rbi_mpr_2025_10_p010_c003"": [""Compare global-growth assumptions in April and October 2025.""], ""rbi_mpr_2025_10_p011_c000"": [""Compare global-growth assumptions in April and October 2025.""], ""rbi_mpr_2025_10_p011_c002"": [""Compare global-growth assumptions in April and October 2025.""], ""rbi_mpr_2025_10_p012_c001"": [""Compare global-growth assumptions in April and October 2025.""], ""rbi_mpr_2025_10_p013_c000"": [""Compare global-growth assumptions in April and October 2025.""], ""rbi_mpr_2025_10_p013_c002"": [""Compare global-growth assumptions in April and October 2025.""], ""rbi_mpr_2025_10_p013_c003"": [""Compare global-growth assumptions in April and October 2025.""], ""rbi_mpr_2025_10_p013_c004"": [""Compare global-growth assumptions in April and October 2025.""], ""rbi_mpr_2025_10_p013_c005"": [""Compare global-growth assumptions in April and October 2025.""], ""rbi_mpr_2025_10_p015_c002"": [""Compare global-growth assumptions in April and October 2025.""], ""rbi_mpr_2025_10_p016_c001"": [""Compare global-growth assumptions in April and October 2025.""], ""rbi_mpr_2025_10_p017_c000"": [""Compare global-growth assumptions in April and October 2025.""], ""rbi_mpr_2025_10_p017_c004"": [""Compare global-growth assumptions in April and October 2025.""], ""rbi_mpr_2025_10_p017_c005"": [""Compare global-growth assumptions in April and October 2025.""], ""rbi_mpr_2025_10_p019_c001"": [""Compare global-growth assumptions in April and October 2025.""], ""rbi_mpr_2025_10_p019_c002"": [""Compare global-growth assumptions in April and October 2025.""], ""rbi_mpr_2025_10_p020_c000"": [""Compare global-growth assumptions in April and October 2025.""], ""rbi_mpr_2025_10_p020_c001"": [""Compare global-growth assumptions in April and October 2025.""], ""rbi_mpr_2025_10_p020_c003"": [""Compare global-growth assumptions in April and October 2025.""], ""rbi_mpr_2025_10_p021_c000"": [""Compare global-growth assumptions in April and October 2025.""], ""rbi_mpr_2025_10_p021_c001"": [""Compare global-growth assumptions in April and October 2025.""], ""rbi_mpr_2025_10_p021_c002"": [""Compare global-growth assumptions in April and October 2025.""], ""rbi_mpr_2025_10_p021_c004"": [""Compare global-growth assumptions in April and October 2025.""], ""rbi_mpr_2025_10_p021_c005"": [""Compare global-growth assumptions in April and October 2025.""], ""rbi_mpr_2025_10_p022_c001"": [""Compare global-growth assumptions in April and October 2025.""], ""rbi_mpr_2025_10_p022_c002"": [""Compare global-growth assumptions in April and October 2025.""], ""rbi_mpr_2025_10_p024_c000"": [""Compare global-growth assumptions in April and October 2025.""], ""rbi_mpr_2025_10_p024_c001"": [""Compare global-growth assumptions in April and October 2025.""], ""rbi_mpr_2025_10_p025_c000"": [""Compare global-growth assumptions in April and October 2025.""], ""rbi_mpr_2025_10_p025_c001"": [""Compare global-growth assumptions in April and October 2025.""], ""rbi_mpr_2025_10_p026_c003"": [""Compare global-growth assumptions in April and October 2025.""], ""rbi_mpr_2025_10_p028_c000"": [""Compare global-growth assumptions in April and October 2025.""], ""rbi_mpr_2025_10_p032_c000"": [""Compare global-growth assumptions in April and October 2025.""], ""rbi_mpr_2025_10_p036_c002"": [""Compare global-growth assumptions in April and October 2025.""], ""rbi_mpr_2025_10_p036_c003"": [""Compare global-growth assumptions in April and October 2025.""], ""rbi_mpr_2025_10_p037_c001"": [""Compare global-growth assumptions in April and October 2025.""], ""rbi_mpr_2025_10_p038_c000"": [""Compare global-growth assumptions in April and October 2025.""], ""rbi_mpr_2025_10_p041_c003"": [""Compare global-growth assumptions in April and October 2025.""], ""rbi_mpr_2025_10_p042_c000"": [""Compare global-growth assumptions in April and October 2025.""], ""rbi_mpr_2025_10_p042_c002"": [""Compare global-growth assumptions in April and October 2025.""], ""rbi_mpr_2025_10_p042_c003"": [""Compare global-growth assumptions in April and October 2025.""], ""rbi_mpr_2025_10_p042_c004"": [""Compare global-growth assumptions in April and October 2025.""], ""rbi_mpr_2025_10_p043_c001"": [""Compare global-growth assumptions in April and October 2025.""], ""rbi_mpr_2025_10_p043_c002"": [""Compare global-growth assumptions in April and October 2025.""], ""rbi_mpr_2025_10_p043_c003"": [""Compare global-growth assumptions in April and October 2025.""], ""rbi_mpr_2025_10_p046_c001"": [""Compare global-growth assumptions in April and October 2025.""], ""rbi_mpr_2025_10_p049_c000"": [""Compare global-growth assumptions in April and October 2025.""], ""rbi_mpr_2025_10_p052_c002"": [""Compare global-growth assumptions in April and October 2025.""], ""rbi_mpr_2025_10_p057_c001"": [""Compare global-growth assumptions in April and October 2025.""], ""rbi_mpr_2025_10_p058_c002"": [""Compare global-growth assumptions in April and October 2025.""], ""rbi_mpr_2025_10_p061_c004"": [""Compare global-growth assumptions in April and October 2025.""], ""rbi_mpr_2025_10_p062_c000"": [""Compare global-growth assumptions in April and October 2025.""], ""rbi_mpr_2025_10_p063_c000"": [""Compare global-growth assumptions in April and October 2025.""], ""rbi_mpr_2025_10_p064_c000"": [""Compare global-growth assumptions in April and October 2025.""], ""rbi_mpr_2025_10_p064_c005"": [""Compare global-growth assumptions in April and October 2025.""], ""rbi_mpr_2025_10_p066_c000"": [""Compare global-growth assumptions in April and October 2025.""], ""rbi_mpr_2025_10_p066_c001"": [""Compare global-growth assumptions in April and October 2025.""], ""rbi_mpr_2025_10_p066_c002"": [""Compare global-growth assumptions in April and October 2025.""], ""rbi_mpr_2025_10_p068_c000"": [""Compare global-growth assumptions in April and October 2025.""], ""rbi_mpr_2025_10_p070_c001"": [""Compare global-growth assumptions in April and October 2025.""], ""rbi_mpr_2025_10_p071_c001"": [""Compare global-growth assumptions in April and October 2025.""], ""rbi_mpr_2025_10_p074_c000"": [""Compare global-growth assumptions in April and October 2025.""], ""rbi_mpr_2025_10_p079_c000"": [""Compare global-growth assumptions in April and October 2025.""], ""rbi_mpr_2025_10_p080_c001"": [""Compare global-growth assumptions in April and October 2025.""], ""rbi_mpr_2025_10_p080_c002"": [""Compare global-growth assumptions in April and October 2025.""], ""rbi_mpr_2025_10_p085_c001"": [""Compare global-growth assumptions in April and October 2025.""], ""rbi_mpr_2025_10_p095_c000"": [""Compare global-growth assumptions in April and October 2025.""], ""rbi_mpr_2025_10_p095_c003"": [""Compare global-growth assumptions in April and October 2025.""], ""rbi_mpr_2025_10_p096_c002"": [""Compare global-growth assumptions in April and October 2025.""], ""rbi_mpr_2025_10_p096_c004"": [""Compare global-growth assumptions in April and October 2025.""], ""rbi_mpr_2025_10_p097_c000"": [""Compare global-growth assumptions in April and October 2025.""], ""rbi_mpr_2025_10_p097_c002"": [""Compare global-growth assumptions in April and October 2025.""], ""rbi_mpr_2025_10_p097_c003"": [""Compare global-growth assumptions in April and October 2025.""], ""rbi_mpr_2025_10_p097_c004"": [""Compare global-growth assumptions in April and October 2025.""], ""rbi_mpr_2025_10_p098_c000"": [""Compare global-growth assumptions in April and October 2025.""], ""rbi_mpr_2025_10_p098_c002"": [""Compare global-growth assumptions in April and October 2025.""], ""rbi_mpr_2025_10_p099_c000"": [""Compare global-growth assumptions in April and October 2025.""], ""rbi_mpr_2025_10_p099_c001"": [""Compare global-growth assumptions in April and October 2025.""], ""rbi_mpr_2025_10_p099_c002"": [""Compare global-growth assumptions in April and October 2025.""], ""rbi_mpr_2025_10_p102_c000"": [""Compare global-growth assumptions in April and October 2025.""], ""rbi_mpr_2025_10_p103_c001"": [""Compare global-growth assumptions in April and October 2025.""], ""rbi_mpr_2025_10_p105_c000"": [""Compare global-growth assumptions in April and October 2025.""], ""rbi_mpr_2025_10_p105_c003"": [""Compare global-growth assumptions in April and October 2025.""]}, ""candidate_source_retriever"": {""rbi_mpr_2025_04_p011_c000"": [""bm25"", ""dense""], ""rbi_mpr_2025_04_p011_c004"": [""dense""], ""rbi_mpr_2025_04_p012_c000"": [""bm25""], ""rbi_mpr_2025_04_p012_c001"": [""dense""], ""rbi_mpr_2025_04_p012_c002"": [""dense""], ""rbi_mpr_2025_04_p012_c004"": [""dense""], ""rbi_mpr_2025_04_p012_c005"": [""dense""], ""rbi_mpr_2025_04_p013_c000"": [""dense""], ""rbi_mpr_2025_04_p013_c001"": [""dense""], ""rbi_mpr_2025_04_p014_c001"": [""bm25""], ""rbi_mpr_2025_04_p015_c000"": [""bm25"", ""dense""], ""rbi_mpr_2025_04_p015_c001"": [""bm25"", ""dense""], ""rbi_mpr_2025_04_p015_c002"": [""dense""], ""rbi_mpr_2025_04_p015_c003"": [""dense""], ""rbi_mpr_2025_04_p017_c002"": [""dense""], ""rbi_mpr_2025_04_p018_c003"": [""dense""], ""rbi_mpr_2025_04_p019_c000"": [""dense""], ""rbi_mpr_2025_04_p019_c002"": [""dense""], ""rbi_mpr_2025_04_p019_c003"": [""bm25""], ""rbi_mpr_2025_04_p019_c004"": [""bm25""], ""rbi_mpr_2025_04_p020_c000"": [""dense""], ""rbi_mpr_2025_04_p020_c003"": [""dense""], ""rbi_mpr_2025_04_p021_c000"": [""bm25"", ""dense""], ""rbi_mpr_2025_04_p021_c001"": [""bm25"", ""dense""], ""rbi_mpr_2025_04_p021_c002"": [""dense""], ""rbi_mpr_2025_04_p021_c003"": [""bm25"", ""dense""], ""rbi_mpr_2025_04_p021_c004"": [""bm25""], ""rbi_mpr_2025_04_p022_c000"": [""bm25"", ""dense""], ""rbi_mpr_2025_04_p023_c003"": [""dense""], ""rbi_mpr_2025_04_p025_c000"": [""bm25""], ""rbi_mpr_2025_04_p025_c001"": [""bm25""], ""rbi_mpr_2025_04_p025_c003"": [""bm25"", ""dense""], ""rbi_mpr_2025_04_p030_c000"": [""bm25""], ""rbi_mpr_2025_04_p030_c001"": [""bm25""], ""rbi_mpr_2025_04_p032_c000"": [""bm25""], ""rbi_mpr_2025_04_p034_c000"": [""bm25""], ""rbi_mpr_2025_04_p036_c000"": [""bm25""], ""rbi_mpr_2025_04_p036_c002"": [""bm25""], ""rbi_mpr_2025_04_p036_c004"": [""bm25""], ""rbi_mpr_2025_04_p037_c000"": [""bm25""], ""rbi_mpr_2025_04_p038_c000"": [""bm25""], ""rbi_mpr_2025_04_p039_c000"": [""bm25""], ""rbi_mpr_2025_04_p039_c001"": [""bm25""], ""rbi_mpr_2025_04_p041_c000"": [""bm25""], ""rbi_mpr_2025_04_p042_c000"": [""bm25""], ""rbi_mpr_2025_04_p043_c001"": [""bm25""], ""rbi_mpr_2025_04_p047_c001"": [""dense""], ""rbi_mpr_2025_04_p047_c002"": [""bm25"", ""dense""], ""rbi_mpr_2025_04_p047_c004"": [""dense""], ""rbi_mpr_2025_04_p048_c000"": [""bm25""], ""rbi_mpr_2025_04_p048_c002"": [""dense""], ""rbi_mpr_2025_04_p048_c003"": [""dense""], ""rbi_mpr_2025_04_p053_c002"": [""dense""], ""rbi_mpr_2025_04_p057_c004"": [""dense""], ""rbi_mpr_2025_04_p058_c000"": [""dense""], ""rbi_mpr_2025_04_p060_c001"": [""dense""], ""rbi_mpr_2025_04_p061_c001"": [""dense""], ""rbi_mpr_2025_04_p064_c002"": [""dense""], ""rbi_mpr_2025_04_p066_c000"": [""bm25"", ""dense""], ""rbi_mpr_2025_04_p068_c000"": [""bm25""], ""rbi_mpr_2025_04_p068_c001"": [""dense""], ""rbi_mpr_2025_04_p069_c004"": [""bm25""], ""rbi_mpr_2025_04_p070_c000"": [""bm25""], ""rbi_mpr_2025_04_p083_c000"": [""bm25""], ""rbi_mpr_2025_04_p084_c000"": [""bm25""], ""rbi_mpr_2025_04_p092_c000"": [""bm25""], ""rbi_mpr_2025_04_p092_c001"": [""bm25""], ""rbi_mpr_2025_04_p098_c000"": [""bm25""], ""rbi_mpr_2025_04_p099_c000"": [""dense""], ""rbi_mpr_2025_04_p099_c002"": [""bm25"", ""dense""], ""rbi_mpr_2025_04_p099_c003"": [""bm25"", ""dense""], ""rbi_mpr_2025_04_p099_c004"": [""bm25""], ""rbi_mpr_2025_04_p100_c000"": [""bm25""], ""rbi_mpr_2025_04_p100_c002"": [""dense""], ""rbi_mpr_2025_04_p100_c003"": [""dense""], ""rbi_mpr_2025_04_p101_c001"": [""dense""], ""rbi_mpr_2025_04_p101_c002"": [""dense""], ""rbi_mpr_2025_04_p101_c003"": [""dense""], ""rbi_mpr_2025_04_p101_c004"": [""dense""], ""rbi_mpr_2025_04_p101_c005"": [""dense""], ""rbi_mpr_2025_04_p102_c000"": [""dense""], ""rbi_mpr_2025_04_p103_c000"": [""dense""], ""rbi_mpr_2025_04_p103_c002"": [""bm25""], ""rbi_mpr_2025_04_p107_c002"": [""bm25""], ""rbi_mpr_2025_04_p108_c000"": [""bm25""], ""rbi_mpr_2025_04_p109_c000"": [""bm25""], ""rbi_mpr_2025_04_p109_c001"": [""bm25""], ""rbi_mpr_2025_04_p113_c001"": [""bm25""], ""rbi_mpr_2025_10_p009_c001"": [""bm25"", ""dense""], ""rbi_mpr_2025_10_p009_c002"": [""bm25""], ""rbi_mpr_2025_10_p009_c005"": [""bm25"", ""dense""], ""rbi_mpr_2025_10_p010_c000"": [""bm25""], ""rbi_mpr_2025_10_p010_c002"": [""bm25""], ""rbi_mpr_2025_10_p010_c003"": [""dense""], ""rbi_mpr_2025_10_p011_c000"": [""dense""], ""rbi_mpr_2025_10_p011_c002"": [""dense""], ""rbi_mpr_2025_10_p012_c001"": [""bm25""], ""rbi_mpr_2025_10_p013_c000"": [""bm25""], ""rbi_mpr_2025_10_p013_c002"": [""dense""], ""rbi_mpr_2025_10_p013_c003"": [""bm25"", ""dense""], ""rbi_mpr_2025_10_p013_c004"": [""bm25"", ""dense""], ""rbi_mpr_2025_10_p013_c005"": [""dense""], ""rbi_mpr_2025_10_p015_c002"": [""dense""], ""rbi_mpr_2025_10_p016_c001"": [""dense""], ""rbi_mpr_2025_10_p017_c000"": [""bm25""], ""rbi_mpr_2025_10_p017_c004"": [""dense""], ""rbi_mpr_2025_10_p017_c005"": [""dense""], ""rbi_mpr_2025_10_p019_c001"": [""dense""], ""rbi_mpr_2025_10_p019_c002"": [""dense""], ""rbi_mpr_2025_10_p020_c000"": [""bm25"", ""dense""], ""rbi_mpr_2025_10_p020_c001"": [""bm25""], ""rbi_mpr_2025_10_p020_c003"": [""dense""], ""rbi_mpr_2025_10_p021_c000"": [""bm25"", ""dense""], ""rbi_mpr_2025_10_p021_c001"": [""dense""], ""rbi_mpr_2025_10_p021_c002"": [""dense""], ""rbi_mpr_2025_10_p021_c004"": [""bm25"", ""dense""], ""rbi_mpr_2025_10_p021_c005"": [""bm25""], ""rbi_mpr_2025_10_p022_c001"": [""dense""], ""rbi_mpr_2025_10_p022_c002"": [""dense""], ""rbi_mpr_2025_10_p024_c000"": [""bm25""], ""rbi_mpr_2025_10_p024_c001"": [""bm25""], ""rbi_mpr_2025_10_p025_c000"": [""bm25""], ""rbi_mpr_2025_10_p025_c001"": [""bm25""], ""rbi_mpr_2025_10_p026_c003"": [""dense""], ""rbi_mpr_2025_10_p028_c000"": [""dense""], ""rbi_mpr_2025_10_p032_c000"": [""bm25""], ""rbi_mpr_2025_10_p036_c002"": [""bm25""], ""rbi_mpr_2025_10_p036_c003"": [""bm25""], ""rbi_mpr_2025_10_p037_c001"": [""bm25""], ""rbi_mpr_2025_10_p038_c000"": [""bm25"", ""dense""], ""rbi_mpr_2025_10_p041_c003"": [""dense""], ""rbi_mpr_2025_10_p042_c000"": [""bm25""], ""rbi_mpr_2025_10_p042_c002"": [""dense""], ""rbi_mpr_2025_10_p042_c003"": [""dense""], ""rbi_mpr_2025_10_p042_c004"": [""dense""], ""rbi_mpr_2025_10_p043_c001"": [""dense""], ""rbi_mpr_2025_10_p043_c002"": [""bm25""], ""rbi_mpr_2025_10_p043_c003"": [""dense""], ""rbi_mpr_2025_10_p046_c001"": [""dense""], ""rbi_mpr_2025_10_p049_c000"": [""dense""], ""rbi_mpr_2025_10_p052_c002"": [""dense""], ""rbi_mpr_2025_10_p057_c001"": [""dense""], ""rbi_mpr_2025_10_p058_c002"": [""dense""], ""rbi_mpr_2025_10_p061_c004"": [""dense""], ""rbi_mpr_2025_10_p062_c000"": [""bm25""], ""rbi_mpr_2025_10_p063_c000"": [""bm25""], ""rbi_mpr_2025_10_p064_c000"": [""bm25""], ""rbi_mpr_2025_10_p064_c005"": [""bm25""], ""rbi_mpr_2025_10_p066_c000"": [""bm25""], ""rbi_mpr_2025_10_p066_c001"": [""bm25""], ""rbi_mpr_2025_10_p066_c002"": [""bm25""], ""rbi_mpr_2025_10_p068_c000"": [""bm25""], ""rbi_mpr_2025_10_p070_c001"": [""bm25""], ""rbi_mpr_2025_10_p071_c001"": [""bm25""], ""rbi_mpr_2025_10_p074_c000"": [""bm25""], ""rbi_mpr_2025_10_p079_c000"": [""bm25""], ""rbi_mpr_2025_10_p080_c001"": [""bm25"", ""dense""], ""rbi_mpr_2025_10_p080_c002"": [""bm25""], ""rbi_mpr_2025_10_p085_c001"": [""bm25""], ""rbi_mpr_2025_10_p095_c000"": [""dense""], ""rbi_mpr_2025_10_p095_c003"": [""dense""], ""rbi_mpr_2025_10_p096_c002"": [""dense""], ""rbi_mpr_2025_10_p096_c004"": [""dense""], ""rbi_mpr_2025_10_p097_c000"": [""dense""], ""rbi_mpr_2025_10_p097_c002"": [""dense""], ""rbi_mpr_2025_10_p097_c003"": [""bm25"", ""dense""], ""rbi_mpr_2025_10_p097_c004"": [""bm25"", ""dense""], ""rbi_mpr_2025_10_p098_c000"": [""dense""], ""rbi_mpr_2025_10_p098_c002"": [""dense""], ""rbi_mpr_2025_10_p099_c000"": [""bm25"", ""dense""], ""rbi_mpr_2025_10_p099_c001"": [""bm25""], ""rbi_mpr_2025_10_p099_c002"": [""bm25""], ""rbi_mpr_2025_10_p102_c000"": [""bm25""], ""rbi_mpr_2025_10_p103_c001"": [""bm25""], ""rbi_mpr_2025_10_p105_c000"": [""bm25""], ""rbi_mpr_2025_10_p105_c003"": [""bm25""]}, ""candidate_union_ids"": [""rbi_mpr_2025_10_p043_c003"", ""rbi_mpr_2025_10_p013_c003"", ""rbi_mpr_2025_10_p097_c003"", ""rbi_mpr_2025_10_p096_c004"", ""rbi_mpr_2025_10_p020_c000"", ""rbi_mpr_2025_10_p013_c005"", ""rbi_mpr_2025_10_p009_c005"", ""rbi_mpr_2025_10_p097_c004"", ""rbi_mpr_2025_10_p099_c000"", ""rbi_mpr_2025_10_p017_c004"", ""rbi_mpr_2025_10_p042_c002"", ""rbi_mpr_2025_10_p095_c000"", ""rbi_mpr_2025_10_p098_c000"", ""rbi_mpr_2025_10_p013_c004"", ""rbi_mpr_2025_10_p042_c004"", ""rbi_mpr_2025_10_p022_c002"", ""rbi_mpr_2025_10_p017_c005"", ""rbi_mpr_2025_10_p046_c001"", ""rbi_mpr_2025_10_p020_c003"", ""rbi_mpr_2025_10_p010_c003"", ""rbi_mpr_2025_10_p011_c002"", ""rbi_mpr_2025_10_p057_c001"", ""rbi_mpr_2025_10_p019_c001"", ""rbi_mpr_2025_10_p013_c002"", ""rbi_mpr_2025_10_p097_c002"", ""rbi_mpr_2025_10_p021_c002"", ""rbi_mpr_2025_10_p041_c003"", ""rbi_mpr_2025_10_p021_c000"", ""rbi_mpr_2025_10_p021_c001"", ""rbi_mpr_2025_10_p021_c004"", ""rbi_mpr_2025_10_p052_c002"", ""rbi_mpr_2025_10_p011_c000"", ""rbi_mpr_2025_10_p042_c003"", ""rbi_mpr_2025_10_p016_c001"", ""rbi_mpr_2025_10_p022_c001"", ""rbi_mpr_2025_10_p043_c001"", ""rbi_mpr_2025_10_p019_c002"", ""rbi_mpr_2025_10_p097_c000"", ""rbi_mpr_2025_10_p049_c000"", ""rbi_mpr_2025_10_p061_c004"", ""rbi_mpr_2025_10_p038_c000"", ""rbi_mpr_2025_10_p098_c002"", ""rbi_mpr_2025_10_p028_c000"", ""rbi_mpr_2025_10_p026_c003"", ""rbi_mpr_2025_10_p058_c002"", ""rbi_mpr_2025_10_p080_c001"", ""rbi_mpr_2025_10_p015_c002"", ""rbi_mpr_2025_10_p009_c001"", ""rbi_mpr_2025_10_p096_c002"", ""rbi_mpr_2025_10_p095_c003"", ""rbi_mpr_2025_10_p010_c000"", ""rbi_mpr_2025_10_p066_c000"", ""rbi_mpr_2025_10_p032_c000"", ""rbi_mpr_2025_10_p068_c000"", ""rbi_mpr_2025_10_p074_c000"", ""rbi_mpr_2025_10_p024_c001"", ""rbi_mpr_2025_10_p012_c001"", ""rbi_mpr_2025_10_p066_c001"", ""rbi_mpr_2025_10_p102_c000"", ""rbi_mpr_2025_10_p036_c003"", ""rbi_mpr_2025_10_p025_c001"", ""rbi_mpr_2025_10_p020_c001"", ""rbi_mpr_2025_10_p017_c000"", ""rbi_mpr_2025_10_p070_c001"", ""rbi_mpr_2025_10_p105_c000"", ""rbi_mpr_2025_10_p021_c005"", ""rbi_mpr_2025_10_p071_c001"", ""rbi_mpr_2025_10_p066_c002"", ""rbi_mpr_2025_10_p105_c003"", ""rbi_mpr_2025_10_p024_c000"", ""rbi_mpr_2025_10_p036_c002"", ""rbi_mpr_2025_10_p013_c000"", ""rbi_mpr_2025_10_p043_c002"", ""rbi_mpr_2025_10_p099_c001"", ""rbi_mpr_2025_10_p064_c005"", ""rbi_mpr_2025_10_p009_c002"", ""rbi_mpr_2025_10_p064_c000"", ""rbi_mpr_2025_10_p080_c002"", ""rbi_mpr_2025_10_p099_c002"", ""rbi_mpr_2025_10_p062_c000"", ""rbi_mpr_2025_10_p063_c000"", ""rbi_mpr_2025_10_p037_c001"", ""rbi_mpr_2025_10_p010_c002"", ""rbi_mpr_2025_10_p042_c000"", ""rbi_mpr_2025_10_p079_c000"", ""rbi_mpr_2025_10_p025_c000"", ""rbi_mpr_2025_10_p085_c001"", ""rbi_mpr_2025_10_p103_c001""], ""candidate_union_pages"": [43, 13, 97, 96, 20, 13, 9, 97, 99, 17, 42, 95, 98, 13, 42, 22, 17, 46, 20, 10, 11, 57, 19, 13, 97, 21, 41, 21, 21, 21, 52, 11, 42, 16, 22, 43, 19, 97, 49, 61, 38, 98, 28, 26, 58, 80, 15, 9, 96, 95, 10, 66, 32, 68, 74, 24, 12, 66, 102, 36, 25, 20, 17, 70, 105, 21, 71, 66, 105, 24, 36, 13, 43, 99, 64, 9, 64, 80, 99, 62, 63, 37, 10, 42, 79, 25, 85, 103], ""dense_candidate_ids"": [""rbi_mpr_2025_10_p043_c003"", ""rbi_mpr_2025_10_p013_c003"", ""rbi_mpr_2025_10_p097_c003"", ""rbi_mpr_2025_10_p096_c004"", ""rbi_mpr_2025_10_p020_c000"", ""rbi_mpr_2025_10_p013_c005"", ""rbi_mpr_2025_10_p009_c005"", ""rbi_mpr_2025_10_p097_c004"", ""rbi_mpr_2025_10_p099_c000"", ""rbi_mpr_2025_10_p017_c004"", ""rbi_mpr_2025_10_p042_c002"", ""rbi_mpr_2025_10_p095_c000"", ""rbi_mpr_2025_10_p098_c000"", ""rbi_mpr_2025_10_p013_c004"", ""rbi_mpr_2025_10_p042_c004"", ""rbi_mpr_2025_10_p022_c002"", ""rbi_mpr_2025_10_p017_c005"", ""rbi_mpr_2025_10_p046_c001"", ""rbi_mpr_2025_10_p020_c003"", ""rbi_mpr_2025_10_p010_c003"", ""rbi_mpr_2025_10_p011_c002"", ""rbi_mpr_2025_10_p057_c001"", ""rbi_mpr_2025_10_p019_c001"", ""rbi_mpr_2025_10_p013_c002"", ""rbi_mpr_2025_10_p097_c002"", ""rbi_mpr_2025_10_p021_c002"", ""rbi_mpr_2025_10_p041_c003"", ""rbi_mpr_2025_10_p021_c000"", ""rbi_mpr_2025_10_p021_c001"", ""rbi_mpr_2025_10_p021_c004"", ""rbi_mpr_2025_10_p052_c002"", ""rbi_mpr_2025_10_p011_c000"", ""rbi_mpr_2025_10_p042_c003"", ""rbi_mpr_2025_10_p016_c001"", ""rbi_mpr_2025_10_p022_c001"", ""rbi_mpr_2025_10_p043_c001"", ""rbi_mpr_2025_10_p019_c002"", ""rbi_mpr_2025_10_p097_c000"", ""rbi_mpr_2025_10_p049_c000"", ""rbi_mpr_2025_10_p061_c004"", ""rbi_mpr_2025_10_p038_c000"", ""rbi_mpr_2025_10_p098_c002"", ""rbi_mpr_2025_10_p028_c000"", ""rbi_mpr_2025_10_p026_c003"", ""rbi_mpr_2025_10_p058_c002"", ""rbi_mpr_2025_10_p080_c001"", ""rbi_mpr_2025_10_p015_c002"", ""rbi_mpr_2025_10_p009_c001"", ""rbi_mpr_2025_10_p096_c002"", ""rbi_mpr_2025_10_p095_c003""], ""dense_candidate_pages"": [43, 13, 97, 96, 20, 13, 9, 97, 99, 17, 42, 95, 98, 13, 42, 22, 17, 46, 20, 10, 11, 57, 19, 13, 97, 21, 41, 21, 21, 21, 52, 11, 42, 16, 22, 43, 19, 97, 49, 61, 38, 98, 28, 26, 58, 80, 15, 9, 96, 95], ""dense_candidate_scores"": [0.42435762654178466, 0.4125702909781974, 0.4041025254970252, 0.38359955883617314, 0.37375371784924016, 0.3491798292375694, 0.3356814159181368, 0.3344276736154833, 0.33312019408097826, 0.33022710795864496, 0.31958477582855316, 0.31929653353158716, 0.3176792325136787, 0.31612793346053814, 0.3040891919455835, 0.2980737408450176, 0.2964788198036683, 0.27706421121191305, 0.2768286103287372, 0.27499699258615073, 0.2693617060591531, 0.2671863386201119, 0.2616055901150873, 0.2601666967069255, 0.25906067910830255, 0.24836187020120615, 0.2471119632617671, 0.24701839725807284, 0.24387087061127932, 0.24141699679727802, 0.23932609164265262, 0.23918464681905005, 0.23826179942405556, 0.23812296770506058, 0.23811681426517806, 0.23225393475622158, 0.23191195522740427, 0.23129020491817154, 0.2296070283760404, 0.22610470955848216, 0.2260487385436597, 0.22573213141764592, 0.2248864127554263, 0.224804310694527, 0.22409430488451254, 0.22400031741233328, 0.22270994949832368, 0.22256378422768797, 0.22247333709078354, 0.21304163103731866], ""dense_first_evidence_rank"": null, ""evidence_rank_after_reranking"": 4, ""evidence_rank_before_reranking"": 25, ""expected_evidence"": [""3.0 per cent in 2025 3.1 per cent in 2026""], ""loss_stage"": ""lost_by_quota"", ""report_id"": ""rbi_mpr_2025_10"", ""reranker_input_ids"": [""rbi_mpr_2025_10_p020_c000"", ""rbi_mpr_2025_10_p099_c000"", ""rbi_mpr_2025_10_p013_c004"", ""rbi_mpr_2025_10_p097_c004"", ""rbi_mpr_2025_10_p097_c003"", ""rbi_mpr_2025_10_p013_c003"", ""rbi_mpr_2025_10_p021_c000"", ""rbi_mpr_2025_10_p009_c005"", ""rbi_mpr_2025_10_p038_c000"", ""rbi_mpr_2025_10_p021_c004"", ""rbi_mpr_2025_10_p080_c001"", ""rbi_mpr_2025_10_p009_c001"", ""rbi_mpr_2025_10_p043_c003"", ""rbi_mpr_2025_10_p010_c000"", ""rbi_mpr_2025_10_p066_c000"", ""rbi_mpr_2025_10_p032_c000"", ""rbi_mpr_2025_10_p096_c004"", ""rbi_mpr_2025_10_p068_c000"", ""rbi_mpr_2025_10_p013_c005"", ""rbi_mpr_2025_10_p074_c000"", ""rbi_mpr_2025_10_p017_c004"", ""rbi_mpr_2025_10_p042_c002"", ""rbi_mpr_2025_10_p024_c001"", ""rbi_mpr_2025_10_p095_c000"", ""rbi_mpr_2025_10_p012_c001"", ""rbi_mpr_2025_10_p098_c000"", ""rbi_mpr_2025_10_p066_c001"", ""rbi_mpr_2025_10_p042_c004"", ""rbi_mpr_2025_10_p102_c000"", ""rbi_mpr_2025_10_p022_c002""], ""reranker_input_pages"": [20, 99, 13, 97, 97, 13, 21, 9, 38, 21, 80, 9, 43, 10, 66, 32, 96, 68, 13, 74, 17, 42, 24, 95, 12, 98, 66, 42, 102, 22], ""reranker_input_ranks"": [1, 2, 3, 4, 5, 6, 7, 8, 9, 10, 11, 12, 13, 14, 15, 16, 17, 18, 19, 20, 21, 22, 23, 24, 25, 26, 27, 28, 29, 30], ""reranker_output_ids"": [""rbi_mpr_2025_10_p009_c001"", ""rbi_mpr_2025_10_p099_c000"", ""rbi_mpr_2025_10_p097_c004"", ""rbi_mpr_2025_10_p012_c001"", ""rbi_mpr_2025_10_p097_c003"", ""rbi_mpr_2025_10_p010_c000"", ""rbi_mpr_2025_10_p098_c000"", ""rbi_mpr_2025_10_p032_c000"", ""rbi_mpr_2025_10_p066_c000"", ""rbi_mpr_2025_10_p021_c000"", ""rbi_mpr_2025_10_p042_c002"", ""rbi_mpr_2025_10_p009_c005"", ""rbi_mpr_2025_10_p102_c000"", ""rbi_mpr_2025_10_p013_c004"", ""rbi_mpr_2025_10_p074_c000"", ""rbi_mpr_2025_10_p013_c003"", ""rbi_mpr_2025_10_p043_c003"", ""rbi_mpr_2025_10_p038_c000"", ""rbi_mpr_2025_10_p068_c000"", ""rbi_mpr_2025_10_p096_c004"", ""rbi_mpr_2025_10_p080_c001"", ""rbi_mpr_2025_10_p095_c000"", ""rbi_mpr_2025_10_p020_c000"", ""rbi_mpr_2025_10_p017_c004"", ""rbi_mpr_2025_10_p013_c005"", ""rbi_mpr_2025_10_p024_c001"", ""rbi_mpr_2025_10_p022_c002"", ""rbi_mpr_2025_10_p066_c001"", ""rbi_mpr_2025_10_p021_c004"", ""rbi_mpr_2025_10_p042_c004""], ""reranker_output_pages"": [9, 99, 97, 12, 97, 10, 98, 32, 66, 21, 42, 9, 102, 13, 74, 13, 43, 38, 68, 96, 80, 95, 20, 17, 13, 24, 22, 66, 21, 42], ""reranker_scores"": [3.3681344985961914, 3.3529701232910156, 3.3225326538085938, 3.1639020442962646, 2.6172327995300293, 2.508779287338257, 2.2140748500823975, 2.0411341190338135, 1.94187593460083, 1.6038763523101807, 1.344422459602356, 1.2973220348358154, 1.1910662651062012, 1.1393202543258667, 0.9132246971130371, 0.7423081994056702, 0.6150359511375427, 0.13420015573501587, -0.1942482739686966, -0.515736997127533, -0.6573255062103271, -0.7069268226623535, -1.297161340713501, -1.399834394454956, -2.9108853340148926, -3.321654796600342, -3.6965975761413574, -3.871980905532837, -5.135594367980957, -10.232732772827148], ""rrf_candidate_ids"": [""rbi_mpr_2025_10_p020_c000"", ""rbi_mpr_2025_10_p099_c000"", ""rbi_mpr_2025_10_p013_c004"", ""rbi_mpr_2025_10_p097_c004"", ""rbi_mpr_2025_10_p097_c003"", ""rbi_mpr_2025_10_p013_c003"", ""rbi_mpr_2025_10_p021_c000"", ""rbi_mpr_2025_10_p009_c005"", ""rbi_mpr_2025_10_p038_c000"", ""rbi_mpr_2025_10_p021_c004"", ""rbi_mpr_2025_10_p080_c001"", ""rbi_mpr_2025_10_p009_c001"", ""rbi_mpr_2025_10_p043_c003"", ""rbi_mpr_2025_10_p010_c000"", ""rbi_mpr_2025_10_p066_c000"", ""rbi_mpr_2025_10_p032_c000"", ""rbi_mpr_2025_10_p096_c004"", ""rbi_mpr_2025_10_p068_c000"", ""rbi_mpr_2025_10_p013_c005"", ""rbi_mpr_2025_10_p074_c000"", ""rbi_mpr_2025_10_p017_c004"", ""rbi_mpr_2025_10_p042_c002"", ""rbi_mpr_2025_10_p024_c001"", ""rbi_mpr_2025_10_p095_c000"", ""rbi_mpr_2025_10_p012_c001"", ""rbi_mpr_2025_10_p098_c000"", ""rbi_mpr_2025_10_p066_c001"", ""rbi_mpr_2025_10_p042_c004"", ""rbi_mpr_2025_10_p102_c000"", ""rbi_mpr_2025_10_p022_c002""], ""rrf_candidate_pages"": [20, 99, 13, 97, 97, 13, 21, 9, 38, 21, 80, 9, 43, 10, 66, 32, 96, 68, 13, 74, 17, 42, 24, 95, 12, 98, 66, 42, 102, 22], ""rrf_first_evidence_rank"": 25, ""rrf_scores"": [0.02967032967032967, 0.02919863597612958, 0.0288981288981289, 0.027526395173453996, 0.027236652236652236, 0.026767330130404943, 0.02628900949796472, 0.025678061306371368, 0.024393743722198307, 0.023769338959212377, 0.023132592401137242, 0.018967997123336928, 0.01639344262295082, 0.01639344262295082, 0.016129032258064516, 0.015873015873015872, 0.015625, 0.015625, 0.015151515151515152, 0.015151515151515152, 0.014285714285714285, 0.014084507042253521, 0.014084507042253521, 0.013888888888888888, 0.013888888888888888, 0.0136986301369863, 0.013513513513513514, 0.013333333333333334, 0.013333333333333334, 0.013157894736842105], ""selected_chunk_ids_after_dedup"": [""rbi_mpr_2025_10_p009_c001"", ""rbi_mpr_2025_10_p099_c000"", ""rbi_mpr_2025_10_p097_c004""], ""selected_chunk_ids_before_dedup"": [""rbi_mpr_2025_10_p009_c001"", ""rbi_mpr_2025_10_p099_c000"", ""rbi_mpr_2025_10_p097_c004""], ""selected_pages"": [9, 99, 97]}}","{""rbi_mpr_2025_04"": false, ""rbi_mpr_2025_10"": false}","{""rbi_mpr_2025_04"": 0.0, ""rbi_mpr_2025_10"": 0.0}",[],"[""2025""]",0.09000000136438757,pairwise_comparison,cmp_dev_004,"[""Compare""]",0.0,"{""rbi_mpr_2025_04"": 3, ""rbi_mpr_2025_10"": 3}",1.0,"[""rbi_mpr_2025_04"", ""rbi_mpr_2025_10""]",3806.8505999981426,0.1024999946821481,5875,6,0.006300004315562546,dev,3876.7140000127256,5
False,6.604899986996315,0.3664999967440963,False,04a5ce7716e7f739c55089569953118657c56d931da37da67b3f680d0125b949,0,0.028599999495781958,bf7cf18e02abb87a6e22fe9b686d8f93fa34ceb3f67abc575741c0a63080b56d,0.3704999980982393,75.7688000012422,0,1455,0.5,[],RRF_K60,[],0.3598000039346516,d063b65fcefc1858e3315b9e67356a80310b8ae9b4d0864e98dd7c18d8553c1a,0.16666666666666666,Compare food-inflation language in October 2025 and April 2026.,Compare food-inflation language in October 2025 and April 2026.,"{""rbi_mpr_2025_10"": {""accepted_evidence_found"": true, ""accepted_pages"": [10], ""bm25_candidate_ids"": [""rbi_mpr_2025_10_p013_c004"", ""rbi_mpr_2025_10_p096_c004"", ""rbi_mpr_2025_10_p010_c000"", ""rbi_mpr_2025_10_p013_c003"", ""rbi_mpr_2025_10_p074_c000"", ""rbi_mpr_2025_10_p013_c002"", ""rbi_mpr_2025_10_p012_c001"", ""rbi_mpr_2025_10_p066_c000"", ""rbi_mpr_2025_10_p032_c000"", ""rbi_mpr_2025_10_p102_c000"", ""rbi_mpr_2025_10_p097_c004"", ""rbi_mpr_2025_10_p068_c000"", ""rbi_mpr_2025_10_p010_c005"", ""rbi_mpr_2025_10_p024_c000"", ""rbi_mpr_2025_10_p013_c000"", ""rbi_mpr_2025_10_p097_c003"", ""rbi_mpr_2025_10_p009_c005"", ""rbi_mpr_2025_10_p095_c003"", ""rbi_mpr_2025_10_p105_c003"", ""rbi_mpr_2025_10_p009_c002"", ""rbi_mpr_2025_10_p099_c000"", ""rbi_mpr_2025_10_p062_c000"", ""rbi_mpr_2025_10_p010_c002"", ""rbi_mpr_2025_10_p064_c000"", ""rbi_mpr_2025_10_p037_c001"", ""rbi_mpr_2025_10_p099_c002"", ""rbi_mpr_2025_10_p103_c001"", ""rbi_mpr_2025_10_p040_c000"", ""rbi_mpr_2025_10_p009_c001"", ""rbi_mpr_2025_10_p099_c001"", ""rbi_mpr_2025_10_p042_c000"", ""rbi_mpr_2025_10_p096_c000"", ""rbi_mpr_2025_10_p046_c000"", ""rbi_mpr_2025_10_p079_c000"", ""rbi_mpr_2025_10_p064_c005"", ""rbi_mpr_2025_10_p036_c003"", ""rbi_mpr_2025_10_p025_c000"", ""rbi_mpr_2025_10_p030_c000"", ""rbi_mpr_2025_10_p110_c000"", ""rbi_mpr_2025_10_p024_c001"", ""rbi_mpr_2025_10_p038_c000"", ""rbi_mpr_2025_10_p025_c003"", ""rbi_mpr_2025_10_p084_c000"", ""rbi_mpr_2025_10_p063_c000"", ""rbi_mpr_2025_10_p024_c003"", ""rbi_mpr_2025_10_p034_c000"", ""rbi_mpr_2025_10_p087_c000"", ""rbi_mpr_2025_10_p028_c000"", ""rbi_mpr_2025_10_p071_c001"", ""rbi_mpr_2025_10_p103_c002""], ""bm25_candidate_pages"": [13, 96, 10, 13, 74, 13, 12, 66, 32, 102, 97, 68, 10, 24, 13, 97, 9, 95, 105, 9, 99, 62, 10, 64, 37, 99, 103, 40, 9, 99, 42, 96, 46, 79, 64, 36, 25, 30, 110, 24, 38, 25, 84, 63, 24, 34, 87, 28, 71, 103], ""bm25_candidate_scores"": [null, null, null, null, null, null, null, null, null, null, null, null, null, null, null, null, null, null, null, null, null, null, null, null, null, null, null, null, null, null, null, null, null, null, null, null, null, null, null, null, null, null, null, null, null, null, null, null, null, null], ""bm25_first_evidence_rank"": 3, ""candidate_source_expansion"": {""rbi_mpr_2025_10_p009_c001"": [], ""rbi_mpr_2025_10_p009_c002"": [], ""rbi_mpr_2025_10_p009_c005"": [], ""rbi_mpr_2025_10_p010_c000"": [], ""rbi_mpr_2025_10_p010_c002"": [], ""rbi_mpr_2025_10_p010_c003"": [], ""rbi_mpr_2025_10_p010_c005"": [], ""rbi_mpr_2025_10_p011_c000"": [], ""rbi_mpr_2025_10_p011_c002"": [], ""rbi_mpr_2025_10_p012_c001"": [], ""rbi_mpr_2025_10_p013_c000"": [], ""rbi_mpr_2025_10_p013_c002"": [], ""rbi_mpr_2025_10_p013_c003"": [], ""rbi_mpr_2025_10_p013_c004"": [], ""rbi_mpr_2025_10_p014_c000"": [], ""rbi_mpr_2025_10_p014_c001"": [], ""rbi_mpr_2025_10_p014_c002"": [], ""rbi_mpr_2025_10_p015_c001"": [], ""rbi_mpr_2025_10_p015_c002"": [], ""rbi_mpr_2025_10_p023_c001"": [], ""rbi_mpr_2025_10_p024_c000"": [], ""rbi_mpr_2025_10_p024_c001"": [], ""rbi_mpr_2025_10_p024_c002"": [], ""rbi_mpr_2025_10_p024_c003"": [], ""rbi_mpr_2025_10_p025_c000"": [], ""rbi_mpr_2025_10_p025_c001"": [], ""rbi_mpr_2025_10_p025_c002"": [], ""rbi_mpr_2025_10_p025_c003"": [], ""rbi_mpr_2025_10_p026_c000"": [], ""rbi_mpr_2025_10_p026_c001"": [], ""rbi_mpr_2025_10_p026_c002"": [], ""rbi_mpr_2025_10_p026_c003"": [], ""rbi_mpr_2025_10_p027_c000"": [], ""rbi_mpr_2025_10_p027_c003"": [], ""rbi_mpr_2025_10_p028_c000"": [], ""rbi_mpr_2025_10_p028_c001"": [], ""rbi_mpr_2025_10_p028_c002"": [], ""rbi_mpr_2025_10_p029_c002"": [], ""rbi_mpr_2025_10_p030_c000"": [], ""rbi_mpr_2025_10_p031_c000"": [], ""rbi_mpr_2025_10_p031_c001"": [], ""rbi_mpr_2025_10_p032_c000"": [], ""rbi_mpr_2025_10_p032_c001"": [], ""rbi_mpr_2025_10_p032_c002"": [], ""rbi_mpr_2025_10_p033_c001"": [], ""rbi_mpr_2025_10_p033_c002"": [], ""rbi_mpr_2025_10_p034_c000"": [], ""rbi_mpr_2025_10_p034_c001"": [], ""rbi_mpr_2025_10_p034_c002"": [], ""rbi_mpr_2025_10_p035_c002"": [], ""rbi_mpr_2025_10_p035_c003"": [], ""rbi_mpr_2025_10_p036_c003"": [], ""rbi_mpr_2025_10_p037_c001"": [], ""rbi_mpr_2025_10_p037_c003"": [], ""rbi_mpr_2025_10_p038_c000"": [], ""rbi_mpr_2025_10_p040_c000"": [], ""rbi_mpr_2025_10_p041_c003"": [], ""rbi_mpr_2025_10_p041_c004"": [], ""rbi_mpr_2025_10_p042_c000"": [], ""rbi_mpr_2025_10_p046_c000"": [], ""rbi_mpr_2025_10_p062_c000"": [], ""rbi_mpr_2025_10_p063_c000"": [], ""rbi_mpr_2025_10_p064_c000"": [], ""rbi_mpr_2025_10_p064_c005"": [], ""rbi_mpr_2025_10_p066_c000"": [], ""rbi_mpr_2025_10_p068_c000"": [], ""rbi_mpr_2025_10_p071_c001"": [], ""rbi_mpr_2025_10_p074_c000"": [], ""rbi_mpr_2025_10_p079_c000"": [], ""rbi_mpr_2025_10_p084_c000"": [], ""rbi_mpr_2025_10_p087_c000"": [], ""rbi_mpr_2025_10_p095_c003"": [], ""rbi_mpr_2025_10_p096_c000"": [], ""rbi_mpr_2025_10_p096_c004"": [], ""rbi_mpr_2025_10_p097_c003"": [], ""rbi_mpr_2025_10_p097_c004"": [], ""rbi_mpr_2025_10_p099_c000"": [], ""rbi_mpr_2025_10_p099_c001"": [], ""rbi_mpr_2025_10_p099_c002"": [], ""rbi_mpr_2025_10_p101_c001"": [], ""rbi_mpr_2025_10_p101_c002"": [], ""rbi_mpr_2025_10_p102_c000"": [], ""rbi_mpr_2025_10_p103_c001"": [], ""rbi_mpr_2025_10_p103_c002"": [], ""rbi_mpr_2025_10_p105_c003"": [], ""rbi_mpr_2025_10_p110_c000"": [], ""rbi_mpr_2026_04_p005_c003"": [], ""rbi_mpr_2026_04_p007_c001"": [], ""rbi_mpr_2026_04_p014_c000"": [], ""rbi_mpr_2026_04_p014_c004"": [], ""rbi_mpr_2026_04_p019_c001"": [], ""rbi_mpr_2026_04_p020_c000"": [], ""rbi_mpr_2026_04_p020_c002"": [], ""rbi_mpr_2026_04_p021_c002"": [], ""rbi_mpr_2026_04_p023_c000"": [], ""rbi_mpr_2026_04_p024_c000"": [], ""rbi_mpr_2026_04_p026_c004"": [], ""rbi_mpr_2026_04_p030_c002"": [], ""rbi_mpr_2026_04_p037_c001"": [], ""rbi_mpr_2026_04_p046_c000"": [], ""rbi_mpr_2026_04_p053_c000"": [], ""rbi_mpr_2026_04_p054_c004"": [], ""rbi_mpr_2026_04_p055_c003"": [], ""rbi_mpr_2026_04_p056_c000"": [], ""rbi_mpr_2026_04_p057_c001"": [], ""rbi_mpr_2026_04_p057_c004"": [], ""rbi_mpr_2026_04_p061_c001"": [], ""rbi_mpr_2026_04_p069_c003"": [], ""rbi_mpr_2026_04_p079_c000"": [], ""rbi_mpr_2026_04_p079_c001"": [], ""rbi_mpr_2026_04_p080_c000"": [], ""rbi_mpr_2026_04_p081_c005"": [], ""rbi_mpr_2026_04_p081_c006"": [], ""rbi_mpr_2026_04_p082_c000"": [], ""rbi_mpr_2026_04_p082_c001"": [], ""rbi_mpr_2026_04_p082_c002"": [], ""rbi_mpr_2026_04_p082_c003"": [], ""rbi_mpr_2026_04_p083_c000"": [], ""rbi_mpr_2026_04_p083_c001"": [], ""rbi_mpr_2026_04_p083_c002"": [], ""rbi_mpr_2026_04_p083_c004"": [], ""rbi_mpr_2026_04_p084_c000"": [], ""rbi_mpr_2026_04_p084_c002"": [], ""rbi_mpr_2026_04_p085_c000"": [], ""rbi_mpr_2026_04_p085_c003"": [], ""rbi_mpr_2026_04_p085_c004"": [], ""rbi_mpr_2026_04_p086_c000"": [], ""rbi_mpr_2026_04_p086_c002"": [], ""rbi_mpr_2026_04_p087_c000"": [], ""rbi_mpr_2026_04_p087_c004"": [], ""rbi_mpr_2026_04_p089_c001"": [], ""rbi_mpr_2026_04_p090_c000"": [], ""rbi_mpr_2026_04_p091_c005"": [], ""rbi_mpr_2026_04_p092_c000"": [], ""rbi_mpr_2026_04_p092_c002"": [], ""rbi_mpr_2026_04_p093_c001"": [], ""rbi_mpr_2026_04_p094_c000"": [], ""rbi_mpr_2026_04_p094_c002"": [], ""rbi_mpr_2026_04_p094_c003"": [], ""rbi_mpr_2026_04_p094_c004"": [], ""rbi_mpr_2026_04_p095_c002"": [], ""rbi_mpr_2026_04_p095_c003"": [], ""rbi_mpr_2026_04_p095_c004"": [], ""rbi_mpr_2026_04_p098_c002"": [], ""rbi_mpr_2026_04_p099_c001"": [], ""rbi_mpr_2026_04_p099_c002"": [], ""rbi_mpr_2026_04_p100_c000"": [], ""rbi_mpr_2026_04_p100_c001"": [], ""rbi_mpr_2026_04_p101_c001"": [], ""rbi_mpr_2026_04_p101_c002"": [], ""rbi_mpr_2026_04_p102_c000"": [], ""rbi_mpr_2026_04_p102_c001"": [], ""rbi_mpr_2026_04_p102_c002"": [], ""rbi_mpr_2026_04_p102_c003"": [], ""rbi_mpr_2026_04_p102_c004"": [], ""rbi_mpr_2026_04_p103_c000"": [], ""rbi_mpr_2026_04_p103_c001"": [], ""rbi_mpr_2026_04_p103_c003"": [], ""rbi_mpr_2026_04_p105_c003"": [], ""rbi_mpr_2026_04_p106_c000"": [], ""rbi_mpr_2026_04_p106_c001"": [], ""rbi_mpr_2026_04_p107_c000"": [], ""rbi_mpr_2026_04_p107_c003"": [], ""rbi_mpr_2026_04_p108_c000"": [], ""rbi_mpr_2026_04_p108_c001"": [], ""rbi_mpr_2026_04_p108_c002"": [], ""rbi_mpr_2026_04_p109_c000"": [], ""rbi_mpr_2026_04_p109_c004"": [], ""rbi_mpr_2026_04_p113_c003"": [], ""rbi_mpr_2026_04_p115_c000"": [], ""rbi_mpr_2026_04_p115_c001"": [], ""rbi_mpr_2026_04_p115_c003"": []}, ""candidate_source_facet"": {""rbi_mpr_2025_10_p009_c001"": [], ""rbi_mpr_2025_10_p009_c002"": [], ""rbi_mpr_2025_10_p009_c005"": [], ""rbi_mpr_2025_10_p010_c000"": [], ""rbi_mpr_2025_10_p010_c002"": [], ""rbi_mpr_2025_10_p010_c003"": [], ""rbi_mpr_2025_10_p010_c005"": [], ""rbi_mpr_2025_10_p011_c000"": [], ""rbi_mpr_2025_10_p011_c002"": [], ""rbi_mpr_2025_10_p012_c001"": [], ""rbi_mpr_2025_10_p013_c000"": [], ""rbi_mpr_2025_10_p013_c002"": [], ""rbi_mpr_2025_10_p013_c003"": [], ""rbi_mpr_2025_10_p013_c004"": [], ""rbi_mpr_2025_10_p014_c000"": [], ""rbi_mpr_2025_10_p014_c001"": [], ""rbi_mpr_2025_10_p014_c002"": [], ""rbi_mpr_2025_10_p015_c001"": [], ""rbi_mpr_2025_10_p015_c002"": [], ""rbi_mpr_2025_10_p023_c001"": [], ""rbi_mpr_2025_10_p024_c000"": [], ""rbi_mpr_2025_10_p024_c001"": [], ""rbi_mpr_2025_10_p024_c002"": [], ""rbi_mpr_2025_10_p024_c003"": [], ""rbi_mpr_2025_10_p025_c000"": [], ""rbi_mpr_2025_10_p025_c001"": [], ""rbi_mpr_2025_10_p025_c002"": [], ""rbi_mpr_2025_10_p025_c003"": [], ""rbi_mpr_2025_10_p026_c000"": [], ""rbi_mpr_2025_10_p026_c001"": [], ""rbi_mpr_2025_10_p026_c002"": [], ""rbi_mpr_2025_10_p026_c003"": [], ""rbi_mpr_2025_10_p027_c000"": [], ""rbi_mpr_2025_10_p027_c003"": [], ""rbi_mpr_2025_10_p028_c000"": [], ""rbi_mpr_2025_10_p028_c001"": [], ""rbi_mpr_2025_10_p028_c002"": [], ""rbi_mpr_2025_10_p029_c002"": [], ""rbi_mpr_2025_10_p030_c000"": [], ""rbi_mpr_2025_10_p031_c000"": [], ""rbi_mpr_2025_10_p031_c001"": [], ""rbi_mpr_2025_10_p032_c000"": [], ""rbi_mpr_2025_10_p032_c001"": [], ""rbi_mpr_2025_10_p032_c002"": [], ""rbi_mpr_2025_10_p033_c001"": [], ""rbi_mpr_2025_10_p033_c002"": [], ""rbi_mpr_2025_10_p034_c000"": [], ""rbi_mpr_2025_10_p034_c001"": [], ""rbi_mpr_2025_10_p034_c002"": [], ""rbi_mpr_2025_10_p035_c002"": [], ""rbi_mpr_2025_10_p035_c003"": [], ""rbi_mpr_2025_10_p036_c003"": [], ""rbi_mpr_2025_10_p037_c001"": [], ""rbi_mpr_2025_10_p037_c003"": [], ""rbi_mpr_2025_10_p038_c000"": [], ""rbi_mpr_2025_10_p040_c000"": [], ""rbi_mpr_2025_10_p041_c003"": [], ""rbi_mpr_2025_10_p041_c004"": [], ""rbi_mpr_2025_10_p042_c000"": [], ""rbi_mpr_2025_10_p046_c000"": [], ""rbi_mpr_2025_10_p062_c000"": [], ""rbi_mpr_2025_10_p063_c000"": [], ""rbi_mpr_2025_10_p064_c000"": [], ""rbi_mpr_2025_10_p064_c005"": [], ""rbi_mpr_2025_10_p066_c000"": [], ""rbi_mpr_2025_10_p068_c000"": [], ""rbi_mpr_2025_10_p071_c001"": [], ""rbi_mpr_2025_10_p074_c000"": [], ""rbi_mpr_2025_10_p079_c000"": [], ""rbi_mpr_2025_10_p084_c000"": [], ""rbi_mpr_2025_10_p087_c000"": [], ""rbi_mpr_2025_10_p095_c003"": [], ""rbi_mpr_2025_10_p096_c000"": [], ""rbi_mpr_2025_10_p096_c004"": [], ""rbi_mpr_2025_10_p097_c003"": [], ""rbi_mpr_2025_10_p097_c004"": [], ""rbi_mpr_2025_10_p099_c000"": [], ""rbi_mpr_2025_10_p099_c001"": [], ""rbi_mpr_2025_10_p099_c002"": [], ""rbi_mpr_2025_10_p101_c001"": [], ""rbi_mpr_2025_10_p101_c002"": [], ""rbi_mpr_2025_10_p102_c000"": [], ""rbi_mpr_2025_10_p103_c001"": [], ""rbi_mpr_2025_10_p103_c002"": [], ""rbi_mpr_2025_10_p105_c003"": [], ""rbi_mpr_2025_10_p110_c000"": [], ""rbi_mpr_2026_04_p005_c003"": [], ""rbi_mpr_2026_04_p007_c001"": [], ""rbi_mpr_2026_04_p014_c000"": [], ""rbi_mpr_2026_04_p014_c004"": [], ""rbi_mpr_2026_04_p019_c001"": [], ""rbi_mpr_2026_04_p020_c000"": [], ""rbi_mpr_2026_04_p020_c002"": [], ""rbi_mpr_2026_04_p021_c002"": [], ""rbi_mpr_2026_04_p023_c000"": [], ""rbi_mpr_2026_04_p024_c000"": [], ""rbi_mpr_2026_04_p026_c004"": [], ""rbi_mpr_2026_04_p030_c002"": [], ""rbi_mpr_2026_04_p037_c001"": [], ""rbi_mpr_2026_04_p046_c000"": [], ""rbi_mpr_2026_04_p053_c000"": [], ""rbi_mpr_2026_04_p054_c004"": [], ""rbi_mpr_2026_04_p055_c003"": [], ""rbi_mpr_2026_04_p056_c000"": [], ""rbi_mpr_2026_04_p057_c001"": [], ""rbi_mpr_2026_04_p057_c004"": [], ""rbi_mpr_2026_04_p061_c001"": [], ""rbi_mpr_2026_04_p069_c003"": [], ""rbi_mpr_2026_04_p079_c000"": [], ""rbi_mpr_2026_04_p079_c001"": [], ""rbi_mpr_2026_04_p080_c000"": [], ""rbi_mpr_2026_04_p081_c005"": [], ""rbi_mpr_2026_04_p081_c006"": [], ""rbi_mpr_2026_04_p082_c000"": [], ""rbi_mpr_2026_04_p082_c001"": [], ""rbi_mpr_2026_04_p082_c002"": [], ""rbi_mpr_2026_04_p082_c003"": [], ""rbi_mpr_2026_04_p083_c000"": [], ""rbi_mpr_2026_04_p083_c001"": [], ""rbi_mpr_2026_04_p083_c002"": [], ""rbi_mpr_2026_04_p083_c004"": [], ""rbi_mpr_2026_04_p084_c000"": [], ""rbi_mpr_2026_04_p084_c002"": [], ""rbi_mpr_2026_04_p085_c000"": [], ""rbi_mpr_2026_04_p085_c003"": [], ""rbi_mpr_2026_04_p085_c004"": [], ""rbi_mpr_2026_04_p086_c000"": [], ""rbi_mpr_2026_04_p086_c002"": [], ""rbi_mpr_2026_04_p087_c000"": [], ""rbi_mpr_2026_04_p087_c004"": [], ""rbi_mpr_2026_04_p089_c001"": [], ""rbi_mpr_2026_04_p090_c000"": [], ""rbi_mpr_2026_04_p091_c005"": [], ""rbi_mpr_2026_04_p092_c000"": [], ""rbi_mpr_2026_04_p092_c002"": [], ""rbi_mpr_2026_04_p093_c001"": [], ""rbi_mpr_2026_04_p094_c000"": [], ""rbi_mpr_2026_04_p094_c002"": [], ""rbi_mpr_2026_04_p094_c003"": [], ""rbi_mpr_2026_04_p094_c004"": [], ""rbi_mpr_2026_04_p095_c002"": [], ""rbi_mpr_2026_04_p095_c003"": [], ""rbi_mpr_2026_04_p095_c004"": [], ""rbi_mpr_2026_04_p098_c002"": [], ""rbi_mpr_2026_04_p099_c001"": [], ""rbi_mpr_2026_04_p099_c002"": [], ""rbi_mpr_2026_04_p100_c000"": [], ""rbi_mpr_2026_04_p100_c001"": [], ""rbi_mpr_2026_04_p101_c001"": [], ""rbi_mpr_2026_04_p101_c002"": [], ""rbi_mpr_2026_04_p102_c000"": [], ""rbi_mpr_2026_04_p102_c001"": [], ""rbi_mpr_2026_04_p102_c002"": [], ""rbi_mpr_2026_04_p102_c003"": [], ""rbi_mpr_2026_04_p102_c004"": [], ""rbi_mpr_2026_04_p103_c000"": [], ""rbi_mpr_2026_04_p103_c001"": [], ""rbi_mpr_2026_04_p103_c003"": [], ""rbi_mpr_2026_04_p105_c003"": [], ""rbi_mpr_2026_04_p106_c000"": [], ""rbi_mpr_2026_04_p106_c001"": [], ""rbi_mpr_2026_04_p107_c000"": [], ""rbi_mpr_2026_04_p107_c003"": [], ""rbi_mpr_2026_04_p108_c000"": [], ""rbi_mpr_2026_04_p108_c001"": [], ""rbi_mpr_2026_04_p108_c002"": [], ""rbi_mpr_2026_04_p109_c000"": [], ""rbi_mpr_2026_04_p109_c004"": [], ""rbi_mpr_2026_04_p113_c003"": [], ""rbi_mpr_2026_04_p115_c000"": [], ""rbi_mpr_2026_04_p115_c001"": [], ""rbi_mpr_2026_04_p115_c003"": []}, ""candidate_source_query"": {""rbi_mpr_2025_10_p009_c001"": [""Compare food-inflation language in October 2025 and April 2026.""], ""rbi_mpr_2025_10_p009_c002"": [""Compare food-inflation language in October 2025 and April 2026.""], ""rbi_mpr_2025_10_p009_c005"": [""Compare food-inflation language in October 2025 and April 2026.""], ""rbi_mpr_2025_10_p010_c000"": [""Compare food-inflation language in October 2025 and April 2026.""], ""rbi_mpr_2025_10_p010_c002"": [""Compare food-inflation language in October 2025 and April 2026.""], ""rbi_mpr_2025_10_p010_c003"": [""Compare food-inflation language in October 2025 and April 2026.""], ""rbi_mpr_2025_10_p010_c005"": [""Compare food-inflation language in October 2025 and April 2026.""], ""rbi_mpr_2025_10_p011_c000"": [""Compare food-inflation language in October 2025 and April 2026.""], ""rbi_mpr_2025_10_p011_c002"": [""Compare food-inflation language in October 2025 and April 2026.""], ""rbi_mpr_2025_10_p012_c001"": [""Compare food-inflation language in October 2025 and April 2026.""], ""rbi_mpr_2025_10_p013_c000"": [""Compare food-inflation language in October 2025 and April 2026.""], ""rbi_mpr_2025_10_p013_c002"": [""Compare food-inflation language in October 2025 and April 2026.""], ""rbi_mpr_2025_10_p013_c003"": [""Compare food-inflation language in October 2025 and April 2026.""], ""rbi_mpr_2025_10_p013_c004"": [""Compare food-inflation language in October 2025 and April 2026.""], ""rbi_mpr_2025_10_p014_c000"": [""Compare food-inflation language in October 2025 and April 2026.""], ""rbi_mpr_2025_10_p014_c001"": [""Compare food-inflation language in October 2025 and April 2026.""], ""rbi_mpr_2025_10_p014_c002"": [""Compare food-inflation language in October 2025 and April 2026.""], ""rbi_mpr_2025_10_p015_c001"": [""Compare food-inflation language in October 2025 and April 2026.""], ""rbi_mpr_2025_10_p015_c002"": [""Compare food-inflation language in October 2025 and April 2026.""], ""rbi_mpr_2025_10_p023_c001"": [""Compare food-inflation language in October 2025 and April 2026.""], ""rbi_mpr_2025_10_p024_c000"": [""Compare food-inflation language in October 2025 and April 2026.""], ""rbi_mpr_2025_10_p024_c001"": [""Compare food-inflation language in October 2025 and April 2026.""], ""rbi_mpr_2025_10_p024_c002"": [""Compare food-inflation language in October 2025 and April 2026.""], ""rbi_mpr_2025_10_p024_c003"": [""Compare food-inflation language in October 2025 and April 2026.""], ""rbi_mpr_2025_10_p025_c000"": [""Compare food-inflation language in October 2025 and April 2026.""], ""rbi_mpr_2025_10_p025_c001"": [""Compare food-inflation language in October 2025 and April 2026.""], ""rbi_mpr_2025_10_p025_c002"": [""Compare food-inflation language in October 2025 and April 2026.""], ""rbi_mpr_2025_10_p025_c003"": [""Compare food-inflation language in October 2025 and April 2026.""], ""rbi_mpr_2025_10_p026_c000"": [""Compare food-inflation language in October 2025 and April 2026.""], ""rbi_mpr_2025_10_p026_c001"": [""Compare food-inflation language in October 2025 and April 2026.""], ""rbi_mpr_2025_10_p026_c002"": [""Compare food-inflation language in October 2025 and April 2026.""], ""rbi_mpr_2025_10_p026_c003"": [""Compare food-inflation language in October 2025 and April 2026.""], ""rbi_mpr_2025_10_p027_c000"": [""Compare food-inflation language in October 2025 and April 2026.""], ""rbi_mpr_2025_10_p027_c003"": [""Compare food-inflation language in October 2025 and April 2026.""], ""rbi_mpr_2025_10_p028_c000"": [""Compare food-inflation language in October 2025 and April 2026.""], ""rbi_mpr_2025_10_p028_c001"": [""Compare food-inflation language in October 2025 and April 2026.""], ""rbi_mpr_2025_10_p028_c002"": [""Compare food-inflation language in October 2025 and April 2026.""], ""rbi_mpr_2025_10_p029_c002"": [""Compare food-inflation language in October 2025 and April 2026.""], ""rbi_mpr_2025_10_p030_c000"": [""Compare food-inflation language in October 2025 and April 2026.""], ""rbi_mpr_2025_10_p031_c000"": [""Compare food-inflation language in October 2025 and April 2026.""], ""rbi_mpr_2025_10_p031_c001"": [""Compare food-inflation language in October 2025 and April 2026.""], ""rbi_mpr_2025_10_p032_c000"": [""Compare food-inflation language in October 2025 and April 2026.""], ""rbi_mpr_2025_10_p032_c001"": [""Compare food-inflation language in October 2025 and April 2026.""], ""rbi_mpr_2025_10_p032_c002"": [""Compare food-inflation language in October 2025 and April 2026.""], ""rbi_mpr_2025_10_p033_c001"": [""Compare food-inflation language in October 2025 and April 2026.""], ""rbi_mpr_2025_10_p033_c002"": [""Compare food-inflation language in October 2025 and April 2026.""], ""rbi_mpr_2025_10_p034_c000"": [""Compare food-inflation language in October 2025 and April 2026.""], ""rbi_mpr_2025_10_p034_c001"": [""Compare food-inflation language in October 2025 and April 2026.""], ""rbi_mpr_2025_10_p034_c002"": [""Compare food-inflation language in October 2025 and April 2026.""], ""rbi_mpr_2025_10_p035_c002"": [""Compare food-inflation language in October 2025 and April 2026.""], ""rbi_mpr_2025_10_p035_c003"": [""Compare food-inflation language in October 2025 and April 2026.""], ""rbi_mpr_2025_10_p036_c003"": [""Compare food-inflation language in October 2025 and April 2026.""], ""rbi_mpr_2025_10_p037_c001"": [""Compare food-inflation language in October 2025 and April 2026.""], ""rbi_mpr_2025_10_p037_c003"": [""Compare food-inflation language in October 2025 and April 2026.""], ""rbi_mpr_2025_10_p038_c000"": [""Compare food-inflation language in October 2025 and April 2026.""], ""rbi_mpr_2025_10_p040_c000"": [""Compare food-inflation language in October 2025 and April 2026.""], ""rbi_mpr_2025_10_p041_c003"": [""Compare food-inflation language in October 2025 and April 2026.""], ""rbi_mpr_2025_10_p041_c004"": [""Compare food-inflation language in October 2025 and April 2026.""], ""rbi_mpr_2025_10_p042_c000"": [""Compare food-inflation language in October 2025 and April 2026.""], ""rbi_mpr_2025_10_p046_c000"": [""Compare food-inflation language in October 2025 and April 2026.""], ""rbi_mpr_2025_10_p062_c000"": [""Compare food-inflation language in October 2025 and April 2026.""], ""rbi_mpr_2025_10_p063_c000"": [""Compare food-inflation language in October 2025 and April 2026.""], ""rbi_mpr_2025_10_p064_c000"": [""Compare food-inflation language in October 2025 and April 2026.""], ""rbi_mpr_2025_10_p064_c005"": [""Compare food-inflation language in October 2025 and April 2026.""], ""rbi_mpr_2025_10_p066_c000"": [""Compare food-inflation language in October 2025 and April 2026.""], ""rbi_mpr_2025_10_p068_c000"": [""Compare food-inflation language in October 2025 and April 2026.""], ""rbi_mpr_2025_10_p071_c001"": [""Compare food-inflation language in October 2025 and April 2026.""], ""rbi_mpr_2025_10_p074_c000"": [""Compare food-inflation language in October 2025 and April 2026.""], ""rbi_mpr_2025_10_p079_c000"": [""Compare food-inflation language in October 2025 and April 2026.""], ""rbi_mpr_2025_10_p084_c000"": [""Compare food-inflation language in October 2025 and April 2026.""], ""rbi_mpr_2025_10_p087_c000"": [""Compare food-inflation language in October 2025 and April 2026.""], ""rbi_mpr_2025_10_p095_c003"": [""Compare food-inflation language in October 2025 and April 2026.""], ""rbi_mpr_2025_10_p096_c000"": [""Compare food-inflation language in October 2025 and April 2026.""], ""rbi_mpr_2025_10_p096_c004"": [""Compare food-inflation language in October 2025 and April 2026.""], ""rbi_mpr_2025_10_p097_c003"": [""Compare food-inflation language in October 2025 and April 2026.""], ""rbi_mpr_2025_10_p097_c004"": [""Compare food-inflation language in October 2025 and April 2026.""], ""rbi_mpr_2025_10_p099_c000"": [""Compare food-inflation language in October 2025 and April 2026.""], ""rbi_mpr_2025_10_p099_c001"": [""Compare food-inflation language in October 2025 and April 2026.""], ""rbi_mpr_2025_10_p099_c002"": [""Compare food-inflation language in October 2025 and April 2026.""], ""rbi_mpr_2025_10_p101_c001"": [""Compare food-inflation language in October 2025 and April 2026.""], ""rbi_mpr_2025_10_p101_c002"": [""Compare food-inflation language in October 2025 and April 2026.""], ""rbi_mpr_2025_10_p102_c000"": [""Compare food-inflation language in October 2025 and April 2026.""], ""rbi_mpr_2025_10_p103_c001"": [""Compare food-inflation language in October 2025 and April 2026.""], ""rbi_mpr_2025_10_p103_c002"": [""Compare food-inflation language in October 2025 and April 2026.""], ""rbi_mpr_2025_10_p105_c003"": [""Compare food-inflation language in October 2025 and April 2026.""], ""rbi_mpr_2025_10_p110_c000"": [""Compare food-inflation language in October 2025 and April 2026.""], ""rbi_mpr_2026_04_p005_c003"": [""Compare food-inflation language in October 2025 and April 2026.""], ""rbi_mpr_2026_04_p007_c001"": [""Compare food-inflation language in October 2025 and April 2026.""], ""rbi_mpr_2026_04_p014_c000"": [""Compare food-inflation language in October 2025 and April 2026.""], ""rbi_mpr_2026_04_p014_c004"": [""Compare food-inflation language in October 2025 and April 2026.""], ""rbi_mpr_2026_04_p019_c001"": [""Compare food-inflation language in October 2025 and April 2026.""], ""rbi_mpr_2026_04_p020_c000"": [""Compare food-inflation language in October 2025 and April 2026.""], ""rbi_mpr_2026_04_p020_c002"": [""Compare food-inflation language in October 2025 and April 2026.""], ""rbi_mpr_2026_04_p021_c002"": [""Compare food-inflation language in October 2025 and April 2026.""], ""rbi_mpr_2026_04_p023_c000"": [""Compare food-inflation language in October 2025 and April 2026.""], ""rbi_mpr_2026_04_p024_c000"": [""Compare food-inflation language in October 2025 and April 2026.""], ""rbi_mpr_2026_04_p026_c004"": [""Compare food-inflation language in October 2025 and April 2026.""], ""rbi_mpr_2026_04_p030_c002"": [""Compare food-inflation language in October 2025 and April 2026.""], ""rbi_mpr_2026_04_p037_c001"": [""Compare food-inflation language in October 2025 and April 2026.""], ""rbi_mpr_2026_04_p046_c000"": [""Compare food-inflation language in October 2025 and April 2026.""], ""rbi_mpr_2026_04_p053_c000"": [""Compare food-inflation language in October 2025 and April 2026.""], ""rbi_mpr_2026_04_p054_c004"": [""Compare food-inflation language in October 2025 and April 2026.""], ""rbi_mpr_2026_04_p055_c003"": [""Compare food-inflation language in October 2025 and April 2026.""], ""rbi_mpr_2026_04_p056_c000"": [""Compare food-inflation language in October 2025 and April 2026.""], ""rbi_mpr_2026_04_p057_c001"": [""Compare food-inflation language in October 2025 and April 2026.""], ""rbi_mpr_2026_04_p057_c004"": [""Compare food-inflation language in October 2025 and April 2026.""], ""rbi_mpr_2026_04_p061_c001"": [""Compare food-inflation language in October 2025 and April 2026.""], ""rbi_mpr_2026_04_p069_c003"": [""Compare food-inflation language in October 2025 and April 2026.""], ""rbi_mpr_2026_04_p079_c000"": [""Compare food-inflation language in October 2025 and April 2026.""], ""rbi_mpr_2026_04_p079_c001"": [""Compare food-inflation language in October 2025 and April 2026.""], ""rbi_mpr_2026_04_p080_c000"": [""Compare food-inflation language in October 2025 and April 2026.""], ""rbi_mpr_2026_04_p081_c005"": [""Compare food-inflation language in October 2025 and April 2026.""], ""rbi_mpr_2026_04_p081_c006"": [""Compare food-inflation language in October 2025 and April 2026.""], ""rbi_mpr_2026_04_p082_c000"": [""Compare food-inflation language in October 2025 and April 2026.""], ""rbi_mpr_2026_04_p082_c001"": [""Compare food-inflation language in October 2025 and April 2026.""], ""rbi_mpr_2026_04_p082_c002"": [""Compare food-inflation language in October 2025 and April 2026.""], ""rbi_mpr_2026_04_p082_c003"": [""Compare food-inflation language in October 2025 and April 2026.""], ""rbi_mpr_2026_04_p083_c000"": [""Compare food-inflation language in October 2025 and April 2026.""], ""rbi_mpr_2026_04_p083_c001"": [""Compare food-inflation language in October 2025 and April 2026.""], ""rbi_mpr_2026_04_p083_c002"": [""Compare food-inflation language in October 2025 and April 2026.""], ""rbi_mpr_2026_04_p083_c004"": [""Compare food-inflation language in October 2025 and April 2026.""], ""rbi_mpr_2026_04_p084_c000"": [""Compare food-inflation language in October 2025 and April 2026.""], ""rbi_mpr_2026_04_p084_c002"": [""Compare food-inflation language in October 2025 and April 2026.""], ""rbi_mpr_2026_04_p085_c000"": [""Compare food-inflation language in October 2025 and April 2026.""], ""rbi_mpr_2026_04_p085_c003"": [""Compare food-inflation language in October 2025 and April 2026.""], ""rbi_mpr_2026_04_p085_c004"": [""Compare food-inflation language in October 2025 and April 2026.""], ""rbi_mpr_2026_04_p086_c000"": [""Compare food-inflation language in October 2025 and April 2026.""], ""rbi_mpr_2026_04_p086_c002"": [""Compare food-inflation language in October 2025 and April 2026.""], ""rbi_mpr_2026_04_p087_c000"": [""Compare food-inflation language in October 2025 and April 2026.""], ""rbi_mpr_2026_04_p087_c004"": [""Compare food-inflation language in October 2025 and April 2026.""], ""rbi_mpr_2026_04_p089_c001"": [""Compare food-inflation language in October 2025 and April 2026.""], ""rbi_mpr_2026_04_p090_c000"": [""Compare food-inflation language in October 2025 and April 2026.""], ""rbi_mpr_2026_04_p091_c005"": [""Compare food-inflation language in October 2025 and April 2026.""], ""rbi_mpr_2026_04_p092_c000"": [""Compare food-inflation language in October 2025 and April 2026.""], ""rbi_mpr_2026_04_p092_c002"": [""Compare food-inflation language in October 2025 and April 2026.""], ""rbi_mpr_2026_04_p093_c001"": [""Compare food-inflation language in October 2025 and April 2026.""], ""rbi_mpr_2026_04_p094_c000"": [""Compare food-inflation language in October 2025 and April 2026.""], ""rbi_mpr_2026_04_p094_c002"": [""Compare food-inflation language in October 2025 and April 2026.""], ""rbi_mpr_2026_04_p094_c003"": [""Compare food-inflation language in October 2025 and April 2026.""], ""rbi_mpr_2026_04_p094_c004"": [""Compare food-inflation language in October 2025 and April 2026.""], ""rbi_mpr_2026_04_p095_c002"": [""Compare food-inflation language in October 2025 and April 2026.""], ""rbi_mpr_2026_04_p095_c003"": [""Compare food-inflation language in October 2025 and April 2026.""], ""rbi_mpr_2026_04_p095_c004"": [""Compare food-inflation language in October 2025 and April 2026.""], ""rbi_mpr_2026_04_p098_c002"": [""Compare food-inflation language in October 2025 and April 2026.""], ""rbi_mpr_2026_04_p099_c001"": [""Compare food-inflation language in October 2025 and April 2026.""], ""rbi_mpr_2026_04_p099_c002"": [""Compare food-inflation language in October 2025 and April 2026.""], ""rbi_mpr_2026_04_p100_c000"": [""Compare food-inflation language in October 2025 and April 2026.""], ""rbi_mpr_2026_04_p100_c001"": [""Compare food-inflation language in October 2025 and April 2026.""], ""rbi_mpr_2026_04_p101_c001"": [""Compare food-inflation language in October 2025 and April 2026.""], ""rbi_mpr_2026_04_p101_c002"": [""Compare food-inflation language in October 2025 and April 2026.""], ""rbi_mpr_2026_04_p102_c000"": [""Compare food-inflation language in October 2025 and April 2026.""], ""rbi_mpr_2026_04_p102_c001"": [""Compare food-inflation language in October 2025 and April 2026.""], ""rbi_mpr_2026_04_p102_c002"": [""Compare food-inflation language in October 2025 and April 2026.""], ""rbi_mpr_2026_04_p102_c003"": [""Compare food-inflation language in October 2025 and April 2026.""], ""rbi_mpr_2026_04_p102_c004"": [""Compare food-inflation language in October 2025 and April 2026.""], ""rbi_mpr_2026_04_p103_c000"": [""Compare food-inflation language in October 2025 and April 2026.""], ""rbi_mpr_2026_04_p103_c001"": [""Compare food-inflation language in October 2025 and April 2026.""], ""rbi_mpr_2026_04_p103_c003"": [""Compare food-inflation language in October 2025 and April 2026.""], ""rbi_mpr_2026_04_p105_c003"": [""Compare food-inflation language in October 2025 and April 2026.""], ""rbi_mpr_2026_04_p106_c000"": [""Compare food-inflation language in October 2025 and April 2026.""], ""rbi_mpr_2026_04_p106_c001"": [""Compare food-inflation language in October 2025 and April 2026.""], ""rbi_mpr_2026_04_p107_c000"": [""Compare food-inflation language in October 2025 and April 2026.""], ""rbi_mpr_2026_04_p107_c003"": [""Compare food-inflation language in October 2025 and April 2026.""], ""rbi_mpr_2026_04_p108_c000"": [""Compare food-inflation language in October 2025 and April 2026.""], ""rbi_mpr_2026_04_p108_c001"": [""Compare food-inflation language in October 2025 and April 2026.""], ""rbi_mpr_2026_04_p108_c002"": [""Compare food-inflation language in October 2025 and April 2026.""], ""rbi_mpr_2026_04_p109_c000"": [""Compare food-inflation language in October 2025 and April 2026.""], ""rbi_mpr_2026_04_p109_c004"": [""Compare food-inflation language in October 2025 and April 2026.""], ""rbi_mpr_2026_04_p113_c003"": [""Compare food-inflation language in October 2025 and April 2026.""], ""rbi_mpr_2026_04_p115_c000"": [""Compare food-inflation language in October 2025 and April 2026.""], ""rbi_mpr_2026_04_p115_c001"": [""Compare food-inflation language in October 2025 and April 2026.""], ""rbi_mpr_2026_04_p115_c003"": [""Compare food-inflation language in October 2025 and April 2026.""]}, ""candidate_source_retriever"": {""rbi_mpr_2025_10_p009_c001"": [""bm25""], ""rbi_mpr_2025_10_p009_c002"": [""bm25""], ""rbi_mpr_2025_10_p009_c005"": [""bm25""], ""rbi_mpr_2025_10_p010_c000"": [""bm25"", ""dense""], ""rbi_mpr_2025_10_p010_c002"": [""bm25""], ""rbi_mpr_2025_10_p010_c003"": [""dense""], ""rbi_mpr_2025_10_p010_c005"": [""bm25""], ""rbi_mpr_2025_10_p011_c000"": [""dense""], ""rbi_mpr_2025_10_p011_c002"": [""dense""], ""rbi_mpr_2025_10_p012_c001"": [""bm25""], ""rbi_mpr_2025_10_p013_c000"": [""bm25""], ""rbi_mpr_2025_10_p013_c002"": [""bm25""], ""rbi_mpr_2025_10_p013_c003"": [""bm25""], ""rbi_mpr_2025_10_p013_c004"": [""bm25"", ""dense""], ""rbi_mpr_2025_10_p014_c000"": [""dense""], ""rbi_mpr_2025_10_p014_c001"": [""dense""], ""rbi_mpr_2025_10_p014_c002"": [""dense""], ""rbi_mpr_2025_10_p015_c001"": [""dense""], ""rbi_mpr_2025_10_p015_c002"": [""dense""], ""rbi_mpr_2025_10_p023_c001"": [""dense""], ""rbi_mpr_2025_10_p024_c000"": [""bm25"", ""dense""], ""rbi_mpr_2025_10_p024_c001"": [""bm25"", ""dense""], ""rbi_mpr_2025_10_p024_c002"": [""dense""], ""rbi_mpr_2025_10_p024_c003"": [""bm25"", ""dense""], ""rbi_mpr_2025_10_p025_c000"": [""bm25"", ""dense""], ""rbi_mpr_2025_10_p025_c001"": [""dense""], ""rbi_mpr_2025_10_p025_c002"": [""dense""], ""rbi_mpr_2025_10_p025_c003"": [""bm25"", ""dense""], ""rbi_mpr_2025_10_p026_c000"": [""dense""], ""rbi_mpr_2025_10_p026_c001"": [""dense""], ""rbi_mpr_2025_10_p026_c002"": [""dense""], ""rbi_mpr_2025_10_p026_c003"": [""dense""], ""rbi_mpr_2025_10_p027_c000"": [""dense""], ""rbi_mpr_2025_10_p027_c003"": [""dense""], ""rbi_mpr_2025_10_p028_c000"": [""bm25""], ""rbi_mpr_2025_10_p028_c001"": [""dense""], ""rbi_mpr_2025_10_p028_c002"": [""dense""], ""rbi_mpr_2025_10_p029_c002"": [""dense""], ""rbi_mpr_2025_10_p030_c000"": [""bm25"", ""dense""], ""rbi_mpr_2025_10_p031_c000"": [""dense""], ""rbi_mpr_2025_10_p031_c001"": [""dense""], ""rbi_mpr_2025_10_p032_c000"": [""bm25"", ""dense""], ""rbi_mpr_2025_10_p032_c001"": [""dense""], ""rbi_mpr_2025_10_p032_c002"": [""dense""], ""rbi_mpr_2025_10_p033_c001"": [""dense""], ""rbi_mpr_2025_10_p033_c002"": [""dense""], ""rbi_mpr_2025_10_p034_c000"": [""bm25"", ""dense""], ""rbi_mpr_2025_10_p034_c001"": [""dense""], ""rbi_mpr_2025_10_p034_c002"": [""dense""], ""rbi_mpr_2025_10_p035_c002"": [""dense""], ""rbi_mpr_2025_10_p035_c003"": [""dense""], ""rbi_mpr_2025_10_p036_c003"": [""bm25"", ""dense""], ""rbi_mpr_2025_10_p037_c001"": [""bm25""], ""rbi_mpr_2025_10_p037_c003"": [""dense""], ""rbi_mpr_2025_10_p038_c000"": [""bm25""], ""rbi_mpr_2025_10_p040_c000"": [""bm25"", ""dense""], ""rbi_mpr_2025_10_p041_c003"": [""dense""], ""rbi_mpr_2025_10_p041_c004"": [""dense""], ""rbi_mpr_2025_10_p042_c000"": [""bm25""], ""rbi_mpr_2025_10_p046_c000"": [""bm25""], ""rbi_mpr_2025_10_p062_c000"": [""bm25""], ""rbi_mpr_2025_10_p063_c000"": [""bm25""], ""rbi_mpr_2025_10_p064_c000"": [""bm25""], ""rbi_mpr_2025_10_p064_c005"": [""bm25""], ""rbi_mpr_2025_10_p066_c000"": [""bm25""], ""rbi_mpr_2025_10_p068_c000"": [""bm25""], ""rbi_mpr_2025_10_p071_c001"": [""bm25""], ""rbi_mpr_2025_10_p074_c000"": [""bm25""], ""rbi_mpr_2025_10_p079_c000"": [""bm25""], ""rbi_mpr_2025_10_p084_c000"": [""bm25""], ""rbi_mpr_2025_10_p087_c000"": [""bm25""], ""rbi_mpr_2025_10_p095_c003"": [""bm25""], ""rbi_mpr_2025_10_p096_c000"": [""bm25""], ""rbi_mpr_2025_10_p096_c004"": [""bm25"", ""dense""], ""rbi_mpr_2025_10_p097_c003"": [""bm25""], ""rbi_mpr_2025_10_p097_c004"": [""bm25""], ""rbi_mpr_2025_10_p099_c000"": [""bm25""], ""rbi_mpr_2025_10_p099_c001"": [""bm25""], ""rbi_mpr_2025_10_p099_c002"": [""bm25""], ""rbi_mpr_2025_10_p101_c001"": [""dense""], ""rbi_mpr_2025_10_p101_c002"": [""dense""], ""rbi_mpr_2025_10_p102_c000"": [""bm25"", ""dense""], ""rbi_mpr_2025_10_p103_c001"": [""bm25""], ""rbi_mpr_2025_10_p103_c002"": [""bm25""], ""rbi_mpr_2025_10_p105_c003"": [""bm25""], ""rbi_mpr_2025_10_p110_c000"": [""bm25""], ""rbi_mpr_2026_04_p005_c003"": [""bm25"", ""dense""], ""rbi_mpr_2026_04_p007_c001"": [""bm25""], ""rbi_mpr_2026_04_p014_c000"": [""bm25""], ""rbi_mpr_2026_04_p014_c004"": [""bm25""], ""rbi_mpr_2026_04_p019_c001"": [""dense""], ""rbi_mpr_2026_04_p020_c000"": [""bm25""], ""rbi_mpr_2026_04_p020_c002"": [""bm25""], ""rbi_mpr_2026_04_p021_c002"": [""bm25""], ""rbi_mpr_2026_04_p023_c000"": [""bm25""], ""rbi_mpr_2026_04_p024_c000"": [""bm25""], ""rbi_mpr_2026_04_p026_c004"": [""bm25""], ""rbi_mpr_2026_04_p030_c002"": [""bm25""], ""rbi_mpr_2026_04_p037_c001"": [""bm25""], ""rbi_mpr_2026_04_p046_c000"": [""bm25""], ""rbi_mpr_2026_04_p053_c000"": [""bm25""], ""rbi_mpr_2026_04_p054_c004"": [""bm25""], ""rbi_mpr_2026_04_p055_c003"": [""bm25""], ""rbi_mpr_2026_04_p056_c000"": [""bm25""], ""rbi_mpr_2026_04_p057_c001"": [""bm25""], ""rbi_mpr_2026_04_p057_c004"": [""bm25""], ""rbi_mpr_2026_04_p061_c001"": [""bm25""], ""rbi_mpr_2026_04_p069_c003"": [""bm25""], ""rbi_mpr_2026_04_p079_c000"": [""bm25"", ""dense""], ""rbi_mpr_2026_04_p079_c001"": [""bm25"", ""dense""], ""rbi_mpr_2026_04_p080_c000"": [""bm25"", ""dense""], ""rbi_mpr_2026_04_p081_c005"": [""bm25"", ""dense""], ""rbi_mpr_2026_04_p081_c006"": [""bm25"", ""dense""], ""rbi_mpr_2026_04_p082_c000"": [""bm25"", ""dense""], ""rbi_mpr_2026_04_p082_c001"": [""dense""], ""rbi_mpr_2026_04_p082_c002"": [""dense""], ""rbi_mpr_2026_04_p082_c003"": [""dense""], ""rbi_mpr_2026_04_p083_c000"": [""dense""], ""rbi_mpr_2026_04_p083_c001"": [""dense""], ""rbi_mpr_2026_04_p083_c002"": [""dense""], ""rbi_mpr_2026_04_p083_c004"": [""dense""], ""rbi_mpr_2026_04_p084_c000"": [""bm25"", ""dense""], ""rbi_mpr_2026_04_p084_c002"": [""dense""], ""rbi_mpr_2026_04_p085_c000"": [""bm25"", ""dense""], ""rbi_mpr_2026_04_p085_c003"": [""bm25""], ""rbi_mpr_2026_04_p085_c004"": [""bm25""], ""rbi_mpr_2026_04_p086_c000"": [""bm25""], ""rbi_mpr_2026_04_p086_c002"": [""dense""], ""rbi_mpr_2026_04_p087_c000"": [""bm25"", ""dense""], ""rbi_mpr_2026_04_p087_c004"": [""dense""], ""rbi_mpr_2026_04_p089_c001"": [""dense""], ""rbi_mpr_2026_04_p090_c000"": [""bm25""], ""rbi_mpr_2026_04_p091_c005"": [""dense""], ""rbi_mpr_2026_04_p092_c000"": [""bm25""], ""rbi_mpr_2026_04_p092_c002"": [""bm25"", ""dense""], ""rbi_mpr_2026_04_p093_c001"": [""dense""], ""rbi_mpr_2026_04_p094_c000"": [""bm25"", ""dense""], ""rbi_mpr_2026_04_p094_c002"": [""dense""], ""rbi_mpr_2026_04_p094_c003"": [""dense""], ""rbi_mpr_2026_04_p094_c004"": [""bm25"", ""dense""], ""rbi_mpr_2026_04_p095_c002"": [""dense""], ""rbi_mpr_2026_04_p095_c003"": [""dense""], ""rbi_mpr_2026_04_p095_c004"": [""dense""], ""rbi_mpr_2026_04_p098_c002"": [""bm25""], ""rbi_mpr_2026_04_p099_c001"": [""dense""], ""rbi_mpr_2026_04_p099_c002"": [""bm25""], ""rbi_mpr_2026_04_p100_c000"": [""bm25""], ""rbi_mpr_2026_04_p100_c001"": [""bm25""], ""rbi_mpr_2026_04_p101_c001"": [""dense""], ""rbi_mpr_2026_04_p101_c002"": [""dense""], ""rbi_mpr_2026_04_p102_c000"": [""bm25""], ""rbi_mpr_2026_04_p102_c001"": [""dense""], ""rbi_mpr_2026_04_p102_c002"": [""dense""], ""rbi_mpr_2026_04_p102_c003"": [""dense""], ""rbi_mpr_2026_04_p102_c004"": [""dense""], ""rbi_mpr_2026_04_p103_c000"": [""bm25"", ""dense""], ""rbi_mpr_2026_04_p103_c001"": [""bm25""], ""rbi_mpr_2026_04_p103_c003"": [""bm25""], ""rbi_mpr_2026_04_p105_c003"": [""bm25""], ""rbi_mpr_2026_04_p106_c000"": [""bm25""], ""rbi_mpr_2026_04_p106_c001"": [""bm25""], ""rbi_mpr_2026_04_p107_c000"": [""dense""], ""rbi_mpr_2026_04_p107_c003"": [""dense""], ""rbi_mpr_2026_04_p108_c000"": [""dense""], ""rbi_mpr_2026_04_p108_c001"": [""dense""], ""rbi_mpr_2026_04_p108_c002"": [""dense""], ""rbi_mpr_2026_04_p109_c000"": [""dense""], ""rbi_mpr_2026_04_p109_c004"": [""dense""], ""rbi_mpr_2026_04_p113_c003"": [""bm25""], ""rbi_mpr_2026_04_p115_c000"": [""dense""], ""rbi_mpr_2026_04_p115_c001"": [""dense""], ""rbi_mpr_2026_04_p115_c003"": [""dense""]}, ""candidate_union_ids"": [""rbi_mpr_2025_10_p025_c001"", ""rbi_mpr_2025_10_p026_c000"", ""rbi_mpr_2025_10_p014_c000"", ""rbi_mpr_2025_10_p010_c000"", ""rbi_mpr_2025_10_p025_c000"", ""rbi_mpr_2025_10_p032_c000"", ""rbi_mpr_2025_10_p034_c000"", ""rbi_mpr_2025_10_p025_c002"", ""rbi_mpr_2025_10_p041_c003"", ""rbi_mpr_2025_10_p015_c001"", ""rbi_mpr_2025_10_p034_c001"", ""rbi_mpr_2025_10_p032_c002"", ""rbi_mpr_2025_10_p011_c000"", ""rbi_mpr_2025_10_p024_c003"", ""rbi_mpr_2025_10_p035_c002"", ""rbi_mpr_2025_10_p024_c002"", ""rbi_mpr_2025_10_p102_c000"", ""rbi_mpr_2025_10_p026_c002"", ""rbi_mpr_2025_10_p029_c002"", ""rbi_mpr_2025_10_p010_c003"", ""rbi_mpr_2025_10_p036_c003"", ""rbi_mpr_2025_10_p024_c000"", ""rbi_mpr_2025_10_p023_c001"", ""rbi_mpr_2025_10_p015_c002"", ""rbi_mpr_2025_10_p041_c004"", ""rbi_mpr_2025_10_p031_c001"", ""rbi_mpr_2025_10_p035_c003"", ""rbi_mpr_2025_10_p034_c002"", ""rbi_mpr_2025_10_p033_c002"", ""rbi_mpr_2025_10_p028_c001"", ""rbi_mpr_2025_10_p027_c003"", ""rbi_mpr_2025_10_p101_c001"", ""rbi_mpr_2025_10_p024_c001"", ""rbi_mpr_2025_10_p096_c004"", ""rbi_mpr_2025_10_p014_c001"", ""rbi_mpr_2025_10_p013_c004"", ""rbi_mpr_2025_10_p026_c001"", ""rbi_mpr_2025_10_p026_c003"", ""rbi_mpr_2025_10_p101_c002"", ""rbi_mpr_2025_10_p032_c001"", ""rbi_mpr_2025_10_p028_c002"", ""rbi_mpr_2025_10_p031_c000"", ""rbi_mpr_2025_10_p040_c000"", ""rbi_mpr_2025_10_p011_c002"", ""rbi_mpr_2025_10_p025_c003"", ""rbi_mpr_2025_10_p027_c000"", ""rbi_mpr_2025_10_p030_c000"", ""rbi_mpr_2025_10_p037_c003"", ""rbi_mpr_2025_10_p014_c002"", ""rbi_mpr_2025_10_p033_c001"", ""rbi_mpr_2025_10_p013_c003"", ""rbi_mpr_2025_10_p074_c000"", ""rbi_mpr_2025_10_p013_c002"", ""rbi_mpr_2025_10_p012_c001"", ""rbi_mpr_2025_10_p066_c000"", ""rbi_mpr_2025_10_p097_c004"", ""rbi_mpr_2025_10_p068_c000"", ""rbi_mpr_2025_10_p010_c005"", ""rbi_mpr_2025_10_p013_c000"", ""rbi_mpr_2025_10_p097_c003"", ""rbi_mpr_2025_10_p009_c005"", ""rbi_mpr_2025_10_p095_c003"", ""rbi_mpr_2025_10_p105_c003"", ""rbi_mpr_2025_10_p009_c002"", ""rbi_mpr_2025_10_p099_c000"", ""rbi_mpr_2025_10_p062_c000"", ""rbi_mpr_2025_10_p010_c002"", ""rbi_mpr_2025_10_p064_c000"", ""rbi_mpr_2025_10_p037_c001"", ""rbi_mpr_2025_10_p099_c002"", ""rbi_mpr_2025_10_p103_c001"", ""rbi_mpr_2025_10_p009_c001"", ""rbi_mpr_2025_10_p099_c001"", ""rbi_mpr_2025_10_p042_c000"", ""rbi_mpr_2025_10_p096_c000"", ""rbi_mpr_2025_10_p046_c000"", ""rbi_mpr_2025_10_p079_c000"", ""rbi_mpr_2025_10_p064_c005"", ""rbi_mpr_2025_10_p110_c000"", ""rbi_mpr_2025_10_p038_c000"", ""rbi_mpr_2025_10_p084_c000"", ""rbi_mpr_2025_10_p063_c000"", ""rbi_mpr_2025_10_p087_c000"", ""rbi_mpr_2025_10_p028_c000"", ""rbi_mpr_2025_10_p071_c001"", ""rbi_mpr_2025_10_p103_c002""], ""candidate_union_pages"": [25, 26, 14, 10, 25, 32, 34, 25, 41, 15, 34, 32, 11, 24, 35, 24, 102, 26, 29, 10, 36, 24, 23, 15, 41, 31, 35, 34, 33, 28, 27, 101, 24, 96, 14, 13, 26, 26, 101, 32, 28, 31, 40, 11, 25, 27, 30, 37, 14, 33, 13, 74, 13, 12, 66, 97, 68, 10, 13, 97, 9, 95, 105, 9, 99, 62, 10, 64, 37, 99, 103, 9, 99, 42, 96, 46, 79, 64, 110, 38, 84, 63, 87, 28, 71, 103], ""dense_candidate_ids"": [""rbi_mpr_2025_10_p025_c001"", ""rbi_mpr_2025_10_p026_c000"", ""rbi_mpr_2025_10_p014_c000"", ""rbi_mpr_2025_10_p010_c000"", ""rbi_mpr_2025_10_p025_c000"", ""rbi_mpr_2025_10_p032_c000"", ""rbi_mpr_2025_10_p034_c000"", ""rbi_mpr_2025_10_p025_c002"", ""rbi_mpr_2025_10_p041_c003"", ""rbi_mpr_2025_10_p015_c001"", ""rbi_mpr_2025_10_p034_c001"", ""rbi_mpr_2025_10_p032_c002"", ""rbi_mpr_2025_10_p011_c000"", ""rbi_mpr_2025_10_p024_c003"", ""rbi_mpr_2025_10_p035_c002"", ""rbi_mpr_2025_10_p024_c002"", ""rbi_mpr_2025_10_p102_c000"", ""rbi_mpr_2025_10_p026_c002"", ""rbi_mpr_2025_10_p029_c002"", ""rbi_mpr_2025_10_p010_c003"", ""rbi_mpr_2025_10_p036_c003"", ""rbi_mpr_2025_10_p024_c000"", ""rbi_mpr_2025_10_p023_c001"", ""rbi_mpr_2025_10_p015_c002"", ""rbi_mpr_2025_10_p041_c004"", ""rbi_mpr_2025_10_p031_c001"", ""rbi_mpr_2025_10_p035_c003"", ""rbi_mpr_2025_10_p034_c002"", ""rbi_mpr_2025_10_p033_c002"", ""rbi_mpr_2025_10_p028_c001"", ""rbi_mpr_2025_10_p027_c003"", ""rbi_mpr_2025_10_p101_c001"", ""rbi_mpr_2025_10_p024_c001"", ""rbi_mpr_2025_10_p096_c004"", ""rbi_mpr_2025_10_p014_c001"", ""rbi_mpr_2025_10_p013_c004"", ""rbi_mpr_2025_10_p026_c001"", ""rbi_mpr_2025_10_p026_c003"", ""rbi_mpr_2025_10_p101_c002"", ""rbi_mpr_2025_10_p032_c001"", ""rbi_mpr_2025_10_p028_c002"", ""rbi_mpr_2025_10_p031_c000"", ""rbi_mpr_2025_10_p040_c000"", ""rbi_mpr_2025_10_p011_c002"", ""rbi_mpr_2025_10_p025_c003"", ""rbi_mpr_2025_10_p027_c000"", ""rbi_mpr_2025_10_p030_c000"", ""rbi_mpr_2025_10_p037_c003"", ""rbi_mpr_2025_10_p014_c002"", ""rbi_mpr_2025_10_p033_c001""], ""dense_candidate_pages"": [25, 26, 14, 10, 25, 32, 34, 25, 41, 15, 34, 32, 11, 24, 35, 24, 102, 26, 29, 10, 36, 24, 23, 15, 41, 31, 35, 34, 33, 28, 27, 101, 24, 96, 14, 13, 26, 26, 101, 32, 28, 31, 40, 11, 25, 27, 30, 37, 14, 33], ""dense_candidate_scores"": [0.48630156629467036, 0.4326197575490722, 0.4256464350223993, 0.42516511801240486, 0.42138037316297516, 0.42131500340093475, 0.41851008848568616, 0.4038376325541342, 0.40260517440997867, 0.3707975800415346, 0.36490144666910307, 0.35679032782003006, 0.35499853884928634, 0.35031265223184516, 0.3487343370488092, 0.34507948878649, 0.34423596176039295, 0.34275121258105123, 0.3378880141719247, 0.33309263004205214, 0.33224025217776787, 0.3313909088865763, 0.32901378448371343, 0.32579051995014574, 0.3244132873813552, 0.32185261345322735, 0.3216887886530655, 0.321118036030531, 0.3146312567230678, 0.31290681841624457, 0.3083990443806104, 0.3075502911452981, 0.3009779958822063, 0.28463327944228756, 0.2845096205887565, 0.2781483967430073, 0.2765244786698826, 0.273512243406809, 0.27086154381026184, 0.2651626155420128, 0.26460290539378806, 0.26120721810296244, 0.2605230061642365, 0.2597976589013641, 0.25610719655205316, 0.25256441675992447, 0.2522520243187617, 0.25210754492206633, 0.2495183797243451, 0.24883290338016395], ""dense_first_evidence_rank"": 4, ""evidence_rank_after_reranking"": 3, ""evidence_rank_before_reranking"": 1, ""expected_evidence"": [""food inflation turned negative in June and July 2025""], ""loss_stage"": ""evidence_found"", ""report_id"": ""rbi_mpr_2025_10"", ""reranker_input_ids"": [""rbi_mpr_2025_10_p010_c000"", ""rbi_mpr_2025_10_p032_c000"", ""rbi_mpr_2025_10_p102_c000"", ""rbi_mpr_2025_10_p013_c004"", ""rbi_mpr_2025_10_p096_c004"", ""rbi_mpr_2025_10_p024_c000"", ""rbi_mpr_2025_10_p025_c000"", ""rbi_mpr_2025_10_p034_c000"", ""rbi_mpr_2025_10_p024_c003"", ""rbi_mpr_2025_10_p036_c003"", ""rbi_mpr_2025_10_p040_c000"", ""rbi_mpr_2025_10_p024_c001"", ""rbi_mpr_2025_10_p030_c000"", ""rbi_mpr_2025_10_p025_c003"", ""rbi_mpr_2025_10_p025_c001"", ""rbi_mpr_2025_10_p026_c000"", ""rbi_mpr_2025_10_p014_c000"", ""rbi_mpr_2025_10_p013_c003"", ""rbi_mpr_2025_10_p074_c000"", ""rbi_mpr_2025_10_p013_c002"", ""rbi_mpr_2025_10_p012_c001"", ""rbi_mpr_2025_10_p025_c002"", ""rbi_mpr_2025_10_p066_c000"", ""rbi_mpr_2025_10_p041_c003"", ""rbi_mpr_2025_10_p015_c001"", ""rbi_mpr_2025_10_p034_c001"", ""rbi_mpr_2025_10_p097_c004"", ""rbi_mpr_2025_10_p032_c002"", ""rbi_mpr_2025_10_p068_c000"", ""rbi_mpr_2025_10_p011_c000""], ""reranker_input_pages"": [10, 32, 102, 13, 96, 24, 25, 34, 24, 36, 40, 24, 30, 25, 25, 26, 14, 13, 74, 13, 12, 25, 66, 41, 15, 34, 97, 32, 68, 11], ""reranker_input_ranks"": [1, 2, 3, 4, 5, 6, 7, 8, 9, 10, 11, 12, 13, 14, 15, 16, 17, 18, 19, 20, 21, 22, 23, 24, 25, 26, 27, 28, 29, 30], ""reranker_output_ids"": [""rbi_mpr_2025_10_p032_c000"", ""rbi_mpr_2025_10_p036_c003"", ""rbi_mpr_2025_10_p010_c000"", ""rbi_mpr_2025_10_p025_c001"", ""rbi_mpr_2025_10_p025_c000"", ""rbi_mpr_2025_10_p030_c000"", ""rbi_mpr_2025_10_p102_c000"", ""rbi_mpr_2025_10_p026_c000"", ""rbi_mpr_2025_10_p024_c000"", ""rbi_mpr_2025_10_p040_c000"", ""rbi_mpr_2025_10_p024_c001"", ""rbi_mpr_2025_10_p014_c000"", ""rbi_mpr_2025_10_p024_c003"", ""rbi_mpr_2025_10_p011_c000"", ""rbi_mpr_2025_10_p015_c001"", ""rbi_mpr_2025_10_p034_c000"", ""rbi_mpr_2025_10_p034_c001"", ""rbi_mpr_2025_10_p041_c003"", ""rbi_mpr_2025_10_p066_c000"", ""rbi_mpr_2025_10_p068_c000"", ""rbi_mpr_2025_10_p013_c004"", ""rbi_mpr_2025_10_p032_c002"", ""rbi_mpr_2025_10_p012_c001"", ""rbi_mpr_2025_10_p074_c000"", ""rbi_mpr_2025_10_p025_c002"", ""rbi_mpr_2025_10_p097_c004"", ""rbi_mpr_2025_10_p025_c003"", ""rbi_mpr_2025_10_p096_c004"", ""rbi_mpr_2025_10_p013_c003"", ""rbi_mpr_2025_10_p013_c002""], ""reranker_output_pages"": [32, 36, 10, 25, 25, 30, 102, 26, 24, 40, 24, 14, 24, 11, 15, 34, 34, 41, 66, 68, 13, 32, 12, 74, 25, 97, 25, 96, 13, 13], ""reranker_scores"": [5.960926532745361, 5.68318510055542, 4.996499538421631, 4.7422332763671875, 3.8837804794311523, 3.8609046936035156, 3.811030149459839, 3.622892141342163, 2.987382650375366, 2.7128143310546875, 2.274801015853882, 2.1267690658569336, 2.019253730773926, 1.934635043144226, 1.6813645362854004, 1.445809006690979, 1.309445858001709, 1.3094085454940796, 0.700118899345398, -0.4212566614151001, -0.49284628033638, -0.5598557591438293, -0.605715274810791, -0.6333273649215698, -0.8978947997093201, -1.0156097412109375, -1.0730233192443848, -1.2668840885162354, -2.900506019592285, -4.418665409088135], ""rrf_candidate_ids"": [""rbi_mpr_2025_10_p010_c000"", ""rbi_mpr_2025_10_p032_c000"", ""rbi_mpr_2025_10_p102_c000"", ""rbi_mpr_2025_10_p013_c004"", ""rbi_mpr_2025_10_p096_c004"", ""rbi_mpr_2025_10_p024_c000"", ""rbi_mpr_2025_10_p025_c000"", ""rbi_mpr_2025_10_p034_c000"", ""rbi_mpr_2025_10_p024_c003"", ""rbi_mpr_2025_10_p036_c003"", ""rbi_mpr_2025_10_p040_c000"", ""rbi_mpr_2025_10_p024_c001"", ""rbi_mpr_2025_10_p030_c000"", ""rbi_mpr_2025_10_p025_c003"", ""rbi_mpr_2025_10_p025_c001"", ""rbi_mpr_2025_10_p026_c000"", ""rbi_mpr_2025_10_p014_c000"", ""rbi_mpr_2025_10_p013_c003"", ""rbi_mpr_2025_10_p074_c000"", ""rbi_mpr_2025_10_p013_c002"", ""rbi_mpr_2025_10_p012_c001"", ""rbi_mpr_2025_10_p025_c002"", ""rbi_mpr_2025_10_p066_c000"", ""rbi_mpr_2025_10_p041_c003"", ""rbi_mpr_2025_10_p015_c001"", ""rbi_mpr_2025_10_p034_c001"", ""rbi_mpr_2025_10_p097_c004"", ""rbi_mpr_2025_10_p032_c002"", ""rbi_mpr_2025_10_p068_c000"", ""rbi_mpr_2025_10_p011_c000""], ""rrf_candidate_pages"": [10, 32, 102, 13, 96, 24, 25, 34, 24, 36, 40, 24, 30, 25, 25, 26, 14, 13, 74, 13, 12, 25, 66, 41, 15, 34, 97, 32, 68, 11], ""rrf_first_evidence_rank"": 1, ""rrf_scores"": [0.03149801587301587, 0.02964426877470356, 0.027272727272727275, 0.02681010928961749, 0.026767330130404943, 0.025708635464733027, 0.025693893735130847, 0.0243593353984793, 0.02303732303732304, 0.022762345679012343, 0.021072374227714033, 0.02075268817204301, 0.019549876025176424, 0.019327731092436976, 0.01639344262295082, 0.016129032258064516, 0.015873015873015872, 0.015625, 0.015384615384615385, 0.015151515151515152, 0.014925373134328358, 0.014705882352941176, 0.014705882352941176, 0.014492753623188406, 0.014285714285714285, 0.014084507042253521, 0.014084507042253521, 0.013888888888888888, 0.013888888888888888, 0.0136986301369863], ""selected_chunk_ids_after_dedup"": [""rbi_mpr_2025_10_p032_c000"", ""rbi_mpr_2025_10_p036_c003"", ""rbi_mpr_2025_10_p010_c000""], ""selected_chunk_ids_before_dedup"": [""rbi_mpr_2025_10_p032_c000"", ""rbi_mpr_2025_10_p036_c003"", ""rbi_mpr_2025_10_p010_c000""], ""selected_pages"": [32, 36, 10]}, ""rbi_mpr_2026_04"": {""accepted_evidence_found"": false, ""accepted_pages"": [5], ""bm25_candidate_ids"": [""rbi_mpr_2026_04_p105_c003"", ""rbi_mpr_2026_04_p098_c002"", ""rbi_mpr_2026_04_p102_c000"", ""rbi_mpr_2026_04_p100_c000"", ""rbi_mpr_2026_04_p099_c002"", ""rbi_mpr_2026_04_p087_c000"", ""rbi_mpr_2026_04_p030_c002"", ""rbi_mpr_2026_04_p086_c000"", ""rbi_mpr_2026_04_p005_c003"", ""rbi_mpr_2026_04_p084_c000"", ""rbi_mpr_2026_04_p056_c000"", ""rbi_mpr_2026_04_p082_c000"", ""rbi_mpr_2026_04_p081_c005"", ""rbi_mpr_2026_04_p079_c001"", ""rbi_mpr_2026_04_p020_c000"", ""rbi_mpr_2026_04_p079_c000"", ""rbi_mpr_2026_04_p100_c001"", ""rbi_mpr_2026_04_p106_c001"", ""rbi_mpr_2026_04_p085_c000"", ""rbi_mpr_2026_04_p046_c000"", ""rbi_mpr_2026_04_p085_c003"", ""rbi_mpr_2026_04_p057_c004"", ""rbi_mpr_2026_04_p014_c000"", ""rbi_mpr_2026_04_p021_c002"", ""rbi_mpr_2026_04_p020_c002"", ""rbi_mpr_2026_04_p023_c000"", ""rbi_mpr_2026_04_p103_c003"", ""rbi_mpr_2026_04_p094_c004"", ""rbi_mpr_2026_04_p069_c003"", ""rbi_mpr_2026_04_p007_c001"", ""rbi_mpr_2026_04_p103_c001"", ""rbi_mpr_2026_04_p037_c001"", ""rbi_mpr_2026_04_p024_c000"", ""rbi_mpr_2026_04_p080_c000"", ""rbi_mpr_2026_04_p090_c000"", ""rbi_mpr_2026_04_p055_c003"", ""rbi_mpr_2026_04_p106_c000"", ""rbi_mpr_2026_04_p092_c002"", ""rbi_mpr_2026_04_p053_c000"", ""rbi_mpr_2026_04_p061_c001"", ""rbi_mpr_2026_04_p054_c004"", ""rbi_mpr_2026_04_p081_c006"", ""rbi_mpr_2026_04_p014_c004"", ""rbi_mpr_2026_04_p026_c004"", ""rbi_mpr_2026_04_p113_c003"", ""rbi_mpr_2026_04_p092_c000"", ""rbi_mpr_2026_04_p085_c004"", ""rbi_mpr_2026_04_p057_c001"", ""rbi_mpr_2026_04_p103_c000"", ""rbi_mpr_2026_04_p094_c000""], ""bm25_candidate_pages"": [105, 98, 102, 100, 99, 87, 30, 86, 5, 84, 56, 82, 81, 79, 20, 79, 100, 106, 85, 46, 85, 57, 14, 21, 20, 23, 103, 94, 69, 7, 103, 37, 24, 80, 90, 55, 106, 92, 53, 61, 54, 81, 14, 26, 113, 92, 85, 57, 103, 94], ""bm25_candidate_scores"": [null, null, null, null, null, null, null, null, null, null, null, null, null, null, null, null, null, null, null, null, null, null, null, null, null, null, null, null, null, null, null, null, null, null, null, null, null, null, null, null, null, null, null, null, null, null, null, null, null, null], ""bm25_first_evidence_rank"": 9, ""candidate_source_expansion"": {""rbi_mpr_2025_10_p009_c001"": [], ""rbi_mpr_2025_10_p009_c002"": [], ""rbi_mpr_2025_10_p009_c005"": [], ""rbi_mpr_2025_10_p010_c000"": [], ""rbi_mpr_2025_10_p010_c002"": [], ""rbi_mpr_2025_10_p010_c003"": [], ""rbi_mpr_2025_10_p010_c005"": [], ""rbi_mpr_2025_10_p011_c000"": [], ""rbi_mpr_2025_10_p011_c002"": [], ""rbi_mpr_2025_10_p012_c001"": [], ""rbi_mpr_2025_10_p013_c000"": [], ""rbi_mpr_2025_10_p013_c002"": [], ""rbi_mpr_2025_10_p013_c003"": [], ""rbi_mpr_2025_10_p013_c004"": [], ""rbi_mpr_2025_10_p014_c000"": [], ""rbi_mpr_2025_10_p014_c001"": [], ""rbi_mpr_2025_10_p014_c002"": [], ""rbi_mpr_2025_10_p015_c001"": [], ""rbi_mpr_2025_10_p015_c002"": [], ""rbi_mpr_2025_10_p023_c001"": [], ""rbi_mpr_2025_10_p024_c000"": [], ""rbi_mpr_2025_10_p024_c001"": [], ""rbi_mpr_2025_10_p024_c002"": [], ""rbi_mpr_2025_10_p024_c003"": [], ""rbi_mpr_2025_10_p025_c000"": [], ""rbi_mpr_2025_10_p025_c001"": [], ""rbi_mpr_2025_10_p025_c002"": [], ""rbi_mpr_2025_10_p025_c003"": [], ""rbi_mpr_2025_10_p026_c000"": [], ""rbi_mpr_2025_10_p026_c001"": [], ""rbi_mpr_2025_10_p026_c002"": [], ""rbi_mpr_2025_10_p026_c003"": [], ""rbi_mpr_2025_10_p027_c000"": [], ""rbi_mpr_2025_10_p027_c003"": [], ""rbi_mpr_2025_10_p028_c000"": [], ""rbi_mpr_2025_10_p028_c001"": [], ""rbi_mpr_2025_10_p028_c002"": [], ""rbi_mpr_2025_10_p029_c002"": [], ""rbi_mpr_2025_10_p030_c000"": [], ""rbi_mpr_2025_10_p031_c000"": [], ""rbi_mpr_2025_10_p031_c001"": [], ""rbi_mpr_2025_10_p032_c000"": [], ""rbi_mpr_2025_10_p032_c001"": [], ""rbi_mpr_2025_10_p032_c002"": [], ""rbi_mpr_2025_10_p033_c001"": [], ""rbi_mpr_2025_10_p033_c002"": [], ""rbi_mpr_2025_10_p034_c000"": [], ""rbi_mpr_2025_10_p034_c001"": [], ""rbi_mpr_2025_10_p034_c002"": [], ""rbi_mpr_2025_10_p035_c002"": [], ""rbi_mpr_2025_10_p035_c003"": [], ""rbi_mpr_2025_10_p036_c003"": [], ""rbi_mpr_2025_10_p037_c001"": [], ""rbi_mpr_2025_10_p037_c003"": [], ""rbi_mpr_2025_10_p038_c000"": [], ""rbi_mpr_2025_10_p040_c000"": [], ""rbi_mpr_2025_10_p041_c003"": [], ""rbi_mpr_2025_10_p041_c004"": [], ""rbi_mpr_2025_10_p042_c000"": [], ""rbi_mpr_2025_10_p046_c000"": [], ""rbi_mpr_2025_10_p062_c000"": [], ""rbi_mpr_2025_10_p063_c000"": [], ""rbi_mpr_2025_10_p064_c000"": [], ""rbi_mpr_2025_10_p064_c005"": [], ""rbi_mpr_2025_10_p066_c000"": [], ""rbi_mpr_2025_10_p068_c000"": [], ""rbi_mpr_2025_10_p071_c001"": [], ""rbi_mpr_2025_10_p074_c000"": [], ""rbi_mpr_2025_10_p079_c000"": [], ""rbi_mpr_2025_10_p084_c000"": [], ""rbi_mpr_2025_10_p087_c000"": [], ""rbi_mpr_2025_10_p095_c003"": [], ""rbi_mpr_2025_10_p096_c000"": [], ""rbi_mpr_2025_10_p096_c004"": [], ""rbi_mpr_2025_10_p097_c003"": [], ""rbi_mpr_2025_10_p097_c004"": [], ""rbi_mpr_2025_10_p099_c000"": [], ""rbi_mpr_2025_10_p099_c001"": [], ""rbi_mpr_2025_10_p099_c002"": [], ""rbi_mpr_2025_10_p101_c001"": [], ""rbi_mpr_2025_10_p101_c002"": [], ""rbi_mpr_2025_10_p102_c000"": [], ""rbi_mpr_2025_10_p103_c001"": [], ""rbi_mpr_2025_10_p103_c002"": [], ""rbi_mpr_2025_10_p105_c003"": [], ""rbi_mpr_2025_10_p110_c000"": [], ""rbi_mpr_2026_04_p005_c003"": [], ""rbi_mpr_2026_04_p007_c001"": [], ""rbi_mpr_2026_04_p014_c000"": [], ""rbi_mpr_2026_04_p014_c004"": [], ""rbi_mpr_2026_04_p019_c001"": [], ""rbi_mpr_2026_04_p020_c000"": [], ""rbi_mpr_2026_04_p020_c002"": [], ""rbi_mpr_2026_04_p021_c002"": [], ""rbi_mpr_2026_04_p023_c000"": [], ""rbi_mpr_2026_04_p024_c000"": [], ""rbi_mpr_2026_04_p026_c004"": [], ""rbi_mpr_2026_04_p030_c002"": [], ""rbi_mpr_2026_04_p037_c001"": [], ""rbi_mpr_2026_04_p046_c000"": [], ""rbi_mpr_2026_04_p053_c000"": [], ""rbi_mpr_2026_04_p054_c004"": [], ""rbi_mpr_2026_04_p055_c003"": [], ""rbi_mpr_2026_04_p056_c000"": [], ""rbi_mpr_2026_04_p057_c001"": [], ""rbi_mpr_2026_04_p057_c004"": [], ""rbi_mpr_2026_04_p061_c001"": [], ""rbi_mpr_2026_04_p069_c003"": [], ""rbi_mpr_2026_04_p079_c000"": [], ""rbi_mpr_2026_04_p079_c001"": [], ""rbi_mpr_2026_04_p080_c000"": [], ""rbi_mpr_2026_04_p081_c005"": [], ""rbi_mpr_2026_04_p081_c006"": [], ""rbi_mpr_2026_04_p082_c000"": [], ""rbi_mpr_2026_04_p082_c001"": [], ""rbi_mpr_2026_04_p082_c002"": [], ""rbi_mpr_2026_04_p082_c003"": [], ""rbi_mpr_2026_04_p083_c000"": [], ""rbi_mpr_2026_04_p083_c001"": [], ""rbi_mpr_2026_04_p083_c002"": [], ""rbi_mpr_2026_04_p083_c004"": [], ""rbi_mpr_2026_04_p084_c000"": [], ""rbi_mpr_2026_04_p084_c002"": [], ""rbi_mpr_2026_04_p085_c000"": [], ""rbi_mpr_2026_04_p085_c003"": [], ""rbi_mpr_2026_04_p085_c004"": [], ""rbi_mpr_2026_04_p086_c000"": [], ""rbi_mpr_2026_04_p086_c002"": [], ""rbi_mpr_2026_04_p087_c000"": [], ""rbi_mpr_2026_04_p087_c004"": [], ""rbi_mpr_2026_04_p089_c001"": [], ""rbi_mpr_2026_04_p090_c000"": [], ""rbi_mpr_2026_04_p091_c005"": [], ""rbi_mpr_2026_04_p092_c000"": [], ""rbi_mpr_2026_04_p092_c002"": [], ""rbi_mpr_2026_04_p093_c001"": [], ""rbi_mpr_2026_04_p094_c000"": [], ""rbi_mpr_2026_04_p094_c002"": [], ""rbi_mpr_2026_04_p094_c003"": [], ""rbi_mpr_2026_04_p094_c004"": [], ""rbi_mpr_2026_04_p095_c002"": [], ""rbi_mpr_2026_04_p095_c003"": [], ""rbi_mpr_2026_04_p095_c004"": [], ""rbi_mpr_2026_04_p098_c002"": [], ""rbi_mpr_2026_04_p099_c001"": [], ""rbi_mpr_2026_04_p099_c002"": [], ""rbi_mpr_2026_04_p100_c000"": [], ""rbi_mpr_2026_04_p100_c001"": [], ""rbi_mpr_2026_04_p101_c001"": [], ""rbi_mpr_2026_04_p101_c002"": [], ""rbi_mpr_2026_04_p102_c000"": [], ""rbi_mpr_2026_04_p102_c001"": [], ""rbi_mpr_2026_04_p102_c002"": [], ""rbi_mpr_2026_04_p102_c003"": [], ""rbi_mpr_2026_04_p102_c004"": [], ""rbi_mpr_2026_04_p103_c000"": [], ""rbi_mpr_2026_04_p103_c001"": [], ""rbi_mpr_2026_04_p103_c003"": [], ""rbi_mpr_2026_04_p105_c003"": [], ""rbi_mpr_2026_04_p106_c000"": [], ""rbi_mpr_2026_04_p106_c001"": [], ""rbi_mpr_2026_04_p107_c000"": [], ""rbi_mpr_2026_04_p107_c003"": [], ""rbi_mpr_2026_04_p108_c000"": [], ""rbi_mpr_2026_04_p108_c001"": [], ""rbi_mpr_2026_04_p108_c002"": [], ""rbi_mpr_2026_04_p109_c000"": [], ""rbi_mpr_2026_04_p109_c004"": [], ""rbi_mpr_2026_04_p113_c003"": [], ""rbi_mpr_2026_04_p115_c000"": [], ""rbi_mpr_2026_04_p115_c001"": [], ""rbi_mpr_2026_04_p115_c003"": []}, ""candidate_source_facet"": {""rbi_mpr_2025_10_p009_c001"": [], ""rbi_mpr_2025_10_p009_c002"": [], ""rbi_mpr_2025_10_p009_c005"": [], ""rbi_mpr_2025_10_p010_c000"": [], ""rbi_mpr_2025_10_p010_c002"": [], ""rbi_mpr_2025_10_p010_c003"": [], ""rbi_mpr_2025_10_p010_c005"": [], ""rbi_mpr_2025_10_p011_c000"": [], ""rbi_mpr_2025_10_p011_c002"": [], ""rbi_mpr_2025_10_p012_c001"": [], ""rbi_mpr_2025_10_p013_c000"": [], ""rbi_mpr_2025_10_p013_c002"": [], ""rbi_mpr_2025_10_p013_c003"": [], ""rbi_mpr_2025_10_p013_c004"": [], ""rbi_mpr_2025_10_p014_c000"": [], ""rbi_mpr_2025_10_p014_c001"": [], ""rbi_mpr_2025_10_p014_c002"": [], ""rbi_mpr_2025_10_p015_c001"": [], ""rbi_mpr_2025_10_p015_c002"": [], ""rbi_mpr_2025_10_p023_c001"": [], ""rbi_mpr_2025_10_p024_c000"": [], ""rbi_mpr_2025_10_p024_c001"": [], ""rbi_mpr_2025_10_p024_c002"": [], ""rbi_mpr_2025_10_p024_c003"": [], ""rbi_mpr_2025_10_p025_c000"": [], ""rbi_mpr_2025_10_p025_c001"": [], ""rbi_mpr_2025_10_p025_c002"": [], ""rbi_mpr_2025_10_p025_c003"": [], ""rbi_mpr_2025_10_p026_c000"": [], ""rbi_mpr_2025_10_p026_c001"": [], ""rbi_mpr_2025_10_p026_c002"": [], ""rbi_mpr_2025_10_p026_c003"": [], ""rbi_mpr_2025_10_p027_c000"": [], ""rbi_mpr_2025_10_p027_c003"": [], ""rbi_mpr_2025_10_p028_c000"": [], ""rbi_mpr_2025_10_p028_c001"": [], ""rbi_mpr_2025_10_p028_c002"": [], ""rbi_mpr_2025_10_p029_c002"": [], ""rbi_mpr_2025_10_p030_c000"": [], ""rbi_mpr_2025_10_p031_c000"": [], ""rbi_mpr_2025_10_p031_c001"": [], ""rbi_mpr_2025_10_p032_c000"": [], ""rbi_mpr_2025_10_p032_c001"": [], ""rbi_mpr_2025_10_p032_c002"": [], ""rbi_mpr_2025_10_p033_c001"": [], ""rbi_mpr_2025_10_p033_c002"": [], ""rbi_mpr_2025_10_p034_c000"": [], ""rbi_mpr_2025_10_p034_c001"": [], ""rbi_mpr_2025_10_p034_c002"": [], ""rbi_mpr_2025_10_p035_c002"": [], ""rbi_mpr_2025_10_p035_c003"": [], ""rbi_mpr_2025_10_p036_c003"": [], ""rbi_mpr_2025_10_p037_c001"": [], ""rbi_mpr_2025_10_p037_c003"": [], ""rbi_mpr_2025_10_p038_c000"": [], ""rbi_mpr_2025_10_p040_c000"": [], ""rbi_mpr_2025_10_p041_c003"": [], ""rbi_mpr_2025_10_p041_c004"": [], ""rbi_mpr_2025_10_p042_c000"": [], ""rbi_mpr_2025_10_p046_c000"": [], ""rbi_mpr_2025_10_p062_c000"": [], ""rbi_mpr_2025_10_p063_c000"": [], ""rbi_mpr_2025_10_p064_c000"": [], ""rbi_mpr_2025_10_p064_c005"": [], ""rbi_mpr_2025_10_p066_c000"": [], ""rbi_mpr_2025_10_p068_c000"": [], ""rbi_mpr_2025_10_p071_c001"": [], ""rbi_mpr_2025_10_p074_c000"": [], ""rbi_mpr_2025_10_p079_c000"": [], ""rbi_mpr_2025_10_p084_c000"": [], ""rbi_mpr_2025_10_p087_c000"": [], ""rbi_mpr_2025_10_p095_c003"": [], ""rbi_mpr_2025_10_p096_c000"": [], ""rbi_mpr_2025_10_p096_c004"": [], ""rbi_mpr_2025_10_p097_c003"": [], ""rbi_mpr_2025_10_p097_c004"": [], ""rbi_mpr_2025_10_p099_c000"": [], ""rbi_mpr_2025_10_p099_c001"": [], ""rbi_mpr_2025_10_p099_c002"": [], ""rbi_mpr_2025_10_p101_c001"": [], ""rbi_mpr_2025_10_p101_c002"": [], ""rbi_mpr_2025_10_p102_c000"": [], ""rbi_mpr_2025_10_p103_c001"": [], ""rbi_mpr_2025_10_p103_c002"": [], ""rbi_mpr_2025_10_p105_c003"": [], ""rbi_mpr_2025_10_p110_c000"": [], ""rbi_mpr_2026_04_p005_c003"": [], ""rbi_mpr_2026_04_p007_c001"": [], ""rbi_mpr_2026_04_p014_c000"": [], ""rbi_mpr_2026_04_p014_c004"": [], ""rbi_mpr_2026_04_p019_c001"": [], ""rbi_mpr_2026_04_p020_c000"": [], ""rbi_mpr_2026_04_p020_c002"": [], ""rbi_mpr_2026_04_p021_c002"": [], ""rbi_mpr_2026_04_p023_c000"": [], ""rbi_mpr_2026_04_p024_c000"": [], ""rbi_mpr_2026_04_p026_c004"": [], ""rbi_mpr_2026_04_p030_c002"": [], ""rbi_mpr_2026_04_p037_c001"": [], ""rbi_mpr_2026_04_p046_c000"": [], ""rbi_mpr_2026_04_p053_c000"": [], ""rbi_mpr_2026_04_p054_c004"": [], ""rbi_mpr_2026_04_p055_c003"": [], ""rbi_mpr_2026_04_p056_c000"": [], ""rbi_mpr_2026_04_p057_c001"": [], ""rbi_mpr_2026_04_p057_c004"": [], ""rbi_mpr_2026_04_p061_c001"": [], ""rbi_mpr_2026_04_p069_c003"": [], ""rbi_mpr_2026_04_p079_c000"": [], ""rbi_mpr_2026_04_p079_c001"": [], ""rbi_mpr_2026_04_p080_c000"": [], ""rbi_mpr_2026_04_p081_c005"": [], ""rbi_mpr_2026_04_p081_c006"": [], ""rbi_mpr_2026_04_p082_c000"": [], ""rbi_mpr_2026_04_p082_c001"": [], ""rbi_mpr_2026_04_p082_c002"": [], ""rbi_mpr_2026_04_p082_c003"": [], ""rbi_mpr_2026_04_p083_c000"": [], ""rbi_mpr_2026_04_p083_c001"": [], ""rbi_mpr_2026_04_p083_c002"": [], ""rbi_mpr_2026_04_p083_c004"": [], ""rbi_mpr_2026_04_p084_c000"": [], ""rbi_mpr_2026_04_p084_c002"": [], ""rbi_mpr_2026_04_p085_c000"": [], ""rbi_mpr_2026_04_p085_c003"": [], ""rbi_mpr_2026_04_p085_c004"": [], ""rbi_mpr_2026_04_p086_c000"": [], ""rbi_mpr_2026_04_p086_c002"": [], ""rbi_mpr_2026_04_p087_c000"": [], ""rbi_mpr_2026_04_p087_c004"": [], ""rbi_mpr_2026_04_p089_c001"": [], ""rbi_mpr_2026_04_p090_c000"": [], ""rbi_mpr_2026_04_p091_c005"": [], ""rbi_mpr_2026_04_p092_c000"": [], ""rbi_mpr_2026_04_p092_c002"": [], ""rbi_mpr_2026_04_p093_c001"": [], ""rbi_mpr_2026_04_p094_c000"": [], ""rbi_mpr_2026_04_p094_c002"": [], ""rbi_mpr_2026_04_p094_c003"": [], ""rbi_mpr_2026_04_p094_c004"": [], ""rbi_mpr_2026_04_p095_c002"": [], ""rbi_mpr_2026_04_p095_c003"": [], ""rbi_mpr_2026_04_p095_c004"": [], ""rbi_mpr_2026_04_p098_c002"": [], ""rbi_mpr_2026_04_p099_c001"": [], ""rbi_mpr_2026_04_p099_c002"": [], ""rbi_mpr_2026_04_p100_c000"": [], ""rbi_mpr_2026_04_p100_c001"": [], ""rbi_mpr_2026_04_p101_c001"": [], ""rbi_mpr_2026_04_p101_c002"": [], ""rbi_mpr_2026_04_p102_c000"": [], ""rbi_mpr_2026_04_p102_c001"": [], ""rbi_mpr_2026_04_p102_c002"": [], ""rbi_mpr_2026_04_p102_c003"": [], ""rbi_mpr_2026_04_p102_c004"": [], ""rbi_mpr_2026_04_p103_c000"": [], ""rbi_mpr_2026_04_p103_c001"": [], ""rbi_mpr_2026_04_p103_c003"": [], ""rbi_mpr_2026_04_p105_c003"": [], ""rbi_mpr_2026_04_p106_c000"": [], ""rbi_mpr_2026_04_p106_c001"": [], ""rbi_mpr_2026_04_p107_c000"": [], ""rbi_mpr_2026_04_p107_c003"": [], ""rbi_mpr_2026_04_p108_c000"": [], ""rbi_mpr_2026_04_p108_c001"": [], ""rbi_mpr_2026_04_p108_c002"": [], ""rbi_mpr_2026_04_p109_c000"": [], ""rbi_mpr_2026_04_p109_c004"": [], ""rbi_mpr_2026_04_p113_c003"": [], ""rbi_mpr_2026_04_p115_c000"": [], ""rbi_mpr_2026_04_p115_c001"": [], ""rbi_mpr_2026_04_p115_c003"": []}, ""candidate_source_query"": {""rbi_mpr_2025_10_p009_c001"": [""Compare food-inflation language in October 2025 and April 2026.""], ""rbi_mpr_2025_10_p009_c002"": [""Compare food-inflation language in October 2025 and April 2026.""], ""rbi_mpr_2025_10_p009_c005"": [""Compare food-inflation language in October 2025 and April 2026.""], ""rbi_mpr_2025_10_p010_c000"": [""Compare food-inflation language in October 2025 and April 2026.""], ""rbi_mpr_2025_10_p010_c002"": [""Compare food-inflation language in October 2025 and April 2026.""], ""rbi_mpr_2025_10_p010_c003"": [""Compare food-inflation language in October 2025 and April 2026.""], ""rbi_mpr_2025_10_p010_c005"": [""Compare food-inflation language in October 2025 and April 2026.""], ""rbi_mpr_2025_10_p011_c000"": [""Compare food-inflation language in October 2025 and April 2026.""], ""rbi_mpr_2025_10_p011_c002"": [""Compare food-inflation language in October 2025 and April 2026.""], ""rbi_mpr_2025_10_p012_c001"": [""Compare food-inflation language in October 2025 and April 2026.""], ""rbi_mpr_2025_10_p013_c000"": [""Compare food-inflation language in October 2025 and April 2026.""], ""rbi_mpr_2025_10_p013_c002"": [""Compare food-inflation language in October 2025 and April 2026.""], ""rbi_mpr_2025_10_p013_c003"": [""Compare food-inflation language in October 2025 and April 2026.""], ""rbi_mpr_2025_10_p013_c004"": [""Compare food-inflation language in October 2025 and April 2026.""], ""rbi_mpr_2025_10_p014_c000"": [""Compare food-inflation language in October 2025 and April 2026.""], ""rbi_mpr_2025_10_p014_c001"": [""Compare food-inflation language in October 2025 and April 2026.""], ""rbi_mpr_2025_10_p014_c002"": [""Compare food-inflation language in October 2025 and April 2026.""], ""rbi_mpr_2025_10_p015_c001"": [""Compare food-inflation language in October 2025 and April 2026.""], ""rbi_mpr_2025_10_p015_c002"": [""Compare food-inflation language in October 2025 and April 2026.""], ""rbi_mpr_2025_10_p023_c001"": [""Compare food-inflation language in October 2025 and April 2026.""], ""rbi_mpr_2025_10_p024_c000"": [""Compare food-inflation language in October 2025 and April 2026.""], ""rbi_mpr_2025_10_p024_c001"": [""Compare food-inflation language in October 2025 and April 2026.""], ""rbi_mpr_2025_10_p024_c002"": [""Compare food-inflation language in October 2025 and April 2026.""], ""rbi_mpr_2025_10_p024_c003"": [""Compare food-inflation language in October 2025 and April 2026.""], ""rbi_mpr_2025_10_p025_c000"": [""Compare food-inflation language in October 2025 and April 2026.""], ""rbi_mpr_2025_10_p025_c001"": [""Compare food-inflation language in October 2025 and April 2026.""], ""rbi_mpr_2025_10_p025_c002"": [""Compare food-inflation language in October 2025 and April 2026.""], ""rbi_mpr_2025_10_p025_c003"": [""Compare food-inflation language in October 2025 and April 2026.""], ""rbi_mpr_2025_10_p026_c000"": [""Compare food-inflation language in October 2025 and April 2026.""], ""rbi_mpr_2025_10_p026_c001"": [""Compare food-inflation language in October 2025 and April 2026.""], ""rbi_mpr_2025_10_p026_c002"": [""Compare food-inflation language in October 2025 and April 2026.""], ""rbi_mpr_2025_10_p026_c003"": [""Compare food-inflation language in October 2025 and April 2026.""], ""rbi_mpr_2025_10_p027_c000"": [""Compare food-inflation language in October 2025 and April 2026.""], ""rbi_mpr_2025_10_p027_c003"": [""Compare food-inflation language in October 2025 and April 2026.""], ""rbi_mpr_2025_10_p028_c000"": [""Compare food-inflation language in October 2025 and April 2026.""], ""rbi_mpr_2025_10_p028_c001"": [""Compare food-inflation language in October 2025 and April 2026.""], ""rbi_mpr_2025_10_p028_c002"": [""Compare food-inflation language in October 2025 and April 2026.""], ""rbi_mpr_2025_10_p029_c002"": [""Compare food-inflation language in October 2025 and April 2026.""], ""rbi_mpr_2025_10_p030_c000"": [""Compare food-inflation language in October 2025 and April 2026.""], ""rbi_mpr_2025_10_p031_c000"": [""Compare food-inflation language in October 2025 and April 2026.""], ""rbi_mpr_2025_10_p031_c001"": [""Compare food-inflation language in October 2025 and April 2026.""], ""rbi_mpr_2025_10_p032_c000"": [""Compare food-inflation language in October 2025 and April 2026.""], ""rbi_mpr_2025_10_p032_c001"": [""Compare food-inflation language in October 2025 and April 2026.""], ""rbi_mpr_2025_10_p032_c002"": [""Compare food-inflation language in October 2025 and April 2026.""], ""rbi_mpr_2025_10_p033_c001"": [""Compare food-inflation language in October 2025 and April 2026.""], ""rbi_mpr_2025_10_p033_c002"": [""Compare food-inflation language in October 2025 and April 2026.""], ""rbi_mpr_2025_10_p034_c000"": [""Compare food-inflation language in October 2025 and April 2026.""], ""rbi_mpr_2025_10_p034_c001"": [""Compare food-inflation language in October 2025 and April 2026.""], ""rbi_mpr_2025_10_p034_c002"": [""Compare food-inflation language in October 2025 and April 2026.""], ""rbi_mpr_2025_10_p035_c002"": [""Compare food-inflation language in October 2025 and April 2026.""], ""rbi_mpr_2025_10_p035_c003"": [""Compare food-inflation language in October 2025 and April 2026.""], ""rbi_mpr_2025_10_p036_c003"": [""Compare food-inflation language in October 2025 and April 2026.""], ""rbi_mpr_2025_10_p037_c001"": [""Compare food-inflation language in October 2025 and April 2026.""], ""rbi_mpr_2025_10_p037_c003"": [""Compare food-inflation language in October 2025 and April 2026.""], ""rbi_mpr_2025_10_p038_c000"": [""Compare food-inflation language in October 2025 and April 2026.""], ""rbi_mpr_2025_10_p040_c000"": [""Compare food-inflation language in October 2025 and April 2026.""], ""rbi_mpr_2025_10_p041_c003"": [""Compare food-inflation language in October 2025 and April 2026.""], ""rbi_mpr_2025_10_p041_c004"": [""Compare food-inflation language in October 2025 and April 2026.""], ""rbi_mpr_2025_10_p042_c000"": [""Compare food-inflation language in October 2025 and April 2026.""], ""rbi_mpr_2025_10_p046_c000"": [""Compare food-inflation language in October 2025 and April 2026.""], ""rbi_mpr_2025_10_p062_c000"": [""Compare food-inflation language in October 2025 and April 2026.""], ""rbi_mpr_2025_10_p063_c000"": [""Compare food-inflation language in October 2025 and April 2026.""], ""rbi_mpr_2025_10_p064_c000"": [""Compare food-inflation language in October 2025 and April 2026.""], ""rbi_mpr_2025_10_p064_c005"": [""Compare food-inflation language in October 2025 and April 2026.""], ""rbi_mpr_2025_10_p066_c000"": [""Compare food-inflation language in October 2025 and April 2026.""], ""rbi_mpr_2025_10_p068_c000"": [""Compare food-inflation language in October 2025 and April 2026.""], ""rbi_mpr_2025_10_p071_c001"": [""Compare food-inflation language in October 2025 and April 2026.""], ""rbi_mpr_2025_10_p074_c000"": [""Compare food-inflation language in October 2025 and April 2026.""], ""rbi_mpr_2025_10_p079_c000"": [""Compare food-inflation language in October 2025 and April 2026.""], ""rbi_mpr_2025_10_p084_c000"": [""Compare food-inflation language in October 2025 and April 2026.""], ""rbi_mpr_2025_10_p087_c000"": [""Compare food-inflation language in October 2025 and April 2026.""], ""rbi_mpr_2025_10_p095_c003"": [""Compare food-inflation language in October 2025 and April 2026.""], ""rbi_mpr_2025_10_p096_c000"": [""Compare food-inflation language in October 2025 and April 2026.""], ""rbi_mpr_2025_10_p096_c004"": [""Compare food-inflation language in October 2025 and April 2026.""], ""rbi_mpr_2025_10_p097_c003"": [""Compare food-inflation language in October 2025 and April 2026.""], ""rbi_mpr_2025_10_p097_c004"": [""Compare food-inflation language in October 2025 and April 2026.""], ""rbi_mpr_2025_10_p099_c000"": [""Compare food-inflation language in October 2025 and April 2026.""], ""rbi_mpr_2025_10_p099_c001"": [""Compare food-inflation language in October 2025 and April 2026.""], ""rbi_mpr_2025_10_p099_c002"": [""Compare food-inflation language in October 2025 and April 2026.""], ""rbi_mpr_2025_10_p101_c001"": [""Compare food-inflation language in October 2025 and April 2026.""], ""rbi_mpr_2025_10_p101_c002"": [""Compare food-inflation language in October 2025 and April 2026.""], ""rbi_mpr_2025_10_p102_c000"": [""Compare food-inflation language in October 2025 and April 2026.""], ""rbi_mpr_2025_10_p103_c001"": [""Compare food-inflation language in October 2025 and April 2026.""], ""rbi_mpr_2025_10_p103_c002"": [""Compare food-inflation language in October 2025 and April 2026.""], ""rbi_mpr_2025_10_p105_c003"": [""Compare food-inflation language in October 2025 and April 2026.""], ""rbi_mpr_2025_10_p110_c000"": [""Compare food-inflation language in October 2025 and April 2026.""], ""rbi_mpr_2026_04_p005_c003"": [""Compare food-inflation language in October 2025 and April 2026.""], ""rbi_mpr_2026_04_p007_c001"": [""Compare food-inflation language in October 2025 and April 2026.""], ""rbi_mpr_2026_04_p014_c000"": [""Compare food-inflation language in October 2025 and April 2026.""], ""rbi_mpr_2026_04_p014_c004"": [""Compare food-inflation language in October 2025 and April 2026.""], ""rbi_mpr_2026_04_p019_c001"": [""Compare food-inflation language in October 2025 and April 2026.""], ""rbi_mpr_2026_04_p020_c000"": [""Compare food-inflation language in October 2025 and April 2026.""], ""rbi_mpr_2026_04_p020_c002"": [""Compare food-inflation language in October 2025 and April 2026.""], ""rbi_mpr_2026_04_p021_c002"": [""Compare food-inflation language in October 2025 and April 2026.""], ""rbi_mpr_2026_04_p023_c000"": [""Compare food-inflation language in October 2025 and April 2026.""], ""rbi_mpr_2026_04_p024_c000"": [""Compare food-inflation language in October 2025 and April 2026.""], ""rbi_mpr_2026_04_p026_c004"": [""Compare food-inflation language in October 2025 and April 2026.""], ""rbi_mpr_2026_04_p030_c002"": [""Compare food-inflation language in October 2025 and April 2026.""], ""rbi_mpr_2026_04_p037_c001"": [""Compare food-inflation language in October 2025 and April 2026.""], ""rbi_mpr_2026_04_p046_c000"": [""Compare food-inflation language in October 2025 and April 2026.""], ""rbi_mpr_2026_04_p053_c000"": [""Compare food-inflation language in October 2025 and April 2026.""], ""rbi_mpr_2026_04_p054_c004"": [""Compare food-inflation language in October 2025 and April 2026.""], ""rbi_mpr_2026_04_p055_c003"": [""Compare food-inflation language in October 2025 and April 2026.""], ""rbi_mpr_2026_04_p056_c000"": [""Compare food-inflation language in October 2025 and April 2026.""], ""rbi_mpr_2026_04_p057_c001"": [""Compare food-inflation language in October 2025 and April 2026.""], ""rbi_mpr_2026_04_p057_c004"": [""Compare food-inflation language in October 2025 and April 2026.""], ""rbi_mpr_2026_04_p061_c001"": [""Compare food-inflation language in October 2025 and April 2026.""], ""rbi_mpr_2026_04_p069_c003"": [""Compare food-inflation language in October 2025 and April 2026.""], ""rbi_mpr_2026_04_p079_c000"": [""Compare food-inflation language in October 2025 and April 2026.""], ""rbi_mpr_2026_04_p079_c001"": [""Compare food-inflation language in October 2025 and April 2026.""], ""rbi_mpr_2026_04_p080_c000"": [""Compare food-inflation language in October 2025 and April 2026.""], ""rbi_mpr_2026_04_p081_c005"": [""Compare food-inflation language in October 2025 and April 2026.""], ""rbi_mpr_2026_04_p081_c006"": [""Compare food-inflation language in October 2025 and April 2026.""], ""rbi_mpr_2026_04_p082_c000"": [""Compare food-inflation language in October 2025 and April 2026.""], ""rbi_mpr_2026_04_p082_c001"": [""Compare food-inflation language in October 2025 and April 2026.""], ""rbi_mpr_2026_04_p082_c002"": [""Compare food-inflation language in October 2025 and April 2026.""], ""rbi_mpr_2026_04_p082_c003"": [""Compare food-inflation language in October 2025 and April 2026.""], ""rbi_mpr_2026_04_p083_c000"": [""Compare food-inflation language in October 2025 and April 2026.""], ""rbi_mpr_2026_04_p083_c001"": [""Compare food-inflation language in October 2025 and April 2026.""], ""rbi_mpr_2026_04_p083_c002"": [""Compare food-inflation language in October 2025 and April 2026.""], ""rbi_mpr_2026_04_p083_c004"": [""Compare food-inflation language in October 2025 and April 2026.""], ""rbi_mpr_2026_04_p084_c000"": [""Compare food-inflation language in October 2025 and April 2026.""], ""rbi_mpr_2026_04_p084_c002"": [""Compare food-inflation language in October 2025 and April 2026.""], ""rbi_mpr_2026_04_p085_c000"": [""Compare food-inflation language in October 2025 and April 2026.""], ""rbi_mpr_2026_04_p085_c003"": [""Compare food-inflation language in October 2025 and April 2026.""], ""rbi_mpr_2026_04_p085_c004"": [""Compare food-inflation language in October 2025 and April 2026.""], ""rbi_mpr_2026_04_p086_c000"": [""Compare food-inflation language in October 2025 and April 2026.""], ""rbi_mpr_2026_04_p086_c002"": [""Compare food-inflation language in October 2025 and April 2026.""], ""rbi_mpr_2026_04_p087_c000"": [""Compare food-inflation language in October 2025 and April 2026.""], ""rbi_mpr_2026_04_p087_c004"": [""Compare food-inflation language in October 2025 and April 2026.""], ""rbi_mpr_2026_04_p089_c001"": [""Compare food-inflation language in October 2025 and April 2026.""], ""rbi_mpr_2026_04_p090_c000"": [""Compare food-inflation language in October 2025 and April 2026.""], ""rbi_mpr_2026_04_p091_c005"": [""Compare food-inflation language in October 2025 and April 2026.""], ""rbi_mpr_2026_04_p092_c000"": [""Compare food-inflation language in October 2025 and April 2026.""], ""rbi_mpr_2026_04_p092_c002"": [""Compare food-inflation language in October 2025 and April 2026.""], ""rbi_mpr_2026_04_p093_c001"": [""Compare food-inflation language in October 2025 and April 2026.""], ""rbi_mpr_2026_04_p094_c000"": [""Compare food-inflation language in October 2025 and April 2026.""], ""rbi_mpr_2026_04_p094_c002"": [""Compare food-inflation language in October 2025 and April 2026.""], ""rbi_mpr_2026_04_p094_c003"": [""Compare food-inflation language in October 2025 and April 2026.""], ""rbi_mpr_2026_04_p094_c004"": [""Compare food-inflation language in October 2025 and April 2026.""], ""rbi_mpr_2026_04_p095_c002"": [""Compare food-inflation language in October 2025 and April 2026.""], ""rbi_mpr_2026_04_p095_c003"": [""Compare food-inflation language in October 2025 and April 2026.""], ""rbi_mpr_2026_04_p095_c004"": [""Compare food-inflation language in October 2025 and April 2026.""], ""rbi_mpr_2026_04_p098_c002"": [""Compare food-inflation language in October 2025 and April 2026.""], ""rbi_mpr_2026_04_p099_c001"": [""Compare food-inflation language in October 2025 and April 2026.""], ""rbi_mpr_2026_04_p099_c002"": [""Compare food-inflation language in October 2025 and April 2026.""], ""rbi_mpr_2026_04_p100_c000"": [""Compare food-inflation language in October 2025 and April 2026.""], ""rbi_mpr_2026_04_p100_c001"": [""Compare food-inflation language in October 2025 and April 2026.""], ""rbi_mpr_2026_04_p101_c001"": [""Compare food-inflation language in October 2025 and April 2026.""], ""rbi_mpr_2026_04_p101_c002"": [""Compare food-inflation language in October 2025 and April 2026.""], ""rbi_mpr_2026_04_p102_c000"": [""Compare food-inflation language in October 2025 and April 2026.""], ""rbi_mpr_2026_04_p102_c001"": [""Compare food-inflation language in October 2025 and April 2026.""], ""rbi_mpr_2026_04_p102_c002"": [""Compare food-inflation language in October 2025 and April 2026.""], ""rbi_mpr_2026_04_p102_c003"": [""Compare food-inflation language in October 2025 and April 2026.""], ""rbi_mpr_2026_04_p102_c004"": [""Compare food-inflation language in October 2025 and April 2026.""], ""rbi_mpr_2026_04_p103_c000"": [""Compare food-inflation language in October 2025 and April 2026.""], ""rbi_mpr_2026_04_p103_c001"": [""Compare food-inflation language in October 2025 and April 2026.""], ""rbi_mpr_2026_04_p103_c003"": [""Compare food-inflation language in October 2025 and April 2026.""], ""rbi_mpr_2026_04_p105_c003"": [""Compare food-inflation language in October 2025 and April 2026.""], ""rbi_mpr_2026_04_p106_c000"": [""Compare food-inflation language in October 2025 and April 2026.""], ""rbi_mpr_2026_04_p106_c001"": [""Compare food-inflation language in October 2025 and April 2026.""], ""rbi_mpr_2026_04_p107_c000"": [""Compare food-inflation language in October 2025 and April 2026.""], ""rbi_mpr_2026_04_p107_c003"": [""Compare food-inflation language in October 2025 and April 2026.""], ""rbi_mpr_2026_04_p108_c000"": [""Compare food-inflation language in October 2025 and April 2026.""], ""rbi_mpr_2026_04_p108_c001"": [""Compare food-inflation language in October 2025 and April 2026.""], ""rbi_mpr_2026_04_p108_c002"": [""Compare food-inflation language in October 2025 and April 2026.""], ""rbi_mpr_2026_04_p109_c000"": [""Compare food-inflation language in October 2025 and April 2026.""], ""rbi_mpr_2026_04_p109_c004"": [""Compare food-inflation language in October 2025 and April 2026.""], ""rbi_mpr_2026_04_p113_c003"": [""Compare food-inflation language in October 2025 and April 2026.""], ""rbi_mpr_2026_04_p115_c000"": [""Compare food-inflation language in October 2025 and April 2026.""], ""rbi_mpr_2026_04_p115_c001"": [""Compare food-inflation language in October 2025 and April 2026.""], ""rbi_mpr_2026_04_p115_c003"": [""Compare food-inflation language in October 2025 and April 2026.""]}, ""candidate_source_retriever"": {""rbi_mpr_2025_10_p009_c001"": [""bm25""], ""rbi_mpr_2025_10_p009_c002"": [""bm25""], ""rbi_mpr_2025_10_p009_c005"": [""bm25""], ""rbi_mpr_2025_10_p010_c000"": [""bm25"", ""dense""], ""rbi_mpr_2025_10_p010_c002"": [""bm25""], ""rbi_mpr_2025_10_p010_c003"": [""dense""], ""rbi_mpr_2025_10_p010_c005"": [""bm25""], ""rbi_mpr_2025_10_p011_c000"": [""dense""], ""rbi_mpr_2025_10_p011_c002"": [""dense""], ""rbi_mpr_2025_10_p012_c001"": [""bm25""], ""rbi_mpr_2025_10_p013_c000"": [""bm25""], ""rbi_mpr_2025_10_p013_c002"": [""bm25""], ""rbi_mpr_2025_10_p013_c003"": [""bm25""], ""rbi_mpr_2025_10_p013_c004"": [""bm25"", ""dense""], ""rbi_mpr_2025_10_p014_c000"": [""dense""], ""rbi_mpr_2025_10_p014_c001"": [""dense""], ""rbi_mpr_2025_10_p014_c002"": [""dense""], ""rbi_mpr_2025_10_p015_c001"": [""dense""], ""rbi_mpr_2025_10_p015_c002"": [""dense""], ""rbi_mpr_2025_10_p023_c001"": [""dense""], ""rbi_mpr_2025_10_p024_c000"": [""bm25"", ""dense""], ""rbi_mpr_2025_10_p024_c001"": [""bm25"", ""dense""], ""rbi_mpr_2025_10_p024_c002"": [""dense""], ""rbi_mpr_2025_10_p024_c003"": [""bm25"", ""dense""], ""rbi_mpr_2025_10_p025_c000"": [""bm25"", ""dense""], ""rbi_mpr_2025_10_p025_c001"": [""dense""], ""rbi_mpr_2025_10_p025_c002"": [""dense""], ""rbi_mpr_2025_10_p025_c003"": [""bm25"", ""dense""], ""rbi_mpr_2025_10_p026_c000"": [""dense""], ""rbi_mpr_2025_10_p026_c001"": [""dense""], ""rbi_mpr_2025_10_p026_c002"": [""dense""], ""rbi_mpr_2025_10_p026_c003"": [""dense""], ""rbi_mpr_2025_10_p027_c000"": [""dense""], ""rbi_mpr_2025_10_p027_c003"": [""dense""], ""rbi_mpr_2025_10_p028_c000"": [""bm25""], ""rbi_mpr_2025_10_p028_c001"": [""dense""], ""rbi_mpr_2025_10_p028_c002"": [""dense""], ""rbi_mpr_2025_10_p029_c002"": [""dense""], ""rbi_mpr_2025_10_p030_c000"": [""bm25"", ""dense""], ""rbi_mpr_2025_10_p031_c000"": [""dense""], ""rbi_mpr_2025_10_p031_c001"": [""dense""], ""rbi_mpr_2025_10_p032_c000"": [""bm25"", ""dense""], ""rbi_mpr_2025_10_p032_c001"": [""dense""], ""rbi_mpr_2025_10_p032_c002"": [""dense""], ""rbi_mpr_2025_10_p033_c001"": [""dense""], ""rbi_mpr_2025_10_p033_c002"": [""dense""], ""rbi_mpr_2025_10_p034_c000"": [""bm25"", ""dense""], ""rbi_mpr_2025_10_p034_c001"": [""dense""], ""rbi_mpr_2025_10_p034_c002"": [""dense""], ""rbi_mpr_2025_10_p035_c002"": [""dense""], ""rbi_mpr_2025_10_p035_c003"": [""dense""], ""rbi_mpr_2025_10_p036_c003"": [""bm25"", ""dense""], ""rbi_mpr_2025_10_p037_c001"": [""bm25""], ""rbi_mpr_2025_10_p037_c003"": [""dense""], ""rbi_mpr_2025_10_p038_c000"": [""bm25""], ""rbi_mpr_2025_10_p040_c000"": [""bm25"", ""dense""], ""rbi_mpr_2025_10_p041_c003"": [""dense""], ""rbi_mpr_2025_10_p041_c004"": [""dense""], ""rbi_mpr_2025_10_p042_c000"": [""bm25""], ""rbi_mpr_2025_10_p046_c000"": [""bm25""], ""rbi_mpr_2025_10_p062_c000"": [""bm25""], ""rbi_mpr_2025_10_p063_c000"": [""bm25""], ""rbi_mpr_2025_10_p064_c000"": [""bm25""], ""rbi_mpr_2025_10_p064_c005"": [""bm25""], ""rbi_mpr_2025_10_p066_c000"": [""bm25""], ""rbi_mpr_2025_10_p068_c000"": [""bm25""], ""rbi_mpr_2025_10_p071_c001"": [""bm25""], ""rbi_mpr_2025_10_p074_c000"": [""bm25""], ""rbi_mpr_2025_10_p079_c000"": [""bm25""], ""rbi_mpr_2025_10_p084_c000"": [""bm25""], ""rbi_mpr_2025_10_p087_c000"": [""bm25""], ""rbi_mpr_2025_10_p095_c003"": [""bm25""], ""rbi_mpr_2025_10_p096_c000"": [""bm25""], ""rbi_mpr_2025_10_p096_c004"": [""bm25"", ""dense""], ""rbi_mpr_2025_10_p097_c003"": [""bm25""], ""rbi_mpr_2025_10_p097_c004"": [""bm25""], ""rbi_mpr_2025_10_p099_c000"": [""bm25""], ""rbi_mpr_2025_10_p099_c001"": [""bm25""], ""rbi_mpr_2025_10_p099_c002"": [""bm25""], ""rbi_mpr_2025_10_p101_c001"": [""dense""], ""rbi_mpr_2025_10_p101_c002"": [""dense""], ""rbi_mpr_2025_10_p102_c000"": [""bm25"", ""dense""], ""rbi_mpr_2025_10_p103_c001"": [""bm25""], ""rbi_mpr_2025_10_p103_c002"": [""bm25""], ""rbi_mpr_2025_10_p105_c003"": [""bm25""], ""rbi_mpr_2025_10_p110_c000"": [""bm25""], ""rbi_mpr_2026_04_p005_c003"": [""bm25"", ""dense""], ""rbi_mpr_2026_04_p007_c001"": [""bm25""], ""rbi_mpr_2026_04_p014_c000"": [""bm25""], ""rbi_mpr_2026_04_p014_c004"": [""bm25""], ""rbi_mpr_2026_04_p019_c001"": [""dense""], ""rbi_mpr_2026_04_p020_c000"": [""bm25""], ""rbi_mpr_2026_04_p020_c002"": [""bm25""], ""rbi_mpr_2026_04_p021_c002"": [""bm25""], ""rbi_mpr_2026_04_p023_c000"": [""bm25""], ""rbi_mpr_2026_04_p024_c000"": [""bm25""], ""rbi_mpr_2026_04_p026_c004"": [""bm25""], ""rbi_mpr_2026_04_p030_c002"": [""bm25""], ""rbi_mpr_2026_04_p037_c001"": [""bm25""], ""rbi_mpr_2026_04_p046_c000"": [""bm25""], ""rbi_mpr_2026_04_p053_c000"": [""bm25""], ""rbi_mpr_2026_04_p054_c004"": [""bm25""], ""rbi_mpr_2026_04_p055_c003"": [""bm25""], ""rbi_mpr_2026_04_p056_c000"": [""bm25""], ""rbi_mpr_2026_04_p057_c001"": [""bm25""], ""rbi_mpr_2026_04_p057_c004"": [""bm25""], ""rbi_mpr_2026_04_p061_c001"": [""bm25""], ""rbi_mpr_2026_04_p069_c003"": [""bm25""], ""rbi_mpr_2026_04_p079_c000"": [""bm25"", ""dense""], ""rbi_mpr_2026_04_p079_c001"": [""bm25"", ""dense""], ""rbi_mpr_2026_04_p080_c000"": [""bm25"", ""dense""], ""rbi_mpr_2026_04_p081_c005"": [""bm25"", ""dense""], ""rbi_mpr_2026_04_p081_c006"": [""bm25"", ""dense""], ""rbi_mpr_2026_04_p082_c000"": [""bm25"", ""dense""], ""rbi_mpr_2026_04_p082_c001"": [""dense""], ""rbi_mpr_2026_04_p082_c002"": [""dense""], ""rbi_mpr_2026_04_p082_c003"": [""dense""], ""rbi_mpr_2026_04_p083_c000"": [""dense""], ""rbi_mpr_2026_04_p083_c001"": [""dense""], ""rbi_mpr_2026_04_p083_c002"": [""dense""], ""rbi_mpr_2026_04_p083_c004"": [""dense""], ""rbi_mpr_2026_04_p084_c000"": [""bm25"", ""dense""], ""rbi_mpr_2026_04_p084_c002"": [""dense""], ""rbi_mpr_2026_04_p085_c000"": [""bm25"", ""dense""], ""rbi_mpr_2026_04_p085_c003"": [""bm25""], ""rbi_mpr_2026_04_p085_c004"": [""bm25""], ""rbi_mpr_2026_04_p086_c000"": [""bm25""], ""rbi_mpr_2026_04_p086_c002"": [""dense""], ""rbi_mpr_2026_04_p087_c000"": [""bm25"", ""dense""], ""rbi_mpr_2026_04_p087_c004"": [""dense""], ""rbi_mpr_2026_04_p089_c001"": [""dense""], ""rbi_mpr_2026_04_p090_c000"": [""bm25""], ""rbi_mpr_2026_04_p091_c005"": [""dense""], ""rbi_mpr_2026_04_p092_c000"": [""bm25""], ""rbi_mpr_2026_04_p092_c002"": [""bm25"", ""dense""], ""rbi_mpr_2026_04_p093_c001"": [""dense""], ""rbi_mpr_2026_04_p094_c000"": [""bm25"", ""dense""], ""rbi_mpr_2026_04_p094_c002"": [""dense""], ""rbi_mpr_2026_04_p094_c003"": [""dense""], ""rbi_mpr_2026_04_p094_c004"": [""bm25"", ""dense""], ""rbi_mpr_2026_04_p095_c002"": [""dense""], ""rbi_mpr_2026_04_p095_c003"": [""dense""], ""rbi_mpr_2026_04_p095_c004"": [""dense""], ""rbi_mpr_2026_04_p098_c002"": [""bm25""], ""rbi_mpr_2026_04_p099_c001"": [""dense""], ""rbi_mpr_2026_04_p099_c002"": [""bm25""], ""rbi_mpr_2026_04_p100_c000"": [""bm25""], ""rbi_mpr_2026_04_p100_c001"": [""bm25""], ""rbi_mpr_2026_04_p101_c001"": [""dense""], ""rbi_mpr_2026_04_p101_c002"": [""dense""], ""rbi_mpr_2026_04_p102_c000"": [""bm25""], ""rbi_mpr_2026_04_p102_c001"": [""dense""], ""rbi_mpr_2026_04_p102_c002"": [""dense""], ""rbi_mpr_2026_04_p102_c003"": [""dense""], ""rbi_mpr_2026_04_p102_c004"": [""dense""], ""rbi_mpr_2026_04_p103_c000"": [""bm25"", ""dense""], ""rbi_mpr_2026_04_p103_c001"": [""bm25""], ""rbi_mpr_2026_04_p103_c003"": [""bm25""], ""rbi_mpr_2026_04_p105_c003"": [""bm25""], ""rbi_mpr_2026_04_p106_c000"": [""bm25""], ""rbi_mpr_2026_04_p106_c001"": [""bm25""], ""rbi_mpr_2026_04_p107_c000"": [""dense""], ""rbi_mpr_2026_04_p107_c003"": [""dense""], ""rbi_mpr_2026_04_p108_c000"": [""dense""], ""rbi_mpr_2026_04_p108_c001"": [""dense""], ""rbi_mpr_2026_04_p108_c002"": [""dense""], ""rbi_mpr_2026_04_p109_c000"": [""dense""], ""rbi_mpr_2026_04_p109_c004"": [""dense""], ""rbi_mpr_2026_04_p113_c003"": [""bm25""], ""rbi_mpr_2026_04_p115_c000"": [""dense""], ""rbi_mpr_2026_04_p115_c001"": [""dense""], ""rbi_mpr_2026_04_p115_c003"": [""dense""]}, ""candidate_union_ids"": [""rbi_mpr_2026_04_p092_c002"", ""rbi_mpr_2026_04_p082_c001"", ""rbi_mpr_2026_04_p087_c000"", ""rbi_mpr_2026_04_p102_c003"", ""rbi_mpr_2026_04_p083_c000"", ""rbi_mpr_2026_04_p101_c002"", ""rbi_mpr_2026_04_p115_c003"", ""rbi_mpr_2026_04_p091_c005"", ""rbi_mpr_2026_04_p083_c001"", ""rbi_mpr_2026_04_p095_c003"", ""rbi_mpr_2026_04_p095_c004"", ""rbi_mpr_2026_04_p081_c006"", ""rbi_mpr_2026_04_p107_c000"", ""rbi_mpr_2026_04_p094_c004"", ""rbi_mpr_2026_04_p082_c000"", ""rbi_mpr_2026_04_p086_c002"", ""rbi_mpr_2026_04_p079_c000"", ""rbi_mpr_2026_04_p005_c003"", ""rbi_mpr_2026_04_p083_c002"", ""rbi_mpr_2026_04_p094_c000"", ""rbi_mpr_2026_04_p082_c002"", ""rbi_mpr_2026_04_p079_c001"", ""rbi_mpr_2026_04_p085_c000"", ""rbi_mpr_2026_04_p108_c001"", ""rbi_mpr_2026_04_p115_c001"", ""rbi_mpr_2026_04_p084_c000"", ""rbi_mpr_2026_04_p083_c004"", ""rbi_mpr_2026_04_p102_c004"", ""rbi_mpr_2026_04_p108_c002"", ""rbi_mpr_2026_04_p080_c000"", ""rbi_mpr_2026_04_p094_c003"", ""rbi_mpr_2026_04_p115_c000"", ""rbi_mpr_2026_04_p101_c001"", ""rbi_mpr_2026_04_p095_c002"", ""rbi_mpr_2026_04_p099_c001"", ""rbi_mpr_2026_04_p089_c001"", ""rbi_mpr_2026_04_p081_c005"", ""rbi_mpr_2026_04_p093_c001"", ""rbi_mpr_2026_04_p082_c003"", ""rbi_mpr_2026_04_p094_c002"", ""rbi_mpr_2026_04_p109_c004"", ""rbi_mpr_2026_04_p109_c000"", ""rbi_mpr_2026_04_p019_c001"", ""rbi_mpr_2026_04_p108_c000"", ""rbi_mpr_2026_04_p102_c001"", ""rbi_mpr_2026_04_p107_c003"", ""rbi_mpr_2026_04_p103_c000"", ""rbi_mpr_2026_04_p087_c004"", ""rbi_mpr_2026_04_p084_c002"", ""rbi_mpr_2026_04_p102_c002"", ""rbi_mpr_2026_04_p105_c003"", ""rbi_mpr_2026_04_p098_c002"", ""rbi_mpr_2026_04_p102_c000"", ""rbi_mpr_2026_04_p100_c000"", ""rbi_mpr_2026_04_p099_c002"", ""rbi_mpr_2026_04_p030_c002"", ""rbi_mpr_2026_04_p086_c000"", ""rbi_mpr_2026_04_p056_c000"", ""rbi_mpr_2026_04_p020_c000"", ""rbi_mpr_2026_04_p100_c001"", ""rbi_mpr_2026_04_p106_c001"", ""rbi_mpr_2026_04_p046_c000"", ""rbi_mpr_2026_04_p085_c003"", ""rbi_mpr_2026_04_p057_c004"", ""rbi_mpr_2026_04_p014_c000"", ""rbi_mpr_2026_04_p021_c002"", ""rbi_mpr_2026_04_p020_c002"", ""rbi_mpr_2026_04_p023_c000"", ""rbi_mpr_2026_04_p103_c003"", ""rbi_mpr_2026_04_p069_c003"", ""rbi_mpr_2026_04_p007_c001"", ""rbi_mpr_2026_04_p103_c001"", ""rbi_mpr_2026_04_p037_c001"", ""rbi_mpr_2026_04_p024_c000"", ""rbi_mpr_2026_04_p090_c000"", ""rbi_mpr_2026_04_p055_c003"", ""rbi_mpr_2026_04_p106_c000"", ""rbi_mpr_2026_04_p053_c000"", ""rbi_mpr_2026_04_p061_c001"", ""rbi_mpr_2026_04_p054_c004"", ""rbi_mpr_2026_04_p014_c004"", ""rbi_mpr_2026_04_p026_c004"", ""rbi_mpr_2026_04_p113_c003"", ""rbi_mpr_2026_04_p092_c000"", ""rbi_mpr_2026_04_p085_c004"", ""rbi_mpr_2026_04_p057_c001""], ""candidate_union_pages"": [92, 82, 87, 102, 83, 101, 115, 91, 83, 95, 95, 81, 107, 94, 82, 86, 79, 5, 83, 94, 82, 79, 85, 108, 115, 84, 83, 102, 108, 80, 94, 115, 101, 95, 99, 89, 81, 93, 82, 94, 109, 109, 19, 108, 102, 107, 103, 87, 84, 102, 105, 98, 102, 100, 99, 30, 86, 56, 20, 100, 106, 46, 85, 57, 14, 21, 20, 23, 103, 69, 7, 103, 37, 24, 90, 55, 106, 53, 61, 54, 14, 26, 113, 92, 85, 57], ""dense_candidate_ids"": [""rbi_mpr_2026_04_p092_c002"", ""rbi_mpr_2026_04_p082_c001"", ""rbi_mpr_2026_04_p087_c000"", ""rbi_mpr_2026_04_p102_c003"", ""rbi_mpr_2026_04_p083_c000"", ""rbi_mpr_2026_04_p101_c002"", ""rbi_mpr_2026_04_p115_c003"", ""rbi_mpr_2026_04_p091_c005"", ""rbi_mpr_2026_04_p083_c001"", ""rbi_mpr_2026_04_p095_c003"", ""rbi_mpr_2026_04_p095_c004"", ""rbi_mpr_2026_04_p081_c006"", ""rbi_mpr_2026_04_p107_c000"", ""rbi_mpr_2026_04_p094_c004"", ""rbi_mpr_2026_04_p082_c000"", ""rbi_mpr_2026_04_p086_c002"", ""rbi_mpr_2026_04_p079_c000"", ""rbi_mpr_2026_04_p005_c003"", ""rbi_mpr_2026_04_p083_c002"", ""rbi_mpr_2026_04_p094_c000"", ""rbi_mpr_2026_04_p082_c002"", ""rbi_mpr_2026_04_p079_c001"", ""rbi_mpr_2026_04_p085_c000"", ""rbi_mpr_2026_04_p108_c001"", ""rbi_mpr_2026_04_p115_c001"", ""rbi_mpr_2026_04_p084_c000"", ""rbi_mpr_2026_04_p083_c004"", ""rbi_mpr_2026_04_p102_c004"", ""rbi_mpr_2026_04_p108_c002"", ""rbi_mpr_2026_04_p080_c000"", ""rbi_mpr_2026_04_p094_c003"", ""rbi_mpr_2026_04_p115_c000"", ""rbi_mpr_2026_04_p101_c001"", ""rbi_mpr_2026_04_p095_c002"", ""rbi_mpr_2026_04_p099_c001"", ""rbi_mpr_2026_04_p089_c001"", ""rbi_mpr_2026_04_p081_c005"", ""rbi_mpr_2026_04_p093_c001"", ""rbi_mpr_2026_04_p082_c003"", ""rbi_mpr_2026_04_p094_c002"", ""rbi_mpr_2026_04_p109_c004"", ""rbi_mpr_2026_04_p109_c000"", ""rbi_mpr_2026_04_p019_c001"", ""rbi_mpr_2026_04_p108_c000"", ""rbi_mpr_2026_04_p102_c001"", ""rbi_mpr_2026_04_p107_c003"", ""rbi_mpr_2026_04_p103_c000"", ""rbi_mpr_2026_04_p087_c004"", ""rbi_mpr_2026_04_p084_c002"", ""rbi_mpr_2026_04_p102_c002""], ""dense_candidate_pages"": [92, 82, 87, 102, 83, 101, 115, 91, 83, 95, 95, 81, 107, 94, 82, 86, 79, 5, 83, 94, 82, 79, 85, 108, 115, 84, 83, 102, 108, 80, 94, 115, 101, 95, 99, 89, 81, 93, 82, 94, 109, 109, 19, 108, 102, 107, 103, 87, 84, 102], ""dense_candidate_scores"": [0.4996169779978685, 0.4772258325237284, 0.4698284705541874, 0.4610729685382313, 0.43541615880092155, 0.43358492037997176, 0.40199611030214766, 0.40023407700645275, 0.39650960215039355, 0.3846407967286347, 0.3825094727462873, 0.3735532674377223, 0.36985365922228464, 0.36827285737518645, 0.3621045396550716, 0.3599108804837766, 0.3596667659372015, 0.35644223699817856, 0.3534283158611645, 0.3492757554647802, 0.34371422592267664, 0.3421519265420748, 0.33351468858304023, 0.33316841007567477, 0.33227165157990846, 0.33131732048907625, 0.33093580721635574, 0.3291767242000565, 0.3198812367609788, 0.31856528570992315, 0.31445221691059355, 0.30895504560616616, 0.3083157200611044, 0.3050922869401427, 0.30068676115899595, 0.300650304135034, 0.2946081740793608, 0.29298922933436033, 0.2922131372658807, 0.2878780810154442, 0.28708909201132027, 0.27616395452772036, 0.27499522241851326, 0.27393826375155705, 0.27208076784398494, 0.2688676607009084, 0.2681180368532937, 0.26404707275562644, 0.26392054791639674, 0.2593420514689613], ""dense_first_evidence_rank"": 18, ""evidence_rank_after_reranking"": 24, ""evidence_rank_before_reranking"": 2, ""expected_evidence"": [""food group where the waning of base effects led to a turnaround from deflation""], ""loss_stage"": ""lost_by_quota"", ""report_id"": ""rbi_mpr_2026_04"", ""reranker_input_ids"": [""rbi_mpr_2026_04_p087_c000"", ""rbi_mpr_2026_04_p005_c003"", ""rbi_mpr_2026_04_p082_c000"", ""rbi_mpr_2026_04_p092_c002"", ""rbi_mpr_2026_04_p079_c000"", ""rbi_mpr_2026_04_p084_c000"", ""rbi_mpr_2026_04_p079_c001"", ""rbi_mpr_2026_04_p094_c004"", ""rbi_mpr_2026_04_p085_c000"", ""rbi_mpr_2026_04_p081_c005"", ""rbi_mpr_2026_04_p081_c006"", ""rbi_mpr_2026_04_p080_c000"", ""rbi_mpr_2026_04_p094_c000"", ""rbi_mpr_2026_04_p103_c000"", ""rbi_mpr_2026_04_p105_c003"", ""rbi_mpr_2026_04_p082_c001"", ""rbi_mpr_2026_04_p098_c002"", ""rbi_mpr_2026_04_p102_c000"", ""rbi_mpr_2026_04_p102_c003"", ""rbi_mpr_2026_04_p100_c000"", ""rbi_mpr_2026_04_p083_c000"", ""rbi_mpr_2026_04_p099_c002"", ""rbi_mpr_2026_04_p101_c002"", ""rbi_mpr_2026_04_p115_c003"", ""rbi_mpr_2026_04_p030_c002"", ""rbi_mpr_2026_04_p091_c005"", ""rbi_mpr_2026_04_p086_c000"", ""rbi_mpr_2026_04_p083_c001"", ""rbi_mpr_2026_04_p095_c003"", ""rbi_mpr_2026_04_p095_c004""], ""reranker_input_pages"": [87, 5, 82, 92, 79, 84, 79, 94, 85, 81, 81, 80, 94, 103, 105, 82, 98, 102, 102, 100, 83, 99, 101, 115, 30, 91, 86, 83, 95, 95], ""reranker_input_ranks"": [1, 2, 3, 4, 5, 6, 7, 8, 9, 10, 11, 12, 13, 14, 15, 16, 17, 18, 19, 20, 21, 22, 23, 24, 25, 26, 27, 28, 29, 30], ""reranker_output_ids"": [""rbi_mpr_2026_04_p082_c000"", ""rbi_mpr_2026_04_p083_c000"", ""rbi_mpr_2026_04_p087_c000"", ""rbi_mpr_2026_04_p094_c000"", ""rbi_mpr_2026_04_p092_c002"", ""rbi_mpr_2026_04_p084_c000"", ""rbi_mpr_2026_04_p079_c000"", ""rbi_mpr_2026_04_p094_c004"", ""rbi_mpr_2026_04_p081_c006"", ""rbi_mpr_2026_04_p091_c005"", ""rbi_mpr_2026_04_p082_c001"", ""rbi_mpr_2026_04_p086_c000"", ""rbi_mpr_2026_04_p102_c000"", ""rbi_mpr_2026_04_p101_c002"", ""rbi_mpr_2026_04_p102_c003"", ""rbi_mpr_2026_04_p079_c001"", ""rbi_mpr_2026_04_p099_c002"", ""rbi_mpr_2026_04_p083_c001"", ""rbi_mpr_2026_04_p080_c000"", ""rbi_mpr_2026_04_p100_c000"", ""rbi_mpr_2026_04_p098_c002"", ""rbi_mpr_2026_04_p105_c003"", ""rbi_mpr_2026_04_p095_c004"", ""rbi_mpr_2026_04_p005_c003"", ""rbi_mpr_2026_04_p085_c000"", ""rbi_mpr_2026_04_p095_c003"", ""rbi_mpr_2026_04_p081_c005"", ""rbi_mpr_2026_04_p103_c000"", ""rbi_mpr_2026_04_p030_c002"", ""rbi_mpr_2026_04_p115_c003""], ""reranker_output_pages"": [82, 83, 87, 94, 92, 84, 79, 94, 81, 91, 82, 86, 102, 101, 102, 79, 99, 83, 80, 100, 98, 105, 95, 5, 85, 95, 81, 103, 30, 115], ""reranker_scores"": [5.328418254852295, 4.777268409729004, 4.617256164550781, 4.471652507781982, 4.131267547607422, 3.566392421722412, 3.333395004272461, 3.125361680984497, 3.0253868103027344, 3.0142126083374023, 2.886040687561035, 2.699141025543213, 2.674567461013794, 2.1491966247558594, 1.7691500186920166, 1.7284519672393799, 1.672241449356079, 1.6200060844421387, 1.4986200332641602, 1.3240966796875, 1.1115951538085938, 1.106882095336914, 0.8877870440483093, 0.8260024785995483, 0.76755690574646, 0.37579435110092163, 0.28756946325302124, -1.1167166233062744, -1.3727302551269531, -1.5107758045196533], ""rrf_candidate_ids"": [""rbi_mpr_2026_04_p087_c000"", ""rbi_mpr_2026_04_p005_c003"", ""rbi_mpr_2026_04_p082_c000"", ""rbi_mpr_2026_04_p092_c002"", ""rbi_mpr_2026_04_p079_c000"", ""rbi_mpr_2026_04_p084_c000"", ""rbi_mpr_2026_04_p079_c001"", ""rbi_mpr_2026_04_p094_c004"", ""rbi_mpr_2026_04_p085_c000"", ""rbi_mpr_2026_04_p081_c005"", ""rbi_mpr_2026_04_p081_c006"", ""rbi_mpr_2026_04_p080_c000"", ""rbi_mpr_2026_04_p094_c000"", ""rbi_mpr_2026_04_p103_c000"", ""rbi_mpr_2026_04_p105_c003"", ""rbi_mpr_2026_04_p082_c001"", ""rbi_mpr_2026_04_p098_c002"", ""rbi_mpr_2026_04_p102_c000"", ""rbi_mpr_2026_04_p102_c003"", ""rbi_mpr_2026_04_p100_c000"", ""rbi_mpr_2026_04_p083_c000"", ""rbi_mpr_2026_04_p099_c002"", ""rbi_mpr_2026_04_p101_c002"", ""rbi_mpr_2026_04_p115_c003"", ""rbi_mpr_2026_04_p030_c002"", ""rbi_mpr_2026_04_p091_c005"", ""rbi_mpr_2026_04_p086_c000"", ""rbi_mpr_2026_04_p083_c001"", ""rbi_mpr_2026_04_p095_c003"", ""rbi_mpr_2026_04_p095_c004""], ""rrf_candidate_pages"": [87, 5, 82, 92, 79, 84, 79, 94, 85, 81, 81, 80, 94, 103, 105, 82, 98, 102, 102, 100, 83, 99, 101, 115, 30, 91, 86, 83, 95, 95], ""rrf_first_evidence_rank"": 2, ""rrf_scores"": [0.031024531024531024, 0.027313266443701224, 0.027222222222222224, 0.026597524255603883, 0.026144907723855092, 0.02591362126245847, 0.025708635464733027, 0.024877149877149878, 0.024706420619185605, 0.024007908487501763, 0.02369281045751634, 0.021749408983451537, 0.02159090909090909, 0.01852010631912887, 0.01639344262295082, 0.016129032258064516, 0.016129032258064516, 0.015873015873015872, 0.015625, 0.015625, 0.015384615384615385, 0.015384615384615385, 0.015151515151515152, 0.014925373134328358, 0.014925373134328358, 0.014705882352941176, 0.014705882352941176, 0.014492753623188406, 0.014285714285714285, 0.014084507042253521], ""selected_chunk_ids_after_dedup"": [""rbi_mpr_2026_04_p082_c000"", ""rbi_mpr_2026_04_p083_c000"", ""rbi_mpr_2026_04_p087_c000""], ""selected_chunk_ids_before_dedup"": [""rbi_mpr_2026_04_p082_c000"", ""rbi_mpr_2026_04_p083_c000"", ""rbi_mpr_2026_04_p087_c000""], ""selected_pages"": [82, 83, 87]}}","{""rbi_mpr_2025_10"": true, ""rbi_mpr_2026_04"": false}","{""rbi_mpr_2025_10"": 0.3333333333333333, ""rbi_mpr_2026_04"": 0.0}",[],"[""2025"", ""2026""]",0.1297999988310039,pairwise_comparison,cmp_dev_005,"[""Compare""]",0.0,"{""rbi_mpr_2025_10"": 3, ""rbi_mpr_2026_04"": 3}",1.0,"[""rbi_mpr_2025_10"", ""rbi_mpr_2026_04""]",3557.4689999921247,0.14800000644754618,5820,6,0.006100002792663872,dev,3641.5762999968138,6
False,5.432199992355891,0.2556999970693141,False,04a5ce7716e7f739c55089569953118657c56d931da37da67b3f680d0125b949,0,0.015700003132224083,bf7cf18e02abb87a6e22fe9b686d8f93fa34ceb3f67abc575741c0a63080b56d,0.23710000095888972,67.74569999834057,0,1464,0.0,[],RRF_K60,[],0.21449998894240707,d063b65fcefc1858e3315b9e67356a80310b8ae9b4d0864e98dd7c18d8553c1a,0.25,Compare the monetary-policy actions described in October 2025 and April 2026.,Compare the monetary-policy actions described in October 2025 and April 2026.,"{""rbi_mpr_2025_10"": {""accepted_evidence_found"": true, ""accepted_pages"": [10], ""bm25_candidate_ids"": [""rbi_mpr_2025_10_p013_c004"", ""rbi_mpr_2025_10_p096_c004"", ""rbi_mpr_2025_10_p070_c003"", ""rbi_mpr_2025_10_p013_c002"", ""rbi_mpr_2025_10_p074_c000"", ""rbi_mpr_2025_10_p066_c000"", ""rbi_mpr_2025_10_p013_c003"", ""rbi_mpr_2025_10_p032_c000"", ""rbi_mpr_2025_10_p010_c005"", ""rbi_mpr_2025_10_p097_c004"", ""rbi_mpr_2025_10_p068_c000"", ""rbi_mpr_2025_10_p102_c000"", ""rbi_mpr_2025_10_p013_c000"", ""rbi_mpr_2025_10_p010_c000"", ""rbi_mpr_2025_10_p024_c000"", ""rbi_mpr_2025_10_p097_c003"", ""rbi_mpr_2025_10_p009_c005"", ""rbi_mpr_2025_10_p012_c001"", ""rbi_mpr_2025_10_p105_c003"", ""rbi_mpr_2025_10_p095_c003"", ""rbi_mpr_2025_10_p010_c002"", ""rbi_mpr_2025_10_p099_c000"", ""rbi_mpr_2025_10_p103_c001"", ""rbi_mpr_2025_10_p064_c000"", ""rbi_mpr_2025_10_p040_c000"", ""rbi_mpr_2025_10_p079_c000"", ""rbi_mpr_2025_10_p009_c002"", ""rbi_mpr_2025_10_p064_c005"", ""rbi_mpr_2025_10_p024_c001"", ""rbi_mpr_2025_10_p030_c000"", ""rbi_mpr_2025_10_p099_c002"", ""rbi_mpr_2025_10_p096_c000"", ""rbi_mpr_2025_10_p025_c000"", ""rbi_mpr_2025_10_p087_c000"", ""rbi_mpr_2025_10_p071_c001"", ""rbi_mpr_2025_10_p038_c000"", ""rbi_mpr_2025_10_p034_c000"", ""rbi_mpr_2025_10_p010_c001"", ""rbi_mpr_2025_10_p009_c001"", ""rbi_mpr_2025_10_p076_c000"", ""rbi_mpr_2025_10_p080_c001"", ""rbi_mpr_2025_10_p036_c003"", ""rbi_mpr_2025_10_p042_c000"", ""rbi_mpr_2025_10_p084_c000"", ""rbi_mpr_2025_10_p060_c000"", ""rbi_mpr_2025_10_p063_c000"", ""rbi_mpr_2025_10_p099_c001"", ""rbi_mpr_2025_10_p009_c003"", ""rbi_mpr_2025_10_p066_c001"", ""rbi_mpr_2025_10_p046_c000""], ""bm25_candidate_pages"": [13, 96, 70, 13, 74, 66, 13, 32, 10, 97, 68, 102, 13, 10, 24, 97, 9, 12, 105, 95, 10, 99, 103, 64, 40, 79, 9, 64, 24, 30, 99, 96, 25, 87, 71, 38, 34, 10, 9, 76, 80, 36, 42, 84, 60, 63, 99, 9, 66, 46], ""bm25_candidate_scores"": [null, null, null, null, null, null, null, null, null, null, null, null, null, null, null, null, null, null, null, null, null, null, null, null, null, null, null, null, null, null, null, null, null, null, null, null, null, null, null, null, null, null, null, null, null, null, null, null, null, null], ""bm25_first_evidence_rank"": 9, ""candidate_source_expansion"": {""rbi_mpr_2025_10_p003_c000"": [], ""rbi_mpr_2025_10_p009_c000"": [], ""rbi_mpr_2025_10_p009_c001"": [], ""rbi_mpr_2025_10_p009_c002"": [], ""rbi_mpr_2025_10_p009_c003"": [], ""rbi_mpr_2025_10_p009_c005"": [], ""rbi_mpr_2025_10_p010_c000"": [], ""rbi_mpr_2025_10_p010_c001"": [], ""rbi_mpr_2025_10_p010_c002"": [], ""rbi_mpr_2025_10_p010_c005"": [], ""rbi_mpr_2025_10_p011_c000"": [], ""rbi_mpr_2025_10_p011_c001"": [], ""rbi_mpr_2025_10_p011_c002"": [], ""rbi_mpr_2025_10_p011_c003"": [], ""rbi_mpr_2025_10_p012_c001"": [], ""rbi_mpr_2025_10_p013_c000"": [], ""rbi_mpr_2025_10_p013_c002"": [], ""rbi_mpr_2025_10_p013_c003"": [], ""rbi_mpr_2025_10_p013_c004"": [], ""rbi_mpr_2025_10_p014_c000"": [], ""rbi_mpr_2025_10_p014_c001"": [], ""rbi_mpr_2025_10_p015_c001"": [], ""rbi_mpr_2025_10_p015_c002"": [], ""rbi_mpr_2025_10_p019_c001"": [], ""rbi_mpr_2025_10_p024_c000"": [], ""rbi_mpr_2025_10_p024_c001"": [], ""rbi_mpr_2025_10_p024_c003"": [], ""rbi_mpr_2025_10_p025_c000"": [], ""rbi_mpr_2025_10_p025_c003"": [], ""rbi_mpr_2025_10_p030_c000"": [], ""rbi_mpr_2025_10_p032_c000"": [], ""rbi_mpr_2025_10_p032_c001"": [], ""rbi_mpr_2025_10_p033_c002"": [], ""rbi_mpr_2025_10_p034_c000"": [], ""rbi_mpr_2025_10_p036_c000"": [], ""rbi_mpr_2025_10_p036_c003"": [], ""rbi_mpr_2025_10_p038_c000"": [], ""rbi_mpr_2025_10_p040_c000"": [], ""rbi_mpr_2025_10_p041_c003"": [], ""rbi_mpr_2025_10_p041_c004"": [], ""rbi_mpr_2025_10_p042_c000"": [], ""rbi_mpr_2025_10_p046_c000"": [], ""rbi_mpr_2025_10_p060_c000"": [], ""rbi_mpr_2025_10_p063_c000"": [], ""rbi_mpr_2025_10_p064_c000"": [], ""rbi_mpr_2025_10_p064_c005"": [], ""rbi_mpr_2025_10_p066_c000"": [], ""rbi_mpr_2025_10_p066_c001"": [], ""rbi_mpr_2025_10_p068_c000"": [], ""rbi_mpr_2025_10_p069_c005"": [], ""rbi_mpr_2025_10_p070_c000"": [], ""rbi_mpr_2025_10_p070_c003"": [], ""rbi_mpr_2025_10_p071_c001"": [], ""rbi_mpr_2025_10_p072_c000"": [], ""rbi_mpr_2025_10_p074_c000"": [], ""rbi_mpr_2025_10_p076_c000"": [], ""rbi_mpr_2025_10_p079_c000"": [], ""rbi_mpr_2025_10_p080_c001"": [], ""rbi_mpr_2025_10_p084_c000"": [], ""rbi_mpr_2025_10_p087_c000"": [], ""rbi_mpr_2025_10_p094_c000"": [], ""rbi_mpr_2025_10_p095_c002"": [], ""rbi_mpr_2025_10_p095_c003"": [], ""rbi_mpr_2025_10_p096_c000"": [], ""rbi_mpr_2025_10_p096_c004"": [], ""rbi_mpr_2025_10_p097_c003"": [], ""rbi_mpr_2025_10_p097_c004"": [], ""rbi_mpr_2025_10_p098_c000"": [], ""rbi_mpr_2025_10_p098_c002"": [], ""rbi_mpr_2025_10_p099_c000"": [], ""rbi_mpr_2025_10_p099_c001"": [], ""rbi_mpr_2025_10_p099_c002"": [], ""rbi_mpr_2025_10_p102_c000"": [], ""rbi_mpr_2025_10_p102_c001"": [], ""rbi_mpr_2025_10_p103_c000"": [], ""rbi_mpr_2025_10_p103_c001"": [], ""rbi_mpr_2025_10_p103_c002"": [], ""rbi_mpr_2025_10_p103_c003"": [], ""rbi_mpr_2025_10_p104_c000"": [], ""rbi_mpr_2025_10_p104_c001"": [], ""rbi_mpr_2025_10_p105_c003"": [], ""rbi_mpr_2025_10_p110_c000"": [], ""rbi_mpr_2026_04_p003_c000"": [], ""rbi_mpr_2026_04_p005_c003"": [], ""rbi_mpr_2026_04_p007_c001"": [], ""rbi_mpr_2026_04_p013_c003"": [], ""rbi_mpr_2026_04_p013_c004"": [], ""rbi_mpr_2026_04_p014_c000"": [], ""rbi_mpr_2026_04_p020_c000"": [], ""rbi_mpr_2026_04_p020_c001"": [], ""rbi_mpr_2026_04_p020_c002"": [], ""rbi_mpr_2026_04_p021_c000"": [], ""rbi_mpr_2026_04_p021_c002"": [], ""rbi_mpr_2026_04_p022_c000"": [], ""rbi_mpr_2026_04_p023_c000"": [], ""rbi_mpr_2026_04_p023_c001"": [], ""rbi_mpr_2026_04_p024_c000"": [], ""rbi_mpr_2026_04_p025_c001"": [], ""rbi_mpr_2026_04_p026_c004"": [], ""rbi_mpr_2026_04_p030_c002"": [], ""rbi_mpr_2026_04_p034_c000"": [], ""rbi_mpr_2026_04_p046_c000"": [], ""rbi_mpr_2026_04_p053_c000"": [], ""rbi_mpr_2026_04_p054_c004"": [], ""rbi_mpr_2026_04_p055_c003"": [], ""rbi_mpr_2026_04_p056_c000"": [], ""rbi_mpr_2026_04_p057_c001"": [], ""rbi_mpr_2026_04_p057_c004"": [], ""rbi_mpr_2026_04_p060_c000"": [], ""rbi_mpr_2026_04_p069_c003"": [], ""rbi_mpr_2026_04_p079_c000"": [], ""rbi_mpr_2026_04_p079_c001"": [], ""rbi_mpr_2026_04_p080_c000"": [], ""rbi_mpr_2026_04_p081_c005"": [], ""rbi_mpr_2026_04_p081_c006"": [], ""rbi_mpr_2026_04_p082_c000"": [], ""rbi_mpr_2026_04_p082_c002"": [], ""rbi_mpr_2026_04_p084_c000"": [], ""rbi_mpr_2026_04_p085_c000"": [], ""rbi_mpr_2026_04_p085_c002"": [], ""rbi_mpr_2026_04_p085_c003"": [], ""rbi_mpr_2026_04_p085_c004"": [], ""rbi_mpr_2026_04_p086_c000"": [], ""rbi_mpr_2026_04_p087_c000"": [], ""rbi_mpr_2026_04_p090_c000"": [], ""rbi_mpr_2026_04_p091_c005"": [], ""rbi_mpr_2026_04_p092_c000"": [], ""rbi_mpr_2026_04_p092_c002"": [], ""rbi_mpr_2026_04_p094_c004"": [], ""rbi_mpr_2026_04_p095_c003"": [], ""rbi_mpr_2026_04_p098_c002"": [], ""rbi_mpr_2026_04_p099_c002"": [], ""rbi_mpr_2026_04_p100_c000"": [], ""rbi_mpr_2026_04_p100_c001"": [], ""rbi_mpr_2026_04_p100_c002"": [], ""rbi_mpr_2026_04_p101_c000"": [], ""rbi_mpr_2026_04_p101_c002"": [], ""rbi_mpr_2026_04_p101_c005"": [], ""rbi_mpr_2026_04_p102_c000"": [], ""rbi_mpr_2026_04_p102_c002"": [], ""rbi_mpr_2026_04_p102_c003"": [], ""rbi_mpr_2026_04_p102_c004"": [], ""rbi_mpr_2026_04_p103_c000"": [], ""rbi_mpr_2026_04_p103_c001"": [], ""rbi_mpr_2026_04_p103_c002"": [], ""rbi_mpr_2026_04_p103_c003"": [], ""rbi_mpr_2026_04_p103_c004"": [], ""rbi_mpr_2026_04_p104_c000"": [], ""rbi_mpr_2026_04_p104_c001"": [], ""rbi_mpr_2026_04_p104_c002"": [], ""rbi_mpr_2026_04_p104_c003"": [], ""rbi_mpr_2026_04_p104_c004"": [], ""rbi_mpr_2026_04_p104_c005"": [], ""rbi_mpr_2026_04_p105_c003"": [], ""rbi_mpr_2026_04_p106_c000"": [], ""rbi_mpr_2026_04_p106_c001"": [], ""rbi_mpr_2026_04_p107_c000"": [], ""rbi_mpr_2026_04_p107_c003"": [], ""rbi_mpr_2026_04_p108_c000"": [], ""rbi_mpr_2026_04_p108_c002"": [], ""rbi_mpr_2026_04_p109_c003"": [], ""rbi_mpr_2026_04_p109_c004"": [], ""rbi_mpr_2026_04_p110_c000"": [], ""rbi_mpr_2026_04_p113_c003"": [], ""rbi_mpr_2026_04_p115_c003"": [], ""rbi_mpr_2026_04_p116_c000"": []}, ""candidate_source_facet"": {""rbi_mpr_2025_10_p003_c000"": [], ""rbi_mpr_2025_10_p009_c000"": [], ""rbi_mpr_2025_10_p009_c001"": [], ""rbi_mpr_2025_10_p009_c002"": [], ""rbi_mpr_2025_10_p009_c003"": [], ""rbi_mpr_2025_10_p009_c005"": [], ""rbi_mpr_2025_10_p010_c000"": [], ""rbi_mpr_2025_10_p010_c001"": [], ""rbi_mpr_2025_10_p010_c002"": [], ""rbi_mpr_2025_10_p010_c005"": [], ""rbi_mpr_2025_10_p011_c000"": [], ""rbi_mpr_2025_10_p011_c001"": [], ""rbi_mpr_2025_10_p011_c002"": [], ""rbi_mpr_2025_10_p011_c003"": [], ""rbi_mpr_2025_10_p012_c001"": [], ""rbi_mpr_2025_10_p013_c000"": [], ""rbi_mpr_2025_10_p013_c002"": [], ""rbi_mpr_2025_10_p013_c003"": [], ""rbi_mpr_2025_10_p013_c004"": [], ""rbi_mpr_2025_10_p014_c000"": [], ""rbi_mpr_2025_10_p014_c001"": [], ""rbi_mpr_2025_10_p015_c001"": [], ""rbi_mpr_2025_10_p015_c002"": [], ""rbi_mpr_2025_10_p019_c001"": [], ""rbi_mpr_2025_10_p024_c000"": [], ""rbi_mpr_2025_10_p024_c001"": [], ""rbi_mpr_2025_10_p024_c003"": [], ""rbi_mpr_2025_10_p025_c000"": [], ""rbi_mpr_2025_10_p025_c003"": [], ""rbi_mpr_2025_10_p030_c000"": [], ""rbi_mpr_2025_10_p032_c000"": [], ""rbi_mpr_2025_10_p032_c001"": [], ""rbi_mpr_2025_10_p033_c002"": [], ""rbi_mpr_2025_10_p034_c000"": [], ""rbi_mpr_2025_10_p036_c000"": [], ""rbi_mpr_2025_10_p036_c003"": [], ""rbi_mpr_2025_10_p038_c000"": [], ""rbi_mpr_2025_10_p040_c000"": [], ""rbi_mpr_2025_10_p041_c003"": [], ""rbi_mpr_2025_10_p041_c004"": [], ""rbi_mpr_2025_10_p042_c000"": [], ""rbi_mpr_2025_10_p046_c000"": [], ""rbi_mpr_2025_10_p060_c000"": [], ""rbi_mpr_2025_10_p063_c000"": [], ""rbi_mpr_2025_10_p064_c000"": [], ""rbi_mpr_2025_10_p064_c005"": [], ""rbi_mpr_2025_10_p066_c000"": [], ""rbi_mpr_2025_10_p066_c001"": [], ""rbi_mpr_2025_10_p068_c000"": [], ""rbi_mpr_2025_10_p069_c005"": [], ""rbi_mpr_2025_10_p070_c000"": [], ""rbi_mpr_2025_10_p070_c003"": [], ""rbi_mpr_2025_10_p071_c001"": [], ""rbi_mpr_2025_10_p072_c000"": [], ""rbi_mpr_2025_10_p074_c000"": [], ""rbi_mpr_2025_10_p076_c000"": [], ""rbi_mpr_2025_10_p079_c000"": [], ""rbi_mpr_2025_10_p080_c001"": [], ""rbi_mpr_2025_10_p084_c000"": [], ""rbi_mpr_2025_10_p087_c000"": [], ""rbi_mpr_2025_10_p094_c000"": [], ""rbi_mpr_2025_10_p095_c002"": [], ""rbi_mpr_2025_10_p095_c003"": [], ""rbi_mpr_2025_10_p096_c000"": [], ""rbi_mpr_2025_10_p096_c004"": [], ""rbi_mpr_2025_10_p097_c003"": [], ""rbi_mpr_2025_10_p097_c004"": [], ""rbi_mpr_2025_10_p098_c000"": [], ""rbi_mpr_2025_10_p098_c002"": [], ""rbi_mpr_2025_10_p099_c000"": [], ""rbi_mpr_2025_10_p099_c001"": [], ""rbi_mpr_2025_10_p099_c002"": [], ""rbi_mpr_2025_10_p102_c000"": [], ""rbi_mpr_2025_10_p102_c001"": [], ""rbi_mpr_2025_10_p103_c000"": [], ""rbi_mpr_2025_10_p103_c001"": [], ""rbi_mpr_2025_10_p103_c002"": [], ""rbi_mpr_2025_10_p103_c003"": [], ""rbi_mpr_2025_10_p104_c000"": [], ""rbi_mpr_2025_10_p104_c001"": [], ""rbi_mpr_2025_10_p105_c003"": [], ""rbi_mpr_2025_10_p110_c000"": [], ""rbi_mpr_2026_04_p003_c000"": [], ""rbi_mpr_2026_04_p005_c003"": [], ""rbi_mpr_2026_04_p007_c001"": [], ""rbi_mpr_2026_04_p013_c003"": [], ""rbi_mpr_2026_04_p013_c004"": [], ""rbi_mpr_2026_04_p014_c000"": [], ""rbi_mpr_2026_04_p020_c000"": [], ""rbi_mpr_2026_04_p020_c001"": [], ""rbi_mpr_2026_04_p020_c002"": [], ""rbi_mpr_2026_04_p021_c000"": [], ""rbi_mpr_2026_04_p021_c002"": [], ""rbi_mpr_2026_04_p022_c000"": [], ""rbi_mpr_2026_04_p023_c000"": [], ""rbi_mpr_2026_04_p023_c001"": [], ""rbi_mpr_2026_04_p024_c000"": [], ""rbi_mpr_2026_04_p025_c001"": [], ""rbi_mpr_2026_04_p026_c004"": [], ""rbi_mpr_2026_04_p030_c002"": [], ""rbi_mpr_2026_04_p034_c000"": [], ""rbi_mpr_2026_04_p046_c000"": [], ""rbi_mpr_2026_04_p053_c000"": [], ""rbi_mpr_2026_04_p054_c004"": [], ""rbi_mpr_2026_04_p055_c003"": [], ""rbi_mpr_2026_04_p056_c000"": [], ""rbi_mpr_2026_04_p057_c001"": [], ""rbi_mpr_2026_04_p057_c004"": [], ""rbi_mpr_2026_04_p060_c000"": [], ""rbi_mpr_2026_04_p069_c003"": [], ""rbi_mpr_2026_04_p079_c000"": [], ""rbi_mpr_2026_04_p079_c001"": [], ""rbi_mpr_2026_04_p080_c000"": [], ""rbi_mpr_2026_04_p081_c005"": [], ""rbi_mpr_2026_04_p081_c006"": [], ""rbi_mpr_2026_04_p082_c000"": [], ""rbi_mpr_2026_04_p082_c002"": [], ""rbi_mpr_2026_04_p084_c000"": [], ""rbi_mpr_2026_04_p085_c000"": [], ""rbi_mpr_2026_04_p085_c002"": [], ""rbi_mpr_2026_04_p085_c003"": [], ""rbi_mpr_2026_04_p085_c004"": [], ""rbi_mpr_2026_04_p086_c000"": [], ""rbi_mpr_2026_04_p087_c000"": [], ""rbi_mpr_2026_04_p090_c000"": [], ""rbi_mpr_2026_04_p091_c005"": [], ""rbi_mpr_2026_04_p092_c000"": [], ""rbi_mpr_2026_04_p092_c002"": [], ""rbi_mpr_2026_04_p094_c004"": [], ""rbi_mpr_2026_04_p095_c003"": [], ""rbi_mpr_2026_04_p098_c002"": [], ""rbi_mpr_2026_04_p099_c002"": [], ""rbi_mpr_2026_04_p100_c000"": [], ""rbi_mpr_2026_04_p100_c001"": [], ""rbi_mpr_2026_04_p100_c002"": [], ""rbi_mpr_2026_04_p101_c000"": [], ""rbi_mpr_2026_04_p101_c002"": [], ""rbi_mpr_2026_04_p101_c005"": [], ""rbi_mpr_2026_04_p102_c000"": [], ""rbi_mpr_2026_04_p102_c002"": [], ""rbi_mpr_2026_04_p102_c003"": [], ""rbi_mpr_2026_04_p102_c004"": [], ""rbi_mpr_2026_04_p103_c000"": [], ""rbi_mpr_2026_04_p103_c001"": [], ""rbi_mpr_2026_04_p103_c002"": [], ""rbi_mpr_2026_04_p103_c003"": [], ""rbi_mpr_2026_04_p103_c004"": [], ""rbi_mpr_2026_04_p104_c000"": [], ""rbi_mpr_2026_04_p104_c001"": [], ""rbi_mpr_2026_04_p104_c002"": [], ""rbi_mpr_2026_04_p104_c003"": [], ""rbi_mpr_2026_04_p104_c004"": [], ""rbi_mpr_2026_04_p104_c005"": [], ""rbi_mpr_2026_04_p105_c003"": [], ""rbi_mpr_2026_04_p106_c000"": [], ""rbi_mpr_2026_04_p106_c001"": [], ""rbi_mpr_2026_04_p107_c000"": [], ""rbi_mpr_2026_04_p107_c003"": [], ""rbi_mpr_2026_04_p108_c000"": [], ""rbi_mpr_2026_04_p108_c002"": [], ""rbi_mpr_2026_04_p109_c003"": [], ""rbi_mpr_2026_04_p109_c004"": [], ""rbi_mpr_2026_04_p110_c000"": [], ""rbi_mpr_2026_04_p113_c003"": [], ""rbi_mpr_2026_04_p115_c003"": [], ""rbi_mpr_2026_04_p116_c000"": []}, ""candidate_source_query"": {""rbi_mpr_2025_10_p003_c000"": [""Compare the monetary-policy actions described in October 2025 and April 2026.""], ""rbi_mpr_2025_10_p009_c000"": [""Compare the monetary-policy actions described in October 2025 and April 2026.""], ""rbi_mpr_2025_10_p009_c001"": [""Compare the monetary-policy actions described in October 2025 and April 2026.""], ""rbi_mpr_2025_10_p009_c002"": [""Compare the monetary-policy actions described in October 2025 and April 2026.""], ""rbi_mpr_2025_10_p009_c003"": [""Compare the monetary-policy actions described in October 2025 and April 2026.""], ""rbi_mpr_2025_10_p009_c005"": [""Compare the monetary-policy actions described in October 2025 and April 2026.""], ""rbi_mpr_2025_10_p010_c000"": [""Compare the monetary-policy actions described in October 2025 and April 2026.""], ""rbi_mpr_2025_10_p010_c001"": [""Compare the monetary-policy actions described in October 2025 and April 2026.""], ""rbi_mpr_2025_10_p010_c002"": [""Compare the monetary-policy actions described in October 2025 and April 2026.""], ""rbi_mpr_2025_10_p010_c005"": [""Compare the monetary-policy actions described in October 2025 and April 2026.""], ""rbi_mpr_2025_10_p011_c000"": [""Compare the monetary-policy actions described in October 2025 and April 2026.""], ""rbi_mpr_2025_10_p011_c001"": [""Compare the monetary-policy actions described in October 2025 and April 2026.""], ""rbi_mpr_2025_10_p011_c002"": [""Compare the monetary-policy actions described in October 2025 and April 2026.""], ""rbi_mpr_2025_10_p011_c003"": [""Compare the monetary-policy actions described in October 2025 and April 2026.""], ""rbi_mpr_2025_10_p012_c001"": [""Compare the monetary-policy actions described in October 2025 and April 2026.""], ""rbi_mpr_2025_10_p013_c000"": [""Compare the monetary-policy actions described in October 2025 and April 2026.""], ""rbi_mpr_2025_10_p013_c002"": [""Compare the monetary-policy actions described in October 2025 and April 2026.""], ""rbi_mpr_2025_10_p013_c003"": [""Compare the monetary-policy actions described in October 2025 and April 2026.""], ""rbi_mpr_2025_10_p013_c004"": [""Compare the monetary-policy actions described in October 2025 and April 2026.""], ""rbi_mpr_2025_10_p014_c000"": [""Compare the monetary-policy actions described in October 2025 and April 2026.""], ""rbi_mpr_2025_10_p014_c001"": [""Compare the monetary-policy actions described in October 2025 and April 2026.""], ""rbi_mpr_2025_10_p015_c001"": [""Compare the monetary-policy actions described in October 2025 and April 2026.""], ""rbi_mpr_2025_10_p015_c002"": [""Compare the monetary-policy actions described in October 2025 and April 2026.""], ""rbi_mpr_2025_10_p019_c001"": [""Compare the monetary-policy actions described in October 2025 and April 2026.""], ""rbi_mpr_2025_10_p024_c000"": [""Compare the monetary-policy actions described in October 2025 and April 2026.""], ""rbi_mpr_2025_10_p024_c001"": [""Compare the monetary-policy actions described in October 2025 and April 2026.""], ""rbi_mpr_2025_10_p024_c003"": [""Compare the monetary-policy actions described in October 2025 and April 2026.""], ""rbi_mpr_2025_10_p025_c000"": [""Compare the monetary-policy actions described in October 2025 and April 2026.""], ""rbi_mpr_2025_10_p025_c003"": [""Compare the monetary-policy actions described in October 2025 and April 2026.""], ""rbi_mpr_2025_10_p030_c000"": [""Compare the monetary-policy actions described in October 2025 and April 2026.""], ""rbi_mpr_2025_10_p032_c000"": [""Compare the monetary-policy actions described in October 2025 and April 2026.""], ""rbi_mpr_2025_10_p032_c001"": [""Compare the monetary-policy actions described in October 2025 and April 2026.""], ""rbi_mpr_2025_10_p033_c002"": [""Compare the monetary-policy actions described in October 2025 and April 2026.""], ""rbi_mpr_2025_10_p034_c000"": [""Compare the monetary-policy actions described in October 2025 and April 2026.""], ""rbi_mpr_2025_10_p036_c000"": [""Compare the monetary-policy actions described in October 2025 and April 2026.""], ""rbi_mpr_2025_10_p036_c003"": [""Compare the monetary-policy actions described in October 2025 and April 2026.""], ""rbi_mpr_2025_10_p038_c000"": [""Compare the monetary-policy actions described in October 2025 and April 2026.""], ""rbi_mpr_2025_10_p040_c000"": [""Compare the monetary-policy actions described in October 2025 and April 2026.""], ""rbi_mpr_2025_10_p041_c003"": [""Compare the monetary-policy actions described in October 2025 and April 2026.""], ""rbi_mpr_2025_10_p041_c004"": [""Compare the monetary-policy actions described in October 2025 and April 2026.""], ""rbi_mpr_2025_10_p042_c000"": [""Compare the monetary-policy actions described in October 2025 and April 2026.""], ""rbi_mpr_2025_10_p046_c000"": [""Compare the monetary-policy actions described in October 2025 and April 2026.""], ""rbi_mpr_2025_10_p060_c000"": [""Compare the monetary-policy actions described in October 2025 and April 2026.""], ""rbi_mpr_2025_10_p063_c000"": [""Compare the monetary-policy actions described in October 2025 and April 2026.""], ""rbi_mpr_2025_10_p064_c000"": [""Compare the monetary-policy actions described in October 2025 and April 2026.""], ""rbi_mpr_2025_10_p064_c005"": [""Compare the monetary-policy actions described in October 2025 and April 2026.""], ""rbi_mpr_2025_10_p066_c000"": [""Compare the monetary-policy actions described in October 2025 and April 2026.""], ""rbi_mpr_2025_10_p066_c001"": [""Compare the monetary-policy actions described in October 2025 and April 2026.""], ""rbi_mpr_2025_10_p068_c000"": [""Compare the monetary-policy actions described in October 2025 and April 2026.""], ""rbi_mpr_2025_10_p069_c005"": [""Compare the monetary-policy actions described in October 2025 and April 2026.""], ""rbi_mpr_2025_10_p070_c000"": [""Compare the monetary-policy actions described in October 2025 and April 2026.""], ""rbi_mpr_2025_10_p070_c003"": [""Compare the monetary-policy actions described in October 2025 and April 2026.""], ""rbi_mpr_2025_10_p071_c001"": [""Compare the monetary-policy actions described in October 2025 and April 2026.""], ""rbi_mpr_2025_10_p072_c000"": [""Compare the monetary-policy actions described in October 2025 and April 2026.""], ""rbi_mpr_2025_10_p074_c000"": [""Compare the monetary-policy actions described in October 2025 and April 2026.""], ""rbi_mpr_2025_10_p076_c000"": [""Compare the monetary-policy actions described in October 2025 and April 2026.""], ""rbi_mpr_2025_10_p079_c000"": [""Compare the monetary-policy actions described in October 2025 and April 2026.""], ""rbi_mpr_2025_10_p080_c001"": [""Compare the monetary-policy actions described in October 2025 and April 2026.""], ""rbi_mpr_2025_10_p084_c000"": [""Compare the monetary-policy actions described in October 2025 and April 2026.""], ""rbi_mpr_2025_10_p087_c000"": [""Compare the monetary-policy actions described in October 2025 and April 2026.""], ""rbi_mpr_2025_10_p094_c000"": [""Compare the monetary-policy actions described in October 2025 and April 2026.""], ""rbi_mpr_2025_10_p095_c002"": [""Compare the monetary-policy actions described in October 2025 and April 2026.""], ""rbi_mpr_2025_10_p095_c003"": [""Compare the monetary-policy actions described in October 2025 and April 2026.""], ""rbi_mpr_2025_10_p096_c000"": [""Compare the monetary-policy actions described in October 2025 and April 2026.""], ""rbi_mpr_2025_10_p096_c004"": [""Compare the monetary-policy actions described in October 2025 and April 2026.""], ""rbi_mpr_2025_10_p097_c003"": [""Compare the monetary-policy actions described in October 2025 and April 2026.""], ""rbi_mpr_2025_10_p097_c004"": [""Compare the monetary-policy actions described in October 2025 and April 2026.""], ""rbi_mpr_2025_10_p098_c000"": [""Compare the monetary-policy actions described in October 2025 and April 2026.""], ""rbi_mpr_2025_10_p098_c002"": [""Compare the monetary-policy actions described in October 2025 and April 2026.""], ""rbi_mpr_2025_10_p099_c000"": [""Compare the monetary-policy actions described in October 2025 and April 2026.""], ""rbi_mpr_2025_10_p099_c001"": [""Compare the monetary-policy actions described in October 2025 and April 2026.""], ""rbi_mpr_2025_10_p099_c002"": [""Compare the monetary-policy actions described in October 2025 and April 2026.""], ""rbi_mpr_2025_10_p102_c000"": [""Compare the monetary-policy actions described in October 2025 and April 2026.""], ""rbi_mpr_2025_10_p102_c001"": [""Compare the monetary-policy actions described in October 2025 and April 2026.""], ""rbi_mpr_2025_10_p103_c000"": [""Compare the monetary-policy actions described in October 2025 and April 2026.""], ""rbi_mpr_2025_10_p103_c001"": [""Compare the monetary-policy actions described in October 2025 and April 2026.""], ""rbi_mpr_2025_10_p103_c002"": [""Compare the monetary-policy actions described in October 2025 and April 2026.""], ""rbi_mpr_2025_10_p103_c003"": [""Compare the monetary-policy actions described in October 2025 and April 2026.""], ""rbi_mpr_2025_10_p104_c000"": [""Compare the monetary-policy actions described in October 2025 and April 2026.""], ""rbi_mpr_2025_10_p104_c001"": [""Compare the monetary-policy actions described in October 2025 and April 2026.""], ""rbi_mpr_2025_10_p105_c003"": [""Compare the monetary-policy actions described in October 2025 and April 2026.""], ""rbi_mpr_2025_10_p110_c000"": [""Compare the monetary-policy actions described in October 2025 and April 2026.""], ""rbi_mpr_2026_04_p003_c000"": [""Compare the monetary-policy actions described in October 2025 and April 2026.""], ""rbi_mpr_2026_04_p005_c003"": [""Compare the monetary-policy actions described in October 2025 and April 2026.""], ""rbi_mpr_2026_04_p007_c001"": [""Compare the monetary-policy actions described in October 2025 and April 2026.""], ""rbi_mpr_2026_04_p013_c003"": [""Compare the monetary-policy actions described in October 2025 and April 2026.""], ""rbi_mpr_2026_04_p013_c004"": [""Compare the monetary-policy actions described in October 2025 and April 2026.""], ""rbi_mpr_2026_04_p014_c000"": [""Compare the monetary-policy actions described in October 2025 and April 2026.""], ""rbi_mpr_2026_04_p020_c000"": [""Compare the monetary-policy actions described in October 2025 and April 2026.""], ""rbi_mpr_2026_04_p020_c001"": [""Compare the monetary-policy actions described in October 2025 and April 2026.""], ""rbi_mpr_2026_04_p020_c002"": [""Compare the monetary-policy actions described in October 2025 and April 2026.""], ""rbi_mpr_2026_04_p021_c000"": [""Compare the monetary-policy actions described in October 2025 and April 2026.""], ""rbi_mpr_2026_04_p021_c002"": [""Compare the monetary-policy actions described in October 2025 and April 2026.""], ""rbi_mpr_2026_04_p022_c000"": [""Compare the monetary-policy actions described in October 2025 and April 2026.""], ""rbi_mpr_2026_04_p023_c000"": [""Compare the monetary-policy actions described in October 2025 and April 2026.""], ""rbi_mpr_2026_04_p023_c001"": [""Compare the monetary-policy actions described in October 2025 and April 2026.""], ""rbi_mpr_2026_04_p024_c000"": [""Compare the monetary-policy actions described in October 2025 and April 2026.""], ""rbi_mpr_2026_04_p025_c001"": [""Compare the monetary-policy actions described in October 2025 and April 2026.""], ""rbi_mpr_2026_04_p026_c004"": [""Compare the monetary-policy actions described in October 2025 and April 2026.""], ""rbi_mpr_2026_04_p030_c002"": [""Compare the monetary-policy actions described in October 2025 and April 2026.""], ""rbi_mpr_2026_04_p034_c000"": [""Compare the monetary-policy actions described in October 2025 and April 2026.""], ""rbi_mpr_2026_04_p046_c000"": [""Compare the monetary-policy actions described in October 2025 and April 2026.""], ""rbi_mpr_2026_04_p053_c000"": [""Compare the monetary-policy actions described in October 2025 and April 2026.""], ""rbi_mpr_2026_04_p054_c004"": [""Compare the monetary-policy actions described in October 2025 and April 2026.""], ""rbi_mpr_2026_04_p055_c003"": [""Compare the monetary-policy actions described in October 2025 and April 2026.""], ""rbi_mpr_2026_04_p056_c000"": [""Compare the monetary-policy actions described in October 2025 and April 2026.""], ""rbi_mpr_2026_04_p057_c001"": [""Compare the monetary-policy actions described in October 2025 and April 2026.""], ""rbi_mpr_2026_04_p057_c004"": [""Compare the monetary-policy actions described in October 2025 and April 2026.""], ""rbi_mpr_2026_04_p060_c000"": [""Compare the monetary-policy actions described in October 2025 and April 2026.""], ""rbi_mpr_2026_04_p069_c003"": [""Compare the monetary-policy actions described in October 2025 and April 2026.""], ""rbi_mpr_2026_04_p079_c000"": [""Compare the monetary-policy actions described in October 2025 and April 2026.""], ""rbi_mpr_2026_04_p079_c001"": [""Compare the monetary-policy actions described in October 2025 and April 2026.""], ""rbi_mpr_2026_04_p080_c000"": [""Compare the monetary-policy actions described in October 2025 and April 2026.""], ""rbi_mpr_2026_04_p081_c005"": [""Compare the monetary-policy actions described in October 2025 and April 2026.""], ""rbi_mpr_2026_04_p081_c006"": [""Compare the monetary-policy actions described in October 2025 and April 2026.""], ""rbi_mpr_2026_04_p082_c000"": [""Compare the monetary-policy actions described in October 2025 and April 2026.""], ""rbi_mpr_2026_04_p082_c002"": [""Compare the monetary-policy actions described in October 2025 and April 2026.""], ""rbi_mpr_2026_04_p084_c000"": [""Compare the monetary-policy actions described in October 2025 and April 2026.""], ""rbi_mpr_2026_04_p085_c000"": [""Compare the monetary-policy actions described in October 2025 and April 2026.""], ""rbi_mpr_2026_04_p085_c002"": [""Compare the monetary-policy actions described in October 2025 and April 2026.""], ""rbi_mpr_2026_04_p085_c003"": [""Compare the monetary-policy actions described in October 2025 and April 2026.""], ""rbi_mpr_2026_04_p085_c004"": [""Compare the monetary-policy actions described in October 2025 and April 2026.""], ""rbi_mpr_2026_04_p086_c000"": [""Compare the monetary-policy actions described in October 2025 and April 2026.""], ""rbi_mpr_2026_04_p087_c000"": [""Compare the monetary-policy actions described in October 2025 and April 2026.""], ""rbi_mpr_2026_04_p090_c000"": [""Compare the monetary-policy actions described in October 2025 and April 2026.""], ""rbi_mpr_2026_04_p091_c005"": [""Compare the monetary-policy actions described in October 2025 and April 2026.""], ""rbi_mpr_2026_04_p092_c000"": [""Compare the monetary-policy actions described in October 2025 and April 2026.""], ""rbi_mpr_2026_04_p092_c002"": [""Compare the monetary-policy actions described in October 2025 and April 2026.""], ""rbi_mpr_2026_04_p094_c004"": [""Compare the monetary-policy actions described in October 2025 and April 2026.""], ""rbi_mpr_2026_04_p095_c003"": [""Compare the monetary-policy actions described in October 2025 and April 2026.""], ""rbi_mpr_2026_04_p098_c002"": [""Compare the monetary-policy actions described in October 2025 and April 2026.""], ""rbi_mpr_2026_04_p099_c002"": [""Compare the monetary-policy actions described in October 2025 and April 2026.""], ""rbi_mpr_2026_04_p100_c000"": [""Compare the monetary-policy actions described in October 2025 and April 2026.""], ""rbi_mpr_2026_04_p100_c001"": [""Compare the monetary-policy actions described in October 2025 and April 2026.""], ""rbi_mpr_2026_04_p100_c002"": [""Compare the monetary-policy actions described in October 2025 and April 2026.""], ""rbi_mpr_2026_04_p101_c000"": [""Compare the monetary-policy actions described in October 2025 and April 2026.""], ""rbi_mpr_2026_04_p101_c002"": [""Compare the monetary-policy actions described in October 2025 and April 2026.""], ""rbi_mpr_2026_04_p101_c005"": [""Compare the monetary-policy actions described in October 2025 and April 2026.""], ""rbi_mpr_2026_04_p102_c000"": [""Compare the monetary-policy actions described in October 2025 and April 2026.""], ""rbi_mpr_2026_04_p102_c002"": [""Compare the monetary-policy actions described in October 2025 and April 2026.""], ""rbi_mpr_2026_04_p102_c003"": [""Compare the monetary-policy actions described in October 2025 and April 2026.""], ""rbi_mpr_2026_04_p102_c004"": [""Compare the monetary-policy actions described in October 2025 and April 2026.""], ""rbi_mpr_2026_04_p103_c000"": [""Compare the monetary-policy actions described in October 2025 and April 2026.""], ""rbi_mpr_2026_04_p103_c001"": [""Compare the monetary-policy actions described in October 2025 and April 2026.""], ""rbi_mpr_2026_04_p103_c002"": [""Compare the monetary-policy actions described in October 2025 and April 2026.""], ""rbi_mpr_2026_04_p103_c003"": [""Compare the monetary-policy actions described in October 2025 and April 2026.""], ""rbi_mpr_2026_04_p103_c004"": [""Compare the monetary-policy actions described in October 2025 and April 2026.""], ""rbi_mpr_2026_04_p104_c000"": [""Compare the monetary-policy actions described in October 2025 and April 2026.""], ""rbi_mpr_2026_04_p104_c001"": [""Compare the monetary-policy actions described in October 2025 and April 2026.""], ""rbi_mpr_2026_04_p104_c002"": [""Compare the monetary-policy actions described in October 2025 and April 2026.""], ""rbi_mpr_2026_04_p104_c003"": [""Compare the monetary-policy actions described in October 2025 and April 2026.""], ""rbi_mpr_2026_04_p104_c004"": [""Compare the monetary-policy actions described in October 2025 and April 2026.""], ""rbi_mpr_2026_04_p104_c005"": [""Compare the monetary-policy actions described in October 2025 and April 2026.""], ""rbi_mpr_2026_04_p105_c003"": [""Compare the monetary-policy actions described in October 2025 and April 2026.""], ""rbi_mpr_2026_04_p106_c000"": [""Compare the monetary-policy actions described in October 2025 and April 2026.""], ""rbi_mpr_2026_04_p106_c001"": [""Compare the monetary-policy actions described in October 2025 and April 2026.""], ""rbi_mpr_2026_04_p107_c000"": [""Compare the monetary-policy actions described in October 2025 and April 2026.""], ""rbi_mpr_2026_04_p107_c003"": [""Compare the monetary-policy actions described in October 2025 and April 2026.""], ""rbi_mpr_2026_04_p108_c000"": [""Compare the monetary-policy actions described in October 2025 and April 2026.""], ""rbi_mpr_2026_04_p108_c002"": [""Compare the monetary-policy actions described in October 2025 and April 2026.""], ""rbi_mpr_2026_04_p109_c003"": [""Compare the monetary-policy actions described in October 2025 and April 2026.""], ""rbi_mpr_2026_04_p109_c004"": [""Compare the monetary-policy actions described in October 2025 and April 2026.""], ""rbi_mpr_2026_04_p110_c000"": [""Compare the monetary-policy actions described in October 2025 and April 2026.""], ""rbi_mpr_2026_04_p113_c003"": [""Compare the monetary-policy actions described in October 2025 and April 2026.""], ""rbi_mpr_2026_04_p115_c003"": [""Compare the monetary-policy actions described in October 2025 and April 2026.""], ""rbi_mpr_2026_04_p116_c000"": [""Compare the monetary-policy actions described in October 2025 and April 2026.""]}, ""candidate_source_retriever"": {""rbi_mpr_2025_10_p003_c000"": [""dense""], ""rbi_mpr_2025_10_p009_c000"": [""dense""], ""rbi_mpr_2025_10_p009_c001"": [""bm25"", ""dense""], ""rbi_mpr_2025_10_p009_c002"": [""bm25""], ""rbi_mpr_2025_10_p009_c003"": [""bm25""], ""rbi_mpr_2025_10_p009_c005"": [""bm25""], ""rbi_mpr_2025_10_p010_c000"": [""bm25"", ""dense""], ""rbi_mpr_2025_10_p010_c001"": [""bm25"", ""dense""], ""rbi_mpr_2025_10_p010_c002"": [""bm25"", ""dense""], ""rbi_mpr_2025_10_p010_c005"": [""bm25"", ""dense""], ""rbi_mpr_2025_10_p011_c000"": [""dense""], ""rbi_mpr_2025_10_p011_c001"": [""dense""], ""rbi_mpr_2025_10_p011_c002"": [""dense""], ""rbi_mpr_2025_10_p011_c003"": [""dense""], ""rbi_mpr_2025_10_p012_c001"": [""bm25""], ""rbi_mpr_2025_10_p013_c000"": [""bm25""], ""rbi_mpr_2025_10_p013_c002"": [""bm25""], ""rbi_mpr_2025_10_p013_c003"": [""bm25"", ""dense""], ""rbi_mpr_2025_10_p013_c004"": [""bm25"", ""dense""], ""rbi_mpr_2025_10_p014_c000"": [""dense""], ""rbi_mpr_2025_10_p014_c001"": [""dense""], ""rbi_mpr_2025_10_p015_c001"": [""dense""], ""rbi_mpr_2025_10_p015_c002"": [""dense""], ""rbi_mpr_2025_10_p019_c001"": [""dense""], ""rbi_mpr_2025_10_p024_c000"": [""bm25"", ""dense""], ""rbi_mpr_2025_10_p024_c001"": [""bm25""], ""rbi_mpr_2025_10_p024_c003"": [""dense""], ""rbi_mpr_2025_10_p025_c000"": [""bm25"", ""dense""], ""rbi_mpr_2025_10_p025_c003"": [""dense""], ""rbi_mpr_2025_10_p030_c000"": [""bm25""], ""rbi_mpr_2025_10_p032_c000"": [""bm25"", ""dense""], ""rbi_mpr_2025_10_p032_c001"": [""dense""], ""rbi_mpr_2025_10_p033_c002"": [""dense""], ""rbi_mpr_2025_10_p034_c000"": [""bm25"", ""dense""], ""rbi_mpr_2025_10_p036_c000"": [""dense""], ""rbi_mpr_2025_10_p036_c003"": [""bm25""], ""rbi_mpr_2025_10_p038_c000"": [""bm25"", ""dense""], ""rbi_mpr_2025_10_p040_c000"": [""bm25""], ""rbi_mpr_2025_10_p041_c003"": [""dense""], ""rbi_mpr_2025_10_p041_c004"": [""dense""], ""rbi_mpr_2025_10_p042_c000"": [""bm25""], ""rbi_mpr_2025_10_p046_c000"": [""bm25""], ""rbi_mpr_2025_10_p060_c000"": [""bm25""], ""rbi_mpr_2025_10_p063_c000"": [""bm25""], ""rbi_mpr_2025_10_p064_c000"": [""bm25""], ""rbi_mpr_2025_10_p064_c005"": [""bm25""], ""rbi_mpr_2025_10_p066_c000"": [""bm25"", ""dense""], ""rbi_mpr_2025_10_p066_c001"": [""bm25""], ""rbi_mpr_2025_10_p068_c000"": [""bm25""], ""rbi_mpr_2025_10_p069_c005"": [""dense""], ""rbi_mpr_2025_10_p070_c000"": [""dense""], ""rbi_mpr_2025_10_p070_c003"": [""bm25""], ""rbi_mpr_2025_10_p071_c001"": [""bm25""], ""rbi_mpr_2025_10_p072_c000"": [""dense""], ""rbi_mpr_2025_10_p074_c000"": [""bm25"", ""dense""], ""rbi_mpr_2025_10_p076_c000"": [""bm25""], ""rbi_mpr_2025_10_p079_c000"": [""bm25""], ""rbi_mpr_2025_10_p080_c001"": [""bm25"", ""dense""], ""rbi_mpr_2025_10_p084_c000"": [""bm25""], ""rbi_mpr_2025_10_p087_c000"": [""bm25""], ""rbi_mpr_2025_10_p094_c000"": [""dense""], ""rbi_mpr_2025_10_p095_c002"": [""dense""], ""rbi_mpr_2025_10_p095_c003"": [""bm25""], ""rbi_mpr_2025_10_p096_c000"": [""bm25"", ""dense""], ""rbi_mpr_2025_10_p096_c004"": [""bm25"", ""dense""], ""rbi_mpr_2025_10_p097_c003"": [""bm25""], ""rbi_mpr_2025_10_p097_c004"": [""bm25""], ""rbi_mpr_2025_10_p098_c000"": [""dense""], ""rbi_mpr_2025_10_p098_c002"": [""dense""], ""rbi_mpr_2025_10_p099_c000"": [""bm25""], ""rbi_mpr_2025_10_p099_c001"": [""bm25""], ""rbi_mpr_2025_10_p099_c002"": [""bm25""], ""rbi_mpr_2025_10_p102_c000"": [""bm25"", ""dense""], ""rbi_mpr_2025_10_p102_c001"": [""dense""], ""rbi_mpr_2025_10_p103_c000"": [""dense""], ""rbi_mpr_2025_10_p103_c001"": [""bm25""], ""rbi_mpr_2025_10_p103_c002"": [""dense""], ""rbi_mpr_2025_10_p103_c003"": [""dense""], ""rbi_mpr_2025_10_p104_c000"": [""dense""], ""rbi_mpr_2025_10_p104_c001"": [""dense""], ""rbi_mpr_2025_10_p105_c003"": [""bm25""], ""rbi_mpr_2025_10_p110_c000"": [""dense""], ""rbi_mpr_2026_04_p003_c000"": [""dense""], ""rbi_mpr_2026_04_p005_c003"": [""bm25""], ""rbi_mpr_2026_04_p007_c001"": [""bm25"", ""dense""], ""rbi_mpr_2026_04_p013_c003"": [""dense""], ""rbi_mpr_2026_04_p013_c004"": [""dense""], ""rbi_mpr_2026_04_p014_c000"": [""bm25"", ""dense""], ""rbi_mpr_2026_04_p020_c000"": [""bm25"", ""dense""], ""rbi_mpr_2026_04_p020_c001"": [""dense""], ""rbi_mpr_2026_04_p020_c002"": [""bm25""], ""rbi_mpr_2026_04_p021_c000"": [""dense""], ""rbi_mpr_2026_04_p021_c002"": [""bm25"", ""dense""], ""rbi_mpr_2026_04_p022_c000"": [""dense""], ""rbi_mpr_2026_04_p023_c000"": [""bm25""], ""rbi_mpr_2026_04_p023_c001"": [""dense""], ""rbi_mpr_2026_04_p024_c000"": [""bm25"", ""dense""], ""rbi_mpr_2026_04_p025_c001"": [""dense""], ""rbi_mpr_2026_04_p026_c004"": [""bm25""], ""rbi_mpr_2026_04_p030_c002"": [""bm25""], ""rbi_mpr_2026_04_p034_c000"": [""dense""], ""rbi_mpr_2026_04_p046_c000"": [""bm25""], ""rbi_mpr_2026_04_p053_c000"": [""bm25""], ""rbi_mpr_2026_04_p054_c004"": [""bm25""], ""rbi_mpr_2026_04_p055_c003"": [""bm25""], ""rbi_mpr_2026_04_p056_c000"": [""bm25"", ""dense""], ""rbi_mpr_2026_04_p057_c001"": [""bm25""], ""rbi_mpr_2026_04_p057_c004"": [""bm25""], ""rbi_mpr_2026_04_p060_c000"": [""dense""], ""rbi_mpr_2026_04_p069_c003"": [""bm25""], ""rbi_mpr_2026_04_p079_c000"": [""bm25""], ""rbi_mpr_2026_04_p079_c001"": [""bm25""], ""rbi_mpr_2026_04_p080_c000"": [""bm25"", ""dense""], ""rbi_mpr_2026_04_p081_c005"": [""bm25""], ""rbi_mpr_2026_04_p081_c006"": [""bm25""], ""rbi_mpr_2026_04_p082_c000"": [""bm25"", ""dense""], ""rbi_mpr_2026_04_p082_c002"": [""dense""], ""rbi_mpr_2026_04_p084_c000"": [""bm25""], ""rbi_mpr_2026_04_p085_c000"": [""bm25""], ""rbi_mpr_2026_04_p085_c002"": [""bm25""], ""rbi_mpr_2026_04_p085_c003"": [""bm25""], ""rbi_mpr_2026_04_p085_c004"": [""bm25""], ""rbi_mpr_2026_04_p086_c000"": [""bm25""], ""rbi_mpr_2026_04_p087_c000"": [""bm25""], ""rbi_mpr_2026_04_p090_c000"": [""bm25""], ""rbi_mpr_2026_04_p091_c005"": [""dense""], ""rbi_mpr_2026_04_p092_c000"": [""bm25""], ""rbi_mpr_2026_04_p092_c002"": [""bm25"", ""dense""], ""rbi_mpr_2026_04_p094_c004"": [""bm25""], ""rbi_mpr_2026_04_p095_c003"": [""dense""], ""rbi_mpr_2026_04_p098_c002"": [""bm25""], ""rbi_mpr_2026_04_p099_c002"": [""bm25""], ""rbi_mpr_2026_04_p100_c000"": [""bm25"", ""dense""], ""rbi_mpr_2026_04_p100_c001"": [""bm25"", ""dense""], ""rbi_mpr_2026_04_p100_c002"": [""dense""], ""rbi_mpr_2026_04_p101_c000"": [""dense""], ""rbi_mpr_2026_04_p101_c002"": [""dense""], ""rbi_mpr_2026_04_p101_c005"": [""bm25""], ""rbi_mpr_2026_04_p102_c000"": [""bm25"", ""dense""], ""rbi_mpr_2026_04_p102_c002"": [""bm25"", ""dense""], ""rbi_mpr_2026_04_p102_c003"": [""dense""], ""rbi_mpr_2026_04_p102_c004"": [""dense""], ""rbi_mpr_2026_04_p103_c000"": [""bm25"", ""dense""], ""rbi_mpr_2026_04_p103_c001"": [""bm25"", ""dense""], ""rbi_mpr_2026_04_p103_c002"": [""dense""], ""rbi_mpr_2026_04_p103_c003"": [""bm25"", ""dense""], ""rbi_mpr_2026_04_p103_c004"": [""dense""], ""rbi_mpr_2026_04_p104_c000"": [""dense""], ""rbi_mpr_2026_04_p104_c001"": [""dense""], ""rbi_mpr_2026_04_p104_c002"": [""dense""], ""rbi_mpr_2026_04_p104_c003"": [""dense""], ""rbi_mpr_2026_04_p104_c004"": [""dense""], ""rbi_mpr_2026_04_p104_c005"": [""dense""], ""rbi_mpr_2026_04_p105_c003"": [""bm25""], ""rbi_mpr_2026_04_p106_c000"": [""bm25""], ""rbi_mpr_2026_04_p106_c001"": [""bm25""], ""rbi_mpr_2026_04_p107_c000"": [""bm25""], ""rbi_mpr_2026_04_p107_c003"": [""dense""], ""rbi_mpr_2026_04_p108_c000"": [""dense""], ""rbi_mpr_2026_04_p108_c002"": [""dense""], ""rbi_mpr_2026_04_p109_c003"": [""dense""], ""rbi_mpr_2026_04_p109_c004"": [""dense""], ""rbi_mpr_2026_04_p110_c000"": [""dense""], ""rbi_mpr_2026_04_p113_c003"": [""bm25""], ""rbi_mpr_2026_04_p115_c003"": [""dense""], ""rbi_mpr_2026_04_p116_c000"": [""dense""]}, ""candidate_union_ids"": [""rbi_mpr_2025_10_p010_c000"", ""rbi_mpr_2025_10_p009_c001"", ""rbi_mpr_2025_10_p034_c000"", ""rbi_mpr_2025_10_p014_c000"", ""rbi_mpr_2025_10_p010_c002"", ""rbi_mpr_2025_10_p103_c003"", ""rbi_mpr_2025_10_p104_c000"", ""rbi_mpr_2025_10_p096_c004"", ""rbi_mpr_2025_10_p041_c003"", ""rbi_mpr_2025_10_p102_c000"", ""rbi_mpr_2025_10_p015_c002"", ""rbi_mpr_2025_10_p110_c000"", ""rbi_mpr_2025_10_p066_c000"", ""rbi_mpr_2025_10_p011_c002"", ""rbi_mpr_2025_10_p009_c000"", ""rbi_mpr_2025_10_p013_c004"", ""rbi_mpr_2025_10_p003_c000"", ""rbi_mpr_2025_10_p011_c000"", ""rbi_mpr_2025_10_p074_c000"", ""rbi_mpr_2025_10_p103_c000"", ""rbi_mpr_2025_10_p096_c000"", ""rbi_mpr_2025_10_p025_c003"", ""rbi_mpr_2025_10_p013_c003"", ""rbi_mpr_2025_10_p011_c001"", ""rbi_mpr_2025_10_p033_c002"", ""rbi_mpr_2025_10_p010_c001"", ""rbi_mpr_2025_10_p038_c000"", ""rbi_mpr_2025_10_p010_c005"", ""rbi_mpr_2025_10_p014_c001"", ""rbi_mpr_2025_10_p032_c000"", ""rbi_mpr_2025_10_p094_c000"", ""rbi_mpr_2025_10_p104_c001"", ""rbi_mpr_2025_10_p095_c002"", ""rbi_mpr_2025_10_p025_c000"", ""rbi_mpr_2025_10_p070_c000"", ""rbi_mpr_2025_10_p011_c003"", ""rbi_mpr_2025_10_p098_c000"", ""rbi_mpr_2025_10_p103_c002"", ""rbi_mpr_2025_10_p102_c001"", ""rbi_mpr_2025_10_p098_c002"", ""rbi_mpr_2025_10_p080_c001"", ""rbi_mpr_2025_10_p032_c001"", ""rbi_mpr_2025_10_p024_c000"", ""rbi_mpr_2025_10_p036_c000"", ""rbi_mpr_2025_10_p041_c004"", ""rbi_mpr_2025_10_p024_c003"", ""rbi_mpr_2025_10_p069_c005"", ""rbi_mpr_2025_10_p015_c001"", ""rbi_mpr_2025_10_p019_c001"", ""rbi_mpr_2025_10_p072_c000"", ""rbi_mpr_2025_10_p070_c003"", ""rbi_mpr_2025_10_p013_c002"", ""rbi_mpr_2025_10_p097_c004"", ""rbi_mpr_2025_10_p068_c000"", ""rbi_mpr_2025_10_p013_c000"", ""rbi_mpr_2025_10_p097_c003"", ""rbi_mpr_2025_10_p009_c005"", ""rbi_mpr_2025_10_p012_c001"", ""rbi_mpr_2025_10_p105_c003"", ""rbi_mpr_2025_10_p095_c003"", ""rbi_mpr_2025_10_p099_c000"", ""rbi_mpr_2025_10_p103_c001"", ""rbi_mpr_2025_10_p064_c000"", ""rbi_mpr_2025_10_p040_c000"", ""rbi_mpr_2025_10_p079_c000"", ""rbi_mpr_2025_10_p009_c002"", ""rbi_mpr_2025_10_p064_c005"", ""rbi_mpr_2025_10_p024_c001"", ""rbi_mpr_2025_10_p030_c000"", ""rbi_mpr_2025_10_p099_c002"", ""rbi_mpr_2025_10_p087_c000"", ""rbi_mpr_2025_10_p071_c001"", ""rbi_mpr_2025_10_p076_c000"", ""rbi_mpr_2025_10_p036_c003"", ""rbi_mpr_2025_10_p042_c000"", ""rbi_mpr_2025_10_p084_c000"", ""rbi_mpr_2025_10_p060_c000"", ""rbi_mpr_2025_10_p063_c000"", ""rbi_mpr_2025_10_p099_c001"", ""rbi_mpr_2025_10_p009_c003"", ""rbi_mpr_2025_10_p066_c001"", ""rbi_mpr_2025_10_p046_c000""], ""candidate_union_pages"": [10, 9, 34, 14, 10, 103, 104, 96, 41, 102, 15, 110, 66, 11, 9, 13, 3, 11, 74, 103, 96, 25, 13, 11, 33, 10, 38, 10, 14, 32, 94, 104, 95, 25, 70, 11, 98, 103, 102, 98, 80, 32, 24, 36, 41, 24, 69, 15, 19, 72, 70, 13, 97, 68, 13, 97, 9, 12, 105, 95, 99, 103, 64, 40, 79, 9, 64, 24, 30, 99, 87, 71, 76, 36, 42, 84, 60, 63, 99, 9, 66, 46], ""dense_candidate_ids"": [""rbi_mpr_2025_10_p010_c000"", ""rbi_mpr_2025_10_p009_c001"", ""rbi_mpr_2025_10_p034_c000"", ""rbi_mpr_2025_10_p014_c000"", ""rbi_mpr_2025_10_p010_c002"", ""rbi_mpr_2025_10_p103_c003"", ""rbi_mpr_2025_10_p104_c000"", ""rbi_mpr_2025_10_p096_c004"", ""rbi_mpr_2025_10_p041_c003"", ""rbi_mpr_2025_10_p102_c000"", ""rbi_mpr_2025_10_p015_c002"", ""rbi_mpr_2025_10_p110_c000"", ""rbi_mpr_2025_10_p066_c000"", ""rbi_mpr_2025_10_p011_c002"", ""rbi_mpr_2025_10_p009_c000"", ""rbi_mpr_2025_10_p013_c004"", ""rbi_mpr_2025_10_p003_c000"", ""rbi_mpr_2025_10_p011_c000"", ""rbi_mpr_2025_10_p074_c000"", ""rbi_mpr_2025_10_p103_c000"", ""rbi_mpr_2025_10_p096_c000"", ""rbi_mpr_2025_10_p025_c003"", ""rbi_mpr_2025_10_p013_c003"", ""rbi_mpr_2025_10_p011_c001"", ""rbi_mpr_2025_10_p033_c002"", ""rbi_mpr_2025_10_p010_c001"", ""rbi_mpr_2025_10_p038_c000"", ""rbi_mpr_2025_10_p010_c005"", ""rbi_mpr_2025_10_p014_c001"", ""rbi_mpr_2025_10_p032_c000"", ""rbi_mpr_2025_10_p094_c000"", ""rbi_mpr_2025_10_p104_c001"", ""rbi_mpr_2025_10_p095_c002"", ""rbi_mpr_2025_10_p025_c000"", ""rbi_mpr_2025_10_p070_c000"", ""rbi_mpr_2025_10_p011_c003"", ""rbi_mpr_2025_10_p098_c000"", ""rbi_mpr_2025_10_p103_c002"", ""rbi_mpr_2025_10_p102_c001"", ""rbi_mpr_2025_10_p098_c002"", ""rbi_mpr_2025_10_p080_c001"", ""rbi_mpr_2025_10_p032_c001"", ""rbi_mpr_2025_10_p024_c000"", ""rbi_mpr_2025_10_p036_c000"", ""rbi_mpr_2025_10_p041_c004"", ""rbi_mpr_2025_10_p024_c003"", ""rbi_mpr_2025_10_p069_c005"", ""rbi_mpr_2025_10_p015_c001"", ""rbi_mpr_2025_10_p019_c001"", ""rbi_mpr_2025_10_p072_c000""], ""dense_candidate_pages"": [10, 9, 34, 14, 10, 103, 104, 96, 41, 102, 15, 110, 66, 11, 9, 13, 3, 11, 74, 103, 96, 25, 13, 11, 33, 10, 38, 10, 14, 32, 94, 104, 95, 25, 70, 11, 98, 103, 102, 98, 80, 32, 24, 36, 41, 24, 69, 15, 19, 72], ""dense_candidate_scores"": [0.4758940764044812, 0.43685357706938555, 0.43493884574153563, 0.43032060481595447, 0.42295105976643055, 0.40717376634801405, 0.4037911445802267, 0.40043132425748373, 0.39382147615236873, 0.39139015090232077, 0.38028386626382105, 0.36760870733635187, 0.35338570539731995, 0.3522907724198555, 0.35219328675924977, 0.3489518569339739, 0.34600920611779185, 0.3405098010303934, 0.33716747164978245, 0.33339098758266084, 0.33179813173688855, 0.3264029979527061, 0.32611580932695283, 0.3246787703801254, 0.32091893431816554, 0.3159123944772535, 0.31202940532394485, 0.30594913237036914, 0.3050262428285262, 0.30383466712742613, 0.30323057634771955, 0.3026416162866282, 0.3022831573400431, 0.29852774669717697, 0.29736360859445754, 0.2968518615598382, 0.2964365886614604, 0.2953437630264214, 0.294003746124866, 0.29390094996134797, 0.2916549444042025, 0.29152799809648766, 0.28658147536785505, 0.2850503646551513, 0.28450903053287735, 0.28338177092260497, 0.28025262030176223, 0.27874839927840844, 0.275593623373671, 0.27543422399260276], ""dense_first_evidence_rank"": 1, ""evidence_rank_after_reranking"": 2, ""evidence_rank_before_reranking"": 2, ""expected_evidence"": [""bringing the repo rate down to 5.5 per cent""], ""loss_stage"": ""evidence_found"", ""report_id"": ""rbi_mpr_2025_10"", ""reranker_input_ids"": [""rbi_mpr_2025_10_p096_c004"", ""rbi_mpr_2025_10_p010_c000"", ""rbi_mpr_2025_10_p013_c004"", ""rbi_mpr_2025_10_p066_c000"", ""rbi_mpr_2025_10_p102_c000"", ""rbi_mpr_2025_10_p074_c000"", ""rbi_mpr_2025_10_p010_c002"", ""rbi_mpr_2025_10_p013_c003"", ""rbi_mpr_2025_10_p009_c001"", ""rbi_mpr_2025_10_p034_c000"", ""rbi_mpr_2025_10_p010_c005"", ""rbi_mpr_2025_10_p032_c000"", ""rbi_mpr_2025_10_p096_c000"", ""rbi_mpr_2025_10_p024_c000"", ""rbi_mpr_2025_10_p038_c000"", ""rbi_mpr_2025_10_p010_c001"", ""rbi_mpr_2025_10_p025_c000"", ""rbi_mpr_2025_10_p080_c001"", ""rbi_mpr_2025_10_p070_c003"", ""rbi_mpr_2025_10_p014_c000"", ""rbi_mpr_2025_10_p013_c002"", ""rbi_mpr_2025_10_p103_c003"", ""rbi_mpr_2025_10_p104_c000"", ""rbi_mpr_2025_10_p041_c003"", ""rbi_mpr_2025_10_p097_c004"", ""rbi_mpr_2025_10_p015_c002"", ""rbi_mpr_2025_10_p068_c000"", ""rbi_mpr_2025_10_p110_c000"", ""rbi_mpr_2025_10_p013_c000"", ""rbi_mpr_2025_10_p011_c002""], ""reranker_input_pages"": [96, 10, 13, 66, 102, 74, 10, 13, 9, 34, 10, 32, 96, 24, 38, 10, 25, 80, 70, 14, 13, 103, 104, 41, 97, 15, 68, 110, 13, 11], ""reranker_input_ranks"": [1, 2, 3, 4, 5, 6, 7, 8, 9, 10, 11, 12, 13, 14, 15, 16, 17, 18, 19, 20, 21, 22, 23, 24, 25, 26, 27, 28, 29, 30], ""reranker_output_ids"": [""rbi_mpr_2025_10_p066_c000"", ""rbi_mpr_2025_10_p010_c000"", ""rbi_mpr_2025_10_p068_c000"", ""rbi_mpr_2025_10_p032_c000"", ""rbi_mpr_2025_10_p074_c000"", ""rbi_mpr_2025_10_p096_c000"", ""rbi_mpr_2025_10_p102_c000"", ""rbi_mpr_2025_10_p009_c001"", ""rbi_mpr_2025_10_p010_c002"", ""rbi_mpr_2025_10_p010_c001"", ""rbi_mpr_2025_10_p110_c000"", ""rbi_mpr_2025_10_p038_c000"", ""rbi_mpr_2025_10_p034_c000"", ""rbi_mpr_2025_10_p104_c000"", ""rbi_mpr_2025_10_p024_c000"", ""rbi_mpr_2025_10_p080_c001"", ""rbi_mpr_2025_10_p011_c002"", ""rbi_mpr_2025_10_p097_c004"", ""rbi_mpr_2025_10_p013_c000"", ""rbi_mpr_2025_10_p025_c000"", ""rbi_mpr_2025_10_p096_c004"", ""rbi_mpr_2025_10_p014_c000"", ""rbi_mpr_2025_10_p013_c004"", ""rbi_mpr_2025_10_p013_c003"", ""rbi_mpr_2025_10_p103_c003"", ""rbi_mpr_2025_10_p015_c002"", ""rbi_mpr_2025_10_p013_c002"", ""rbi_mpr_2025_10_p041_c003"", ""rbi_mpr_2025_10_p010_c005"", ""rbi_mpr_2025_10_p070_c003""], ""reranker_output_pages"": [66, 10, 68, 32, 74, 96, 102, 9, 10, 10, 110, 38, 34, 104, 24, 80, 11, 97, 13, 25, 96, 14, 13, 13, 103, 15, 13, 41, 10, 70], ""reranker_scores"": [7.134629726409912, 6.018325328826904, 5.845012187957764, 5.539185523986816, 5.332447528839111, 5.162501335144043, 4.9556756019592285, 4.87719202041626, 4.770684242248535, 4.694813251495361, 4.593087673187256, 4.337492942810059, 4.336289405822754, 3.901880979537964, 3.5626163482666016, 3.5037360191345215, 1.3275295495986938, 0.9559286832809448, 0.616678774356842, 0.19772571325302124, 0.10917183756828308, -0.0021342411637306213, -0.6187676191329956, -1.1362370252609253, -1.7646675109863281, -2.018167018890381, -2.2119154930114746, -2.7700047492980957, -2.8576982021331787, -4.807496070861816], ""rrf_candidate_ids"": [""rbi_mpr_2025_10_p096_c004"", ""rbi_mpr_2025_10_p010_c000"", ""rbi_mpr_2025_10_p013_c004"", ""rbi_mpr_2025_10_p066_c000"", ""rbi_mpr_2025_10_p102_c000"", ""rbi_mpr_2025_10_p074_c000"", ""rbi_mpr_2025_10_p010_c002"", ""rbi_mpr_2025_10_p013_c003"", ""rbi_mpr_2025_10_p009_c001"", ""rbi_mpr_2025_10_p034_c000"", ""rbi_mpr_2025_10_p010_c005"", ""rbi_mpr_2025_10_p032_c000"", ""rbi_mpr_2025_10_p096_c000"", ""rbi_mpr_2025_10_p024_c000"", ""rbi_mpr_2025_10_p038_c000"", ""rbi_mpr_2025_10_p010_c001"", ""rbi_mpr_2025_10_p025_c000"", ""rbi_mpr_2025_10_p080_c001"", ""rbi_mpr_2025_10_p070_c003"", ""rbi_mpr_2025_10_p014_c000"", ""rbi_mpr_2025_10_p013_c002"", ""rbi_mpr_2025_10_p103_c003"", ""rbi_mpr_2025_10_p104_c000"", ""rbi_mpr_2025_10_p041_c003"", ""rbi_mpr_2025_10_p097_c004"", ""rbi_mpr_2025_10_p015_c002"", ""rbi_mpr_2025_10_p068_c000"", ""rbi_mpr_2025_10_p110_c000"", ""rbi_mpr_2025_10_p013_c000"", ""rbi_mpr_2025_10_p011_c002""], ""rrf_candidate_pages"": [96, 10, 13, 66, 102, 74, 10, 13, 9, 34, 10, 32, 96, 24, 38, 10, 25, 80, 70, 14, 13, 103, 104, 41, 97, 15, 68, 110, 13, 11], ""rrf_first_evidence_rank"": 2, ""rrf_scores"": [0.030834914611005692, 0.029906956136464335, 0.029551337359792925, 0.028850145288501453, 0.02817460317460317, 0.02804284323271665, 0.027730294396961064, 0.026973565905412694, 0.02623004235907462, 0.026182294223531334, 0.025856389986824768, 0.025816993464052286, 0.023215244229736982, 0.023042071197411, 0.021910919540229883, 0.021831988609397245, 0.021390986044383435, 0.019801980198019802, 0.015873015873015872, 0.015625, 0.015625, 0.015151515151515152, 0.014925373134328358, 0.014492753623188406, 0.014285714285714285, 0.014084507042253521, 0.014084507042253521, 0.013888888888888888, 0.0136986301369863, 0.013513513513513514], ""selected_chunk_ids_after_dedup"": [""rbi_mpr_2025_10_p066_c000"", ""rbi_mpr_2025_10_p010_c000"", ""rbi_mpr_2025_10_p068_c000""], ""selected_chunk_ids_before_dedup"": [""rbi_mpr_2025_10_p066_c000"", ""rbi_mpr_2025_10_p010_c000"", ""rbi_mpr_2025_10_p068_c000""], ""selected_pages"": [66, 10, 68]}, ""rbi_mpr_2026_04"": {""accepted_evidence_found"": false, ""accepted_pages"": [26], ""bm25_candidate_ids"": [""rbi_mpr_2026_04_p105_c003"", ""rbi_mpr_2026_04_p098_c002"", ""rbi_mpr_2026_04_p102_c000"", ""rbi_mpr_2026_04_p100_c000"", ""rbi_mpr_2026_04_p099_c002"", ""rbi_mpr_2026_04_p030_c002"", ""rbi_mpr_2026_04_p102_c002"", ""rbi_mpr_2026_04_p005_c003"", ""rbi_mpr_2026_04_p087_c000"", ""rbi_mpr_2026_04_p086_c000"", ""rbi_mpr_2026_04_p084_c000"", ""rbi_mpr_2026_04_p082_c000"", ""rbi_mpr_2026_04_p081_c005"", ""rbi_mpr_2026_04_p020_c000"", ""rbi_mpr_2026_04_p079_c001"", ""rbi_mpr_2026_04_p079_c000"", ""rbi_mpr_2026_04_p056_c000"", ""rbi_mpr_2026_04_p100_c001"", ""rbi_mpr_2026_04_p106_c001"", ""rbi_mpr_2026_04_p085_c003"", ""rbi_mpr_2026_04_p085_c000"", ""rbi_mpr_2026_04_p046_c000"", ""rbi_mpr_2026_04_p020_c002"", ""rbi_mpr_2026_04_p057_c004"", ""rbi_mpr_2026_04_p103_c001"", ""rbi_mpr_2026_04_p014_c000"", ""rbi_mpr_2026_04_p023_c000"", ""rbi_mpr_2026_04_p021_c002"", ""rbi_mpr_2026_04_p069_c003"", ""rbi_mpr_2026_04_p103_c003"", ""rbi_mpr_2026_04_p007_c001"", ""rbi_mpr_2026_04_p080_c000"", ""rbi_mpr_2026_04_p090_c000"", ""rbi_mpr_2026_04_p024_c000"", ""rbi_mpr_2026_04_p106_c000"", ""rbi_mpr_2026_04_p094_c004"", ""rbi_mpr_2026_04_p055_c003"", ""rbi_mpr_2026_04_p026_c004"", ""rbi_mpr_2026_04_p085_c004"", ""rbi_mpr_2026_04_p092_c002"", ""rbi_mpr_2026_04_p113_c003"", ""rbi_mpr_2026_04_p092_c000"", ""rbi_mpr_2026_04_p101_c005"", ""rbi_mpr_2026_04_p053_c000"", ""rbi_mpr_2026_04_p085_c002"", ""rbi_mpr_2026_04_p054_c004"", ""rbi_mpr_2026_04_p107_c000"", ""rbi_mpr_2026_04_p103_c000"", ""rbi_mpr_2026_04_p057_c001"", ""rbi_mpr_2026_04_p081_c006""], ""bm25_candidate_pages"": [105, 98, 102, 100, 99, 30, 102, 5, 87, 86, 84, 82, 81, 20, 79, 79, 56, 100, 106, 85, 85, 46, 20, 57, 103, 14, 23, 21, 69, 103, 7, 80, 90, 24, 106, 94, 55, 26, 85, 92, 113, 92, 101, 53, 85, 54, 107, 103, 57, 81], ""bm25_candidate_scores"": [null, null, null, null, null, null, null, null, null, null, null, null, null, null, null, null, null, null, null, null, null, null, null, null, null, null, null, null, null, null, null, null, null, null, null, null, null, null, null, null, null, null, null, null, null, null, null, null, null, null], ""bm25_first_evidence_rank"": 38, ""candidate_source_expansion"": {""rbi_mpr_2025_10_p003_c000"": [], ""rbi_mpr_2025_10_p009_c000"": [], ""rbi_mpr_2025_10_p009_c001"": [], ""rbi_mpr_2025_10_p009_c002"": [], ""rbi_mpr_2025_10_p009_c003"": [], ""rbi_mpr_2025_10_p009_c005"": [], ""rbi_mpr_2025_10_p010_c000"": [], ""rbi_mpr_2025_10_p010_c001"": [], ""rbi_mpr_2025_10_p010_c002"": [], ""rbi_mpr_2025_10_p010_c005"": [], ""rbi_mpr_2025_10_p011_c000"": [], ""rbi_mpr_2025_10_p011_c001"": [], ""rbi_mpr_2025_10_p011_c002"": [], ""rbi_mpr_2025_10_p011_c003"": [], ""rbi_mpr_2025_10_p012_c001"": [], ""rbi_mpr_2025_10_p013_c000"": [], ""rbi_mpr_2025_10_p013_c002"": [], ""rbi_mpr_2025_10_p013_c003"": [], ""rbi_mpr_2025_10_p013_c004"": [], ""rbi_mpr_2025_10_p014_c000"": [], ""rbi_mpr_2025_10_p014_c001"": [], ""rbi_mpr_2025_10_p015_c001"": [], ""rbi_mpr_2025_10_p015_c002"": [], ""rbi_mpr_2025_10_p019_c001"": [], ""rbi_mpr_2025_10_p024_c000"": [], ""rbi_mpr_2025_10_p024_c001"": [], ""rbi_mpr_2025_10_p024_c003"": [], ""rbi_mpr_2025_10_p025_c000"": [], ""rbi_mpr_2025_10_p025_c003"": [], ""rbi_mpr_2025_10_p030_c000"": [], ""rbi_mpr_2025_10_p032_c000"": [], ""rbi_mpr_2025_10_p032_c001"": [], ""rbi_mpr_2025_10_p033_c002"": [], ""rbi_mpr_2025_10_p034_c000"": [], ""rbi_mpr_2025_10_p036_c000"": [], ""rbi_mpr_2025_10_p036_c003"": [], ""rbi_mpr_2025_10_p038_c000"": [], ""rbi_mpr_2025_10_p040_c000"": [], ""rbi_mpr_2025_10_p041_c003"": [], ""rbi_mpr_2025_10_p041_c004"": [], ""rbi_mpr_2025_10_p042_c000"": [], ""rbi_mpr_2025_10_p046_c000"": [], ""rbi_mpr_2025_10_p060_c000"": [], ""rbi_mpr_2025_10_p063_c000"": [], ""rbi_mpr_2025_10_p064_c000"": [], ""rbi_mpr_2025_10_p064_c005"": [], ""rbi_mpr_2025_10_p066_c000"": [], ""rbi_mpr_2025_10_p066_c001"": [], ""rbi_mpr_2025_10_p068_c000"": [], ""rbi_mpr_2025_10_p069_c005"": [], ""rbi_mpr_2025_10_p070_c000"": [], ""rbi_mpr_2025_10_p070_c003"": [], ""rbi_mpr_2025_10_p071_c001"": [], ""rbi_mpr_2025_10_p072_c000"": [], ""rbi_mpr_2025_10_p074_c000"": [], ""rbi_mpr_2025_10_p076_c000"": [], ""rbi_mpr_2025_10_p079_c000"": [], ""rbi_mpr_2025_10_p080_c001"": [], ""rbi_mpr_2025_10_p084_c000"": [], ""rbi_mpr_2025_10_p087_c000"": [], ""rbi_mpr_2025_10_p094_c000"": [], ""rbi_mpr_2025_10_p095_c002"": [], ""rbi_mpr_2025_10_p095_c003"": [], ""rbi_mpr_2025_10_p096_c000"": [], ""rbi_mpr_2025_10_p096_c004"": [], ""rbi_mpr_2025_10_p097_c003"": [], ""rbi_mpr_2025_10_p097_c004"": [], ""rbi_mpr_2025_10_p098_c000"": [], ""rbi_mpr_2025_10_p098_c002"": [], ""rbi_mpr_2025_10_p099_c000"": [], ""rbi_mpr_2025_10_p099_c001"": [], ""rbi_mpr_2025_10_p099_c002"": [], ""rbi_mpr_2025_10_p102_c000"": [], ""rbi_mpr_2025_10_p102_c001"": [], ""rbi_mpr_2025_10_p103_c000"": [], ""rbi_mpr_2025_10_p103_c001"": [], ""rbi_mpr_2025_10_p103_c002"": [], ""rbi_mpr_2025_10_p103_c003"": [], ""rbi_mpr_2025_10_p104_c000"": [], ""rbi_mpr_2025_10_p104_c001"": [], ""rbi_mpr_2025_10_p105_c003"": [], ""rbi_mpr_2025_10_p110_c000"": [], ""rbi_mpr_2026_04_p003_c000"": [], ""rbi_mpr_2026_04_p005_c003"": [], ""rbi_mpr_2026_04_p007_c001"": [], ""rbi_mpr_2026_04_p013_c003"": [], ""rbi_mpr_2026_04_p013_c004"": [], ""rbi_mpr_2026_04_p014_c000"": [], ""rbi_mpr_2026_04_p020_c000"": [], ""rbi_mpr_2026_04_p020_c001"": [], ""rbi_mpr_2026_04_p020_c002"": [], ""rbi_mpr_2026_04_p021_c000"": [], ""rbi_mpr_2026_04_p021_c002"": [], ""rbi_mpr_2026_04_p022_c000"": [], ""rbi_mpr_2026_04_p023_c000"": [], ""rbi_mpr_2026_04_p023_c001"": [], ""rbi_mpr_2026_04_p024_c000"": [], ""rbi_mpr_2026_04_p025_c001"": [], ""rbi_mpr_2026_04_p026_c004"": [], ""rbi_mpr_2026_04_p030_c002"": [], ""rbi_mpr_2026_04_p034_c000"": [], ""rbi_mpr_2026_04_p046_c000"": [], ""rbi_mpr_2026_04_p053_c000"": [], ""rbi_mpr_2026_04_p054_c004"": [], ""rbi_mpr_2026_04_p055_c003"": [], ""rbi_mpr_2026_04_p056_c000"": [], ""rbi_mpr_2026_04_p057_c001"": [], ""rbi_mpr_2026_04_p057_c004"": [], ""rbi_mpr_2026_04_p060_c000"": [], ""rbi_mpr_2026_04_p069_c003"": [], ""rbi_mpr_2026_04_p079_c000"": [], ""rbi_mpr_2026_04_p079_c001"": [], ""rbi_mpr_2026_04_p080_c000"": [], ""rbi_mpr_2026_04_p081_c005"": [], ""rbi_mpr_2026_04_p081_c006"": [], ""rbi_mpr_2026_04_p082_c000"": [], ""rbi_mpr_2026_04_p082_c002"": [], ""rbi_mpr_2026_04_p084_c000"": [], ""rbi_mpr_2026_04_p085_c000"": [], ""rbi_mpr_2026_04_p085_c002"": [], ""rbi_mpr_2026_04_p085_c003"": [], ""rbi_mpr_2026_04_p085_c004"": [], ""rbi_mpr_2026_04_p086_c000"": [], ""rbi_mpr_2026_04_p087_c000"": [], ""rbi_mpr_2026_04_p090_c000"": [], ""rbi_mpr_2026_04_p091_c005"": [], ""rbi_mpr_2026_04_p092_c000"": [], ""rbi_mpr_2026_04_p092_c002"": [], ""rbi_mpr_2026_04_p094_c004"": [], ""rbi_mpr_2026_04_p095_c003"": [], ""rbi_mpr_2026_04_p098_c002"": [], ""rbi_mpr_2026_04_p099_c002"": [], ""rbi_mpr_2026_04_p100_c000"": [], ""rbi_mpr_2026_04_p100_c001"": [], ""rbi_mpr_2026_04_p100_c002"": [], ""rbi_mpr_2026_04_p101_c000"": [], ""rbi_mpr_2026_04_p101_c002"": [], ""rbi_mpr_2026_04_p101_c005"": [], ""rbi_mpr_2026_04_p102_c000"": [], ""rbi_mpr_2026_04_p102_c002"": [], ""rbi_mpr_2026_04_p102_c003"": [], ""rbi_mpr_2026_04_p102_c004"": [], ""rbi_mpr_2026_04_p103_c000"": [], ""rbi_mpr_2026_04_p103_c001"": [], ""rbi_mpr_2026_04_p103_c002"": [], ""rbi_mpr_2026_04_p103_c003"": [], ""rbi_mpr_2026_04_p103_c004"": [], ""rbi_mpr_2026_04_p104_c000"": [], ""rbi_mpr_2026_04_p104_c001"": [], ""rbi_mpr_2026_04_p104_c002"": [], ""rbi_mpr_2026_04_p104_c003"": [], ""rbi_mpr_2026_04_p104_c004"": [], ""rbi_mpr_2026_04_p104_c005"": [], ""rbi_mpr_2026_04_p105_c003"": [], ""rbi_mpr_2026_04_p106_c000"": [], ""rbi_mpr_2026_04_p106_c001"": [], ""rbi_mpr_2026_04_p107_c000"": [], ""rbi_mpr_2026_04_p107_c003"": [], ""rbi_mpr_2026_04_p108_c000"": [], ""rbi_mpr_2026_04_p108_c002"": [], ""rbi_mpr_2026_04_p109_c003"": [], ""rbi_mpr_2026_04_p109_c004"": [], ""rbi_mpr_2026_04_p110_c000"": [], ""rbi_mpr_2026_04_p113_c003"": [], ""rbi_mpr_2026_04_p115_c003"": [], ""rbi_mpr_2026_04_p116_c000"": []}, ""candidate_source_facet"": {""rbi_mpr_2025_10_p003_c000"": [], ""rbi_mpr_2025_10_p009_c000"": [], ""rbi_mpr_2025_10_p009_c001"": [], ""rbi_mpr_2025_10_p009_c002"": [], ""rbi_mpr_2025_10_p009_c003"": [], ""rbi_mpr_2025_10_p009_c005"": [], ""rbi_mpr_2025_10_p010_c000"": [], ""rbi_mpr_2025_10_p010_c001"": [], ""rbi_mpr_2025_10_p010_c002"": [], ""rbi_mpr_2025_10_p010_c005"": [], ""rbi_mpr_2025_10_p011_c000"": [], ""rbi_mpr_2025_10_p011_c001"": [], ""rbi_mpr_2025_10_p011_c002"": [], ""rbi_mpr_2025_10_p011_c003"": [], ""rbi_mpr_2025_10_p012_c001"": [], ""rbi_mpr_2025_10_p013_c000"": [], ""rbi_mpr_2025_10_p013_c002"": [], ""rbi_mpr_2025_10_p013_c003"": [], ""rbi_mpr_2025_10_p013_c004"": [], ""rbi_mpr_2025_10_p014_c000"": [], ""rbi_mpr_2025_10_p014_c001"": [], ""rbi_mpr_2025_10_p015_c001"": [], ""rbi_mpr_2025_10_p015_c002"": [], ""rbi_mpr_2025_10_p019_c001"": [], ""rbi_mpr_2025_10_p024_c000"": [], ""rbi_mpr_2025_10_p024_c001"": [], ""rbi_mpr_2025_10_p024_c003"": [], ""rbi_mpr_2025_10_p025_c000"": [], ""rbi_mpr_2025_10_p025_c003"": [], ""rbi_mpr_2025_10_p030_c000"": [], ""rbi_mpr_2025_10_p032_c000"": [], ""rbi_mpr_2025_10_p032_c001"": [], ""rbi_mpr_2025_10_p033_c002"": [], ""rbi_mpr_2025_10_p034_c000"": [], ""rbi_mpr_2025_10_p036_c000"": [], ""rbi_mpr_2025_10_p036_c003"": [], ""rbi_mpr_2025_10_p038_c000"": [], ""rbi_mpr_2025_10_p040_c000"": [], ""rbi_mpr_2025_10_p041_c003"": [], ""rbi_mpr_2025_10_p041_c004"": [], ""rbi_mpr_2025_10_p042_c000"": [], ""rbi_mpr_2025_10_p046_c000"": [], ""rbi_mpr_2025_10_p060_c000"": [], ""rbi_mpr_2025_10_p063_c000"": [], ""rbi_mpr_2025_10_p064_c000"": [], ""rbi_mpr_2025_10_p064_c005"": [], ""rbi_mpr_2025_10_p066_c000"": [], ""rbi_mpr_2025_10_p066_c001"": [], ""rbi_mpr_2025_10_p068_c000"": [], ""rbi_mpr_2025_10_p069_c005"": [], ""rbi_mpr_2025_10_p070_c000"": [], ""rbi_mpr_2025_10_p070_c003"": [], ""rbi_mpr_2025_10_p071_c001"": [], ""rbi_mpr_2025_10_p072_c000"": [], ""rbi_mpr_2025_10_p074_c000"": [], ""rbi_mpr_2025_10_p076_c000"": [], ""rbi_mpr_2025_10_p079_c000"": [], ""rbi_mpr_2025_10_p080_c001"": [], ""rbi_mpr_2025_10_p084_c000"": [], ""rbi_mpr_2025_10_p087_c000"": [], ""rbi_mpr_2025_10_p094_c000"": [], ""rbi_mpr_2025_10_p095_c002"": [], ""rbi_mpr_2025_10_p095_c003"": [], ""rbi_mpr_2025_10_p096_c000"": [], ""rbi_mpr_2025_10_p096_c004"": [], ""rbi_mpr_2025_10_p097_c003"": [], ""rbi_mpr_2025_10_p097_c004"": [], ""rbi_mpr_2025_10_p098_c000"": [], ""rbi_mpr_2025_10_p098_c002"": [], ""rbi_mpr_2025_10_p099_c000"": [], ""rbi_mpr_2025_10_p099_c001"": [], ""rbi_mpr_2025_10_p099_c002"": [], ""rbi_mpr_2025_10_p102_c000"": [], ""rbi_mpr_2025_10_p102_c001"": [], ""rbi_mpr_2025_10_p103_c000"": [], ""rbi_mpr_2025_10_p103_c001"": [], ""rbi_mpr_2025_10_p103_c002"": [], ""rbi_mpr_2025_10_p103_c003"": [], ""rbi_mpr_2025_10_p104_c000"": [], ""rbi_mpr_2025_10_p104_c001"": [], ""rbi_mpr_2025_10_p105_c003"": [], ""rbi_mpr_2025_10_p110_c000"": [], ""rbi_mpr_2026_04_p003_c000"": [], ""rbi_mpr_2026_04_p005_c003"": [], ""rbi_mpr_2026_04_p007_c001"": [], ""rbi_mpr_2026_04_p013_c003"": [], ""rbi_mpr_2026_04_p013_c004"": [], ""rbi_mpr_2026_04_p014_c000"": [], ""rbi_mpr_2026_04_p020_c000"": [], ""rbi_mpr_2026_04_p020_c001"": [], ""rbi_mpr_2026_04_p020_c002"": [], ""rbi_mpr_2026_04_p021_c000"": [], ""rbi_mpr_2026_04_p021_c002"": [], ""rbi_mpr_2026_04_p022_c000"": [], ""rbi_mpr_2026_04_p023_c000"": [], ""rbi_mpr_2026_04_p023_c001"": [], ""rbi_mpr_2026_04_p024_c000"": [], ""rbi_mpr_2026_04_p025_c001"": [], ""rbi_mpr_2026_04_p026_c004"": [], ""rbi_mpr_2026_04_p030_c002"": [], ""rbi_mpr_2026_04_p034_c000"": [], ""rbi_mpr_2026_04_p046_c000"": [], ""rbi_mpr_2026_04_p053_c000"": [], ""rbi_mpr_2026_04_p054_c004"": [], ""rbi_mpr_2026_04_p055_c003"": [], ""rbi_mpr_2026_04_p056_c000"": [], ""rbi_mpr_2026_04_p057_c001"": [], ""rbi_mpr_2026_04_p057_c004"": [], ""rbi_mpr_2026_04_p060_c000"": [], ""rbi_mpr_2026_04_p069_c003"": [], ""rbi_mpr_2026_04_p079_c000"": [], ""rbi_mpr_2026_04_p079_c001"": [], ""rbi_mpr_2026_04_p080_c000"": [], ""rbi_mpr_2026_04_p081_c005"": [], ""rbi_mpr_2026_04_p081_c006"": [], ""rbi_mpr_2026_04_p082_c000"": [], ""rbi_mpr_2026_04_p082_c002"": [], ""rbi_mpr_2026_04_p084_c000"": [], ""rbi_mpr_2026_04_p085_c000"": [], ""rbi_mpr_2026_04_p085_c002"": [], ""rbi_mpr_2026_04_p085_c003"": [], ""rbi_mpr_2026_04_p085_c004"": [], ""rbi_mpr_2026_04_p086_c000"": [], ""rbi_mpr_2026_04_p087_c000"": [], ""rbi_mpr_2026_04_p090_c000"": [], ""rbi_mpr_2026_04_p091_c005"": [], ""rbi_mpr_2026_04_p092_c000"": [], ""rbi_mpr_2026_04_p092_c002"": [], ""rbi_mpr_2026_04_p094_c004"": [], ""rbi_mpr_2026_04_p095_c003"": [], ""rbi_mpr_2026_04_p098_c002"": [], ""rbi_mpr_2026_04_p099_c002"": [], ""rbi_mpr_2026_04_p100_c000"": [], ""rbi_mpr_2026_04_p100_c001"": [], ""rbi_mpr_2026_04_p100_c002"": [], ""rbi_mpr_2026_04_p101_c000"": [], ""rbi_mpr_2026_04_p101_c002"": [], ""rbi_mpr_2026_04_p101_c005"": [], ""rbi_mpr_2026_04_p102_c000"": [], ""rbi_mpr_2026_04_p102_c002"": [], ""rbi_mpr_2026_04_p102_c003"": [], ""rbi_mpr_2026_04_p102_c004"": [], ""rbi_mpr_2026_04_p103_c000"": [], ""rbi_mpr_2026_04_p103_c001"": [], ""rbi_mpr_2026_04_p103_c002"": [], ""rbi_mpr_2026_04_p103_c003"": [], ""rbi_mpr_2026_04_p103_c004"": [], ""rbi_mpr_2026_04_p104_c000"": [], ""rbi_mpr_2026_04_p104_c001"": [], ""rbi_mpr_2026_04_p104_c002"": [], ""rbi_mpr_2026_04_p104_c003"": [], ""rbi_mpr_2026_04_p104_c004"": [], ""rbi_mpr_2026_04_p104_c005"": [], ""rbi_mpr_2026_04_p105_c003"": [], ""rbi_mpr_2026_04_p106_c000"": [], ""rbi_mpr_2026_04_p106_c001"": [], ""rbi_mpr_2026_04_p107_c000"": [], ""rbi_mpr_2026_04_p107_c003"": [], ""rbi_mpr_2026_04_p108_c000"": [], ""rbi_mpr_2026_04_p108_c002"": [], ""rbi_mpr_2026_04_p109_c003"": [], ""rbi_mpr_2026_04_p109_c004"": [], ""rbi_mpr_2026_04_p110_c000"": [], ""rbi_mpr_2026_04_p113_c003"": [], ""rbi_mpr_2026_04_p115_c003"": [], ""rbi_mpr_2026_04_p116_c000"": []}, ""candidate_source_query"": {""rbi_mpr_2025_10_p003_c000"": [""Compare the monetary-policy actions described in October 2025 and April 2026.""], ""rbi_mpr_2025_10_p009_c000"": [""Compare the monetary-policy actions described in October 2025 and April 2026.""], ""rbi_mpr_2025_10_p009_c001"": [""Compare the monetary-policy actions described in October 2025 and April 2026.""], ""rbi_mpr_2025_10_p009_c002"": [""Compare the monetary-policy actions described in October 2025 and April 2026.""], ""rbi_mpr_2025_10_p009_c003"": [""Compare the monetary-policy actions described in October 2025 and April 2026.""], ""rbi_mpr_2025_10_p009_c005"": [""Compare the monetary-policy actions described in October 2025 and April 2026.""], ""rbi_mpr_2025_10_p010_c000"": [""Compare the monetary-policy actions described in October 2025 and April 2026.""], ""rbi_mpr_2025_10_p010_c001"": [""Compare the monetary-policy actions described in October 2025 and April 2026.""], ""rbi_mpr_2025_10_p010_c002"": [""Compare the monetary-policy actions described in October 2025 and April 2026.""], ""rbi_mpr_2025_10_p010_c005"": [""Compare the monetary-policy actions described in October 2025 and April 2026.""], ""rbi_mpr_2025_10_p011_c000"": [""Compare the monetary-policy actions described in October 2025 and April 2026.""], ""rbi_mpr_2025_10_p011_c001"": [""Compare the monetary-policy actions described in October 2025 and April 2026.""], ""rbi_mpr_2025_10_p011_c002"": [""Compare the monetary-policy actions described in October 2025 and April 2026.""], ""rbi_mpr_2025_10_p011_c003"": [""Compare the monetary-policy actions described in October 2025 and April 2026.""], ""rbi_mpr_2025_10_p012_c001"": [""Compare the monetary-policy actions described in October 2025 and April 2026.""], ""rbi_mpr_2025_10_p013_c000"": [""Compare the monetary-policy actions described in October 2025 and April 2026.""], ""rbi_mpr_2025_10_p013_c002"": [""Compare the monetary-policy actions described in October 2025 and April 2026.""], ""rbi_mpr_2025_10_p013_c003"": [""Compare the monetary-policy actions described in October 2025 and April 2026.""], ""rbi_mpr_2025_10_p013_c004"": [""Compare the monetary-policy actions described in October 2025 and April 2026.""], ""rbi_mpr_2025_10_p014_c000"": [""Compare the monetary-policy actions described in October 2025 and April 2026.""], ""rbi_mpr_2025_10_p014_c001"": [""Compare the monetary-policy actions described in October 2025 and April 2026.""], ""rbi_mpr_2025_10_p015_c001"": [""Compare the monetary-policy actions described in October 2025 and April 2026.""], ""rbi_mpr_2025_10_p015_c002"": [""Compare the monetary-policy actions described in October 2025 and April 2026.""], ""rbi_mpr_2025_10_p019_c001"": [""Compare the monetary-policy actions described in October 2025 and April 2026.""], ""rbi_mpr_2025_10_p024_c000"": [""Compare the monetary-policy actions described in October 2025 and April 2026.""], ""rbi_mpr_2025_10_p024_c001"": [""Compare the monetary-policy actions described in October 2025 and April 2026.""], ""rbi_mpr_2025_10_p024_c003"": [""Compare the monetary-policy actions described in October 2025 and April 2026.""], ""rbi_mpr_2025_10_p025_c000"": [""Compare the monetary-policy actions described in October 2025 and April 2026.""], ""rbi_mpr_2025_10_p025_c003"": [""Compare the monetary-policy actions described in October 2025 and April 2026.""], ""rbi_mpr_2025_10_p030_c000"": [""Compare the monetary-policy actions described in October 2025 and April 2026.""], ""rbi_mpr_2025_10_p032_c000"": [""Compare the monetary-policy actions described in October 2025 and April 2026.""], ""rbi_mpr_2025_10_p032_c001"": [""Compare the monetary-policy actions described in October 2025 and April 2026.""], ""rbi_mpr_2025_10_p033_c002"": [""Compare the monetary-policy actions described in October 2025 and April 2026.""], ""rbi_mpr_2025_10_p034_c000"": [""Compare the monetary-policy actions described in October 2025 and April 2026.""], ""rbi_mpr_2025_10_p036_c000"": [""Compare the monetary-policy actions described in October 2025 and April 2026.""], ""rbi_mpr_2025_10_p036_c003"": [""Compare the monetary-policy actions described in October 2025 and April 2026.""], ""rbi_mpr_2025_10_p038_c000"": [""Compare the monetary-policy actions described in October 2025 and April 2026.""], ""rbi_mpr_2025_10_p040_c000"": [""Compare the monetary-policy actions described in October 2025 and April 2026.""], ""rbi_mpr_2025_10_p041_c003"": [""Compare the monetary-policy actions described in October 2025 and April 2026.""], ""rbi_mpr_2025_10_p041_c004"": [""Compare the monetary-policy actions described in October 2025 and April 2026.""], ""rbi_mpr_2025_10_p042_c000"": [""Compare the monetary-policy actions described in October 2025 and April 2026.""], ""rbi_mpr_2025_10_p046_c000"": [""Compare the monetary-policy actions described in October 2025 and April 2026.""], ""rbi_mpr_2025_10_p060_c000"": [""Compare the monetary-policy actions described in October 2025 and April 2026.""], ""rbi_mpr_2025_10_p063_c000"": [""Compare the monetary-policy actions described in October 2025 and April 2026.""], ""rbi_mpr_2025_10_p064_c000"": [""Compare the monetary-policy actions described in October 2025 and April 2026.""], ""rbi_mpr_2025_10_p064_c005"": [""Compare the monetary-policy actions described in October 2025 and April 2026.""], ""rbi_mpr_2025_10_p066_c000"": [""Compare the monetary-policy actions described in October 2025 and April 2026.""], ""rbi_mpr_2025_10_p066_c001"": [""Compare the monetary-policy actions described in October 2025 and April 2026.""], ""rbi_mpr_2025_10_p068_c000"": [""Compare the monetary-policy actions described in October 2025 and April 2026.""], ""rbi_mpr_2025_10_p069_c005"": [""Compare the monetary-policy actions described in October 2025 and April 2026.""], ""rbi_mpr_2025_10_p070_c000"": [""Compare the monetary-policy actions described in October 2025 and April 2026.""], ""rbi_mpr_2025_10_p070_c003"": [""Compare the monetary-policy actions described in October 2025 and April 2026.""], ""rbi_mpr_2025_10_p071_c001"": [""Compare the monetary-policy actions described in October 2025 and April 2026.""], ""rbi_mpr_2025_10_p072_c000"": [""Compare the monetary-policy actions described in October 2025 and April 2026.""], ""rbi_mpr_2025_10_p074_c000"": [""Compare the monetary-policy actions described in October 2025 and April 2026.""], ""rbi_mpr_2025_10_p076_c000"": [""Compare the monetary-policy actions described in October 2025 and April 2026.""], ""rbi_mpr_2025_10_p079_c000"": [""Compare the monetary-policy actions described in October 2025 and April 2026.""], ""rbi_mpr_2025_10_p080_c001"": [""Compare the monetary-policy actions described in October 2025 and April 2026.""], ""rbi_mpr_2025_10_p084_c000"": [""Compare the monetary-policy actions described in October 2025 and April 2026.""], ""rbi_mpr_2025_10_p087_c000"": [""Compare the monetary-policy actions described in October 2025 and April 2026.""], ""rbi_mpr_2025_10_p094_c000"": [""Compare the monetary-policy actions described in October 2025 and April 2026.""], ""rbi_mpr_2025_10_p095_c002"": [""Compare the monetary-policy actions described in October 2025 and April 2026.""], ""rbi_mpr_2025_10_p095_c003"": [""Compare the monetary-policy actions described in October 2025 and April 2026.""], ""rbi_mpr_2025_10_p096_c000"": [""Compare the monetary-policy actions described in October 2025 and April 2026.""], ""rbi_mpr_2025_10_p096_c004"": [""Compare the monetary-policy actions described in October 2025 and April 2026.""], ""rbi_mpr_2025_10_p097_c003"": [""Compare the monetary-policy actions described in October 2025 and April 2026.""], ""rbi_mpr_2025_10_p097_c004"": [""Compare the monetary-policy actions described in October 2025 and April 2026.""], ""rbi_mpr_2025_10_p098_c000"": [""Compare the monetary-policy actions described in October 2025 and April 2026.""], ""rbi_mpr_2025_10_p098_c002"": [""Compare the monetary-policy actions described in October 2025 and April 2026.""], ""rbi_mpr_2025_10_p099_c000"": [""Compare the monetary-policy actions described in October 2025 and April 2026.""], ""rbi_mpr_2025_10_p099_c001"": [""Compare the monetary-policy actions described in October 2025 and April 2026.""], ""rbi_mpr_2025_10_p099_c002"": [""Compare the monetary-policy actions described in October 2025 and April 2026.""], ""rbi_mpr_2025_10_p102_c000"": [""Compare the monetary-policy actions described in October 2025 and April 2026.""], ""rbi_mpr_2025_10_p102_c001"": [""Compare the monetary-policy actions described in October 2025 and April 2026.""], ""rbi_mpr_2025_10_p103_c000"": [""Compare the monetary-policy actions described in October 2025 and April 2026.""], ""rbi_mpr_2025_10_p103_c001"": [""Compare the monetary-policy actions described in October 2025 and April 2026.""], ""rbi_mpr_2025_10_p103_c002"": [""Compare the monetary-policy actions described in October 2025 and April 2026.""], ""rbi_mpr_2025_10_p103_c003"": [""Compare the monetary-policy actions described in October 2025 and April 2026.""], ""rbi_mpr_2025_10_p104_c000"": [""Compare the monetary-policy actions described in October 2025 and April 2026.""], ""rbi_mpr_2025_10_p104_c001"": [""Compare the monetary-policy actions described in October 2025 and April 2026.""], ""rbi_mpr_2025_10_p105_c003"": [""Compare the monetary-policy actions described in October 2025 and April 2026.""], ""rbi_mpr_2025_10_p110_c000"": [""Compare the monetary-policy actions described in October 2025 and April 2026.""], ""rbi_mpr_2026_04_p003_c000"": [""Compare the monetary-policy actions described in October 2025 and April 2026.""], ""rbi_mpr_2026_04_p005_c003"": [""Compare the monetary-policy actions described in October 2025 and April 2026.""], ""rbi_mpr_2026_04_p007_c001"": [""Compare the monetary-policy actions described in October 2025 and April 2026.""], ""rbi_mpr_2026_04_p013_c003"": [""Compare the monetary-policy actions described in October 2025 and April 2026.""], ""rbi_mpr_2026_04_p013_c004"": [""Compare the monetary-policy actions described in October 2025 and April 2026.""], ""rbi_mpr_2026_04_p014_c000"": [""Compare the monetary-policy actions described in October 2025 and April 2026.""], ""rbi_mpr_2026_04_p020_c000"": [""Compare the monetary-policy actions described in October 2025 and April 2026.""], ""rbi_mpr_2026_04_p020_c001"": [""Compare the monetary-policy actions described in October 2025 and April 2026.""], ""rbi_mpr_2026_04_p020_c002"": [""Compare the monetary-policy actions described in October 2025 and April 2026.""], ""rbi_mpr_2026_04_p021_c000"": [""Compare the monetary-policy actions described in October 2025 and April 2026.""], ""rbi_mpr_2026_04_p021_c002"": [""Compare the monetary-policy actions described in October 2025 and April 2026.""], ""rbi_mpr_2026_04_p022_c000"": [""Compare the monetary-policy actions described in October 2025 and April 2026.""], ""rbi_mpr_2026_04_p023_c000"": [""Compare the monetary-policy actions described in October 2025 and April 2026.""], ""rbi_mpr_2026_04_p023_c001"": [""Compare the monetary-policy actions described in October 2025 and April 2026.""], ""rbi_mpr_2026_04_p024_c000"": [""Compare the monetary-policy actions described in October 2025 and April 2026.""], ""rbi_mpr_2026_04_p025_c001"": [""Compare the monetary-policy actions described in October 2025 and April 2026.""], ""rbi_mpr_2026_04_p026_c004"": [""Compare the monetary-policy actions described in October 2025 and April 2026.""], ""rbi_mpr_2026_04_p030_c002"": [""Compare the monetary-policy actions described in October 2025 and April 2026.""], ""rbi_mpr_2026_04_p034_c000"": [""Compare the monetary-policy actions described in October 2025 and April 2026.""], ""rbi_mpr_2026_04_p046_c000"": [""Compare the monetary-policy actions described in October 2025 and April 2026.""], ""rbi_mpr_2026_04_p053_c000"": [""Compare the monetary-policy actions described in October 2025 and April 2026.""], ""rbi_mpr_2026_04_p054_c004"": [""Compare the monetary-policy actions described in October 2025 and April 2026.""], ""rbi_mpr_2026_04_p055_c003"": [""Compare the monetary-policy actions described in October 2025 and April 2026.""], ""rbi_mpr_2026_04_p056_c000"": [""Compare the monetary-policy actions described in October 2025 and April 2026.""], ""rbi_mpr_2026_04_p057_c001"": [""Compare the monetary-policy actions described in October 2025 and April 2026.""], ""rbi_mpr_2026_04_p057_c004"": [""Compare the monetary-policy actions described in October 2025 and April 2026.""], ""rbi_mpr_2026_04_p060_c000"": [""Compare the monetary-policy actions described in October 2025 and April 2026.""], ""rbi_mpr_2026_04_p069_c003"": [""Compare the monetary-policy actions described in October 2025 and April 2026.""], ""rbi_mpr_2026_04_p079_c000"": [""Compare the monetary-policy actions described in October 2025 and April 2026.""], ""rbi_mpr_2026_04_p079_c001"": [""Compare the monetary-policy actions described in October 2025 and April 2026.""], ""rbi_mpr_2026_04_p080_c000"": [""Compare the monetary-policy actions described in October 2025 and April 2026.""], ""rbi_mpr_2026_04_p081_c005"": [""Compare the monetary-policy actions described in October 2025 and April 2026.""], ""rbi_mpr_2026_04_p081_c006"": [""Compare the monetary-policy actions described in October 2025 and April 2026.""], ""rbi_mpr_2026_04_p082_c000"": [""Compare the monetary-policy actions described in October 2025 and April 2026.""], ""rbi_mpr_2026_04_p082_c002"": [""Compare the monetary-policy actions described in October 2025 and April 2026.""], ""rbi_mpr_2026_04_p084_c000"": [""Compare the monetary-policy actions described in October 2025 and April 2026.""], ""rbi_mpr_2026_04_p085_c000"": [""Compare the monetary-policy actions described in October 2025 and April 2026.""], ""rbi_mpr_2026_04_p085_c002"": [""Compare the monetary-policy actions described in October 2025 and April 2026.""], ""rbi_mpr_2026_04_p085_c003"": [""Compare the monetary-policy actions described in October 2025 and April 2026.""], ""rbi_mpr_2026_04_p085_c004"": [""Compare the monetary-policy actions described in October 2025 and April 2026.""], ""rbi_mpr_2026_04_p086_c000"": [""Compare the monetary-policy actions described in October 2025 and April 2026.""], ""rbi_mpr_2026_04_p087_c000"": [""Compare the monetary-policy actions described in October 2025 and April 2026.""], ""rbi_mpr_2026_04_p090_c000"": [""Compare the monetary-policy actions described in October 2025 and April 2026.""], ""rbi_mpr_2026_04_p091_c005"": [""Compare the monetary-policy actions described in October 2025 and April 2026.""], ""rbi_mpr_2026_04_p092_c000"": [""Compare the monetary-policy actions described in October 2025 and April 2026.""], ""rbi_mpr_2026_04_p092_c002"": [""Compare the monetary-policy actions described in October 2025 and April 2026.""], ""rbi_mpr_2026_04_p094_c004"": [""Compare the monetary-policy actions described in October 2025 and April 2026.""], ""rbi_mpr_2026_04_p095_c003"": [""Compare the monetary-policy actions described in October 2025 and April 2026.""], ""rbi_mpr_2026_04_p098_c002"": [""Compare the monetary-policy actions described in October 2025 and April 2026.""], ""rbi_mpr_2026_04_p099_c002"": [""Compare the monetary-policy actions described in October 2025 and April 2026.""], ""rbi_mpr_2026_04_p100_c000"": [""Compare the monetary-policy actions described in October 2025 and April 2026.""], ""rbi_mpr_2026_04_p100_c001"": [""Compare the monetary-policy actions described in October 2025 and April 2026.""], ""rbi_mpr_2026_04_p100_c002"": [""Compare the monetary-policy actions described in October 2025 and April 2026.""], ""rbi_mpr_2026_04_p101_c000"": [""Compare the monetary-policy actions described in October 2025 and April 2026.""], ""rbi_mpr_2026_04_p101_c002"": [""Compare the monetary-policy actions described in October 2025 and April 2026.""], ""rbi_mpr_2026_04_p101_c005"": [""Compare the monetary-policy actions described in October 2025 and April 2026.""], ""rbi_mpr_2026_04_p102_c000"": [""Compare the monetary-policy actions described in October 2025 and April 2026.""], ""rbi_mpr_2026_04_p102_c002"": [""Compare the monetary-policy actions described in October 2025 and April 2026.""], ""rbi_mpr_2026_04_p102_c003"": [""Compare the monetary-policy actions described in October 2025 and April 2026.""], ""rbi_mpr_2026_04_p102_c004"": [""Compare the monetary-policy actions described in October 2025 and April 2026.""], ""rbi_mpr_2026_04_p103_c000"": [""Compare the monetary-policy actions described in October 2025 and April 2026.""], ""rbi_mpr_2026_04_p103_c001"": [""Compare the monetary-policy actions described in October 2025 and April 2026.""], ""rbi_mpr_2026_04_p103_c002"": [""Compare the monetary-policy actions described in October 2025 and April 2026.""], ""rbi_mpr_2026_04_p103_c003"": [""Compare the monetary-policy actions described in October 2025 and April 2026.""], ""rbi_mpr_2026_04_p103_c004"": [""Compare the monetary-policy actions described in October 2025 and April 2026.""], ""rbi_mpr_2026_04_p104_c000"": [""Compare the monetary-policy actions described in October 2025 and April 2026.""], ""rbi_mpr_2026_04_p104_c001"": [""Compare the monetary-policy actions described in October 2025 and April 2026.""], ""rbi_mpr_2026_04_p104_c002"": [""Compare the monetary-policy actions described in October 2025 and April 2026.""], ""rbi_mpr_2026_04_p104_c003"": [""Compare the monetary-policy actions described in October 2025 and April 2026.""], ""rbi_mpr_2026_04_p104_c004"": [""Compare the monetary-policy actions described in October 2025 and April 2026.""], ""rbi_mpr_2026_04_p104_c005"": [""Compare the monetary-policy actions described in October 2025 and April 2026.""], ""rbi_mpr_2026_04_p105_c003"": [""Compare the monetary-policy actions described in October 2025 and April 2026.""], ""rbi_mpr_2026_04_p106_c000"": [""Compare the monetary-policy actions described in October 2025 and April 2026.""], ""rbi_mpr_2026_04_p106_c001"": [""Compare the monetary-policy actions described in October 2025 and April 2026.""], ""rbi_mpr_2026_04_p107_c000"": [""Compare the monetary-policy actions described in October 2025 and April 2026.""], ""rbi_mpr_2026_04_p107_c003"": [""Compare the monetary-policy actions described in October 2025 and April 2026.""], ""rbi_mpr_2026_04_p108_c000"": [""Compare the monetary-policy actions described in October 2025 and April 2026.""], ""rbi_mpr_2026_04_p108_c002"": [""Compare the monetary-policy actions described in October 2025 and April 2026.""], ""rbi_mpr_2026_04_p109_c003"": [""Compare the monetary-policy actions described in October 2025 and April 2026.""], ""rbi_mpr_2026_04_p109_c004"": [""Compare the monetary-policy actions described in October 2025 and April 2026.""], ""rbi_mpr_2026_04_p110_c000"": [""Compare the monetary-policy actions described in October 2025 and April 2026.""], ""rbi_mpr_2026_04_p113_c003"": [""Compare the monetary-policy actions described in October 2025 and April 2026.""], ""rbi_mpr_2026_04_p115_c003"": [""Compare the monetary-policy actions described in October 2025 and April 2026.""], ""rbi_mpr_2026_04_p116_c000"": [""Compare the monetary-policy actions described in October 2025 and April 2026.""]}, ""candidate_source_retriever"": {""rbi_mpr_2025_10_p003_c000"": [""dense""], ""rbi_mpr_2025_10_p009_c000"": [""dense""], ""rbi_mpr_2025_10_p009_c001"": [""bm25"", ""dense""], ""rbi_mpr_2025_10_p009_c002"": [""bm25""], ""rbi_mpr_2025_10_p009_c003"": [""bm25""], ""rbi_mpr_2025_10_p009_c005"": [""bm25""], ""rbi_mpr_2025_10_p010_c000"": [""bm25"", ""dense""], ""rbi_mpr_2025_10_p010_c001"": [""bm25"", ""dense""], ""rbi_mpr_2025_10_p010_c002"": [""bm25"", ""dense""], ""rbi_mpr_2025_10_p010_c005"": [""bm25"", ""dense""], ""rbi_mpr_2025_10_p011_c000"": [""dense""], ""rbi_mpr_2025_10_p011_c001"": [""dense""], ""rbi_mpr_2025_10_p011_c002"": [""dense""], ""rbi_mpr_2025_10_p011_c003"": [""dense""], ""rbi_mpr_2025_10_p012_c001"": [""bm25""], ""rbi_mpr_2025_10_p013_c000"": [""bm25""], ""rbi_mpr_2025_10_p013_c002"": [""bm25""], ""rbi_mpr_2025_10_p013_c003"": [""bm25"", ""dense""], ""rbi_mpr_2025_10_p013_c004"": [""bm25"", ""dense""], ""rbi_mpr_2025_10_p014_c000"": [""dense""], ""rbi_mpr_2025_10_p014_c001"": [""dense""], ""rbi_mpr_2025_10_p015_c001"": [""dense""], ""rbi_mpr_2025_10_p015_c002"": [""dense""], ""rbi_mpr_2025_10_p019_c001"": [""dense""], ""rbi_mpr_2025_10_p024_c000"": [""bm25"", ""dense""], ""rbi_mpr_2025_10_p024_c001"": [""bm25""], ""rbi_mpr_2025_10_p024_c003"": [""dense""], ""rbi_mpr_2025_10_p025_c000"": [""bm25"", ""dense""], ""rbi_mpr_2025_10_p025_c003"": [""dense""], ""rbi_mpr_2025_10_p030_c000"": [""bm25""], ""rbi_mpr_2025_10_p032_c000"": [""bm25"", ""dense""], ""rbi_mpr_2025_10_p032_c001"": [""dense""], ""rbi_mpr_2025_10_p033_c002"": [""dense""], ""rbi_mpr_2025_10_p034_c000"": [""bm25"", ""dense""], ""rbi_mpr_2025_10_p036_c000"": [""dense""], ""rbi_mpr_2025_10_p036_c003"": [""bm25""], ""rbi_mpr_2025_10_p038_c000"": [""bm25"", ""dense""], ""rbi_mpr_2025_10_p040_c000"": [""bm25""], ""rbi_mpr_2025_10_p041_c003"": [""dense""], ""rbi_mpr_2025_10_p041_c004"": [""dense""], ""rbi_mpr_2025_10_p042_c000"": [""bm25""], ""rbi_mpr_2025_10_p046_c000"": [""bm25""], ""rbi_mpr_2025_10_p060_c000"": [""bm25""], ""rbi_mpr_2025_10_p063_c000"": [""bm25""], ""rbi_mpr_2025_10_p064_c000"": [""bm25""], ""rbi_mpr_2025_10_p064_c005"": [""bm25""], ""rbi_mpr_2025_10_p066_c000"": [""bm25"", ""dense""], ""rbi_mpr_2025_10_p066_c001"": [""bm25""], ""rbi_mpr_2025_10_p068_c000"": [""bm25""], ""rbi_mpr_2025_10_p069_c005"": [""dense""], ""rbi_mpr_2025_10_p070_c000"": [""dense""], ""rbi_mpr_2025_10_p070_c003"": [""bm25""], ""rbi_mpr_2025_10_p071_c001"": [""bm25""], ""rbi_mpr_2025_10_p072_c000"": [""dense""], ""rbi_mpr_2025_10_p074_c000"": [""bm25"", ""dense""], ""rbi_mpr_2025_10_p076_c000"": [""bm25""], ""rbi_mpr_2025_10_p079_c000"": [""bm25""], ""rbi_mpr_2025_10_p080_c001"": [""bm25"", ""dense""], ""rbi_mpr_2025_10_p084_c000"": [""bm25""], ""rbi_mpr_2025_10_p087_c000"": [""bm25""], ""rbi_mpr_2025_10_p094_c000"": [""dense""], ""rbi_mpr_2025_10_p095_c002"": [""dense""], ""rbi_mpr_2025_10_p095_c003"": [""bm25""], ""rbi_mpr_2025_10_p096_c000"": [""bm25"", ""dense""], ""rbi_mpr_2025_10_p096_c004"": [""bm25"", ""dense""], ""rbi_mpr_2025_10_p097_c003"": [""bm25""], ""rbi_mpr_2025_10_p097_c004"": [""bm25""], ""rbi_mpr_2025_10_p098_c000"": [""dense""], ""rbi_mpr_2025_10_p098_c002"": [""dense""], ""rbi_mpr_2025_10_p099_c000"": [""bm25""], ""rbi_mpr_2025_10_p099_c001"": [""bm25""], ""rbi_mpr_2025_10_p099_c002"": [""bm25""], ""rbi_mpr_2025_10_p102_c000"": [""bm25"", ""dense""], ""rbi_mpr_2025_10_p102_c001"": [""dense""], ""rbi_mpr_2025_10_p103_c000"": [""dense""], ""rbi_mpr_2025_10_p103_c001"": [""bm25""], ""rbi_mpr_2025_10_p103_c002"": [""dense""], ""rbi_mpr_2025_10_p103_c003"": [""dense""], ""rbi_mpr_2025_10_p104_c000"": [""dense""], ""rbi_mpr_2025_10_p104_c001"": [""dense""], ""rbi_mpr_2025_10_p105_c003"": [""bm25""], ""rbi_mpr_2025_10_p110_c000"": [""dense""], ""rbi_mpr_2026_04_p003_c000"": [""dense""], ""rbi_mpr_2026_04_p005_c003"": [""bm25""], ""rbi_mpr_2026_04_p007_c001"": [""bm25"", ""dense""], ""rbi_mpr_2026_04_p013_c003"": [""dense""], ""rbi_mpr_2026_04_p013_c004"": [""dense""], ""rbi_mpr_2026_04_p014_c000"": [""bm25"", ""dense""], ""rbi_mpr_2026_04_p020_c000"": [""bm25"", ""dense""], ""rbi_mpr_2026_04_p020_c001"": [""dense""], ""rbi_mpr_2026_04_p020_c002"": [""bm25""], ""rbi_mpr_2026_04_p021_c000"": [""dense""], ""rbi_mpr_2026_04_p021_c002"": [""bm25"", ""dense""], ""rbi_mpr_2026_04_p022_c000"": [""dense""], ""rbi_mpr_2026_04_p023_c000"": [""bm25""], ""rbi_mpr_2026_04_p023_c001"": [""dense""], ""rbi_mpr_2026_04_p024_c000"": [""bm25"", ""dense""], ""rbi_mpr_2026_04_p025_c001"": [""dense""], ""rbi_mpr_2026_04_p026_c004"": [""bm25""], ""rbi_mpr_2026_04_p030_c002"": [""bm25""], ""rbi_mpr_2026_04_p034_c000"": [""dense""], ""rbi_mpr_2026_04_p046_c000"": [""bm25""], ""rbi_mpr_2026_04_p053_c000"": [""bm25""], ""rbi_mpr_2026_04_p054_c004"": [""bm25""], ""rbi_mpr_2026_04_p055_c003"": [""bm25""], ""rbi_mpr_2026_04_p056_c000"": [""bm25"", ""dense""], ""rbi_mpr_2026_04_p057_c001"": [""bm25""], ""rbi_mpr_2026_04_p057_c004"": [""bm25""], ""rbi_mpr_2026_04_p060_c000"": [""dense""], ""rbi_mpr_2026_04_p069_c003"": [""bm25""], ""rbi_mpr_2026_04_p079_c000"": [""bm25""], ""rbi_mpr_2026_04_p079_c001"": [""bm25""], ""rbi_mpr_2026_04_p080_c000"": [""bm25"", ""dense""], ""rbi_mpr_2026_04_p081_c005"": [""bm25""], ""rbi_mpr_2026_04_p081_c006"": [""bm25""], ""rbi_mpr_2026_04_p082_c000"": [""bm25"", ""dense""], ""rbi_mpr_2026_04_p082_c002"": [""dense""], ""rbi_mpr_2026_04_p084_c000"": [""bm25""], ""rbi_mpr_2026_04_p085_c000"": [""bm25""], ""rbi_mpr_2026_04_p085_c002"": [""bm25""], ""rbi_mpr_2026_04_p085_c003"": [""bm25""], ""rbi_mpr_2026_04_p085_c004"": [""bm25""], ""rbi_mpr_2026_04_p086_c000"": [""bm25""], ""rbi_mpr_2026_04_p087_c000"": [""bm25""], ""rbi_mpr_2026_04_p090_c000"": [""bm25""], ""rbi_mpr_2026_04_p091_c005"": [""dense""], ""rbi_mpr_2026_04_p092_c000"": [""bm25""], ""rbi_mpr_2026_04_p092_c002"": [""bm25"", ""dense""], ""rbi_mpr_2026_04_p094_c004"": [""bm25""], ""rbi_mpr_2026_04_p095_c003"": [""dense""], ""rbi_mpr_2026_04_p098_c002"": [""bm25""], ""rbi_mpr_2026_04_p099_c002"": [""bm25""], ""rbi_mpr_2026_04_p100_c000"": [""bm25"", ""dense""], ""rbi_mpr_2026_04_p100_c001"": [""bm25"", ""dense""], ""rbi_mpr_2026_04_p100_c002"": [""dense""], ""rbi_mpr_2026_04_p101_c000"": [""dense""], ""rbi_mpr_2026_04_p101_c002"": [""dense""], ""rbi_mpr_2026_04_p101_c005"": [""bm25""], ""rbi_mpr_2026_04_p102_c000"": [""bm25"", ""dense""], ""rbi_mpr_2026_04_p102_c002"": [""bm25"", ""dense""], ""rbi_mpr_2026_04_p102_c003"": [""dense""], ""rbi_mpr_2026_04_p102_c004"": [""dense""], ""rbi_mpr_2026_04_p103_c000"": [""bm25"", ""dense""], ""rbi_mpr_2026_04_p103_c001"": [""bm25"", ""dense""], ""rbi_mpr_2026_04_p103_c002"": [""dense""], ""rbi_mpr_2026_04_p103_c003"": [""bm25"", ""dense""], ""rbi_mpr_2026_04_p103_c004"": [""dense""], ""rbi_mpr_2026_04_p104_c000"": [""dense""], ""rbi_mpr_2026_04_p104_c001"": [""dense""], ""rbi_mpr_2026_04_p104_c002"": [""dense""], ""rbi_mpr_2026_04_p104_c003"": [""dense""], ""rbi_mpr_2026_04_p104_c004"": [""dense""], ""rbi_mpr_2026_04_p104_c005"": [""dense""], ""rbi_mpr_2026_04_p105_c003"": [""bm25""], ""rbi_mpr_2026_04_p106_c000"": [""bm25""], ""rbi_mpr_2026_04_p106_c001"": [""bm25""], ""rbi_mpr_2026_04_p107_c000"": [""bm25""], ""rbi_mpr_2026_04_p107_c003"": [""dense""], ""rbi_mpr_2026_04_p108_c000"": [""dense""], ""rbi_mpr_2026_04_p108_c002"": [""dense""], ""rbi_mpr_2026_04_p109_c003"": [""dense""], ""rbi_mpr_2026_04_p109_c004"": [""dense""], ""rbi_mpr_2026_04_p110_c000"": [""dense""], ""rbi_mpr_2026_04_p113_c003"": [""bm25""], ""rbi_mpr_2026_04_p115_c003"": [""dense""], ""rbi_mpr_2026_04_p116_c000"": [""dense""]}, ""candidate_union_ids"": [""rbi_mpr_2026_04_p020_c000"", ""rbi_mpr_2026_04_p024_c000"", ""rbi_mpr_2026_04_p100_c000"", ""rbi_mpr_2026_04_p013_c004"", ""rbi_mpr_2026_04_p082_c002"", ""rbi_mpr_2026_04_p014_c000"", ""rbi_mpr_2026_04_p104_c003"", ""rbi_mpr_2026_04_p060_c000"", ""rbi_mpr_2026_04_p102_c000"", ""rbi_mpr_2026_04_p104_c002"", ""rbi_mpr_2026_04_p102_c002"", ""rbi_mpr_2026_04_p103_c004"", ""rbi_mpr_2026_04_p108_c002"", ""rbi_mpr_2026_04_p007_c001"", ""rbi_mpr_2026_04_p021_c002"", ""rbi_mpr_2026_04_p108_c000"", ""rbi_mpr_2026_04_p021_c000"", ""rbi_mpr_2026_04_p104_c005"", ""rbi_mpr_2026_04_p109_c004"", ""rbi_mpr_2026_04_p100_c002"", ""rbi_mpr_2026_04_p104_c004"", ""rbi_mpr_2026_04_p103_c003"", ""rbi_mpr_2026_04_p100_c001"", ""rbi_mpr_2026_04_p003_c000"", ""rbi_mpr_2026_04_p103_c001"", ""rbi_mpr_2026_04_p025_c001"", ""rbi_mpr_2026_04_p022_c000"", ""rbi_mpr_2026_04_p101_c002"", ""rbi_mpr_2026_04_p110_c000"", ""rbi_mpr_2026_04_p095_c003"", ""rbi_mpr_2026_04_p102_c004"", ""rbi_mpr_2026_04_p013_c003"", ""rbi_mpr_2026_04_p034_c000"", ""rbi_mpr_2026_04_p102_c003"", ""rbi_mpr_2026_04_p116_c000"", ""rbi_mpr_2026_04_p056_c000"", ""rbi_mpr_2026_04_p091_c005"", ""rbi_mpr_2026_04_p092_c002"", ""rbi_mpr_2026_04_p103_c000"", ""rbi_mpr_2026_04_p115_c003"", ""rbi_mpr_2026_04_p020_c001"", ""rbi_mpr_2026_04_p101_c000"", ""rbi_mpr_2026_04_p082_c000"", ""rbi_mpr_2026_04_p107_c003"", ""rbi_mpr_2026_04_p104_c000"", ""rbi_mpr_2026_04_p109_c003"", ""rbi_mpr_2026_04_p080_c000"", ""rbi_mpr_2026_04_p104_c001"", ""rbi_mpr_2026_04_p023_c001"", ""rbi_mpr_2026_04_p103_c002"", ""rbi_mpr_2026_04_p105_c003"", ""rbi_mpr_2026_04_p098_c002"", ""rbi_mpr_2026_04_p099_c002"", ""rbi_mpr_2026_04_p030_c002"", ""rbi_mpr_2026_04_p005_c003"", ""rbi_mpr_2026_04_p087_c000"", ""rbi_mpr_2026_04_p086_c000"", ""rbi_mpr_2026_04_p084_c000"", ""rbi_mpr_2026_04_p081_c005"", ""rbi_mpr_2026_04_p079_c001"", ""rbi_mpr_2026_04_p079_c000"", ""rbi_mpr_2026_04_p106_c001"", ""rbi_mpr_2026_04_p085_c003"", ""rbi_mpr_2026_04_p085_c000"", ""rbi_mpr_2026_04_p046_c000"", ""rbi_mpr_2026_04_p020_c002"", ""rbi_mpr_2026_04_p057_c004"", ""rbi_mpr_2026_04_p023_c000"", ""rbi_mpr_2026_04_p069_c003"", ""rbi_mpr_2026_04_p090_c000"", ""rbi_mpr_2026_04_p106_c000"", ""rbi_mpr_2026_04_p094_c004"", ""rbi_mpr_2026_04_p055_c003"", ""rbi_mpr_2026_04_p026_c004"", ""rbi_mpr_2026_04_p085_c004"", ""rbi_mpr_2026_04_p113_c003"", ""rbi_mpr_2026_04_p092_c000"", ""rbi_mpr_2026_04_p101_c005"", ""rbi_mpr_2026_04_p053_c000"", ""rbi_mpr_2026_04_p085_c002"", ""rbi_mpr_2026_04_p054_c004"", ""rbi_mpr_2026_04_p107_c000"", ""rbi_mpr_2026_04_p057_c001"", ""rbi_mpr_2026_04_p081_c006""], ""candidate_union_pages"": [20, 24, 100, 13, 82, 14, 104, 60, 102, 104, 102, 103, 108, 7, 21, 108, 21, 104, 109, 100, 104, 103, 100, 3, 103, 25, 22, 101, 110, 95, 102, 13, 34, 102, 116, 56, 91, 92, 103, 115, 20, 101, 82, 107, 104, 109, 80, 104, 23, 103, 105, 98, 99, 30, 5, 87, 86, 84, 81, 79, 79, 106, 85, 85, 46, 20, 57, 23, 69, 90, 106, 94, 55, 26, 85, 113, 92, 101, 53, 85, 54, 107, 57, 81], ""dense_candidate_ids"": [""rbi_mpr_2026_04_p020_c000"", ""rbi_mpr_2026_04_p024_c000"", ""rbi_mpr_2026_04_p100_c000"", ""rbi_mpr_2026_04_p013_c004"", ""rbi_mpr_2026_04_p082_c002"", ""rbi_mpr_2026_04_p014_c000"", ""rbi_mpr_2026_04_p104_c003"", ""rbi_mpr_2026_04_p060_c000"", ""rbi_mpr_2026_04_p102_c000"", ""rbi_mpr_2026_04_p104_c002"", ""rbi_mpr_2026_04_p102_c002"", ""rbi_mpr_2026_04_p103_c004"", ""rbi_mpr_2026_04_p108_c002"", ""rbi_mpr_2026_04_p007_c001"", ""rbi_mpr_2026_04_p021_c002"", ""rbi_mpr_2026_04_p108_c000"", ""rbi_mpr_2026_04_p021_c000"", ""rbi_mpr_2026_04_p104_c005"", ""rbi_mpr_2026_04_p109_c004"", ""rbi_mpr_2026_04_p100_c002"", ""rbi_mpr_2026_04_p104_c004"", ""rbi_mpr_2026_04_p103_c003"", ""rbi_mpr_2026_04_p100_c001"", ""rbi_mpr_2026_04_p003_c000"", ""rbi_mpr_2026_04_p103_c001"", ""rbi_mpr_2026_04_p025_c001"", ""rbi_mpr_2026_04_p022_c000"", ""rbi_mpr_2026_04_p101_c002"", ""rbi_mpr_2026_04_p110_c000"", ""rbi_mpr_2026_04_p095_c003"", ""rbi_mpr_2026_04_p102_c004"", ""rbi_mpr_2026_04_p013_c003"", ""rbi_mpr_2026_04_p034_c000"", ""rbi_mpr_2026_04_p102_c003"", ""rbi_mpr_2026_04_p116_c000"", ""rbi_mpr_2026_04_p056_c000"", ""rbi_mpr_2026_04_p091_c005"", ""rbi_mpr_2026_04_p092_c002"", ""rbi_mpr_2026_04_p103_c000"", ""rbi_mpr_2026_04_p115_c003"", ""rbi_mpr_2026_04_p020_c001"", ""rbi_mpr_2026_04_p101_c000"", ""rbi_mpr_2026_04_p082_c000"", ""rbi_mpr_2026_04_p107_c003"", ""rbi_mpr_2026_04_p104_c000"", ""rbi_mpr_2026_04_p109_c003"", ""rbi_mpr_2026_04_p080_c000"", ""rbi_mpr_2026_04_p104_c001"", ""rbi_mpr_2026_04_p023_c001"", ""rbi_mpr_2026_04_p103_c002""], ""dense_candidate_pages"": [20, 24, 100, 13, 82, 14, 104, 60, 102, 104, 102, 103, 108, 7, 21, 108, 21, 104, 109, 100, 104, 103, 100, 3, 103, 25, 22, 101, 110, 95, 102, 13, 34, 102, 116, 56, 91, 92, 103, 115, 20, 101, 82, 107, 104, 109, 80, 104, 23, 103], ""dense_candidate_scores"": [0.502707901427112, 0.4375376625675659, 0.43447603119803757, 0.431251038643681, 0.4224105685811269, 0.42208793445577597, 0.4197595739566402, 0.398184391469671, 0.3932122434571438, 0.38923172649638094, 0.38535868399932083, 0.3729524641121996, 0.3716175048324655, 0.36758666453458066, 0.3614330139177475, 0.3578682334706962, 0.35640868810676385, 0.3538552634365799, 0.35031665618245367, 0.34897613351871626, 0.3483250068560714, 0.34745813047589935, 0.34575876954394014, 0.33901792903365324, 0.3352601581672704, 0.3335843151767802, 0.33278862482374305, 0.3313684024694715, 0.3300520720967792, 0.32841846024849697, 0.3279878037504127, 0.32705218586031937, 0.32564658846248107, 0.3242382515194895, 0.3228750959981017, 0.32285617206312034, 0.3185912903154544, 0.3164081678562871, 0.3162073802699812, 0.31053331864235356, 0.30796467895985713, 0.3059723974307472, 0.3056487939278806, 0.304799366342992, 0.3041047019858354, 0.3009157449869557, 0.3008634407479537, 0.3003443601616935, 0.29824582642748754, 0.2961252920383589], ""dense_first_evidence_rank"": null, ""evidence_rank_after_reranking"": null, ""evidence_rank_before_reranking"": null, ""expected_evidence"": [""reduced the policy repo rate by 25 bps in the December meeting""], ""loss_stage"": ""lost_in_fusion"", ""report_id"": ""rbi_mpr_2026_04"", ""reranker_input_ids"": [""rbi_mpr_2026_04_p100_c000"", ""rbi_mpr_2026_04_p102_c000"", ""rbi_mpr_2026_04_p020_c000"", ""rbi_mpr_2026_04_p102_c002"", ""rbi_mpr_2026_04_p014_c000"", ""rbi_mpr_2026_04_p024_c000"", ""rbi_mpr_2026_04_p100_c001"", ""rbi_mpr_2026_04_p021_c002"", ""rbi_mpr_2026_04_p007_c001"", ""rbi_mpr_2026_04_p082_c000"", ""rbi_mpr_2026_04_p103_c001"", ""rbi_mpr_2026_04_p056_c000"", ""rbi_mpr_2026_04_p103_c003"", ""rbi_mpr_2026_04_p080_c000"", ""rbi_mpr_2026_04_p092_c002"", ""rbi_mpr_2026_04_p103_c000"", ""rbi_mpr_2026_04_p105_c003"", ""rbi_mpr_2026_04_p098_c002"", ""rbi_mpr_2026_04_p013_c004"", ""rbi_mpr_2026_04_p082_c002"", ""rbi_mpr_2026_04_p099_c002"", ""rbi_mpr_2026_04_p030_c002"", ""rbi_mpr_2026_04_p104_c003"", ""rbi_mpr_2026_04_p060_c000"", ""rbi_mpr_2026_04_p005_c003"", ""rbi_mpr_2026_04_p087_c000"", ""rbi_mpr_2026_04_p104_c002"", ""rbi_mpr_2026_04_p086_c000"", ""rbi_mpr_2026_04_p084_c000"", ""rbi_mpr_2026_04_p103_c004""], ""reranker_input_pages"": [100, 102, 20, 102, 14, 24, 100, 21, 7, 82, 103, 56, 103, 80, 92, 103, 105, 98, 13, 82, 99, 30, 104, 60, 5, 87, 104, 86, 84, 103], ""reranker_input_ranks"": [1, 2, 3, 4, 5, 6, 7, 8, 9, 10, 11, 12, 13, 14, 15, 16, 17, 18, 19, 20, 21, 22, 23, 24, 25, 26, 27, 28, 29, 30], ""reranker_output_ids"": [""rbi_mpr_2026_04_p102_c000"", ""rbi_mpr_2026_04_p020_c000"", ""rbi_mpr_2026_04_p014_c000"", ""rbi_mpr_2026_04_p056_c000"", ""rbi_mpr_2026_04_p100_c000"", ""rbi_mpr_2026_04_p060_c000"", ""rbi_mpr_2026_04_p024_c000"", ""rbi_mpr_2026_04_p082_c000"", ""rbi_mpr_2026_04_p084_c000"", ""rbi_mpr_2026_04_p103_c004"", ""rbi_mpr_2026_04_p086_c000"", ""rbi_mpr_2026_04_p100_c001"", ""rbi_mpr_2026_04_p080_c000"", ""rbi_mpr_2026_04_p103_c001"", ""rbi_mpr_2026_04_p102_c002"", ""rbi_mpr_2026_04_p103_c003"", ""rbi_mpr_2026_04_p105_c003"", ""rbi_mpr_2026_04_p030_c002"", ""rbi_mpr_2026_04_p013_c004"", ""rbi_mpr_2026_04_p104_c002"", ""rbi_mpr_2026_04_p021_c002"", ""rbi_mpr_2026_04_p099_c002"", ""rbi_mpr_2026_04_p005_c003"", ""rbi_mpr_2026_04_p098_c002"", ""rbi_mpr_2026_04_p092_c002"", ""rbi_mpr_2026_04_p087_c000"", ""rbi_mpr_2026_04_p103_c000"", ""rbi_mpr_2026_04_p007_c001"", ""rbi_mpr_2026_04_p104_c003"", ""rbi_mpr_2026_04_p082_c002""], ""reranker_output_pages"": [102, 20, 14, 56, 100, 60, 24, 82, 84, 103, 86, 100, 80, 103, 102, 103, 105, 30, 13, 104, 21, 99, 5, 98, 92, 87, 103, 7, 104, 82], ""reranker_scores"": [6.975350856781006, 6.915069580078125, 6.141470432281494, 6.005563259124756, 5.820718765258789, 5.6680498123168945, 5.60270881652832, 5.275507926940918, 4.96213436126709, 4.331420421600342, 4.000335693359375, 3.8665475845336914, 3.6579599380493164, 3.0607919692993164, 2.6552045345306396, 2.459066152572632, 2.424208164215088, 1.8238639831542969, 0.7947940826416016, 0.7502284646034241, 0.4999223053455353, -0.03584146499633789, -0.6475610733032227, -0.7292323112487793, -0.7616139650344849, -1.0588221549987793, -1.3404829502105713, -1.6141583919525146, -1.9127591848373413, -1.9771034717559814], ""rrf_candidate_ids"": [""rbi_mpr_2026_04_p100_c000"", ""rbi_mpr_2026_04_p102_c000"", ""rbi_mpr_2026_04_p020_c000"", ""rbi_mpr_2026_04_p102_c002"", ""rbi_mpr_2026_04_p014_c000"", ""rbi_mpr_2026_04_p024_c000"", ""rbi_mpr_2026_04_p100_c001"", ""rbi_mpr_2026_04_p021_c002"", ""rbi_mpr_2026_04_p007_c001"", ""rbi_mpr_2026_04_p082_c000"", ""rbi_mpr_2026_04_p103_c001"", ""rbi_mpr_2026_04_p056_c000"", ""rbi_mpr_2026_04_p103_c003"", ""rbi_mpr_2026_04_p080_c000"", ""rbi_mpr_2026_04_p092_c002"", ""rbi_mpr_2026_04_p103_c000"", ""rbi_mpr_2026_04_p105_c003"", ""rbi_mpr_2026_04_p098_c002"", ""rbi_mpr_2026_04_p013_c004"", ""rbi_mpr_2026_04_p082_c002"", ""rbi_mpr_2026_04_p099_c002"", ""rbi_mpr_2026_04_p030_c002"", ""rbi_mpr_2026_04_p104_c003"", ""rbi_mpr_2026_04_p060_c000"", ""rbi_mpr_2026_04_p005_c003"", ""rbi_mpr_2026_04_p087_c000"", ""rbi_mpr_2026_04_p104_c002"", ""rbi_mpr_2026_04_p086_c000"", ""rbi_mpr_2026_04_p084_c000"", ""rbi_mpr_2026_04_p103_c004""], ""rrf_candidate_pages"": [100, 102, 20, 102, 14, 24, 100, 21, 7, 82, 103, 56, 103, 80, 92, 103, 105, 98, 13, 82, 99, 30, 104, 60, 5, 87, 104, 86, 84, 103], ""rrf_first_evidence_rank"": null, ""rrf_scores"": [0.03149801587301587, 0.03036576949620428, 0.029906956136464335, 0.02900988017658188, 0.026779422128259338, 0.026767330130404943, 0.024868705591597158, 0.024696969696969696, 0.024502524502524506, 0.023597626752966557, 0.023529411764705882, 0.023403679653679656, 0.023306233062330622, 0.02021535960991467, 0.02020408163265306, 0.019360269360269362, 0.01639344262295082, 0.016129032258064516, 0.015625, 0.015384615384615385, 0.015384615384615385, 0.015151515151515152, 0.014925373134328358, 0.014705882352941176, 0.014705882352941176, 0.014492753623188406, 0.014285714285714285, 0.014285714285714285, 0.014084507042253521, 0.013888888888888888], ""selected_chunk_ids_after_dedup"": [""rbi_mpr_2026_04_p102_c000"", ""rbi_mpr_2026_04_p020_c000"", ""rbi_mpr_2026_04_p014_c000""], ""selected_chunk_ids_before_dedup"": [""rbi_mpr_2026_04_p102_c000"", ""rbi_mpr_2026_04_p020_c000"", ""rbi_mpr_2026_04_p014_c000""], ""selected_pages"": [102, 20, 14]}}","{""rbi_mpr_2025_10"": true, ""rbi_mpr_2026_04"": false}","{""rbi_mpr_2025_10"": 0.5, ""rbi_mpr_2026_04"": 0.0}",[],"[""2025"", ""2026""]",0.10849999671336263,pairwise_comparison,cmp_dev_006,"[""Compare""]",0.0,"{""rbi_mpr_2025_10"": 3, ""rbi_mpr_2026_04"": 3}",1.0,"[""rbi_mpr_2025_10"", ""rbi_mpr_2026_04""]",3174.282799998764,0.1446999958716333,5854,6,0.0039000005926936865,dev,3248.6558000091463,6
False,5.315400005201809,0.29269998776726425,False,04a5ce7716e7f739c55089569953118657c56d931da37da67b3f680d0125b949,0,0.019800005247816443,bf7cf18e02abb87a6e22fe9b686d8f93fa34ceb3f67abc575741c0a63080b56d,0.31039999157655984,62.98029999015853,0,1448,0.0,[],RRF_K60,[],0.21600000036414713,d063b65fcefc1858e3315b9e67356a80310b8ae9b4d0864e98dd7c18d8553c1a,0.0,Compare global-growth language in October 2025 and April 2026.,Compare global-growth language in October 2025 and April 2026.,"{""rbi_mpr_2025_10"": {""accepted_evidence_found"": false, ""accepted_pages"": [12], ""bm25_candidate_ids"": [""rbi_mpr_2025_10_p013_c004"", ""rbi_mpr_2025_10_p096_c004"", ""rbi_mpr_2025_10_p010_c000"", ""rbi_mpr_2025_10_p013_c003"", ""rbi_mpr_2025_10_p074_c000"", ""rbi_mpr_2025_10_p013_c002"", ""rbi_mpr_2025_10_p012_c001"", ""rbi_mpr_2025_10_p066_c000"", ""rbi_mpr_2025_10_p032_c000"", ""rbi_mpr_2025_10_p102_c000"", ""rbi_mpr_2025_10_p097_c004"", ""rbi_mpr_2025_10_p068_c000"", ""rbi_mpr_2025_10_p010_c005"", ""rbi_mpr_2025_10_p024_c000"", ""rbi_mpr_2025_10_p013_c000"", ""rbi_mpr_2025_10_p097_c003"", ""rbi_mpr_2025_10_p009_c005"", ""rbi_mpr_2025_10_p095_c003"", ""rbi_mpr_2025_10_p105_c003"", ""rbi_mpr_2025_10_p009_c002"", ""rbi_mpr_2025_10_p099_c000"", ""rbi_mpr_2025_10_p062_c000"", ""rbi_mpr_2025_10_p010_c002"", ""rbi_mpr_2025_10_p064_c000"", ""rbi_mpr_2025_10_p037_c001"", ""rbi_mpr_2025_10_p099_c002"", ""rbi_mpr_2025_10_p103_c001"", ""rbi_mpr_2025_10_p040_c000"", ""rbi_mpr_2025_10_p009_c001"", ""rbi_mpr_2025_10_p099_c001"", ""rbi_mpr_2025_10_p042_c000"", ""rbi_mpr_2025_10_p096_c000"", ""rbi_mpr_2025_10_p046_c000"", ""rbi_mpr_2025_10_p079_c000"", ""rbi_mpr_2025_10_p064_c005"", ""rbi_mpr_2025_10_p036_c003"", ""rbi_mpr_2025_10_p025_c000"", ""rbi_mpr_2025_10_p030_c000"", ""rbi_mpr_2025_10_p110_c000"", ""rbi_mpr_2025_10_p024_c001"", ""rbi_mpr_2025_10_p038_c000"", ""rbi_mpr_2025_10_p025_c003"", ""rbi_mpr_2025_10_p084_c000"", ""rbi_mpr_2025_10_p063_c000"", ""rbi_mpr_2025_10_p024_c003"", ""rbi_mpr_2025_10_p034_c000"", ""rbi_mpr_2025_10_p087_c000"", ""rbi_mpr_2025_10_p028_c000"", ""rbi_mpr_2025_10_p071_c001"", ""rbi_mpr_2025_10_p103_c002""], ""bm25_candidate_pages"": [13, 96, 10, 13, 74, 13, 12, 66, 32, 102, 97, 68, 10, 24, 13, 97, 9, 95, 105, 9, 99, 62, 10, 64, 37, 99, 103, 40, 9, 99, 42, 96, 46, 79, 64, 36, 25, 30, 110, 24, 38, 25, 84, 63, 24, 34, 87, 28, 71, 103], ""bm25_candidate_scores"": [null, null, null, null, null, null, null, null, null, null, null, null, null, null, null, null, null, null, null, null, null, null, null, null, null, null, null, null, null, null, null, null, null, null, null, null, null, null, null, null, null, null, null, null, null, null, null, null, null, null], ""bm25_first_evidence_rank"": 7, ""candidate_source_expansion"": {""rbi_mpr_2025_10_p009_c000"": [], ""rbi_mpr_2025_10_p009_c001"": [], ""rbi_mpr_2025_10_p009_c002"": [], ""rbi_mpr_2025_10_p009_c005"": [], ""rbi_mpr_2025_10_p010_c000"": [], ""rbi_mpr_2025_10_p010_c002"": [], ""rbi_mpr_2025_10_p010_c003"": [], ""rbi_mpr_2025_10_p010_c005"": [], ""rbi_mpr_2025_10_p011_c000"": [], ""rbi_mpr_2025_10_p011_c002"": [], ""rbi_mpr_2025_10_p012_c001"": [], ""rbi_mpr_2025_10_p013_c000"": [], ""rbi_mpr_2025_10_p013_c002"": [], ""rbi_mpr_2025_10_p013_c003"": [], ""rbi_mpr_2025_10_p013_c004"": [], ""rbi_mpr_2025_10_p013_c005"": [], ""rbi_mpr_2025_10_p014_c000"": [], ""rbi_mpr_2025_10_p015_c001"": [], ""rbi_mpr_2025_10_p015_c002"": [], ""rbi_mpr_2025_10_p017_c004"": [], ""rbi_mpr_2025_10_p017_c005"": [], ""rbi_mpr_2025_10_p019_c001"": [], ""rbi_mpr_2025_10_p019_c002"": [], ""rbi_mpr_2025_10_p020_c000"": [], ""rbi_mpr_2025_10_p020_c003"": [], ""rbi_mpr_2025_10_p022_c002"": [], ""rbi_mpr_2025_10_p024_c000"": [], ""rbi_mpr_2025_10_p024_c001"": [], ""rbi_mpr_2025_10_p024_c003"": [], ""rbi_mpr_2025_10_p025_c000"": [], ""rbi_mpr_2025_10_p025_c003"": [], ""rbi_mpr_2025_10_p026_c003"": [], ""rbi_mpr_2025_10_p028_c000"": [], ""rbi_mpr_2025_10_p030_c000"": [], ""rbi_mpr_2025_10_p032_c000"": [], ""rbi_mpr_2025_10_p032_c001"": [], ""rbi_mpr_2025_10_p033_c002"": [], ""rbi_mpr_2025_10_p034_c000"": [], ""rbi_mpr_2025_10_p034_c001"": [], ""rbi_mpr_2025_10_p036_c003"": [], ""rbi_mpr_2025_10_p037_c001"": [], ""rbi_mpr_2025_10_p037_c003"": [], ""rbi_mpr_2025_10_p038_c000"": [], ""rbi_mpr_2025_10_p040_c000"": [], ""rbi_mpr_2025_10_p041_c003"": [], ""rbi_mpr_2025_10_p042_c000"": [], ""rbi_mpr_2025_10_p043_c003"": [], ""rbi_mpr_2025_10_p046_c000"": [], ""rbi_mpr_2025_10_p046_c001"": [], ""rbi_mpr_2025_10_p052_c002"": [], ""rbi_mpr_2025_10_p061_c004"": [], ""rbi_mpr_2025_10_p062_c000"": [], ""rbi_mpr_2025_10_p063_c000"": [], ""rbi_mpr_2025_10_p064_c000"": [], ""rbi_mpr_2025_10_p064_c005"": [], ""rbi_mpr_2025_10_p066_c000"": [], ""rbi_mpr_2025_10_p068_c000"": [], ""rbi_mpr_2025_10_p068_c004"": [], ""rbi_mpr_2025_10_p071_c001"": [], ""rbi_mpr_2025_10_p074_c000"": [], ""rbi_mpr_2025_10_p079_c000"": [], ""rbi_mpr_2025_10_p080_c000"": [], ""rbi_mpr_2025_10_p080_c001"": [], ""rbi_mpr_2025_10_p084_c000"": [], ""rbi_mpr_2025_10_p087_c000"": [], ""rbi_mpr_2025_10_p095_c000"": [], ""rbi_mpr_2025_10_p095_c002"": [], ""rbi_mpr_2025_10_p095_c003"": [], ""rbi_mpr_2025_10_p096_c000"": [], ""rbi_mpr_2025_10_p096_c004"": [], ""rbi_mpr_2025_10_p097_c002"": [], ""rbi_mpr_2025_10_p097_c003"": [], ""rbi_mpr_2025_10_p097_c004"": [], ""rbi_mpr_2025_10_p098_c000"": [], ""rbi_mpr_2025_10_p098_c002"": [], ""rbi_mpr_2025_10_p099_c000"": [], ""rbi_mpr_2025_10_p099_c001"": [], ""rbi_mpr_2025_10_p099_c002"": [], ""rbi_mpr_2025_10_p102_c000"": [], ""rbi_mpr_2025_10_p103_c001"": [], ""rbi_mpr_2025_10_p103_c002"": [], ""rbi_mpr_2025_10_p103_c003"": [], ""rbi_mpr_2025_10_p105_c003"": [], ""rbi_mpr_2025_10_p110_c000"": [], ""rbi_mpr_2026_04_p005_c003"": [], ""rbi_mpr_2026_04_p007_c001"": [], ""rbi_mpr_2026_04_p013_c000"": [], ""rbi_mpr_2026_04_p013_c001"": [], ""rbi_mpr_2026_04_p013_c003"": [], ""rbi_mpr_2026_04_p013_c004"": [], ""rbi_mpr_2026_04_p014_c000"": [], ""rbi_mpr_2026_04_p014_c004"": [], ""rbi_mpr_2026_04_p015_c001"": [], ""rbi_mpr_2026_04_p015_c002"": [], ""rbi_mpr_2026_04_p015_c003"": [], ""rbi_mpr_2026_04_p016_c000"": [], ""rbi_mpr_2026_04_p020_c000"": [], ""rbi_mpr_2026_04_p020_c002"": [], ""rbi_mpr_2026_04_p021_c000"": [], ""rbi_mpr_2026_04_p021_c001"": [], ""rbi_mpr_2026_04_p021_c002"": [], ""rbi_mpr_2026_04_p021_c003"": [], ""rbi_mpr_2026_04_p023_c000"": [], ""rbi_mpr_2026_04_p024_c000"": [], ""rbi_mpr_2026_04_p025_c001"": [], ""rbi_mpr_2026_04_p026_c004"": [], ""rbi_mpr_2026_04_p030_c002"": [], ""rbi_mpr_2026_04_p037_c001"": [], ""rbi_mpr_2026_04_p046_c000"": [], ""rbi_mpr_2026_04_p053_c000"": [], ""rbi_mpr_2026_04_p054_c004"": [], ""rbi_mpr_2026_04_p055_c003"": [], ""rbi_mpr_2026_04_p056_c000"": [], ""rbi_mpr_2026_04_p057_c001"": [], ""rbi_mpr_2026_04_p057_c004"": [], ""rbi_mpr_2026_04_p061_c000"": [], ""rbi_mpr_2026_04_p061_c001"": [], ""rbi_mpr_2026_04_p066_c000"": [], ""rbi_mpr_2026_04_p069_c003"": [], ""rbi_mpr_2026_04_p077_c003"": [], ""rbi_mpr_2026_04_p079_c000"": [], ""rbi_mpr_2026_04_p079_c001"": [], ""rbi_mpr_2026_04_p080_c000"": [], ""rbi_mpr_2026_04_p081_c005"": [], ""rbi_mpr_2026_04_p081_c006"": [], ""rbi_mpr_2026_04_p082_c000"": [], ""rbi_mpr_2026_04_p082_c002"": [], ""rbi_mpr_2026_04_p084_c000"": [], ""rbi_mpr_2026_04_p085_c000"": [], ""rbi_mpr_2026_04_p085_c003"": [], ""rbi_mpr_2026_04_p085_c004"": [], ""rbi_mpr_2026_04_p086_c000"": [], ""rbi_mpr_2026_04_p087_c000"": [], ""rbi_mpr_2026_04_p090_c000"": [], ""rbi_mpr_2026_04_p092_c000"": [], ""rbi_mpr_2026_04_p092_c002"": [], ""rbi_mpr_2026_04_p094_c000"": [], ""rbi_mpr_2026_04_p094_c004"": [], ""rbi_mpr_2026_04_p095_c002"": [], ""rbi_mpr_2026_04_p095_c003"": [], ""rbi_mpr_2026_04_p095_c004"": [], ""rbi_mpr_2026_04_p098_c002"": [], ""rbi_mpr_2026_04_p099_c002"": [], ""rbi_mpr_2026_04_p100_c000"": [], ""rbi_mpr_2026_04_p100_c001"": [], ""rbi_mpr_2026_04_p100_c002"": [], ""rbi_mpr_2026_04_p100_c004"": [], ""rbi_mpr_2026_04_p101_c000"": [], ""rbi_mpr_2026_04_p101_c001"": [], ""rbi_mpr_2026_04_p101_c002"": [], ""rbi_mpr_2026_04_p102_c000"": [], ""rbi_mpr_2026_04_p102_c002"": [], ""rbi_mpr_2026_04_p102_c003"": [], ""rbi_mpr_2026_04_p102_c004"": [], ""rbi_mpr_2026_04_p103_c000"": [], ""rbi_mpr_2026_04_p103_c001"": [], ""rbi_mpr_2026_04_p103_c003"": [], ""rbi_mpr_2026_04_p105_c001"": [], ""rbi_mpr_2026_04_p105_c002"": [], ""rbi_mpr_2026_04_p105_c003"": [], ""rbi_mpr_2026_04_p106_c000"": [], ""rbi_mpr_2026_04_p106_c001"": [], ""rbi_mpr_2026_04_p107_c000"": [], ""rbi_mpr_2026_04_p108_c002"": [], ""rbi_mpr_2026_04_p109_c004"": [], ""rbi_mpr_2026_04_p110_c000"": [], ""rbi_mpr_2026_04_p111_c000"": [], ""rbi_mpr_2026_04_p111_c003"": [], ""rbi_mpr_2026_04_p112_c000"": [], ""rbi_mpr_2026_04_p112_c001"": [], ""rbi_mpr_2026_04_p112_c002"": [], ""rbi_mpr_2026_04_p113_c003"": [], ""rbi_mpr_2026_04_p115_c003"": [], ""rbi_mpr_2026_04_p116_c000"": []}, ""candidate_source_facet"": {""rbi_mpr_2025_10_p009_c000"": [], ""rbi_mpr_2025_10_p009_c001"": [], ""rbi_mpr_2025_10_p009_c002"": [], ""rbi_mpr_2025_10_p009_c005"": [], ""rbi_mpr_2025_10_p010_c000"": [], ""rbi_mpr_2025_10_p010_c002"": [], ""rbi_mpr_2025_10_p010_c003"": [], ""rbi_mpr_2025_10_p010_c005"": [], ""rbi_mpr_2025_10_p011_c000"": [], ""rbi_mpr_2025_10_p011_c002"": [], ""rbi_mpr_2025_10_p012_c001"": [], ""rbi_mpr_2025_10_p013_c000"": [], ""rbi_mpr_2025_10_p013_c002"": [], ""rbi_mpr_2025_10_p013_c003"": [], ""rbi_mpr_2025_10_p013_c004"": [], ""rbi_mpr_2025_10_p013_c005"": [], ""rbi_mpr_2025_10_p014_c000"": [], ""rbi_mpr_2025_10_p015_c001"": [], ""rbi_mpr_2025_10_p015_c002"": [], ""rbi_mpr_2025_10_p017_c004"": [], ""rbi_mpr_2025_10_p017_c005"": [], ""rbi_mpr_2025_10_p019_c001"": [], ""rbi_mpr_2025_10_p019_c002"": [], ""rbi_mpr_2025_10_p020_c000"": [], ""rbi_mpr_2025_10_p020_c003"": [], ""rbi_mpr_2025_10_p022_c002"": [], ""rbi_mpr_2025_10_p024_c000"": [], ""rbi_mpr_2025_10_p024_c001"": [], ""rbi_mpr_2025_10_p024_c003"": [], ""rbi_mpr_2025_10_p025_c000"": [], ""rbi_mpr_2025_10_p025_c003"": [], ""rbi_mpr_2025_10_p026_c003"": [], ""rbi_mpr_2025_10_p028_c000"": [], ""rbi_mpr_2025_10_p030_c000"": [], ""rbi_mpr_2025_10_p032_c000"": [], ""rbi_mpr_2025_10_p032_c001"": [], ""rbi_mpr_2025_10_p033_c002"": [], ""rbi_mpr_2025_10_p034_c000"": [], ""rbi_mpr_2025_10_p034_c001"": [], ""rbi_mpr_2025_10_p036_c003"": [], ""rbi_mpr_2025_10_p037_c001"": [], ""rbi_mpr_2025_10_p037_c003"": [], ""rbi_mpr_2025_10_p038_c000"": [], ""rbi_mpr_2025_10_p040_c000"": [], ""rbi_mpr_2025_10_p041_c003"": [], ""rbi_mpr_2025_10_p042_c000"": [], ""rbi_mpr_2025_10_p043_c003"": [], ""rbi_mpr_2025_10_p046_c000"": [], ""rbi_mpr_2025_10_p046_c001"": [], ""rbi_mpr_2025_10_p052_c002"": [], ""rbi_mpr_2025_10_p061_c004"": [], ""rbi_mpr_2025_10_p062_c000"": [], ""rbi_mpr_2025_10_p063_c000"": [], ""rbi_mpr_2025_10_p064_c000"": [], ""rbi_mpr_2025_10_p064_c005"": [], ""rbi_mpr_2025_10_p066_c000"": [], ""rbi_mpr_2025_10_p068_c000"": [], ""rbi_mpr_2025_10_p068_c004"": [], ""rbi_mpr_2025_10_p071_c001"": [], ""rbi_mpr_2025_10_p074_c000"": [], ""rbi_mpr_2025_10_p079_c000"": [], ""rbi_mpr_2025_10_p080_c000"": [], ""rbi_mpr_2025_10_p080_c001"": [], ""rbi_mpr_2025_10_p084_c000"": [], ""rbi_mpr_2025_10_p087_c000"": [], ""rbi_mpr_2025_10_p095_c000"": [], ""rbi_mpr_2025_10_p095_c002"": [], ""rbi_mpr_2025_10_p095_c003"": [], ""rbi_mpr_2025_10_p096_c000"": [], ""rbi_mpr_2025_10_p096_c004"": [], ""rbi_mpr_2025_10_p097_c002"": [], ""rbi_mpr_2025_10_p097_c003"": [], ""rbi_mpr_2025_10_p097_c004"": [], ""rbi_mpr_2025_10_p098_c000"": [], ""rbi_mpr_2025_10_p098_c002"": [], ""rbi_mpr_2025_10_p099_c000"": [], ""rbi_mpr_2025_10_p099_c001"": [], ""rbi_mpr_2025_10_p099_c002"": [], ""rbi_mpr_2025_10_p102_c000"": [], ""rbi_mpr_2025_10_p103_c001"": [], ""rbi_mpr_2025_10_p103_c002"": [], ""rbi_mpr_2025_10_p103_c003"": [], ""rbi_mpr_2025_10_p105_c003"": [], ""rbi_mpr_2025_10_p110_c000"": [], ""rbi_mpr_2026_04_p005_c003"": [], ""rbi_mpr_2026_04_p007_c001"": [], ""rbi_mpr_2026_04_p013_c000"": [], ""rbi_mpr_2026_04_p013_c001"": [], ""rbi_mpr_2026_04_p013_c003"": [], ""rbi_mpr_2026_04_p013_c004"": [], ""rbi_mpr_2026_04_p014_c000"": [], ""rbi_mpr_2026_04_p014_c004"": [], ""rbi_mpr_2026_04_p015_c001"": [], ""rbi_mpr_2026_04_p015_c002"": [], ""rbi_mpr_2026_04_p015_c003"": [], ""rbi_mpr_2026_04_p016_c000"": [], ""rbi_mpr_2026_04_p020_c000"": [], ""rbi_mpr_2026_04_p020_c002"": [], ""rbi_mpr_2026_04_p021_c000"": [], ""rbi_mpr_2026_04_p021_c001"": [], ""rbi_mpr_2026_04_p021_c002"": [], ""rbi_mpr_2026_04_p021_c003"": [], ""rbi_mpr_2026_04_p023_c000"": [], ""rbi_mpr_2026_04_p024_c000"": [], ""rbi_mpr_2026_04_p025_c001"": [], ""rbi_mpr_2026_04_p026_c004"": [], ""rbi_mpr_2026_04_p030_c002"": [], ""rbi_mpr_2026_04_p037_c001"": [], ""rbi_mpr_2026_04_p046_c000"": [], ""rbi_mpr_2026_04_p053_c000"": [], ""rbi_mpr_2026_04_p054_c004"": [], ""rbi_mpr_2026_04_p055_c003"": [], ""rbi_mpr_2026_04_p056_c000"": [], ""rbi_mpr_2026_04_p057_c001"": [], ""rbi_mpr_2026_04_p057_c004"": [], ""rbi_mpr_2026_04_p061_c000"": [], ""rbi_mpr_2026_04_p061_c001"": [], ""rbi_mpr_2026_04_p066_c000"": [], ""rbi_mpr_2026_04_p069_c003"": [], ""rbi_mpr_2026_04_p077_c003"": [], ""rbi_mpr_2026_04_p079_c000"": [], ""rbi_mpr_2026_04_p079_c001"": [], ""rbi_mpr_2026_04_p080_c000"": [], ""rbi_mpr_2026_04_p081_c005"": [], ""rbi_mpr_2026_04_p081_c006"": [], ""rbi_mpr_2026_04_p082_c000"": [], ""rbi_mpr_2026_04_p082_c002"": [], ""rbi_mpr_2026_04_p084_c000"": [], ""rbi_mpr_2026_04_p085_c000"": [], ""rbi_mpr_2026_04_p085_c003"": [], ""rbi_mpr_2026_04_p085_c004"": [], ""rbi_mpr_2026_04_p086_c000"": [], ""rbi_mpr_2026_04_p087_c000"": [], ""rbi_mpr_2026_04_p090_c000"": [], ""rbi_mpr_2026_04_p092_c000"": [], ""rbi_mpr_2026_04_p092_c002"": [], ""rbi_mpr_2026_04_p094_c000"": [], ""rbi_mpr_2026_04_p094_c004"": [], ""rbi_mpr_2026_04_p095_c002"": [], ""rbi_mpr_2026_04_p095_c003"": [], ""rbi_mpr_2026_04_p095_c004"": [], ""rbi_mpr_2026_04_p098_c002"": [], ""rbi_mpr_2026_04_p099_c002"": [], ""rbi_mpr_2026_04_p100_c000"": [], ""rbi_mpr_2026_04_p100_c001"": [], ""rbi_mpr_2026_04_p100_c002"": [], ""rbi_mpr_2026_04_p100_c004"": [], ""rbi_mpr_2026_04_p101_c000"": [], ""rbi_mpr_2026_04_p101_c001"": [], ""rbi_mpr_2026_04_p101_c002"": [], ""rbi_mpr_2026_04_p102_c000"": [], ""rbi_mpr_2026_04_p102_c002"": [], ""rbi_mpr_2026_04_p102_c003"": [], ""rbi_mpr_2026_04_p102_c004"": [], ""rbi_mpr_2026_04_p103_c000"": [], ""rbi_mpr_2026_04_p103_c001"": [], ""rbi_mpr_2026_04_p103_c003"": [], ""rbi_mpr_2026_04_p105_c001"": [], ""rbi_mpr_2026_04_p105_c002"": [], ""rbi_mpr_2026_04_p105_c003"": [], ""rbi_mpr_2026_04_p106_c000"": [], ""rbi_mpr_2026_04_p106_c001"": [], ""rbi_mpr_2026_04_p107_c000"": [], ""rbi_mpr_2026_04_p108_c002"": [], ""rbi_mpr_2026_04_p109_c004"": [], ""rbi_mpr_2026_04_p110_c000"": [], ""rbi_mpr_2026_04_p111_c000"": [], ""rbi_mpr_2026_04_p111_c003"": [], ""rbi_mpr_2026_04_p112_c000"": [], ""rbi_mpr_2026_04_p112_c001"": [], ""rbi_mpr_2026_04_p112_c002"": [], ""rbi_mpr_2026_04_p113_c003"": [], ""rbi_mpr_2026_04_p115_c003"": [], ""rbi_mpr_2026_04_p116_c000"": []}, ""candidate_source_query"": {""rbi_mpr_2025_10_p009_c000"": [""Compare global-growth language in October 2025 and April 2026.""], ""rbi_mpr_2025_10_p009_c001"": [""Compare global-growth language in October 2025 and April 2026.""], ""rbi_mpr_2025_10_p009_c002"": [""Compare global-growth language in October 2025 and April 2026.""], ""rbi_mpr_2025_10_p009_c005"": [""Compare global-growth language in October 2025 and April 2026.""], ""rbi_mpr_2025_10_p010_c000"": [""Compare global-growth language in October 2025 and April 2026.""], ""rbi_mpr_2025_10_p010_c002"": [""Compare global-growth language in October 2025 and April 2026.""], ""rbi_mpr_2025_10_p010_c003"": [""Compare global-growth language in October 2025 and April 2026.""], ""rbi_mpr_2025_10_p010_c005"": [""Compare global-growth language in October 2025 and April 2026.""], ""rbi_mpr_2025_10_p011_c000"": [""Compare global-growth language in October 2025 and April 2026.""], ""rbi_mpr_2025_10_p011_c002"": [""Compare global-growth language in October 2025 and April 2026.""], ""rbi_mpr_2025_10_p012_c001"": [""Compare global-growth language in October 2025 and April 2026.""], ""rbi_mpr_2025_10_p013_c000"": [""Compare global-growth language in October 2025 and April 2026.""], ""rbi_mpr_2025_10_p013_c002"": [""Compare global-growth language in October 2025 and April 2026.""], ""rbi_mpr_2025_10_p013_c003"": [""Compare global-growth language in October 2025 and April 2026.""], ""rbi_mpr_2025_10_p013_c004"": [""Compare global-growth language in October 2025 and April 2026.""], ""rbi_mpr_2025_10_p013_c005"": [""Compare global-growth language in October 2025 and April 2026.""], ""rbi_mpr_2025_10_p014_c000"": [""Compare global-growth language in October 2025 and April 2026.""], ""rbi_mpr_2025_10_p015_c001"": [""Compare global-growth language in October 2025 and April 2026.""], ""rbi_mpr_2025_10_p015_c002"": [""Compare global-growth language in October 2025 and April 2026.""], ""rbi_mpr_2025_10_p017_c004"": [""Compare global-growth language in October 2025 and April 2026.""], ""rbi_mpr_2025_10_p017_c005"": [""Compare global-growth language in October 2025 and April 2026.""], ""rbi_mpr_2025_10_p019_c001"": [""Compare global-growth language in October 2025 and April 2026.""], ""rbi_mpr_2025_10_p019_c002"": [""Compare global-growth language in October 2025 and April 2026.""], ""rbi_mpr_2025_10_p020_c000"": [""Compare global-growth language in October 2025 and April 2026.""], ""rbi_mpr_2025_10_p020_c003"": [""Compare global-growth language in October 2025 and April 2026.""], ""rbi_mpr_2025_10_p022_c002"": [""Compare global-growth language in October 2025 and April 2026.""], ""rbi_mpr_2025_10_p024_c000"": [""Compare global-growth language in October 2025 and April 2026.""], ""rbi_mpr_2025_10_p024_c001"": [""Compare global-growth language in October 2025 and April 2026.""], ""rbi_mpr_2025_10_p024_c003"": [""Compare global-growth language in October 2025 and April 2026.""], ""rbi_mpr_2025_10_p025_c000"": [""Compare global-growth language in October 2025 and April 2026.""], ""rbi_mpr_2025_10_p025_c003"": [""Compare global-growth language in October 2025 and April 2026.""], ""rbi_mpr_2025_10_p026_c003"": [""Compare global-growth language in October 2025 and April 2026.""], ""rbi_mpr_2025_10_p028_c000"": [""Compare global-growth language in October 2025 and April 2026.""], ""rbi_mpr_2025_10_p030_c000"": [""Compare global-growth language in October 2025 and April 2026.""], ""rbi_mpr_2025_10_p032_c000"": [""Compare global-growth language in October 2025 and April 2026.""], ""rbi_mpr_2025_10_p032_c001"": [""Compare global-growth language in October 2025 and April 2026.""], ""rbi_mpr_2025_10_p033_c002"": [""Compare global-growth language in October 2025 and April 2026.""], ""rbi_mpr_2025_10_p034_c000"": [""Compare global-growth language in October 2025 and April 2026.""], ""rbi_mpr_2025_10_p034_c001"": [""Compare global-growth language in October 2025 and April 2026.""], ""rbi_mpr_2025_10_p036_c003"": [""Compare global-growth language in October 2025 and April 2026.""], ""rbi_mpr_2025_10_p037_c001"": [""Compare global-growth language in October 2025 and April 2026.""], ""rbi_mpr_2025_10_p037_c003"": [""Compare global-growth language in October 2025 and April 2026.""], ""rbi_mpr_2025_10_p038_c000"": [""Compare global-growth language in October 2025 and April 2026.""], ""rbi_mpr_2025_10_p040_c000"": [""Compare global-growth language in October 2025 and April 2026.""], ""rbi_mpr_2025_10_p041_c003"": [""Compare global-growth language in October 2025 and April 2026.""], ""rbi_mpr_2025_10_p042_c000"": [""Compare global-growth language in October 2025 and April 2026.""], ""rbi_mpr_2025_10_p043_c003"": [""Compare global-growth language in October 2025 and April 2026.""], ""rbi_mpr_2025_10_p046_c000"": [""Compare global-growth language in October 2025 and April 2026.""], ""rbi_mpr_2025_10_p046_c001"": [""Compare global-growth language in October 2025 and April 2026.""], ""rbi_mpr_2025_10_p052_c002"": [""Compare global-growth language in October 2025 and April 2026.""], ""rbi_mpr_2025_10_p061_c004"": [""Compare global-growth language in October 2025 and April 2026.""], ""rbi_mpr_2025_10_p062_c000"": [""Compare global-growth language in October 2025 and April 2026.""], ""rbi_mpr_2025_10_p063_c000"": [""Compare global-growth language in October 2025 and April 2026.""], ""rbi_mpr_2025_10_p064_c000"": [""Compare global-growth language in October 2025 and April 2026.""], ""rbi_mpr_2025_10_p064_c005"": [""Compare global-growth language in October 2025 and April 2026.""], ""rbi_mpr_2025_10_p066_c000"": [""Compare global-growth language in October 2025 and April 2026.""], ""rbi_mpr_2025_10_p068_c000"": [""Compare global-growth language in October 2025 and April 2026.""], ""rbi_mpr_2025_10_p068_c004"": [""Compare global-growth language in October 2025 and April 2026.""], ""rbi_mpr_2025_10_p071_c001"": [""Compare global-growth language in October 2025 and April 2026.""], ""rbi_mpr_2025_10_p074_c000"": [""Compare global-growth language in October 2025 and April 2026.""], ""rbi_mpr_2025_10_p079_c000"": [""Compare global-growth language in October 2025 and April 2026.""], ""rbi_mpr_2025_10_p080_c000"": [""Compare global-growth language in October 2025 and April 2026.""], ""rbi_mpr_2025_10_p080_c001"": [""Compare global-growth language in October 2025 and April 2026.""], ""rbi_mpr_2025_10_p084_c000"": [""Compare global-growth language in October 2025 and April 2026.""], ""rbi_mpr_2025_10_p087_c000"": [""Compare global-growth language in October 2025 and April 2026.""], ""rbi_mpr_2025_10_p095_c000"": [""Compare global-growth language in October 2025 and April 2026.""], ""rbi_mpr_2025_10_p095_c002"": [""Compare global-growth language in October 2025 and April 2026.""], ""rbi_mpr_2025_10_p095_c003"": [""Compare global-growth language in October 2025 and April 2026.""], ""rbi_mpr_2025_10_p096_c000"": [""Compare global-growth language in October 2025 and April 2026.""], ""rbi_mpr_2025_10_p096_c004"": [""Compare global-growth language in October 2025 and April 2026.""], ""rbi_mpr_2025_10_p097_c002"": [""Compare global-growth language in October 2025 and April 2026.""], ""rbi_mpr_2025_10_p097_c003"": [""Compare global-growth language in October 2025 and April 2026.""], ""rbi_mpr_2025_10_p097_c004"": [""Compare global-growth language in October 2025 and April 2026.""], ""rbi_mpr_2025_10_p098_c000"": [""Compare global-growth language in October 2025 and April 2026.""], ""rbi_mpr_2025_10_p098_c002"": [""Compare global-growth language in October 2025 and April 2026.""], ""rbi_mpr_2025_10_p099_c000"": [""Compare global-growth language in October 2025 and April 2026.""], ""rbi_mpr_2025_10_p099_c001"": [""Compare global-growth language in October 2025 and April 2026.""], ""rbi_mpr_2025_10_p099_c002"": [""Compare global-growth language in October 2025 and April 2026.""], ""rbi_mpr_2025_10_p102_c000"": [""Compare global-growth language in October 2025 and April 2026.""], ""rbi_mpr_2025_10_p103_c001"": [""Compare global-growth language in October 2025 and April 2026.""], ""rbi_mpr_2025_10_p103_c002"": [""Compare global-growth language in October 2025 and April 2026.""], ""rbi_mpr_2025_10_p103_c003"": [""Compare global-growth language in October 2025 and April 2026.""], ""rbi_mpr_2025_10_p105_c003"": [""Compare global-growth language in October 2025 and April 2026.""], ""rbi_mpr_2025_10_p110_c000"": [""Compare global-growth language in October 2025 and April 2026.""], ""rbi_mpr_2026_04_p005_c003"": [""Compare global-growth language in October 2025 and April 2026.""], ""rbi_mpr_2026_04_p007_c001"": [""Compare global-growth language in October 2025 and April 2026.""], ""rbi_mpr_2026_04_p013_c000"": [""Compare global-growth language in October 2025 and April 2026.""], ""rbi_mpr_2026_04_p013_c001"": [""Compare global-growth language in October 2025 and April 2026.""], ""rbi_mpr_2026_04_p013_c003"": [""Compare global-growth language in October 2025 and April 2026.""], ""rbi_mpr_2026_04_p013_c004"": [""Compare global-growth language in October 2025 and April 2026.""], ""rbi_mpr_2026_04_p014_c000"": [""Compare global-growth language in October 2025 and April 2026.""], ""rbi_mpr_2026_04_p014_c004"": [""Compare global-growth language in October 2025 and April 2026.""], ""rbi_mpr_2026_04_p015_c001"": [""Compare global-growth language in October 2025 and April 2026.""], ""rbi_mpr_2026_04_p015_c002"": [""Compare global-growth language in October 2025 and April 2026.""], ""rbi_mpr_2026_04_p015_c003"": [""Compare global-growth language in October 2025 and April 2026.""], ""rbi_mpr_2026_04_p016_c000"": [""Compare global-growth language in October 2025 and April 2026.""], ""rbi_mpr_2026_04_p020_c000"": [""Compare global-growth language in October 2025 and April 2026.""], ""rbi_mpr_2026_04_p020_c002"": [""Compare global-growth language in October 2025 and April 2026.""], ""rbi_mpr_2026_04_p021_c000"": [""Compare global-growth language in October 2025 and April 2026.""], ""rbi_mpr_2026_04_p021_c001"": [""Compare global-growth language in October 2025 and April 2026.""], ""rbi_mpr_2026_04_p021_c002"": [""Compare global-growth language in October 2025 and April 2026.""], ""rbi_mpr_2026_04_p021_c003"": [""Compare global-growth language in October 2025 and April 2026.""], ""rbi_mpr_2026_04_p023_c000"": [""Compare global-growth language in October 2025 and April 2026.""], ""rbi_mpr_2026_04_p024_c000"": [""Compare global-growth language in October 2025 and April 2026.""], ""rbi_mpr_2026_04_p025_c001"": [""Compare global-growth language in October 2025 and April 2026.""], ""rbi_mpr_2026_04_p026_c004"": [""Compare global-growth language in October 2025 and April 2026.""], ""rbi_mpr_2026_04_p030_c002"": [""Compare global-growth language in October 2025 and April 2026.""], ""rbi_mpr_2026_04_p037_c001"": [""Compare global-growth language in October 2025 and April 2026.""], ""rbi_mpr_2026_04_p046_c000"": [""Compare global-growth language in October 2025 and April 2026.""], ""rbi_mpr_2026_04_p053_c000"": [""Compare global-growth language in October 2025 and April 2026.""], ""rbi_mpr_2026_04_p054_c004"": [""Compare global-growth language in October 2025 and April 2026.""], ""rbi_mpr_2026_04_p055_c003"": [""Compare global-growth language in October 2025 and April 2026.""], ""rbi_mpr_2026_04_p056_c000"": [""Compare global-growth language in October 2025 and April 2026.""], ""rbi_mpr_2026_04_p057_c001"": [""Compare global-growth language in October 2025 and April 2026.""], ""rbi_mpr_2026_04_p057_c004"": [""Compare global-growth language in October 2025 and April 2026.""], ""rbi_mpr_2026_04_p061_c000"": [""Compare global-growth language in October 2025 and April 2026.""], ""rbi_mpr_2026_04_p061_c001"": [""Compare global-growth language in October 2025 and April 2026.""], ""rbi_mpr_2026_04_p066_c000"": [""Compare global-growth language in October 2025 and April 2026.""], ""rbi_mpr_2026_04_p069_c003"": [""Compare global-growth language in October 2025 and April 2026.""], ""rbi_mpr_2026_04_p077_c003"": [""Compare global-growth language in October 2025 and April 2026.""], ""rbi_mpr_2026_04_p079_c000"": [""Compare global-growth language in October 2025 and April 2026.""], ""rbi_mpr_2026_04_p079_c001"": [""Compare global-growth language in October 2025 and April 2026.""], ""rbi_mpr_2026_04_p080_c000"": [""Compare global-growth language in October 2025 and April 2026.""], ""rbi_mpr_2026_04_p081_c005"": [""Compare global-growth language in October 2025 and April 2026.""], ""rbi_mpr_2026_04_p081_c006"": [""Compare global-growth language in October 2025 and April 2026.""], ""rbi_mpr_2026_04_p082_c000"": [""Compare global-growth language in October 2025 and April 2026.""], ""rbi_mpr_2026_04_p082_c002"": [""Compare global-growth language in October 2025 and April 2026.""], ""rbi_mpr_2026_04_p084_c000"": [""Compare global-growth language in October 2025 and April 2026.""], ""rbi_mpr_2026_04_p085_c000"": [""Compare global-growth language in October 2025 and April 2026.""], ""rbi_mpr_2026_04_p085_c003"": [""Compare global-growth language in October 2025 and April 2026.""], ""rbi_mpr_2026_04_p085_c004"": [""Compare global-growth language in October 2025 and April 2026.""], ""rbi_mpr_2026_04_p086_c000"": [""Compare global-growth language in October 2025 and April 2026.""], ""rbi_mpr_2026_04_p087_c000"": [""Compare global-growth language in October 2025 and April 2026.""], ""rbi_mpr_2026_04_p090_c000"": [""Compare global-growth language in October 2025 and April 2026.""], ""rbi_mpr_2026_04_p092_c000"": [""Compare global-growth language in October 2025 and April 2026.""], ""rbi_mpr_2026_04_p092_c002"": [""Compare global-growth language in October 2025 and April 2026.""], ""rbi_mpr_2026_04_p094_c000"": [""Compare global-growth language in October 2025 and April 2026.""], ""rbi_mpr_2026_04_p094_c004"": [""Compare global-growth language in October 2025 and April 2026.""], ""rbi_mpr_2026_04_p095_c002"": [""Compare global-growth language in October 2025 and April 2026.""], ""rbi_mpr_2026_04_p095_c003"": [""Compare global-growth language in October 2025 and April 2026.""], ""rbi_mpr_2026_04_p095_c004"": [""Compare global-growth language in October 2025 and April 2026.""], ""rbi_mpr_2026_04_p098_c002"": [""Compare global-growth language in October 2025 and April 2026.""], ""rbi_mpr_2026_04_p099_c002"": [""Compare global-growth language in October 2025 and April 2026.""], ""rbi_mpr_2026_04_p100_c000"": [""Compare global-growth language in October 2025 and April 2026.""], ""rbi_mpr_2026_04_p100_c001"": [""Compare global-growth language in October 2025 and April 2026.""], ""rbi_mpr_2026_04_p100_c002"": [""Compare global-growth language in October 2025 and April 2026.""], ""rbi_mpr_2026_04_p100_c004"": [""Compare global-growth language in October 2025 and April 2026.""], ""rbi_mpr_2026_04_p101_c000"": [""Compare global-growth language in October 2025 and April 2026.""], ""rbi_mpr_2026_04_p101_c001"": [""Compare global-growth language in October 2025 and April 2026.""], ""rbi_mpr_2026_04_p101_c002"": [""Compare global-growth language in October 2025 and April 2026.""], ""rbi_mpr_2026_04_p102_c000"": [""Compare global-growth language in October 2025 and April 2026.""], ""rbi_mpr_2026_04_p102_c002"": [""Compare global-growth language in October 2025 and April 2026.""], ""rbi_mpr_2026_04_p102_c003"": [""Compare global-growth language in October 2025 and April 2026.""], ""rbi_mpr_2026_04_p102_c004"": [""Compare global-growth language in October 2025 and April 2026.""], ""rbi_mpr_2026_04_p103_c000"": [""Compare global-growth language in October 2025 and April 2026.""], ""rbi_mpr_2026_04_p103_c001"": [""Compare global-growth language in October 2025 and April 2026.""], ""rbi_mpr_2026_04_p103_c003"": [""Compare global-growth language in October 2025 and April 2026.""], ""rbi_mpr_2026_04_p105_c001"": [""Compare global-growth language in October 2025 and April 2026.""], ""rbi_mpr_2026_04_p105_c002"": [""Compare global-growth language in October 2025 and April 2026.""], ""rbi_mpr_2026_04_p105_c003"": [""Compare global-growth language in October 2025 and April 2026.""], ""rbi_mpr_2026_04_p106_c000"": [""Compare global-growth language in October 2025 and April 2026.""], ""rbi_mpr_2026_04_p106_c001"": [""Compare global-growth language in October 2025 and April 2026.""], ""rbi_mpr_2026_04_p107_c000"": [""Compare global-growth language in October 2025 and April 2026.""], ""rbi_mpr_2026_04_p108_c002"": [""Compare global-growth language in October 2025 and April 2026.""], ""rbi_mpr_2026_04_p109_c004"": [""Compare global-growth language in October 2025 and April 2026.""], ""rbi_mpr_2026_04_p110_c000"": [""Compare global-growth language in October 2025 and April 2026.""], ""rbi_mpr_2026_04_p111_c000"": [""Compare global-growth language in October 2025 and April 2026.""], ""rbi_mpr_2026_04_p111_c003"": [""Compare global-growth language in October 2025 and April 2026.""], ""rbi_mpr_2026_04_p112_c000"": [""Compare global-growth language in October 2025 and April 2026.""], ""rbi_mpr_2026_04_p112_c001"": [""Compare global-growth language in October 2025 and April 2026.""], ""rbi_mpr_2026_04_p112_c002"": [""Compare global-growth language in October 2025 and April 2026.""], ""rbi_mpr_2026_04_p113_c003"": [""Compare global-growth language in October 2025 and April 2026.""], ""rbi_mpr_2026_04_p115_c003"": [""Compare global-growth language in October 2025 and April 2026.""], ""rbi_mpr_2026_04_p116_c000"": [""Compare global-growth language in October 2025 and April 2026.""]}, ""candidate_source_retriever"": {""rbi_mpr_2025_10_p009_c000"": [""dense""], ""rbi_mpr_2025_10_p009_c001"": [""bm25"", ""dense""], ""rbi_mpr_2025_10_p009_c002"": [""bm25""], ""rbi_mpr_2025_10_p009_c005"": [""bm25"", ""dense""], ""rbi_mpr_2025_10_p010_c000"": [""bm25"", ""dense""], ""rbi_mpr_2025_10_p010_c002"": [""bm25""], ""rbi_mpr_2025_10_p010_c003"": [""dense""], ""rbi_mpr_2025_10_p010_c005"": [""bm25""], ""rbi_mpr_2025_10_p011_c000"": [""dense""], ""rbi_mpr_2025_10_p011_c002"": [""dense""], ""rbi_mpr_2025_10_p012_c001"": [""bm25""], ""rbi_mpr_2025_10_p013_c000"": [""bm25""], ""rbi_mpr_2025_10_p013_c002"": [""bm25"", ""dense""], ""rbi_mpr_2025_10_p013_c003"": [""bm25"", ""dense""], ""rbi_mpr_2025_10_p013_c004"": [""bm25"", ""dense""], ""rbi_mpr_2025_10_p013_c005"": [""dense""], ""rbi_mpr_2025_10_p014_c000"": [""dense""], ""rbi_mpr_2025_10_p015_c001"": [""dense""], ""rbi_mpr_2025_10_p015_c002"": [""dense""], ""rbi_mpr_2025_10_p017_c004"": [""dense""], ""rbi_mpr_2025_10_p017_c005"": [""dense""], ""rbi_mpr_2025_10_p019_c001"": [""dense""], ""rbi_mpr_2025_10_p019_c002"": [""dense""], ""rbi_mpr_2025_10_p020_c000"": [""dense""], ""rbi_mpr_2025_10_p020_c003"": [""dense""], ""rbi_mpr_2025_10_p022_c002"": [""dense""], ""rbi_mpr_2025_10_p024_c000"": [""bm25""], ""rbi_mpr_2025_10_p024_c001"": [""bm25""], ""rbi_mpr_2025_10_p024_c003"": [""bm25""], ""rbi_mpr_2025_10_p025_c000"": [""bm25""], ""rbi_mpr_2025_10_p025_c003"": [""bm25""], ""rbi_mpr_2025_10_p026_c003"": [""dense""], ""rbi_mpr_2025_10_p028_c000"": [""bm25""], ""rbi_mpr_2025_10_p030_c000"": [""bm25"", ""dense""], ""rbi_mpr_2025_10_p032_c000"": [""bm25"", ""dense""], ""rbi_mpr_2025_10_p032_c001"": [""dense""], ""rbi_mpr_2025_10_p033_c002"": [""dense""], ""rbi_mpr_2025_10_p034_c000"": [""bm25"", ""dense""], ""rbi_mpr_2025_10_p034_c001"": [""dense""], ""rbi_mpr_2025_10_p036_c003"": [""bm25""], ""rbi_mpr_2025_10_p037_c001"": [""bm25""], ""rbi_mpr_2025_10_p037_c003"": [""dense""], ""rbi_mpr_2025_10_p038_c000"": [""bm25"", ""dense""], ""rbi_mpr_2025_10_p040_c000"": [""bm25""], ""rbi_mpr_2025_10_p041_c003"": [""dense""], ""rbi_mpr_2025_10_p042_c000"": [""bm25""], ""rbi_mpr_2025_10_p043_c003"": [""dense""], ""rbi_mpr_2025_10_p046_c000"": [""bm25""], ""rbi_mpr_2025_10_p046_c001"": [""dense""], ""rbi_mpr_2025_10_p052_c002"": [""dense""], ""rbi_mpr_2025_10_p061_c004"": [""dense""], ""rbi_mpr_2025_10_p062_c000"": [""bm25""], ""rbi_mpr_2025_10_p063_c000"": [""bm25""], ""rbi_mpr_2025_10_p064_c000"": [""bm25""], ""rbi_mpr_2025_10_p064_c005"": [""bm25""], ""rbi_mpr_2025_10_p066_c000"": [""bm25""], ""rbi_mpr_2025_10_p068_c000"": [""bm25""], ""rbi_mpr_2025_10_p068_c004"": [""dense""], ""rbi_mpr_2025_10_p071_c001"": [""bm25""], ""rbi_mpr_2025_10_p074_c000"": [""bm25""], ""rbi_mpr_2025_10_p079_c000"": [""bm25""], ""rbi_mpr_2025_10_p080_c000"": [""dense""], ""rbi_mpr_2025_10_p080_c001"": [""dense""], ""rbi_mpr_2025_10_p084_c000"": [""bm25""], ""rbi_mpr_2025_10_p087_c000"": [""bm25""], ""rbi_mpr_2025_10_p095_c000"": [""dense""], ""rbi_mpr_2025_10_p095_c002"": [""dense""], ""rbi_mpr_2025_10_p095_c003"": [""bm25"", ""dense""], ""rbi_mpr_2025_10_p096_c000"": [""bm25""], ""rbi_mpr_2025_10_p096_c004"": [""bm25"", ""dense""], ""rbi_mpr_2025_10_p097_c002"": [""dense""], ""rbi_mpr_2025_10_p097_c003"": [""bm25"", ""dense""], ""rbi_mpr_2025_10_p097_c004"": [""bm25"", ""dense""], ""rbi_mpr_2025_10_p098_c000"": [""dense""], ""rbi_mpr_2025_10_p098_c002"": [""dense""], ""rbi_mpr_2025_10_p099_c000"": [""bm25"", ""dense""], ""rbi_mpr_2025_10_p099_c001"": [""bm25""], ""rbi_mpr_2025_10_p099_c002"": [""bm25""], ""rbi_mpr_2025_10_p102_c000"": [""bm25"", ""dense""], ""rbi_mpr_2025_10_p103_c001"": [""bm25""], ""rbi_mpr_2025_10_p103_c002"": [""bm25""], ""rbi_mpr_2025_10_p103_c003"": [""dense""], ""rbi_mpr_2025_10_p105_c003"": [""bm25""], ""rbi_mpr_2025_10_p110_c000"": [""bm25""], ""rbi_mpr_2026_04_p005_c003"": [""bm25"", ""dense""], ""rbi_mpr_2026_04_p007_c001"": [""bm25""], ""rbi_mpr_2026_04_p013_c000"": [""dense""], ""rbi_mpr_2026_04_p013_c001"": [""dense""], ""rbi_mpr_2026_04_p013_c003"": [""dense""], ""rbi_mpr_2026_04_p013_c004"": [""dense""], ""rbi_mpr_2026_04_p014_c000"": [""bm25""], ""rbi_mpr_2026_04_p014_c004"": [""bm25""], ""rbi_mpr_2026_04_p015_c001"": [""dense""], ""rbi_mpr_2026_04_p015_c002"": [""dense""], ""rbi_mpr_2026_04_p015_c003"": [""dense""], ""rbi_mpr_2026_04_p016_c000"": [""dense""], ""rbi_mpr_2026_04_p020_c000"": [""bm25""], ""rbi_mpr_2026_04_p020_c002"": [""bm25""], ""rbi_mpr_2026_04_p021_c000"": [""dense""], ""rbi_mpr_2026_04_p021_c001"": [""dense""], ""rbi_mpr_2026_04_p021_c002"": [""bm25"", ""dense""], ""rbi_mpr_2026_04_p021_c003"": [""dense""], ""rbi_mpr_2026_04_p023_c000"": [""bm25""], ""rbi_mpr_2026_04_p024_c000"": [""bm25""], ""rbi_mpr_2026_04_p025_c001"": [""dense""], ""rbi_mpr_2026_04_p026_c004"": [""bm25""], ""rbi_mpr_2026_04_p030_c002"": [""bm25""], ""rbi_mpr_2026_04_p037_c001"": [""bm25""], ""rbi_mpr_2026_04_p046_c000"": [""bm25""], ""rbi_mpr_2026_04_p053_c000"": [""bm25""], ""rbi_mpr_2026_04_p054_c004"": [""bm25""], ""rbi_mpr_2026_04_p055_c003"": [""bm25"", ""dense""], ""rbi_mpr_2026_04_p056_c000"": [""bm25"", ""dense""], ""rbi_mpr_2026_04_p057_c001"": [""bm25""], ""rbi_mpr_2026_04_p057_c004"": [""bm25""], ""rbi_mpr_2026_04_p061_c000"": [""dense""], ""rbi_mpr_2026_04_p061_c001"": [""bm25""], ""rbi_mpr_2026_04_p066_c000"": [""dense""], ""rbi_mpr_2026_04_p069_c003"": [""bm25""], ""rbi_mpr_2026_04_p077_c003"": [""dense""], ""rbi_mpr_2026_04_p079_c000"": [""bm25""], ""rbi_mpr_2026_04_p079_c001"": [""bm25""], ""rbi_mpr_2026_04_p080_c000"": [""bm25""], ""rbi_mpr_2026_04_p081_c005"": [""bm25""], ""rbi_mpr_2026_04_p081_c006"": [""bm25""], ""rbi_mpr_2026_04_p082_c000"": [""bm25""], ""rbi_mpr_2026_04_p082_c002"": [""dense""], ""rbi_mpr_2026_04_p084_c000"": [""bm25""], ""rbi_mpr_2026_04_p085_c000"": [""bm25""], ""rbi_mpr_2026_04_p085_c003"": [""bm25""], ""rbi_mpr_2026_04_p085_c004"": [""bm25""], ""rbi_mpr_2026_04_p086_c000"": [""bm25""], ""rbi_mpr_2026_04_p087_c000"": [""bm25""], ""rbi_mpr_2026_04_p090_c000"": [""bm25""], ""rbi_mpr_2026_04_p092_c000"": [""bm25""], ""rbi_mpr_2026_04_p092_c002"": [""bm25""], ""rbi_mpr_2026_04_p094_c000"": [""bm25""], ""rbi_mpr_2026_04_p094_c004"": [""bm25"", ""dense""], ""rbi_mpr_2026_04_p095_c002"": [""dense""], ""rbi_mpr_2026_04_p095_c003"": [""dense""], ""rbi_mpr_2026_04_p095_c004"": [""dense""], ""rbi_mpr_2026_04_p098_c002"": [""bm25""], ""rbi_mpr_2026_04_p099_c002"": [""bm25""], ""rbi_mpr_2026_04_p100_c000"": [""bm25"", ""dense""], ""rbi_mpr_2026_04_p100_c001"": [""bm25"", ""dense""], ""rbi_mpr_2026_04_p100_c002"": [""dense""], ""rbi_mpr_2026_04_p100_c004"": [""dense""], ""rbi_mpr_2026_04_p101_c000"": [""dense""], ""rbi_mpr_2026_04_p101_c001"": [""dense""], ""rbi_mpr_2026_04_p101_c002"": [""dense""], ""rbi_mpr_2026_04_p102_c000"": [""bm25"", ""dense""], ""rbi_mpr_2026_04_p102_c002"": [""dense""], ""rbi_mpr_2026_04_p102_c003"": [""dense""], ""rbi_mpr_2026_04_p102_c004"": [""dense""], ""rbi_mpr_2026_04_p103_c000"": [""bm25""], ""rbi_mpr_2026_04_p103_c001"": [""bm25""], ""rbi_mpr_2026_04_p103_c003"": [""bm25""], ""rbi_mpr_2026_04_p105_c001"": [""dense""], ""rbi_mpr_2026_04_p105_c002"": [""dense""], ""rbi_mpr_2026_04_p105_c003"": [""bm25"", ""dense""], ""rbi_mpr_2026_04_p106_c000"": [""bm25""], ""rbi_mpr_2026_04_p106_c001"": [""bm25"", ""dense""], ""rbi_mpr_2026_04_p107_c000"": [""dense""], ""rbi_mpr_2026_04_p108_c002"": [""dense""], ""rbi_mpr_2026_04_p109_c004"": [""dense""], ""rbi_mpr_2026_04_p110_c000"": [""dense""], ""rbi_mpr_2026_04_p111_c000"": [""dense""], ""rbi_mpr_2026_04_p111_c003"": [""dense""], ""rbi_mpr_2026_04_p112_c000"": [""dense""], ""rbi_mpr_2026_04_p112_c001"": [""dense""], ""rbi_mpr_2026_04_p112_c002"": [""dense""], ""rbi_mpr_2026_04_p113_c003"": [""bm25""], ""rbi_mpr_2026_04_p115_c003"": [""dense""], ""rbi_mpr_2026_04_p116_c000"": [""dense""]}, ""candidate_union_ids"": [""rbi_mpr_2025_10_p096_c004"", ""rbi_mpr_2025_10_p013_c003"", ""rbi_mpr_2025_10_p097_c003"", ""rbi_mpr_2025_10_p097_c004"", ""rbi_mpr_2025_10_p013_c004"", ""rbi_mpr_2025_10_p068_c004"", ""rbi_mpr_2025_10_p043_c003"", ""rbi_mpr_2025_10_p034_c000"", ""rbi_mpr_2025_10_p098_c002"", ""rbi_mpr_2025_10_p013_c002"", ""rbi_mpr_2025_10_p041_c003"", ""rbi_mpr_2025_10_p099_c000"", ""rbi_mpr_2025_10_p009_c005"", ""rbi_mpr_2025_10_p098_c000"", ""rbi_mpr_2025_10_p017_c004"", ""rbi_mpr_2025_10_p011_c002"", ""rbi_mpr_2025_10_p013_c005"", ""rbi_mpr_2025_10_p014_c000"", ""rbi_mpr_2025_10_p095_c000"", ""rbi_mpr_2025_10_p009_c001"", ""rbi_mpr_2025_10_p011_c000"", ""rbi_mpr_2025_10_p019_c001"", ""rbi_mpr_2025_10_p052_c002"", ""rbi_mpr_2025_10_p095_c002"", ""rbi_mpr_2025_10_p009_c000"", ""rbi_mpr_2025_10_p010_c000"", ""rbi_mpr_2025_10_p103_c003"", ""rbi_mpr_2025_10_p020_c000"", ""rbi_mpr_2025_10_p097_c002"", ""rbi_mpr_2025_10_p015_c002"", ""rbi_mpr_2025_10_p019_c002"", ""rbi_mpr_2025_10_p061_c004"", ""rbi_mpr_2025_10_p080_c001"", ""rbi_mpr_2025_10_p102_c000"", ""rbi_mpr_2025_10_p033_c002"", ""rbi_mpr_2025_10_p032_c000"", ""rbi_mpr_2025_10_p038_c000"", ""rbi_mpr_2025_10_p022_c002"", ""rbi_mpr_2025_10_p095_c003"", ""rbi_mpr_2025_10_p017_c005"", ""rbi_mpr_2025_10_p010_c003"", ""rbi_mpr_2025_10_p030_c000"", ""rbi_mpr_2025_10_p032_c001"", ""rbi_mpr_2025_10_p080_c000"", ""rbi_mpr_2025_10_p034_c001"", ""rbi_mpr_2025_10_p015_c001"", ""rbi_mpr_2025_10_p026_c003"", ""rbi_mpr_2025_10_p046_c001"", ""rbi_mpr_2025_10_p037_c003"", ""rbi_mpr_2025_10_p020_c003"", ""rbi_mpr_2025_10_p074_c000"", ""rbi_mpr_2025_10_p012_c001"", ""rbi_mpr_2025_10_p066_c000"", ""rbi_mpr_2025_10_p068_c000"", ""rbi_mpr_2025_10_p010_c005"", ""rbi_mpr_2025_10_p024_c000"", ""rbi_mpr_2025_10_p013_c000"", ""rbi_mpr_2025_10_p105_c003"", ""rbi_mpr_2025_10_p009_c002"", ""rbi_mpr_2025_10_p062_c000"", ""rbi_mpr_2025_10_p010_c002"", ""rbi_mpr_2025_10_p064_c000"", ""rbi_mpr_2025_10_p037_c001"", ""rbi_mpr_2025_10_p099_c002"", ""rbi_mpr_2025_10_p103_c001"", ""rbi_mpr_2025_10_p040_c000"", ""rbi_mpr_2025_10_p099_c001"", ""rbi_mpr_2025_10_p042_c000"", ""rbi_mpr_2025_10_p096_c000"", ""rbi_mpr_2025_10_p046_c000"", ""rbi_mpr_2025_10_p079_c000"", ""rbi_mpr_2025_10_p064_c005"", ""rbi_mpr_2025_10_p036_c003"", ""rbi_mpr_2025_10_p025_c000"", ""rbi_mpr_2025_10_p110_c000"", ""rbi_mpr_2025_10_p024_c001"", ""rbi_mpr_2025_10_p025_c003"", ""rbi_mpr_2025_10_p084_c000"", ""rbi_mpr_2025_10_p063_c000"", ""rbi_mpr_2025_10_p024_c003"", ""rbi_mpr_2025_10_p087_c000"", ""rbi_mpr_2025_10_p028_c000"", ""rbi_mpr_2025_10_p071_c001"", ""rbi_mpr_2025_10_p103_c002""], ""candidate_union_pages"": [96, 13, 97, 97, 13, 68, 43, 34, 98, 13, 41, 99, 9, 98, 17, 11, 13, 14, 95, 9, 11, 19, 52, 95, 9, 10, 103, 20, 97, 15, 19, 61, 80, 102, 33, 32, 38, 22, 95, 17, 10, 30, 32, 80, 34, 15, 26, 46, 37, 20, 74, 12, 66, 68, 10, 24, 13, 105, 9, 62, 10, 64, 37, 99, 103, 40, 99, 42, 96, 46, 79, 64, 36, 25, 110, 24, 25, 84, 63, 24, 87, 28, 71, 103], ""dense_candidate_ids"": [""rbi_mpr_2025_10_p096_c004"", ""rbi_mpr_2025_10_p013_c003"", ""rbi_mpr_2025_10_p097_c003"", ""rbi_mpr_2025_10_p097_c004"", ""rbi_mpr_2025_10_p013_c004"", ""rbi_mpr_2025_10_p068_c004"", ""rbi_mpr_2025_10_p043_c003"", ""rbi_mpr_2025_10_p034_c000"", ""rbi_mpr_2025_10_p098_c002"", ""rbi_mpr_2025_10_p013_c002"", ""rbi_mpr_2025_10_p041_c003"", ""rbi_mpr_2025_10_p099_c000"", ""rbi_mpr_2025_10_p009_c005"", ""rbi_mpr_2025_10_p098_c000"", ""rbi_mpr_2025_10_p017_c004"", ""rbi_mpr_2025_10_p011_c002"", ""rbi_mpr_2025_10_p013_c005"", ""rbi_mpr_2025_10_p014_c000"", ""rbi_mpr_2025_10_p095_c000"", ""rbi_mpr_2025_10_p009_c001"", ""rbi_mpr_2025_10_p011_c000"", ""rbi_mpr_2025_10_p019_c001"", ""rbi_mpr_2025_10_p052_c002"", ""rbi_mpr_2025_10_p095_c002"", ""rbi_mpr_2025_10_p009_c000"", ""rbi_mpr_2025_10_p010_c000"", ""rbi_mpr_2025_10_p103_c003"", ""rbi_mpr_2025_10_p020_c000"", ""rbi_mpr_2025_10_p097_c002"", ""rbi_mpr_2025_10_p015_c002"", ""rbi_mpr_2025_10_p019_c002"", ""rbi_mpr_2025_10_p061_c004"", ""rbi_mpr_2025_10_p080_c001"", ""rbi_mpr_2025_10_p102_c000"", ""rbi_mpr_2025_10_p033_c002"", ""rbi_mpr_2025_10_p032_c000"", ""rbi_mpr_2025_10_p038_c000"", ""rbi_mpr_2025_10_p022_c002"", ""rbi_mpr_2025_10_p095_c003"", ""rbi_mpr_2025_10_p017_c005"", ""rbi_mpr_2025_10_p010_c003"", ""rbi_mpr_2025_10_p030_c000"", ""rbi_mpr_2025_10_p032_c001"", ""rbi_mpr_2025_10_p080_c000"", ""rbi_mpr_2025_10_p034_c001"", ""rbi_mpr_2025_10_p015_c001"", ""rbi_mpr_2025_10_p026_c003"", ""rbi_mpr_2025_10_p046_c001"", ""rbi_mpr_2025_10_p037_c003"", ""rbi_mpr_2025_10_p020_c003""], ""dense_candidate_pages"": [96, 13, 97, 97, 13, 68, 43, 34, 98, 13, 41, 99, 9, 98, 17, 11, 13, 14, 95, 9, 11, 19, 52, 95, 9, 10, 103, 20, 97, 15, 19, 61, 80, 102, 33, 32, 38, 22, 95, 17, 10, 30, 32, 80, 34, 15, 26, 46, 37, 20], ""dense_candidate_scores"": [0.405196826271762, 0.3385674635167688, 0.2712733185202133, 0.2709653936449926, 0.25355503628732445, 0.2418608874057948, 0.23333753023143666, 0.20945299547401008, 0.20845327222733168, 0.2073075522974115, 0.20629307765375426, 0.2051628677640862, 0.19119278906296822, 0.1803124115324869, 0.1787822280504504, 0.17867896827159868, 0.17231909312500182, 0.16889651614482615, 0.16780170960790708, 0.16514106335511136, 0.16396280605814084, 0.1567415336216783, 0.15328936955384798, 0.15233255179895366, 0.15019781392187692, 0.14699465343504892, 0.14557708633223354, 0.14425611980620512, 0.1437345104090343, 0.1317276319115538, 0.1301598534406455, 0.1282402330783684, 0.1267714154077637, 0.12295999160322657, 0.1208282040055455, 0.11733296585853703, 0.11494197514251403, 0.11348917327434349, 0.10806563251426471, 0.1038077892903001, 0.10291646773799168, 0.10101631921972654, 0.09735266226606865, 0.09689461031645219, 0.09554119071707035, 0.09372744323825255, 0.09357891774410021, 0.0933397765256494, 0.09099329288165381, 0.08613570000337922], ""dense_first_evidence_rank"": null, ""evidence_rank_after_reranking"": 14, ""evidence_rank_before_reranking"": 20, ""expected_evidence"": [""3.0 per cent in 2025 3.1 per cent in 2026""], ""loss_stage"": ""lost_by_quota"", ""report_id"": ""rbi_mpr_2025_10"", ""reranker_input_ids"": [""rbi_mpr_2025_10_p096_c004"", ""rbi_mpr_2025_10_p013_c004"", ""rbi_mpr_2025_10_p013_c003"", ""rbi_mpr_2025_10_p097_c004"", ""rbi_mpr_2025_10_p013_c002"", ""rbi_mpr_2025_10_p097_c003"", ""rbi_mpr_2025_10_p010_c000"", ""rbi_mpr_2025_10_p009_c005"", ""rbi_mpr_2025_10_p099_c000"", ""rbi_mpr_2025_10_p102_c000"", ""rbi_mpr_2025_10_p032_c000"", ""rbi_mpr_2025_10_p034_c000"", ""rbi_mpr_2025_10_p009_c001"", ""rbi_mpr_2025_10_p095_c003"", ""rbi_mpr_2025_10_p038_c000"", ""rbi_mpr_2025_10_p030_c000"", ""rbi_mpr_2025_10_p074_c000"", ""rbi_mpr_2025_10_p068_c004"", ""rbi_mpr_2025_10_p043_c003"", ""rbi_mpr_2025_10_p012_c001"", ""rbi_mpr_2025_10_p066_c000"", ""rbi_mpr_2025_10_p098_c002"", ""rbi_mpr_2025_10_p041_c003"", ""rbi_mpr_2025_10_p068_c000"", ""rbi_mpr_2025_10_p010_c005"", ""rbi_mpr_2025_10_p098_c000"", ""rbi_mpr_2025_10_p024_c000"", ""rbi_mpr_2025_10_p017_c004"", ""rbi_mpr_2025_10_p013_c000"", ""rbi_mpr_2025_10_p011_c002""], ""reranker_input_pages"": [96, 13, 13, 97, 13, 97, 10, 9, 99, 102, 32, 34, 9, 95, 38, 30, 74, 68, 43, 12, 66, 98, 41, 68, 10, 98, 24, 17, 13, 11], ""reranker_input_ranks"": [1, 2, 3, 4, 5, 6, 7, 8, 9, 10, 11, 12, 13, 14, 15, 16, 17, 18, 19, 20, 21, 22, 23, 24, 25, 26, 27, 28, 29, 30], ""reranker_output_ids"": [""rbi_mpr_2025_10_p097_c004"", ""rbi_mpr_2025_10_p099_c000"", ""rbi_mpr_2025_10_p098_c000"", ""rbi_mpr_2025_10_p097_c003"", ""rbi_mpr_2025_10_p009_c001"", ""rbi_mpr_2025_10_p010_c000"", ""rbi_mpr_2025_10_p032_c000"", ""rbi_mpr_2025_10_p066_c000"", ""rbi_mpr_2025_10_p043_c003"", ""rbi_mpr_2025_10_p013_c004"", ""rbi_mpr_2025_10_p096_c004"", ""rbi_mpr_2025_10_p013_c003"", ""rbi_mpr_2025_10_p030_c000"", ""rbi_mpr_2025_10_p012_c001"", ""rbi_mpr_2025_10_p038_c000"", ""rbi_mpr_2025_10_p009_c005"", ""rbi_mpr_2025_10_p013_c000"", ""rbi_mpr_2025_10_p102_c000"", ""rbi_mpr_2025_10_p068_c000"", ""rbi_mpr_2025_10_p098_c002"", ""rbi_mpr_2025_10_p074_c000"", ""rbi_mpr_2025_10_p095_c003"", ""rbi_mpr_2025_10_p013_c002"", ""rbi_mpr_2025_10_p034_c000"", ""rbi_mpr_2025_10_p011_c002"", ""rbi_mpr_2025_10_p041_c003"", ""rbi_mpr_2025_10_p024_c000"", ""rbi_mpr_2025_10_p017_c004"", ""rbi_mpr_2025_10_p010_c005"", ""rbi_mpr_2025_10_p068_c004""], ""reranker_output_pages"": [97, 99, 98, 97, 9, 10, 32, 66, 43, 13, 96, 13, 30, 12, 38, 9, 13, 102, 68, 98, 74, 95, 13, 34, 11, 41, 24, 17, 10, 68], ""reranker_scores"": [3.39931583404541, 2.9318957328796387, 2.8432118892669678, 2.6241581439971924, 2.4802675247192383, 1.9931046962738037, 1.5636179447174072, 1.4703893661499023, 1.4545847177505493, 1.1950032711029053, 1.0108392238616943, 0.8376498818397522, 0.7755247354507446, 0.6637115478515625, 0.6316365599632263, 0.4910116195678711, 0.3069501519203186, 0.229106605052948, -0.16945256292819977, -0.23346668481826782, -0.2829146087169647, -0.48133111000061035, -0.8782030940055847, -1.1478396654129028, -1.453507900238037, -1.4909602403640747, -1.5428683757781982, -2.0588040351867676, -2.443049430847168, -4.513333320617676], ""rrf_candidate_ids"": [""rbi_mpr_2025_10_p096_c004"", ""rbi_mpr_2025_10_p013_c004"", ""rbi_mpr_2025_10_p013_c003"", ""rbi_mpr_2025_10_p097_c004"", ""rbi_mpr_2025_10_p013_c002"", ""rbi_mpr_2025_10_p097_c003"", ""rbi_mpr_2025_10_p010_c000"", ""rbi_mpr_2025_10_p009_c005"", ""rbi_mpr_2025_10_p099_c000"", ""rbi_mpr_2025_10_p102_c000"", ""rbi_mpr_2025_10_p032_c000"", ""rbi_mpr_2025_10_p034_c000"", ""rbi_mpr_2025_10_p009_c001"", ""rbi_mpr_2025_10_p095_c003"", ""rbi_mpr_2025_10_p038_c000"", ""rbi_mpr_2025_10_p030_c000"", ""rbi_mpr_2025_10_p074_c000"", ""rbi_mpr_2025_10_p068_c004"", ""rbi_mpr_2025_10_p043_c003"", ""rbi_mpr_2025_10_p012_c001"", ""rbi_mpr_2025_10_p066_c000"", ""rbi_mpr_2025_10_p098_c002"", ""rbi_mpr_2025_10_p041_c003"", ""rbi_mpr_2025_10_p068_c000"", ""rbi_mpr_2025_10_p010_c005"", ""rbi_mpr_2025_10_p098_c000"", ""rbi_mpr_2025_10_p024_c000"", ""rbi_mpr_2025_10_p017_c004"", ""rbi_mpr_2025_10_p013_c000"", ""rbi_mpr_2025_10_p011_c002""], ""rrf_candidate_pages"": [96, 13, 13, 97, 13, 97, 10, 9, 99, 102, 32, 34, 9, 95, 38, 30, 74, 68, 43, 12, 66, 98, 41, 68, 10, 98, 24, 17, 13, 11], ""rrf_first_evidence_rank"": 20, ""rrf_scores"": [0.03252247488101534, 0.03177805800756621, 0.031754032258064516, 0.029709507042253523, 0.029437229437229435, 0.029030910609857977, 0.027500922849760058, 0.02668564312399929, 0.026234567901234566, 0.02492401215805471, 0.024909420289855072, 0.02413984461709212, 0.023735955056179776, 0.02292152292152292, 0.020210268449525365, 0.02000800320128051, 0.015384615384615385, 0.015151515151515152, 0.014925373134328358, 0.014925373134328358, 0.014705882352941176, 0.014492753623188406, 0.014084507042253521, 0.013888888888888888, 0.0136986301369863, 0.013513513513513514, 0.013513513513513514, 0.013333333333333334, 0.013333333333333334, 0.013157894736842105], ""selected_chunk_ids_after_dedup"": [""rbi_mpr_2025_10_p097_c004"", ""rbi_mpr_2025_10_p099_c000"", ""rbi_mpr_2025_10_p098_c000""], ""selected_chunk_ids_before_dedup"": [""rbi_mpr_2025_10_p097_c004"", ""rbi_mpr_2025_10_p099_c000"", ""rbi_mpr_2025_10_p098_c000""], ""selected_pages"": [97, 99, 98]}, ""rbi_mpr_2026_04"": {""accepted_evidence_found"": false, ""accepted_pages"": [5], ""bm25_candidate_ids"": [""rbi_mpr_2026_04_p105_c003"", ""rbi_mpr_2026_04_p098_c002"", ""rbi_mpr_2026_04_p102_c000"", ""rbi_mpr_2026_04_p100_c000"", ""rbi_mpr_2026_04_p099_c002"", ""rbi_mpr_2026_04_p087_c000"", ""rbi_mpr_2026_04_p030_c002"", ""rbi_mpr_2026_04_p086_c000"", ""rbi_mpr_2026_04_p005_c003"", ""rbi_mpr_2026_04_p084_c000"", ""rbi_mpr_2026_04_p056_c000"", ""rbi_mpr_2026_04_p082_c000"", ""rbi_mpr_2026_04_p081_c005"", ""rbi_mpr_2026_04_p079_c001"", ""rbi_mpr_2026_04_p020_c000"", ""rbi_mpr_2026_04_p079_c000"", ""rbi_mpr_2026_04_p100_c001"", ""rbi_mpr_2026_04_p106_c001"", ""rbi_mpr_2026_04_p085_c000"", ""rbi_mpr_2026_04_p046_c000"", ""rbi_mpr_2026_04_p085_c003"", ""rbi_mpr_2026_04_p057_c004"", ""rbi_mpr_2026_04_p014_c000"", ""rbi_mpr_2026_04_p021_c002"", ""rbi_mpr_2026_04_p020_c002"", ""rbi_mpr_2026_04_p023_c000"", ""rbi_mpr_2026_04_p103_c003"", ""rbi_mpr_2026_04_p094_c004"", ""rbi_mpr_2026_04_p069_c003"", ""rbi_mpr_2026_04_p007_c001"", ""rbi_mpr_2026_04_p103_c001"", ""rbi_mpr_2026_04_p037_c001"", ""rbi_mpr_2026_04_p024_c000"", ""rbi_mpr_2026_04_p080_c000"", ""rbi_mpr_2026_04_p090_c000"", ""rbi_mpr_2026_04_p055_c003"", ""rbi_mpr_2026_04_p106_c000"", ""rbi_mpr_2026_04_p092_c002"", ""rbi_mpr_2026_04_p053_c000"", ""rbi_mpr_2026_04_p061_c001"", ""rbi_mpr_2026_04_p054_c004"", ""rbi_mpr_2026_04_p081_c006"", ""rbi_mpr_2026_04_p014_c004"", ""rbi_mpr_2026_04_p026_c004"", ""rbi_mpr_2026_04_p113_c003"", ""rbi_mpr_2026_04_p092_c000"", ""rbi_mpr_2026_04_p085_c004"", ""rbi_mpr_2026_04_p057_c001"", ""rbi_mpr_2026_04_p103_c000"", ""rbi_mpr_2026_04_p094_c000""], ""bm25_candidate_pages"": [105, 98, 102, 100, 99, 87, 30, 86, 5, 84, 56, 82, 81, 79, 20, 79, 100, 106, 85, 46, 85, 57, 14, 21, 20, 23, 103, 94, 69, 7, 103, 37, 24, 80, 90, 55, 106, 92, 53, 61, 54, 81, 14, 26, 113, 92, 85, 57, 103, 94], ""bm25_candidate_scores"": [null, null, null, null, null, null, null, null, null, null, null, null, null, null, null, null, null, null, null, null, null, null, null, null, null, null, null, null, null, null, null, null, null, null, null, null, null, null, null, null, null, null, null, null, null, null, null, null, null, null], ""bm25_first_evidence_rank"": 9, ""candidate_source_expansion"": {""rbi_mpr_2025_10_p009_c000"": [], ""rbi_mpr_2025_10_p009_c001"": [], ""rbi_mpr_2025_10_p009_c002"": [], ""rbi_mpr_2025_10_p009_c005"": [], ""rbi_mpr_2025_10_p010_c000"": [], ""rbi_mpr_2025_10_p010_c002"": [], ""rbi_mpr_2025_10_p010_c003"": [], ""rbi_mpr_2025_10_p010_c005"": [], ""rbi_mpr_2025_10_p011_c000"": [], ""rbi_mpr_2025_10_p011_c002"": [], ""rbi_mpr_2025_10_p012_c001"": [], ""rbi_mpr_2025_10_p013_c000"": [], ""rbi_mpr_2025_10_p013_c002"": [], ""rbi_mpr_2025_10_p013_c003"": [], ""rbi_mpr_2025_10_p013_c004"": [], ""rbi_mpr_2025_10_p013_c005"": [], ""rbi_mpr_2025_10_p014_c000"": [], ""rbi_mpr_2025_10_p015_c001"": [], ""rbi_mpr_2025_10_p015_c002"": [], ""rbi_mpr_2025_10_p017_c004"": [], ""rbi_mpr_2025_10_p017_c005"": [], ""rbi_mpr_2025_10_p019_c001"": [], ""rbi_mpr_2025_10_p019_c002"": [], ""rbi_mpr_2025_10_p020_c000"": [], ""rbi_mpr_2025_10_p020_c003"": [], ""rbi_mpr_2025_10_p022_c002"": [], ""rbi_mpr_2025_10_p024_c000"": [], ""rbi_mpr_2025_10_p024_c001"": [], ""rbi_mpr_2025_10_p024_c003"": [], ""rbi_mpr_2025_10_p025_c000"": [], ""rbi_mpr_2025_10_p025_c003"": [], ""rbi_mpr_2025_10_p026_c003"": [], ""rbi_mpr_2025_10_p028_c000"": [], ""rbi_mpr_2025_10_p030_c000"": [], ""rbi_mpr_2025_10_p032_c000"": [], ""rbi_mpr_2025_10_p032_c001"": [], ""rbi_mpr_2025_10_p033_c002"": [], ""rbi_mpr_2025_10_p034_c000"": [], ""rbi_mpr_2025_10_p034_c001"": [], ""rbi_mpr_2025_10_p036_c003"": [], ""rbi_mpr_2025_10_p037_c001"": [], ""rbi_mpr_2025_10_p037_c003"": [], ""rbi_mpr_2025_10_p038_c000"": [], ""rbi_mpr_2025_10_p040_c000"": [], ""rbi_mpr_2025_10_p041_c003"": [], ""rbi_mpr_2025_10_p042_c000"": [], ""rbi_mpr_2025_10_p043_c003"": [], ""rbi_mpr_2025_10_p046_c000"": [], ""rbi_mpr_2025_10_p046_c001"": [], ""rbi_mpr_2025_10_p052_c002"": [], ""rbi_mpr_2025_10_p061_c004"": [], ""rbi_mpr_2025_10_p062_c000"": [], ""rbi_mpr_2025_10_p063_c000"": [], ""rbi_mpr_2025_10_p064_c000"": [], ""rbi_mpr_2025_10_p064_c005"": [], ""rbi_mpr_2025_10_p066_c000"": [], ""rbi_mpr_2025_10_p068_c000"": [], ""rbi_mpr_2025_10_p068_c004"": [], ""rbi_mpr_2025_10_p071_c001"": [], ""rbi_mpr_2025_10_p074_c000"": [], ""rbi_mpr_2025_10_p079_c000"": [], ""rbi_mpr_2025_10_p080_c000"": [], ""rbi_mpr_2025_10_p080_c001"": [], ""rbi_mpr_2025_10_p084_c000"": [], ""rbi_mpr_2025_10_p087_c000"": [], ""rbi_mpr_2025_10_p095_c000"": [], ""rbi_mpr_2025_10_p095_c002"": [], ""rbi_mpr_2025_10_p095_c003"": [], ""rbi_mpr_2025_10_p096_c000"": [], ""rbi_mpr_2025_10_p096_c004"": [], ""rbi_mpr_2025_10_p097_c002"": [], ""rbi_mpr_2025_10_p097_c003"": [], ""rbi_mpr_2025_10_p097_c004"": [], ""rbi_mpr_2025_10_p098_c000"": [], ""rbi_mpr_2025_10_p098_c002"": [], ""rbi_mpr_2025_10_p099_c000"": [], ""rbi_mpr_2025_10_p099_c001"": [], ""rbi_mpr_2025_10_p099_c002"": [], ""rbi_mpr_2025_10_p102_c000"": [], ""rbi_mpr_2025_10_p103_c001"": [], ""rbi_mpr_2025_10_p103_c002"": [], ""rbi_mpr_2025_10_p103_c003"": [], ""rbi_mpr_2025_10_p105_c003"": [], ""rbi_mpr_2025_10_p110_c000"": [], ""rbi_mpr_2026_04_p005_c003"": [], ""rbi_mpr_2026_04_p007_c001"": [], ""rbi_mpr_2026_04_p013_c000"": [], ""rbi_mpr_2026_04_p013_c001"": [], ""rbi_mpr_2026_04_p013_c003"": [], ""rbi_mpr_2026_04_p013_c004"": [], ""rbi_mpr_2026_04_p014_c000"": [], ""rbi_mpr_2026_04_p014_c004"": [], ""rbi_mpr_2026_04_p015_c001"": [], ""rbi_mpr_2026_04_p015_c002"": [], ""rbi_mpr_2026_04_p015_c003"": [], ""rbi_mpr_2026_04_p016_c000"": [], ""rbi_mpr_2026_04_p020_c000"": [], ""rbi_mpr_2026_04_p020_c002"": [], ""rbi_mpr_2026_04_p021_c000"": [], ""rbi_mpr_2026_04_p021_c001"": [], ""rbi_mpr_2026_04_p021_c002"": [], ""rbi_mpr_2026_04_p021_c003"": [], ""rbi_mpr_2026_04_p023_c000"": [], ""rbi_mpr_2026_04_p024_c000"": [], ""rbi_mpr_2026_04_p025_c001"": [], ""rbi_mpr_2026_04_p026_c004"": [], ""rbi_mpr_2026_04_p030_c002"": [], ""rbi_mpr_2026_04_p037_c001"": [], ""rbi_mpr_2026_04_p046_c000"": [], ""rbi_mpr_2026_04_p053_c000"": [], ""rbi_mpr_2026_04_p054_c004"": [], ""rbi_mpr_2026_04_p055_c003"": [], ""rbi_mpr_2026_04_p056_c000"": [], ""rbi_mpr_2026_04_p057_c001"": [], ""rbi_mpr_2026_04_p057_c004"": [], ""rbi_mpr_2026_04_p061_c000"": [], ""rbi_mpr_2026_04_p061_c001"": [], ""rbi_mpr_2026_04_p066_c000"": [], ""rbi_mpr_2026_04_p069_c003"": [], ""rbi_mpr_2026_04_p077_c003"": [], ""rbi_mpr_2026_04_p079_c000"": [], ""rbi_mpr_2026_04_p079_c001"": [], ""rbi_mpr_2026_04_p080_c000"": [], ""rbi_mpr_2026_04_p081_c005"": [], ""rbi_mpr_2026_04_p081_c006"": [], ""rbi_mpr_2026_04_p082_c000"": [], ""rbi_mpr_2026_04_p082_c002"": [], ""rbi_mpr_2026_04_p084_c000"": [], ""rbi_mpr_2026_04_p085_c000"": [], ""rbi_mpr_2026_04_p085_c003"": [], ""rbi_mpr_2026_04_p085_c004"": [], ""rbi_mpr_2026_04_p086_c000"": [], ""rbi_mpr_2026_04_p087_c000"": [], ""rbi_mpr_2026_04_p090_c000"": [], ""rbi_mpr_2026_04_p092_c000"": [], ""rbi_mpr_2026_04_p092_c002"": [], ""rbi_mpr_2026_04_p094_c000"": [], ""rbi_mpr_2026_04_p094_c004"": [], ""rbi_mpr_2026_04_p095_c002"": [], ""rbi_mpr_2026_04_p095_c003"": [], ""rbi_mpr_2026_04_p095_c004"": [], ""rbi_mpr_2026_04_p098_c002"": [], ""rbi_mpr_2026_04_p099_c002"": [], ""rbi_mpr_2026_04_p100_c000"": [], ""rbi_mpr_2026_04_p100_c001"": [], ""rbi_mpr_2026_04_p100_c002"": [], ""rbi_mpr_2026_04_p100_c004"": [], ""rbi_mpr_2026_04_p101_c000"": [], ""rbi_mpr_2026_04_p101_c001"": [], ""rbi_mpr_2026_04_p101_c002"": [], ""rbi_mpr_2026_04_p102_c000"": [], ""rbi_mpr_2026_04_p102_c002"": [], ""rbi_mpr_2026_04_p102_c003"": [], ""rbi_mpr_2026_04_p102_c004"": [], ""rbi_mpr_2026_04_p103_c000"": [], ""rbi_mpr_2026_04_p103_c001"": [], ""rbi_mpr_2026_04_p103_c003"": [], ""rbi_mpr_2026_04_p105_c001"": [], ""rbi_mpr_2026_04_p105_c002"": [], ""rbi_mpr_2026_04_p105_c003"": [], ""rbi_mpr_2026_04_p106_c000"": [], ""rbi_mpr_2026_04_p106_c001"": [], ""rbi_mpr_2026_04_p107_c000"": [], ""rbi_mpr_2026_04_p108_c002"": [], ""rbi_mpr_2026_04_p109_c004"": [], ""rbi_mpr_2026_04_p110_c000"": [], ""rbi_mpr_2026_04_p111_c000"": [], ""rbi_mpr_2026_04_p111_c003"": [], ""rbi_mpr_2026_04_p112_c000"": [], ""rbi_mpr_2026_04_p112_c001"": [], ""rbi_mpr_2026_04_p112_c002"": [], ""rbi_mpr_2026_04_p113_c003"": [], ""rbi_mpr_2026_04_p115_c003"": [], ""rbi_mpr_2026_04_p116_c000"": []}, ""candidate_source_facet"": {""rbi_mpr_2025_10_p009_c000"": [], ""rbi_mpr_2025_10_p009_c001"": [], ""rbi_mpr_2025_10_p009_c002"": [], ""rbi_mpr_2025_10_p009_c005"": [], ""rbi_mpr_2025_10_p010_c000"": [], ""rbi_mpr_2025_10_p010_c002"": [], ""rbi_mpr_2025_10_p010_c003"": [], ""rbi_mpr_2025_10_p010_c005"": [], ""rbi_mpr_2025_10_p011_c000"": [], ""rbi_mpr_2025_10_p011_c002"": [], ""rbi_mpr_2025_10_p012_c001"": [], ""rbi_mpr_2025_10_p013_c000"": [], ""rbi_mpr_2025_10_p013_c002"": [], ""rbi_mpr_2025_10_p013_c003"": [], ""rbi_mpr_2025_10_p013_c004"": [], ""rbi_mpr_2025_10_p013_c005"": [], ""rbi_mpr_2025_10_p014_c000"": [], ""rbi_mpr_2025_10_p015_c001"": [], ""rbi_mpr_2025_10_p015_c002"": [], ""rbi_mpr_2025_10_p017_c004"": [], ""rbi_mpr_2025_10_p017_c005"": [], ""rbi_mpr_2025_10_p019_c001"": [], ""rbi_mpr_2025_10_p019_c002"": [], ""rbi_mpr_2025_10_p020_c000"": [], ""rbi_mpr_2025_10_p020_c003"": [], ""rbi_mpr_2025_10_p022_c002"": [], ""rbi_mpr_2025_10_p024_c000"": [], ""rbi_mpr_2025_10_p024_c001"": [], ""rbi_mpr_2025_10_p024_c003"": [], ""rbi_mpr_2025_10_p025_c000"": [], ""rbi_mpr_2025_10_p025_c003"": [], ""rbi_mpr_2025_10_p026_c003"": [], ""rbi_mpr_2025_10_p028_c000"": [], ""rbi_mpr_2025_10_p030_c000"": [], ""rbi_mpr_2025_10_p032_c000"": [], ""rbi_mpr_2025_10_p032_c001"": [], ""rbi_mpr_2025_10_p033_c002"": [], ""rbi_mpr_2025_10_p034_c000"": [], ""rbi_mpr_2025_10_p034_c001"": [], ""rbi_mpr_2025_10_p036_c003"": [], ""rbi_mpr_2025_10_p037_c001"": [], ""rbi_mpr_2025_10_p037_c003"": [], ""rbi_mpr_2025_10_p038_c000"": [], ""rbi_mpr_2025_10_p040_c000"": [], ""rbi_mpr_2025_10_p041_c003"": [], ""rbi_mpr_2025_10_p042_c000"": [], ""rbi_mpr_2025_10_p043_c003"": [], ""rbi_mpr_2025_10_p046_c000"": [], ""rbi_mpr_2025_10_p046_c001"": [], ""rbi_mpr_2025_10_p052_c002"": [], ""rbi_mpr_2025_10_p061_c004"": [], ""rbi_mpr_2025_10_p062_c000"": [], ""rbi_mpr_2025_10_p063_c000"": [], ""rbi_mpr_2025_10_p064_c000"": [], ""rbi_mpr_2025_10_p064_c005"": [], ""rbi_mpr_2025_10_p066_c000"": [], ""rbi_mpr_2025_10_p068_c000"": [], ""rbi_mpr_2025_10_p068_c004"": [], ""rbi_mpr_2025_10_p071_c001"": [], ""rbi_mpr_2025_10_p074_c000"": [], ""rbi_mpr_2025_10_p079_c000"": [], ""rbi_mpr_2025_10_p080_c000"": [], ""rbi_mpr_2025_10_p080_c001"": [], ""rbi_mpr_2025_10_p084_c000"": [], ""rbi_mpr_2025_10_p087_c000"": [], ""rbi_mpr_2025_10_p095_c000"": [], ""rbi_mpr_2025_10_p095_c002"": [], ""rbi_mpr_2025_10_p095_c003"": [], ""rbi_mpr_2025_10_p096_c000"": [], ""rbi_mpr_2025_10_p096_c004"": [], ""rbi_mpr_2025_10_p097_c002"": [], ""rbi_mpr_2025_10_p097_c003"": [], ""rbi_mpr_2025_10_p097_c004"": [], ""rbi_mpr_2025_10_p098_c000"": [], ""rbi_mpr_2025_10_p098_c002"": [], ""rbi_mpr_2025_10_p099_c000"": [], ""rbi_mpr_2025_10_p099_c001"": [], ""rbi_mpr_2025_10_p099_c002"": [], ""rbi_mpr_2025_10_p102_c000"": [], ""rbi_mpr_2025_10_p103_c001"": [], ""rbi_mpr_2025_10_p103_c002"": [], ""rbi_mpr_2025_10_p103_c003"": [], ""rbi_mpr_2025_10_p105_c003"": [], ""rbi_mpr_2025_10_p110_c000"": [], ""rbi_mpr_2026_04_p005_c003"": [], ""rbi_mpr_2026_04_p007_c001"": [], ""rbi_mpr_2026_04_p013_c000"": [], ""rbi_mpr_2026_04_p013_c001"": [], ""rbi_mpr_2026_04_p013_c003"": [], ""rbi_mpr_2026_04_p013_c004"": [], ""rbi_mpr_2026_04_p014_c000"": [], ""rbi_mpr_2026_04_p014_c004"": [], ""rbi_mpr_2026_04_p015_c001"": [], ""rbi_mpr_2026_04_p015_c002"": [], ""rbi_mpr_2026_04_p015_c003"": [], ""rbi_mpr_2026_04_p016_c000"": [], ""rbi_mpr_2026_04_p020_c000"": [], ""rbi_mpr_2026_04_p020_c002"": [], ""rbi_mpr_2026_04_p021_c000"": [], ""rbi_mpr_2026_04_p021_c001"": [], ""rbi_mpr_2026_04_p021_c002"": [], ""rbi_mpr_2026_04_p021_c003"": [], ""rbi_mpr_2026_04_p023_c000"": [], ""rbi_mpr_2026_04_p024_c000"": [], ""rbi_mpr_2026_04_p025_c001"": [], ""rbi_mpr_2026_04_p026_c004"": [], ""rbi_mpr_2026_04_p030_c002"": [], ""rbi_mpr_2026_04_p037_c001"": [], ""rbi_mpr_2026_04_p046_c000"": [], ""rbi_mpr_2026_04_p053_c000"": [], ""rbi_mpr_2026_04_p054_c004"": [], ""rbi_mpr_2026_04_p055_c003"": [], ""rbi_mpr_2026_04_p056_c000"": [], ""rbi_mpr_2026_04_p057_c001"": [], ""rbi_mpr_2026_04_p057_c004"": [], ""rbi_mpr_2026_04_p061_c000"": [], ""rbi_mpr_2026_04_p061_c001"": [], ""rbi_mpr_2026_04_p066_c000"": [], ""rbi_mpr_2026_04_p069_c003"": [], ""rbi_mpr_2026_04_p077_c003"": [], ""rbi_mpr_2026_04_p079_c000"": [], ""rbi_mpr_2026_04_p079_c001"": [], ""rbi_mpr_2026_04_p080_c000"": [], ""rbi_mpr_2026_04_p081_c005"": [], ""rbi_mpr_2026_04_p081_c006"": [], ""rbi_mpr_2026_04_p082_c000"": [], ""rbi_mpr_2026_04_p082_c002"": [], ""rbi_mpr_2026_04_p084_c000"": [], ""rbi_mpr_2026_04_p085_c000"": [], ""rbi_mpr_2026_04_p085_c003"": [], ""rbi_mpr_2026_04_p085_c004"": [], ""rbi_mpr_2026_04_p086_c000"": [], ""rbi_mpr_2026_04_p087_c000"": [], ""rbi_mpr_2026_04_p090_c000"": [], ""rbi_mpr_2026_04_p092_c000"": [], ""rbi_mpr_2026_04_p092_c002"": [], ""rbi_mpr_2026_04_p094_c000"": [], ""rbi_mpr_2026_04_p094_c004"": [], ""rbi_mpr_2026_04_p095_c002"": [], ""rbi_mpr_2026_04_p095_c003"": [], ""rbi_mpr_2026_04_p095_c004"": [], ""rbi_mpr_2026_04_p098_c002"": [], ""rbi_mpr_2026_04_p099_c002"": [], ""rbi_mpr_2026_04_p100_c000"": [], ""rbi_mpr_2026_04_p100_c001"": [], ""rbi_mpr_2026_04_p100_c002"": [], ""rbi_mpr_2026_04_p100_c004"": [], ""rbi_mpr_2026_04_p101_c000"": [], ""rbi_mpr_2026_04_p101_c001"": [], ""rbi_mpr_2026_04_p101_c002"": [], ""rbi_mpr_2026_04_p102_c000"": [], ""rbi_mpr_2026_04_p102_c002"": [], ""rbi_mpr_2026_04_p102_c003"": [], ""rbi_mpr_2026_04_p102_c004"": [], ""rbi_mpr_2026_04_p103_c000"": [], ""rbi_mpr_2026_04_p103_c001"": [], ""rbi_mpr_2026_04_p103_c003"": [], ""rbi_mpr_2026_04_p105_c001"": [], ""rbi_mpr_2026_04_p105_c002"": [], ""rbi_mpr_2026_04_p105_c003"": [], ""rbi_mpr_2026_04_p106_c000"": [], ""rbi_mpr_2026_04_p106_c001"": [], ""rbi_mpr_2026_04_p107_c000"": [], ""rbi_mpr_2026_04_p108_c002"": [], ""rbi_mpr_2026_04_p109_c004"": [], ""rbi_mpr_2026_04_p110_c000"": [], ""rbi_mpr_2026_04_p111_c000"": [], ""rbi_mpr_2026_04_p111_c003"": [], ""rbi_mpr_2026_04_p112_c000"": [], ""rbi_mpr_2026_04_p112_c001"": [], ""rbi_mpr_2026_04_p112_c002"": [], ""rbi_mpr_2026_04_p113_c003"": [], ""rbi_mpr_2026_04_p115_c003"": [], ""rbi_mpr_2026_04_p116_c000"": []}, ""candidate_source_query"": {""rbi_mpr_2025_10_p009_c000"": [""Compare global-growth language in October 2025 and April 2026.""], ""rbi_mpr_2025_10_p009_c001"": [""Compare global-growth language in October 2025 and April 2026.""], ""rbi_mpr_2025_10_p009_c002"": [""Compare global-growth language in October 2025 and April 2026.""], ""rbi_mpr_2025_10_p009_c005"": [""Compare global-growth language in October 2025 and April 2026.""], ""rbi_mpr_2025_10_p010_c000"": [""Compare global-growth language in October 2025 and April 2026.""], ""rbi_mpr_2025_10_p010_c002"": [""Compare global-growth language in October 2025 and April 2026.""], ""rbi_mpr_2025_10_p010_c003"": [""Compare global-growth language in October 2025 and April 2026.""], ""rbi_mpr_2025_10_p010_c005"": [""Compare global-growth language in October 2025 and April 2026.""], ""rbi_mpr_2025_10_p011_c000"": [""Compare global-growth language in October 2025 and April 2026.""], ""rbi_mpr_2025_10_p011_c002"": [""Compare global-growth language in October 2025 and April 2026.""], ""rbi_mpr_2025_10_p012_c001"": [""Compare global-growth language in October 2025 and April 2026.""], ""rbi_mpr_2025_10_p013_c000"": [""Compare global-growth language in October 2025 and April 2026.""], ""rbi_mpr_2025_10_p013_c002"": [""Compare global-growth language in October 2025 and April 2026.""], ""rbi_mpr_2025_10_p013_c003"": [""Compare global-growth language in October 2025 and April 2026.""], ""rbi_mpr_2025_10_p013_c004"": [""Compare global-growth language in October 2025 and April 2026.""], ""rbi_mpr_2025_10_p013_c005"": [""Compare global-growth language in October 2025 and April 2026.""], ""rbi_mpr_2025_10_p014_c000"": [""Compare global-growth language in October 2025 and April 2026.""], ""rbi_mpr_2025_10_p015_c001"": [""Compare global-growth language in October 2025 and April 2026.""], ""rbi_mpr_2025_10_p015_c002"": [""Compare global-growth language in October 2025 and April 2026.""], ""rbi_mpr_2025_10_p017_c004"": [""Compare global-growth language in October 2025 and April 2026.""], ""rbi_mpr_2025_10_p017_c005"": [""Compare global-growth language in October 2025 and April 2026.""], ""rbi_mpr_2025_10_p019_c001"": [""Compare global-growth language in October 2025 and April 2026.""], ""rbi_mpr_2025_10_p019_c002"": [""Compare global-growth language in October 2025 and April 2026.""], ""rbi_mpr_2025_10_p020_c000"": [""Compare global-growth language in October 2025 and April 2026.""], ""rbi_mpr_2025_10_p020_c003"": [""Compare global-growth language in October 2025 and April 2026.""], ""rbi_mpr_2025_10_p022_c002"": [""Compare global-growth language in October 2025 and April 2026.""], ""rbi_mpr_2025_10_p024_c000"": [""Compare global-growth language in October 2025 and April 2026.""], ""rbi_mpr_2025_10_p024_c001"": [""Compare global-growth language in October 2025 and April 2026.""], ""rbi_mpr_2025_10_p024_c003"": [""Compare global-growth language in October 2025 and April 2026.""], ""rbi_mpr_2025_10_p025_c000"": [""Compare global-growth language in October 2025 and April 2026.""], ""rbi_mpr_2025_10_p025_c003"": [""Compare global-growth language in October 2025 and April 2026.""], ""rbi_mpr_2025_10_p026_c003"": [""Compare global-growth language in October 2025 and April 2026.""], ""rbi_mpr_2025_10_p028_c000"": [""Compare global-growth language in October 2025 and April 2026.""], ""rbi_mpr_2025_10_p030_c000"": [""Compare global-growth language in October 2025 and April 2026.""], ""rbi_mpr_2025_10_p032_c000"": [""Compare global-growth language in October 2025 and April 2026.""], ""rbi_mpr_2025_10_p032_c001"": [""Compare global-growth language in October 2025 and April 2026.""], ""rbi_mpr_2025_10_p033_c002"": [""Compare global-growth language in October 2025 and April 2026.""], ""rbi_mpr_2025_10_p034_c000"": [""Compare global-growth language in October 2025 and April 2026.""], ""rbi_mpr_2025_10_p034_c001"": [""Compare global-growth language in October 2025 and April 2026.""], ""rbi_mpr_2025_10_p036_c003"": [""Compare global-growth language in October 2025 and April 2026.""], ""rbi_mpr_2025_10_p037_c001"": [""Compare global-growth language in October 2025 and April 2026.""], ""rbi_mpr_2025_10_p037_c003"": [""Compare global-growth language in October 2025 and April 2026.""], ""rbi_mpr_2025_10_p038_c000"": [""Compare global-growth language in October 2025 and April 2026.""], ""rbi_mpr_2025_10_p040_c000"": [""Compare global-growth language in October 2025 and April 2026.""], ""rbi_mpr_2025_10_p041_c003"": [""Compare global-growth language in October 2025 and April 2026.""], ""rbi_mpr_2025_10_p042_c000"": [""Compare global-growth language in October 2025 and April 2026.""], ""rbi_mpr_2025_10_p043_c003"": [""Compare global-growth language in October 2025 and April 2026.""], ""rbi_mpr_2025_10_p046_c000"": [""Compare global-growth language in October 2025 and April 2026.""], ""rbi_mpr_2025_10_p046_c001"": [""Compare global-growth language in October 2025 and April 2026.""], ""rbi_mpr_2025_10_p052_c002"": [""Compare global-growth language in October 2025 and April 2026.""], ""rbi_mpr_2025_10_p061_c004"": [""Compare global-growth language in October 2025 and April 2026.""], ""rbi_mpr_2025_10_p062_c000"": [""Compare global-growth language in October 2025 and April 2026.""], ""rbi_mpr_2025_10_p063_c000"": [""Compare global-growth language in October 2025 and April 2026.""], ""rbi_mpr_2025_10_p064_c000"": [""Compare global-growth language in October 2025 and April 2026.""], ""rbi_mpr_2025_10_p064_c005"": [""Compare global-growth language in October 2025 and April 2026.""], ""rbi_mpr_2025_10_p066_c000"": [""Compare global-growth language in October 2025 and April 2026.""], ""rbi_mpr_2025_10_p068_c000"": [""Compare global-growth language in October 2025 and April 2026.""], ""rbi_mpr_2025_10_p068_c004"": [""Compare global-growth language in October 2025 and April 2026.""], ""rbi_mpr_2025_10_p071_c001"": [""Compare global-growth language in October 2025 and April 2026.""], ""rbi_mpr_2025_10_p074_c000"": [""Compare global-growth language in October 2025 and April 2026.""], ""rbi_mpr_2025_10_p079_c000"": [""Compare global-growth language in October 2025 and April 2026.""], ""rbi_mpr_2025_10_p080_c000"": [""Compare global-growth language in October 2025 and April 2026.""], ""rbi_mpr_2025_10_p080_c001"": [""Compare global-growth language in October 2025 and April 2026.""], ""rbi_mpr_2025_10_p084_c000"": [""Compare global-growth language in October 2025 and April 2026.""], ""rbi_mpr_2025_10_p087_c000"": [""Compare global-growth language in October 2025 and April 2026.""], ""rbi_mpr_2025_10_p095_c000"": [""Compare global-growth language in October 2025 and April 2026.""], ""rbi_mpr_2025_10_p095_c002"": [""Compare global-growth language in October 2025 and April 2026.""], ""rbi_mpr_2025_10_p095_c003"": [""Compare global-growth language in October 2025 and April 2026.""], ""rbi_mpr_2025_10_p096_c000"": [""Compare global-growth language in October 2025 and April 2026.""], ""rbi_mpr_2025_10_p096_c004"": [""Compare global-growth language in October 2025 and April 2026.""], ""rbi_mpr_2025_10_p097_c002"": [""Compare global-growth language in October 2025 and April 2026.""], ""rbi_mpr_2025_10_p097_c003"": [""Compare global-growth language in October 2025 and April 2026.""], ""rbi_mpr_2025_10_p097_c004"": [""Compare global-growth language in October 2025 and April 2026.""], ""rbi_mpr_2025_10_p098_c000"": [""Compare global-growth language in October 2025 and April 2026.""], ""rbi_mpr_2025_10_p098_c002"": [""Compare global-growth language in October 2025 and April 2026.""], ""rbi_mpr_2025_10_p099_c000"": [""Compare global-growth language in October 2025 and April 2026.""], ""rbi_mpr_2025_10_p099_c001"": [""Compare global-growth language in October 2025 and April 2026.""], ""rbi_mpr_2025_10_p099_c002"": [""Compare global-growth language in October 2025 and April 2026.""], ""rbi_mpr_2025_10_p102_c000"": [""Compare global-growth language in October 2025 and April 2026.""], ""rbi_mpr_2025_10_p103_c001"": [""Compare global-growth language in October 2025 and April 2026.""], ""rbi_mpr_2025_10_p103_c002"": [""Compare global-growth language in October 2025 and April 2026.""], ""rbi_mpr_2025_10_p103_c003"": [""Compare global-growth language in October 2025 and April 2026.""], ""rbi_mpr_2025_10_p105_c003"": [""Compare global-growth language in October 2025 and April 2026.""], ""rbi_mpr_2025_10_p110_c000"": [""Compare global-growth language in October 2025 and April 2026.""], ""rbi_mpr_2026_04_p005_c003"": [""Compare global-growth language in October 2025 and April 2026.""], ""rbi_mpr_2026_04_p007_c001"": [""Compare global-growth language in October 2025 and April 2026.""], ""rbi_mpr_2026_04_p013_c000"": [""Compare global-growth language in October 2025 and April 2026.""], ""rbi_mpr_2026_04_p013_c001"": [""Compare global-growth language in October 2025 and April 2026.""], ""rbi_mpr_2026_04_p013_c003"": [""Compare global-growth language in October 2025 and April 2026.""], ""rbi_mpr_2026_04_p013_c004"": [""Compare global-growth language in October 2025 and April 2026.""], ""rbi_mpr_2026_04_p014_c000"": [""Compare global-growth language in October 2025 and April 2026.""], ""rbi_mpr_2026_04_p014_c004"": [""Compare global-growth language in October 2025 and April 2026.""], ""rbi_mpr_2026_04_p015_c001"": [""Compare global-growth language in October 2025 and April 2026.""], ""rbi_mpr_2026_04_p015_c002"": [""Compare global-growth language in October 2025 and April 2026.""], ""rbi_mpr_2026_04_p015_c003"": [""Compare global-growth language in October 2025 and April 2026.""], ""rbi_mpr_2026_04_p016_c000"": [""Compare global-growth language in October 2025 and April 2026.""], ""rbi_mpr_2026_04_p020_c000"": [""Compare global-growth language in October 2025 and April 2026.""], ""rbi_mpr_2026_04_p020_c002"": [""Compare global-growth language in October 2025 and April 2026.""], ""rbi_mpr_2026_04_p021_c000"": [""Compare global-growth language in October 2025 and April 2026.""], ""rbi_mpr_2026_04_p021_c001"": [""Compare global-growth language in October 2025 and April 2026.""], ""rbi_mpr_2026_04_p021_c002"": [""Compare global-growth language in October 2025 and April 2026.""], ""rbi_mpr_2026_04_p021_c003"": [""Compare global-growth language in October 2025 and April 2026.""], ""rbi_mpr_2026_04_p023_c000"": [""Compare global-growth language in October 2025 and April 2026.""], ""rbi_mpr_2026_04_p024_c000"": [""Compare global-growth language in October 2025 and April 2026.""], ""rbi_mpr_2026_04_p025_c001"": [""Compare global-growth language in October 2025 and April 2026.""], ""rbi_mpr_2026_04_p026_c004"": [""Compare global-growth language in October 2025 and April 2026.""], ""rbi_mpr_2026_04_p030_c002"": [""Compare global-growth language in October 2025 and April 2026.""], ""rbi_mpr_2026_04_p037_c001"": [""Compare global-growth language in October 2025 and April 2026.""], ""rbi_mpr_2026_04_p046_c000"": [""Compare global-growth language in October 2025 and April 2026.""], ""rbi_mpr_2026_04_p053_c000"": [""Compare global-growth language in October 2025 and April 2026.""], ""rbi_mpr_2026_04_p054_c004"": [""Compare global-growth language in October 2025 and April 2026.""], ""rbi_mpr_2026_04_p055_c003"": [""Compare global-growth language in October 2025 and April 2026.""], ""rbi_mpr_2026_04_p056_c000"": [""Compare global-growth language in October 2025 and April 2026.""], ""rbi_mpr_2026_04_p057_c001"": [""Compare global-growth language in October 2025 and April 2026.""], ""rbi_mpr_2026_04_p057_c004"": [""Compare global-growth language in October 2025 and April 2026.""], ""rbi_mpr_2026_04_p061_c000"": [""Compare global-growth language in October 2025 and April 2026.""], ""rbi_mpr_2026_04_p061_c001"": [""Compare global-growth language in October 2025 and April 2026.""], ""rbi_mpr_2026_04_p066_c000"": [""Compare global-growth language in October 2025 and April 2026.""], ""rbi_mpr_2026_04_p069_c003"": [""Compare global-growth language in October 2025 and April 2026.""], ""rbi_mpr_2026_04_p077_c003"": [""Compare global-growth language in October 2025 and April 2026.""], ""rbi_mpr_2026_04_p079_c000"": [""Compare global-growth language in October 2025 and April 2026.""], ""rbi_mpr_2026_04_p079_c001"": [""Compare global-growth language in October 2025 and April 2026.""], ""rbi_mpr_2026_04_p080_c000"": [""Compare global-growth language in October 2025 and April 2026.""], ""rbi_mpr_2026_04_p081_c005"": [""Compare global-growth language in October 2025 and April 2026.""], ""rbi_mpr_2026_04_p081_c006"": [""Compare global-growth language in October 2025 and April 2026.""], ""rbi_mpr_2026_04_p082_c000"": [""Compare global-growth language in October 2025 and April 2026.""], ""rbi_mpr_2026_04_p082_c002"": [""Compare global-growth language in October 2025 and April 2026.""], ""rbi_mpr_2026_04_p084_c000"": [""Compare global-growth language in October 2025 and April 2026.""], ""rbi_mpr_2026_04_p085_c000"": [""Compare global-growth language in October 2025 and April 2026.""], ""rbi_mpr_2026_04_p085_c003"": [""Compare global-growth language in October 2025 and April 2026.""], ""rbi_mpr_2026_04_p085_c004"": [""Compare global-growth language in October 2025 and April 2026.""], ""rbi_mpr_2026_04_p086_c000"": [""Compare global-growth language in October 2025 and April 2026.""], ""rbi_mpr_2026_04_p087_c000"": [""Compare global-growth language in October 2025 and April 2026.""], ""rbi_mpr_2026_04_p090_c000"": [""Compare global-growth language in October 2025 and April 2026.""], ""rbi_mpr_2026_04_p092_c000"": [""Compare global-growth language in October 2025 and April 2026.""], ""rbi_mpr_2026_04_p092_c002"": [""Compare global-growth language in October 2025 and April 2026.""], ""rbi_mpr_2026_04_p094_c000"": [""Compare global-growth language in October 2025 and April 2026.""], ""rbi_mpr_2026_04_p094_c004"": [""Compare global-growth language in October 2025 and April 2026.""], ""rbi_mpr_2026_04_p095_c002"": [""Compare global-growth language in October 2025 and April 2026.""], ""rbi_mpr_2026_04_p095_c003"": [""Compare global-growth language in October 2025 and April 2026.""], ""rbi_mpr_2026_04_p095_c004"": [""Compare global-growth language in October 2025 and April 2026.""], ""rbi_mpr_2026_04_p098_c002"": [""Compare global-growth language in October 2025 and April 2026.""], ""rbi_mpr_2026_04_p099_c002"": [""Compare global-growth language in October 2025 and April 2026.""], ""rbi_mpr_2026_04_p100_c000"": [""Compare global-growth language in October 2025 and April 2026.""], ""rbi_mpr_2026_04_p100_c001"": [""Compare global-growth language in October 2025 and April 2026.""], ""rbi_mpr_2026_04_p100_c002"": [""Compare global-growth language in October 2025 and April 2026.""], ""rbi_mpr_2026_04_p100_c004"": [""Compare global-growth language in October 2025 and April 2026.""], ""rbi_mpr_2026_04_p101_c000"": [""Compare global-growth language in October 2025 and April 2026.""], ""rbi_mpr_2026_04_p101_c001"": [""Compare global-growth language in October 2025 and April 2026.""], ""rbi_mpr_2026_04_p101_c002"": [""Compare global-growth language in October 2025 and April 2026.""], ""rbi_mpr_2026_04_p102_c000"": [""Compare global-growth language in October 2025 and April 2026.""], ""rbi_mpr_2026_04_p102_c002"": [""Compare global-growth language in October 2025 and April 2026.""], ""rbi_mpr_2026_04_p102_c003"": [""Compare global-growth language in October 2025 and April 2026.""], ""rbi_mpr_2026_04_p102_c004"": [""Compare global-growth language in October 2025 and April 2026.""], ""rbi_mpr_2026_04_p103_c000"": [""Compare global-growth language in October 2025 and April 2026.""], ""rbi_mpr_2026_04_p103_c001"": [""Compare global-growth language in October 2025 and April 2026.""], ""rbi_mpr_2026_04_p103_c003"": [""Compare global-growth language in October 2025 and April 2026.""], ""rbi_mpr_2026_04_p105_c001"": [""Compare global-growth language in October 2025 and April 2026.""], ""rbi_mpr_2026_04_p105_c002"": [""Compare global-growth language in October 2025 and April 2026.""], ""rbi_mpr_2026_04_p105_c003"": [""Compare global-growth language in October 2025 and April 2026.""], ""rbi_mpr_2026_04_p106_c000"": [""Compare global-growth language in October 2025 and April 2026.""], ""rbi_mpr_2026_04_p106_c001"": [""Compare global-growth language in October 2025 and April 2026.""], ""rbi_mpr_2026_04_p107_c000"": [""Compare global-growth language in October 2025 and April 2026.""], ""rbi_mpr_2026_04_p108_c002"": [""Compare global-growth language in October 2025 and April 2026.""], ""rbi_mpr_2026_04_p109_c004"": [""Compare global-growth language in October 2025 and April 2026.""], ""rbi_mpr_2026_04_p110_c000"": [""Compare global-growth language in October 2025 and April 2026.""], ""rbi_mpr_2026_04_p111_c000"": [""Compare global-growth language in October 2025 and April 2026.""], ""rbi_mpr_2026_04_p111_c003"": [""Compare global-growth language in October 2025 and April 2026.""], ""rbi_mpr_2026_04_p112_c000"": [""Compare global-growth language in October 2025 and April 2026.""], ""rbi_mpr_2026_04_p112_c001"": [""Compare global-growth language in October 2025 and April 2026.""], ""rbi_mpr_2026_04_p112_c002"": [""Compare global-growth language in October 2025 and April 2026.""], ""rbi_mpr_2026_04_p113_c003"": [""Compare global-growth language in October 2025 and April 2026.""], ""rbi_mpr_2026_04_p115_c003"": [""Compare global-growth language in October 2025 and April 2026.""], ""rbi_mpr_2026_04_p116_c000"": [""Compare global-growth language in October 2025 and April 2026.""]}, ""candidate_source_retriever"": {""rbi_mpr_2025_10_p009_c000"": [""dense""], ""rbi_mpr_2025_10_p009_c001"": [""bm25"", ""dense""], ""rbi_mpr_2025_10_p009_c002"": [""bm25""], ""rbi_mpr_2025_10_p009_c005"": [""bm25"", ""dense""], ""rbi_mpr_2025_10_p010_c000"": [""bm25"", ""dense""], ""rbi_mpr_2025_10_p010_c002"": [""bm25""], ""rbi_mpr_2025_10_p010_c003"": [""dense""], ""rbi_mpr_2025_10_p010_c005"": [""bm25""], ""rbi_mpr_2025_10_p011_c000"": [""dense""], ""rbi_mpr_2025_10_p011_c002"": [""dense""], ""rbi_mpr_2025_10_p012_c001"": [""bm25""], ""rbi_mpr_2025_10_p013_c000"": [""bm25""], ""rbi_mpr_2025_10_p013_c002"": [""bm25"", ""dense""], ""rbi_mpr_2025_10_p013_c003"": [""bm25"", ""dense""], ""rbi_mpr_2025_10_p013_c004"": [""bm25"", ""dense""], ""rbi_mpr_2025_10_p013_c005"": [""dense""], ""rbi_mpr_2025_10_p014_c000"": [""dense""], ""rbi_mpr_2025_10_p015_c001"": [""dense""], ""rbi_mpr_2025_10_p015_c002"": [""dense""], ""rbi_mpr_2025_10_p017_c004"": [""dense""], ""rbi_mpr_2025_10_p017_c005"": [""dense""], ""rbi_mpr_2025_10_p019_c001"": [""dense""], ""rbi_mpr_2025_10_p019_c002"": [""dense""], ""rbi_mpr_2025_10_p020_c000"": [""dense""], ""rbi_mpr_2025_10_p020_c003"": [""dense""], ""rbi_mpr_2025_10_p022_c002"": [""dense""], ""rbi_mpr_2025_10_p024_c000"": [""bm25""], ""rbi_mpr_2025_10_p024_c001"": [""bm25""], ""rbi_mpr_2025_10_p024_c003"": [""bm25""], ""rbi_mpr_2025_10_p025_c000"": [""bm25""], ""rbi_mpr_2025_10_p025_c003"": [""bm25""], ""rbi_mpr_2025_10_p026_c003"": [""dense""], ""rbi_mpr_2025_10_p028_c000"": [""bm25""], ""rbi_mpr_2025_10_p030_c000"": [""bm25"", ""dense""], ""rbi_mpr_2025_10_p032_c000"": [""bm25"", ""dense""], ""rbi_mpr_2025_10_p032_c001"": [""dense""], ""rbi_mpr_2025_10_p033_c002"": [""dense""], ""rbi_mpr_2025_10_p034_c000"": [""bm25"", ""dense""], ""rbi_mpr_2025_10_p034_c001"": [""dense""], ""rbi_mpr_2025_10_p036_c003"": [""bm25""], ""rbi_mpr_2025_10_p037_c001"": [""bm25""], ""rbi_mpr_2025_10_p037_c003"": [""dense""], ""rbi_mpr_2025_10_p038_c000"": [""bm25"", ""dense""], ""rbi_mpr_2025_10_p040_c000"": [""bm25""], ""rbi_mpr_2025_10_p041_c003"": [""dense""], ""rbi_mpr_2025_10_p042_c000"": [""bm25""], ""rbi_mpr_2025_10_p043_c003"": [""dense""], ""rbi_mpr_2025_10_p046_c000"": [""bm25""], ""rbi_mpr_2025_10_p046_c001"": [""dense""], ""rbi_mpr_2025_10_p052_c002"": [""dense""], ""rbi_mpr_2025_10_p061_c004"": [""dense""], ""rbi_mpr_2025_10_p062_c000"": [""bm25""], ""rbi_mpr_2025_10_p063_c000"": [""bm25""], ""rbi_mpr_2025_10_p064_c000"": [""bm25""], ""rbi_mpr_2025_10_p064_c005"": [""bm25""], ""rbi_mpr_2025_10_p066_c000"": [""bm25""], ""rbi_mpr_2025_10_p068_c000"": [""bm25""], ""rbi_mpr_2025_10_p068_c004"": [""dense""], ""rbi_mpr_2025_10_p071_c001"": [""bm25""], ""rbi_mpr_2025_10_p074_c000"": [""bm25""], ""rbi_mpr_2025_10_p079_c000"": [""bm25""], ""rbi_mpr_2025_10_p080_c000"": [""dense""], ""rbi_mpr_2025_10_p080_c001"": [""dense""], ""rbi_mpr_2025_10_p084_c000"": [""bm25""], ""rbi_mpr_2025_10_p087_c000"": [""bm25""], ""rbi_mpr_2025_10_p095_c000"": [""dense""], ""rbi_mpr_2025_10_p095_c002"": [""dense""], ""rbi_mpr_2025_10_p095_c003"": [""bm25"", ""dense""], ""rbi_mpr_2025_10_p096_c000"": [""bm25""], ""rbi_mpr_2025_10_p096_c004"": [""bm25"", ""dense""], ""rbi_mpr_2025_10_p097_c002"": [""dense""], ""rbi_mpr_2025_10_p097_c003"": [""bm25"", ""dense""], ""rbi_mpr_2025_10_p097_c004"": [""bm25"", ""dense""], ""rbi_mpr_2025_10_p098_c000"": [""dense""], ""rbi_mpr_2025_10_p098_c002"": [""dense""], ""rbi_mpr_2025_10_p099_c000"": [""bm25"", ""dense""], ""rbi_mpr_2025_10_p099_c001"": [""bm25""], ""rbi_mpr_2025_10_p099_c002"": [""bm25""], ""rbi_mpr_2025_10_p102_c000"": [""bm25"", ""dense""], ""rbi_mpr_2025_10_p103_c001"": [""bm25""], ""rbi_mpr_2025_10_p103_c002"": [""bm25""], ""rbi_mpr_2025_10_p103_c003"": [""dense""], ""rbi_mpr_2025_10_p105_c003"": [""bm25""], ""rbi_mpr_2025_10_p110_c000"": [""bm25""], ""rbi_mpr_2026_04_p005_c003"": [""bm25"", ""dense""], ""rbi_mpr_2026_04_p007_c001"": [""bm25""], ""rbi_mpr_2026_04_p013_c000"": [""dense""], ""rbi_mpr_2026_04_p013_c001"": [""dense""], ""rbi_mpr_2026_04_p013_c003"": [""dense""], ""rbi_mpr_2026_04_p013_c004"": [""dense""], ""rbi_mpr_2026_04_p014_c000"": [""bm25""], ""rbi_mpr_2026_04_p014_c004"": [""bm25""], ""rbi_mpr_2026_04_p015_c001"": [""dense""], ""rbi_mpr_2026_04_p015_c002"": [""dense""], ""rbi_mpr_2026_04_p015_c003"": [""dense""], ""rbi_mpr_2026_04_p016_c000"": [""dense""], ""rbi_mpr_2026_04_p020_c000"": [""bm25""], ""rbi_mpr_2026_04_p020_c002"": [""bm25""], ""rbi_mpr_2026_04_p021_c000"": [""dense""], ""rbi_mpr_2026_04_p021_c001"": [""dense""], ""rbi_mpr_2026_04_p021_c002"": [""bm25"", ""dense""], ""rbi_mpr_2026_04_p021_c003"": [""dense""], ""rbi_mpr_2026_04_p023_c000"": [""bm25""], ""rbi_mpr_2026_04_p024_c000"": [""bm25""], ""rbi_mpr_2026_04_p025_c001"": [""dense""], ""rbi_mpr_2026_04_p026_c004"": [""bm25""], ""rbi_mpr_2026_04_p030_c002"": [""bm25""], ""rbi_mpr_2026_04_p037_c001"": [""bm25""], ""rbi_mpr_2026_04_p046_c000"": [""bm25""], ""rbi_mpr_2026_04_p053_c000"": [""bm25""], ""rbi_mpr_2026_04_p054_c004"": [""bm25""], ""rbi_mpr_2026_04_p055_c003"": [""bm25"", ""dense""], ""rbi_mpr_2026_04_p056_c000"": [""bm25"", ""dense""], ""rbi_mpr_2026_04_p057_c001"": [""bm25""], ""rbi_mpr_2026_04_p057_c004"": [""bm25""], ""rbi_mpr_2026_04_p061_c000"": [""dense""], ""rbi_mpr_2026_04_p061_c001"": [""bm25""], ""rbi_mpr_2026_04_p066_c000"": [""dense""], ""rbi_mpr_2026_04_p069_c003"": [""bm25""], ""rbi_mpr_2026_04_p077_c003"": [""dense""], ""rbi_mpr_2026_04_p079_c000"": [""bm25""], ""rbi_mpr_2026_04_p079_c001"": [""bm25""], ""rbi_mpr_2026_04_p080_c000"": [""bm25""], ""rbi_mpr_2026_04_p081_c005"": [""bm25""], ""rbi_mpr_2026_04_p081_c006"": [""bm25""], ""rbi_mpr_2026_04_p082_c000"": [""bm25""], ""rbi_mpr_2026_04_p082_c002"": [""dense""], ""rbi_mpr_2026_04_p084_c000"": [""bm25""], ""rbi_mpr_2026_04_p085_c000"": [""bm25""], ""rbi_mpr_2026_04_p085_c003"": [""bm25""], ""rbi_mpr_2026_04_p085_c004"": [""bm25""], ""rbi_mpr_2026_04_p086_c000"": [""bm25""], ""rbi_mpr_2026_04_p087_c000"": [""bm25""], ""rbi_mpr_2026_04_p090_c000"": [""bm25""], ""rbi_mpr_2026_04_p092_c000"": [""bm25""], ""rbi_mpr_2026_04_p092_c002"": [""bm25""], ""rbi_mpr_2026_04_p094_c000"": [""bm25""], ""rbi_mpr_2026_04_p094_c004"": [""bm25"", ""dense""], ""rbi_mpr_2026_04_p095_c002"": [""dense""], ""rbi_mpr_2026_04_p095_c003"": [""dense""], ""rbi_mpr_2026_04_p095_c004"": [""dense""], ""rbi_mpr_2026_04_p098_c002"": [""bm25""], ""rbi_mpr_2026_04_p099_c002"": [""bm25""], ""rbi_mpr_2026_04_p100_c000"": [""bm25"", ""dense""], ""rbi_mpr_2026_04_p100_c001"": [""bm25"", ""dense""], ""rbi_mpr_2026_04_p100_c002"": [""dense""], ""rbi_mpr_2026_04_p100_c004"": [""dense""], ""rbi_mpr_2026_04_p101_c000"": [""dense""], ""rbi_mpr_2026_04_p101_c001"": [""dense""], ""rbi_mpr_2026_04_p101_c002"": [""dense""], ""rbi_mpr_2026_04_p102_c000"": [""bm25"", ""dense""], ""rbi_mpr_2026_04_p102_c002"": [""dense""], ""rbi_mpr_2026_04_p102_c003"": [""dense""], ""rbi_mpr_2026_04_p102_c004"": [""dense""], ""rbi_mpr_2026_04_p103_c000"": [""bm25""], ""rbi_mpr_2026_04_p103_c001"": [""bm25""], ""rbi_mpr_2026_04_p103_c003"": [""bm25""], ""rbi_mpr_2026_04_p105_c001"": [""dense""], ""rbi_mpr_2026_04_p105_c002"": [""dense""], ""rbi_mpr_2026_04_p105_c003"": [""bm25"", ""dense""], ""rbi_mpr_2026_04_p106_c000"": [""bm25""], ""rbi_mpr_2026_04_p106_c001"": [""bm25"", ""dense""], ""rbi_mpr_2026_04_p107_c000"": [""dense""], ""rbi_mpr_2026_04_p108_c002"": [""dense""], ""rbi_mpr_2026_04_p109_c004"": [""dense""], ""rbi_mpr_2026_04_p110_c000"": [""dense""], ""rbi_mpr_2026_04_p111_c000"": [""dense""], ""rbi_mpr_2026_04_p111_c003"": [""dense""], ""rbi_mpr_2026_04_p112_c000"": [""dense""], ""rbi_mpr_2026_04_p112_c001"": [""dense""], ""rbi_mpr_2026_04_p112_c002"": [""dense""], ""rbi_mpr_2026_04_p113_c003"": [""bm25""], ""rbi_mpr_2026_04_p115_c003"": [""dense""], ""rbi_mpr_2026_04_p116_c000"": [""dense""]}, ""candidate_union_ids"": [""rbi_mpr_2026_04_p013_c004"", ""rbi_mpr_2026_04_p112_c001"", ""rbi_mpr_2026_04_p106_c001"", ""rbi_mpr_2026_04_p102_c004"", ""rbi_mpr_2026_04_p100_c001"", ""rbi_mpr_2026_04_p102_c002"", ""rbi_mpr_2026_04_p107_c000"", ""rbi_mpr_2026_04_p102_c003"", ""rbi_mpr_2026_04_p015_c001"", ""rbi_mpr_2026_04_p025_c001"", ""rbi_mpr_2026_04_p015_c002"", ""rbi_mpr_2026_04_p082_c002"", ""rbi_mpr_2026_04_p109_c004"", ""rbi_mpr_2026_04_p013_c000"", ""rbi_mpr_2026_04_p013_c003"", ""rbi_mpr_2026_04_p015_c003"", ""rbi_mpr_2026_04_p077_c003"", ""rbi_mpr_2026_04_p021_c003"", ""rbi_mpr_2026_04_p100_c002"", ""rbi_mpr_2026_04_p013_c001"", ""rbi_mpr_2026_04_p105_c002"", ""rbi_mpr_2026_04_p056_c000"", ""rbi_mpr_2026_04_p101_c001"", ""rbi_mpr_2026_04_p021_c000"", ""rbi_mpr_2026_04_p095_c003"", ""rbi_mpr_2026_04_p100_c000"", ""rbi_mpr_2026_04_p115_c003"", ""rbi_mpr_2026_04_p021_c002"", ""rbi_mpr_2026_04_p061_c000"", ""rbi_mpr_2026_04_p021_c001"", ""rbi_mpr_2026_04_p110_c000"", ""rbi_mpr_2026_04_p102_c000"", ""rbi_mpr_2026_04_p016_c000"", ""rbi_mpr_2026_04_p112_c000"", ""rbi_mpr_2026_04_p116_c000"", ""rbi_mpr_2026_04_p101_c002"", ""rbi_mpr_2026_04_p111_c000"", ""rbi_mpr_2026_04_p066_c000"", ""rbi_mpr_2026_04_p108_c002"", ""rbi_mpr_2026_04_p095_c002"", ""rbi_mpr_2026_04_p100_c004"", ""rbi_mpr_2026_04_p101_c000"", ""rbi_mpr_2026_04_p111_c003"", ""rbi_mpr_2026_04_p005_c003"", ""rbi_mpr_2026_04_p105_c001"", ""rbi_mpr_2026_04_p095_c004"", ""rbi_mpr_2026_04_p105_c003"", ""rbi_mpr_2026_04_p055_c003"", ""rbi_mpr_2026_04_p112_c002"", ""rbi_mpr_2026_04_p094_c004"", ""rbi_mpr_2026_04_p098_c002"", ""rbi_mpr_2026_04_p099_c002"", ""rbi_mpr_2026_04_p087_c000"", ""rbi_mpr_2026_04_p030_c002"", ""rbi_mpr_2026_04_p086_c000"", ""rbi_mpr_2026_04_p084_c000"", ""rbi_mpr_2026_04_p082_c000"", ""rbi_mpr_2026_04_p081_c005"", ""rbi_mpr_2026_04_p079_c001"", ""rbi_mpr_2026_04_p020_c000"", ""rbi_mpr_2026_04_p079_c000"", ""rbi_mpr_2026_04_p085_c000"", ""rbi_mpr_2026_04_p046_c000"", ""rbi_mpr_2026_04_p085_c003"", ""rbi_mpr_2026_04_p057_c004"", ""rbi_mpr_2026_04_p014_c000"", ""rbi_mpr_2026_04_p020_c002"", ""rbi_mpr_2026_04_p023_c000"", ""rbi_mpr_2026_04_p103_c003"", ""rbi_mpr_2026_04_p069_c003"", ""rbi_mpr_2026_04_p007_c001"", ""rbi_mpr_2026_04_p103_c001"", ""rbi_mpr_2026_04_p037_c001"", ""rbi_mpr_2026_04_p024_c000"", ""rbi_mpr_2026_04_p080_c000"", ""rbi_mpr_2026_04_p090_c000"", ""rbi_mpr_2026_04_p106_c000"", ""rbi_mpr_2026_04_p092_c002"", ""rbi_mpr_2026_04_p053_c000"", ""rbi_mpr_2026_04_p061_c001"", ""rbi_mpr_2026_04_p054_c004"", ""rbi_mpr_2026_04_p081_c006"", ""rbi_mpr_2026_04_p014_c004"", ""rbi_mpr_2026_04_p026_c004"", ""rbi_mpr_2026_04_p113_c003"", ""rbi_mpr_2026_04_p092_c000"", ""rbi_mpr_2026_04_p085_c004"", ""rbi_mpr_2026_04_p057_c001"", ""rbi_mpr_2026_04_p103_c000"", ""rbi_mpr_2026_04_p094_c000""], ""candidate_union_pages"": [13, 112, 106, 102, 100, 102, 107, 102, 15, 25, 15, 82, 109, 13, 13, 15, 77, 21, 100, 13, 105, 56, 101, 21, 95, 100, 115, 21, 61, 21, 110, 102, 16, 112, 116, 101, 111, 66, 108, 95, 100, 101, 111, 5, 105, 95, 105, 55, 112, 94, 98, 99, 87, 30, 86, 84, 82, 81, 79, 20, 79, 85, 46, 85, 57, 14, 20, 23, 103, 69, 7, 103, 37, 24, 80, 90, 106, 92, 53, 61, 54, 81, 14, 26, 113, 92, 85, 57, 103, 94], ""dense_candidate_ids"": [""rbi_mpr_2026_04_p013_c004"", ""rbi_mpr_2026_04_p112_c001"", ""rbi_mpr_2026_04_p106_c001"", ""rbi_mpr_2026_04_p102_c004"", ""rbi_mpr_2026_04_p100_c001"", ""rbi_mpr_2026_04_p102_c002"", ""rbi_mpr_2026_04_p107_c000"", ""rbi_mpr_2026_04_p102_c003"", ""rbi_mpr_2026_04_p015_c001"", ""rbi_mpr_2026_04_p025_c001"", ""rbi_mpr_2026_04_p015_c002"", ""rbi_mpr_2026_04_p082_c002"", ""rbi_mpr_2026_04_p109_c004"", ""rbi_mpr_2026_04_p013_c000"", ""rbi_mpr_2026_04_p013_c003"", ""rbi_mpr_2026_04_p015_c003"", ""rbi_mpr_2026_04_p077_c003"", ""rbi_mpr_2026_04_p021_c003"", ""rbi_mpr_2026_04_p100_c002"", ""rbi_mpr_2026_04_p013_c001"", ""rbi_mpr_2026_04_p105_c002"", ""rbi_mpr_2026_04_p056_c000"", ""rbi_mpr_2026_04_p101_c001"", ""rbi_mpr_2026_04_p021_c000"", ""rbi_mpr_2026_04_p095_c003"", ""rbi_mpr_2026_04_p100_c000"", ""rbi_mpr_2026_04_p115_c003"", ""rbi_mpr_2026_04_p021_c002"", ""rbi_mpr_2026_04_p061_c000"", ""rbi_mpr_2026_04_p021_c001"", ""rbi_mpr_2026_04_p110_c000"", ""rbi_mpr_2026_04_p102_c000"", ""rbi_mpr_2026_04_p016_c000"", ""rbi_mpr_2026_04_p112_c000"", ""rbi_mpr_2026_04_p116_c000"", ""rbi_mpr_2026_04_p101_c002"", ""rbi_mpr_2026_04_p111_c000"", ""rbi_mpr_2026_04_p066_c000"", ""rbi_mpr_2026_04_p108_c002"", ""rbi_mpr_2026_04_p095_c002"", ""rbi_mpr_2026_04_p100_c004"", ""rbi_mpr_2026_04_p101_c000"", ""rbi_mpr_2026_04_p111_c003"", ""rbi_mpr_2026_04_p005_c003"", ""rbi_mpr_2026_04_p105_c001"", ""rbi_mpr_2026_04_p095_c004"", ""rbi_mpr_2026_04_p105_c003"", ""rbi_mpr_2026_04_p055_c003"", ""rbi_mpr_2026_04_p112_c002"", ""rbi_mpr_2026_04_p094_c004""], ""dense_candidate_pages"": [13, 112, 106, 102, 100, 102, 107, 102, 15, 25, 15, 82, 109, 13, 13, 15, 77, 21, 100, 13, 105, 56, 101, 21, 95, 100, 115, 21, 61, 21, 110, 102, 16, 112, 116, 101, 111, 66, 108, 95, 100, 101, 111, 5, 105, 95, 105, 55, 112, 94], ""dense_candidate_scores"": [0.28683966696183283, 0.2827616221936158, 0.28055574043625253, 0.2641971998300222, 0.25721161257043257, 0.25052021031344907, 0.24116521152427395, 0.23050846517199142, 0.2234487837527197, 0.20670114344103674, 0.2026826100229171, 0.20112671696328888, 0.1987557038534601, 0.1937057527585817, 0.18822067759967698, 0.1874597583966613, 0.18707925664830494, 0.1858172957101918, 0.18124183383584913, 0.17254432588344404, 0.17149124472655075, 0.1713404433025788, 0.16910581739453123, 0.16312307224840983, 0.16167583376424277, 0.15486734756209586, 0.1508262234331743, 0.14992562957419353, 0.14881919050708559, 0.14828013231463122, 0.14722292076658394, 0.14627099204611693, 0.14587236715290086, 0.14381374648423473, 0.13608671186564147, 0.13296691784516812, 0.13198042870892213, 0.13191316233869876, 0.13161037937899644, 0.1315766619001878, 0.13126511239599525, 0.13070835252716628, 0.1305811533383604, 0.12501043578328153, 0.1249805958145358, 0.12175695195933156, 0.11409094597738212, 0.10965600169597478, 0.10963905866287338, 0.10753019895078231], ""dense_first_evidence_rank"": 44, ""evidence_rank_after_reranking"": 20, ""evidence_rank_before_reranking"": 7, ""expected_evidence"": [""Global growth remained resilient but below its historical average""], ""loss_stage"": ""lost_by_quota"", ""report_id"": ""rbi_mpr_2026_04"", ""reranker_input_ids"": [""rbi_mpr_2026_04_p106_c001"", ""rbi_mpr_2026_04_p100_c001"", ""rbi_mpr_2026_04_p100_c000"", ""rbi_mpr_2026_04_p102_c000"", ""rbi_mpr_2026_04_p056_c000"", ""rbi_mpr_2026_04_p105_c003"", ""rbi_mpr_2026_04_p005_c003"", ""rbi_mpr_2026_04_p021_c002"", ""rbi_mpr_2026_04_p094_c004"", ""rbi_mpr_2026_04_p055_c003"", ""rbi_mpr_2026_04_p013_c004"", ""rbi_mpr_2026_04_p112_c001"", ""rbi_mpr_2026_04_p098_c002"", ""rbi_mpr_2026_04_p102_c004"", ""rbi_mpr_2026_04_p099_c002"", ""rbi_mpr_2026_04_p102_c002"", ""rbi_mpr_2026_04_p087_c000"", ""rbi_mpr_2026_04_p107_c000"", ""rbi_mpr_2026_04_p030_c002"", ""rbi_mpr_2026_04_p102_c003"", ""rbi_mpr_2026_04_p086_c000"", ""rbi_mpr_2026_04_p015_c001"", ""rbi_mpr_2026_04_p025_c001"", ""rbi_mpr_2026_04_p084_c000"", ""rbi_mpr_2026_04_p015_c002"", ""rbi_mpr_2026_04_p082_c002"", ""rbi_mpr_2026_04_p082_c000"", ""rbi_mpr_2026_04_p109_c004"", ""rbi_mpr_2026_04_p081_c005"", ""rbi_mpr_2026_04_p013_c000""], ""reranker_input_pages"": [106, 100, 100, 102, 56, 105, 5, 21, 94, 55, 13, 112, 98, 102, 99, 102, 87, 107, 30, 102, 86, 15, 25, 84, 15, 82, 82, 109, 81, 13], ""reranker_input_ranks"": [1, 2, 3, 4, 5, 6, 7, 8, 9, 10, 11, 12, 13, 14, 15, 16, 17, 18, 19, 20, 21, 22, 23, 24, 25, 26, 27, 28, 29, 30], ""reranker_output_ids"": [""rbi_mpr_2026_04_p102_c000"", ""rbi_mpr_2026_04_p056_c000"", ""rbi_mpr_2026_04_p100_c001"", ""rbi_mpr_2026_04_p100_c000"", ""rbi_mpr_2026_04_p105_c003"", ""rbi_mpr_2026_04_p106_c001"", ""rbi_mpr_2026_04_p082_c000"", ""rbi_mpr_2026_04_p013_c004"", ""rbi_mpr_2026_04_p084_c000"", ""rbi_mpr_2026_04_p107_c000"", ""rbi_mpr_2026_04_p094_c004"", ""rbi_mpr_2026_04_p102_c003"", ""rbi_mpr_2026_04_p055_c003"", ""rbi_mpr_2026_04_p015_c002"", ""rbi_mpr_2026_04_p086_c000"", ""rbi_mpr_2026_04_p109_c004"", ""rbi_mpr_2026_04_p112_c001"", ""rbi_mpr_2026_04_p102_c004"", ""rbi_mpr_2026_04_p102_c002"", ""rbi_mpr_2026_04_p005_c003"", ""rbi_mpr_2026_04_p099_c002"", ""rbi_mpr_2026_04_p015_c001"", ""rbi_mpr_2026_04_p030_c002"", ""rbi_mpr_2026_04_p025_c001"", ""rbi_mpr_2026_04_p098_c002"", ""rbi_mpr_2026_04_p082_c002"", ""rbi_mpr_2026_04_p087_c000"", ""rbi_mpr_2026_04_p013_c000"", ""rbi_mpr_2026_04_p021_c002"", ""rbi_mpr_2026_04_p081_c005""], ""reranker_output_pages"": [102, 56, 100, 100, 105, 106, 82, 13, 84, 107, 94, 102, 55, 15, 86, 109, 112, 102, 102, 5, 99, 15, 30, 25, 98, 82, 87, 13, 21, 81], ""reranker_scores"": [4.386725902557373, 4.267073631286621, 2.745814800262451, 2.632333755493164, 1.4925463199615479, 1.3984813690185547, 1.290515661239624, 0.7200294733047485, 0.6998293399810791, 0.5332435369491577, 0.5243508219718933, 0.3639163672924042, 0.2135811746120453, -0.14549142122268677, -0.41096675395965576, -0.43716031312942505, -0.6191675662994385, -0.7481319308280945, -0.82212233543396, -1.1173324584960938, -1.5479047298431396, -1.7286410331726074, -1.819577932357788, -1.951324701309204, -2.1572022438049316, -2.3325138092041016, -2.3783955574035645, -2.448209285736084, -3.4453125, -5.4370856285095215], ""rrf_candidate_ids"": [""rbi_mpr_2026_04_p106_c001"", ""rbi_mpr_2026_04_p100_c001"", ""rbi_mpr_2026_04_p100_c000"", ""rbi_mpr_2026_04_p102_c000"", ""rbi_mpr_2026_04_p056_c000"", ""rbi_mpr_2026_04_p105_c003"", ""rbi_mpr_2026_04_p005_c003"", ""rbi_mpr_2026_04_p021_c002"", ""rbi_mpr_2026_04_p094_c004"", ""rbi_mpr_2026_04_p055_c003"", ""rbi_mpr_2026_04_p013_c004"", ""rbi_mpr_2026_04_p112_c001"", ""rbi_mpr_2026_04_p098_c002"", ""rbi_mpr_2026_04_p102_c004"", ""rbi_mpr_2026_04_p099_c002"", ""rbi_mpr_2026_04_p102_c002"", ""rbi_mpr_2026_04_p087_c000"", ""rbi_mpr_2026_04_p107_c000"", ""rbi_mpr_2026_04_p030_c002"", ""rbi_mpr_2026_04_p102_c003"", ""rbi_mpr_2026_04_p086_c000"", ""rbi_mpr_2026_04_p015_c001"", ""rbi_mpr_2026_04_p025_c001"", ""rbi_mpr_2026_04_p084_c000"", ""rbi_mpr_2026_04_p015_c002"", ""rbi_mpr_2026_04_p082_c002"", ""rbi_mpr_2026_04_p082_c000"", ""rbi_mpr_2026_04_p109_c004"", ""rbi_mpr_2026_04_p081_c005"", ""rbi_mpr_2026_04_p013_c000""], ""rrf_candidate_pages"": [106, 100, 100, 102, 56, 105, 5, 21, 94, 55, 13, 112, 98, 102, 99, 102, 87, 107, 30, 102, 86, 15, 25, 84, 15, 82, 82, 109, 81, 13], ""rrf_first_evidence_rank"": 7, ""rrf_scores"": [0.028693528693528692, 0.028371628371628373, 0.027252906976744186, 0.026742581090407176, 0.026279628993473032, 0.025739237015474183, 0.024108138238573024, 0.023268398268398268, 0.020454545454545454, 0.019675925925925923, 0.01639344262295082, 0.016129032258064516, 0.016129032258064516, 0.015625, 0.015384615384615385, 0.015151515151515152, 0.015151515151515152, 0.014925373134328358, 0.014925373134328358, 0.014705882352941176, 0.014705882352941176, 0.014492753623188406, 0.014285714285714285, 0.014285714285714285, 0.014084507042253521, 0.013888888888888888, 0.013888888888888888, 0.0136986301369863, 0.0136986301369863, 0.013513513513513514], ""selected_chunk_ids_after_dedup"": [""rbi_mpr_2026_04_p102_c000"", ""rbi_mpr_2026_04_p056_c000"", ""rbi_mpr_2026_04_p100_c001""], ""selected_chunk_ids_before_dedup"": [""rbi_mpr_2026_04_p102_c000"", ""rbi_mpr_2026_04_p056_c000"", ""rbi_mpr_2026_04_p100_c001""], ""selected_pages"": [102, 56, 100]}}","{""rbi_mpr_2025_10"": false, ""rbi_mpr_2026_04"": false}","{""rbi_mpr_2025_10"": 0.0, ""rbi_mpr_2026_04"": 0.0}",[],"[""2025"", ""2026""]",0.11920000542886555,pairwise_comparison,cmp_dev_007,"[""Compare""]",0.0,"{""rbi_mpr_2025_10"": 3, ""rbi_mpr_2026_04"": 3}",1.0,"[""rbi_mpr_2025_10"", ""rbi_mpr_2026_04""]",3812.907500003348,0.13469999248627573,5791,6,0.00549999822396785,dev,3882.60560001072,6
True,6.492300002719276,0.36750000435858965,True,04a5ce7716e7f739c55089569953118657c56d931da37da67b3f680d0125b949,0,0.02439999661874026,bf7cf18e02abb87a6e22fe9b686d8f93fa34ceb3f67abc575741c0a63080b56d,0.29969999741297215,76.1791999975685,0,1339,1.0,[],RRF_K60,[],0.35509999725036323,d063b65fcefc1858e3315b9e67356a80310b8ae9b4d0864e98dd7c18d8553c1a,1.0,Compare the Centre's borrowing figures in October 2025 and April 2026.,Compare the Centre's borrowing figures in October 2025 and April 2026.,"{""rbi_mpr_2025_10"": {""accepted_evidence_found"": true, ""accepted_pages"": [52], ""bm25_candidate_ids"": [""rbi_mpr_2025_10_p072_c000"", ""rbi_mpr_2025_10_p013_c004"", ""rbi_mpr_2025_10_p096_c004"", ""rbi_mpr_2025_10_p013_c002"", ""rbi_mpr_2025_10_p074_c000"", ""rbi_mpr_2025_10_p066_c000"", ""rbi_mpr_2025_10_p013_c003"", ""rbi_mpr_2025_10_p032_c000"", ""rbi_mpr_2025_10_p107_c000"", ""rbi_mpr_2025_10_p010_c005"", ""rbi_mpr_2025_10_p097_c004"", ""rbi_mpr_2025_10_p068_c000"", ""rbi_mpr_2025_10_p102_c000"", ""rbi_mpr_2025_10_p013_c000"", ""rbi_mpr_2025_10_p010_c000"", ""rbi_mpr_2025_10_p024_c000"", ""rbi_mpr_2025_10_p055_c000"", ""rbi_mpr_2025_10_p097_c003"", ""rbi_mpr_2025_10_p009_c005"", ""rbi_mpr_2025_10_p012_c001"", ""rbi_mpr_2025_10_p105_c003"", ""rbi_mpr_2025_10_p095_c003"", ""rbi_mpr_2025_10_p010_c002"", ""rbi_mpr_2025_10_p099_c000"", ""rbi_mpr_2025_10_p103_c001"", ""rbi_mpr_2025_10_p064_c000"", ""rbi_mpr_2025_10_p040_c000"", ""rbi_mpr_2025_10_p079_c000"", ""rbi_mpr_2025_10_p009_c002"", ""rbi_mpr_2025_10_p064_c005"", ""rbi_mpr_2025_10_p024_c001"", ""rbi_mpr_2025_10_p030_c000"", ""rbi_mpr_2025_10_p099_c002"", ""rbi_mpr_2025_10_p096_c000"", ""rbi_mpr_2025_10_p025_c000"", ""rbi_mpr_2025_10_p087_c000"", ""rbi_mpr_2025_10_p071_c001"", ""rbi_mpr_2025_10_p038_c000"", ""rbi_mpr_2025_10_p034_c000"", ""rbi_mpr_2025_10_p010_c001"", ""rbi_mpr_2025_10_p009_c001"", ""rbi_mpr_2025_10_p076_c000"", ""rbi_mpr_2025_10_p080_c001"", ""rbi_mpr_2025_10_p036_c003"", ""rbi_mpr_2025_10_p042_c000"", ""rbi_mpr_2025_10_p084_c000"", ""rbi_mpr_2025_10_p060_c000"", ""rbi_mpr_2025_10_p063_c000"", ""rbi_mpr_2025_10_p099_c001"", ""rbi_mpr_2025_10_p009_c003""], ""bm25_candidate_pages"": [72, 13, 96, 13, 74, 66, 13, 32, 107, 10, 97, 68, 102, 13, 10, 24, 55, 97, 9, 12, 105, 95, 10, 99, 103, 64, 40, 79, 9, 64, 24, 30, 99, 96, 25, 87, 71, 38, 34, 10, 9, 76, 80, 36, 42, 84, 60, 63, 99, 9], ""bm25_candidate_scores"": [null, null, null, null, null, null, null, null, null, null, null, null, null, null, null, null, null, null, null, null, null, null, null, null, null, null, null, null, null, null, null, null, null, null, null, null, null, null, null, null, null, null, null, null, null, null, null, null, null, null], ""bm25_first_evidence_rank"": null, ""candidate_source_expansion"": {""rbi_mpr_2025_10_p009_c001"": [], ""rbi_mpr_2025_10_p009_c002"": [], ""rbi_mpr_2025_10_p009_c003"": [], ""rbi_mpr_2025_10_p009_c005"": [], ""rbi_mpr_2025_10_p010_c000"": [], ""rbi_mpr_2025_10_p010_c001"": [], ""rbi_mpr_2025_10_p010_c002"": [], ""rbi_mpr_2025_10_p010_c005"": [], ""rbi_mpr_2025_10_p011_c000"": [], ""rbi_mpr_2025_10_p011_c002"": [], ""rbi_mpr_2025_10_p012_c001"": [], ""rbi_mpr_2025_10_p013_c000"": [], ""rbi_mpr_2025_10_p013_c002"": [], ""rbi_mpr_2025_10_p013_c003"": [], ""rbi_mpr_2025_10_p013_c004"": [], ""rbi_mpr_2025_10_p014_c000"": [], ""rbi_mpr_2025_10_p014_c001"": [], ""rbi_mpr_2025_10_p014_c002"": [], ""rbi_mpr_2025_10_p014_c003"": [], ""rbi_mpr_2025_10_p015_c003"": [], ""rbi_mpr_2025_10_p016_c000"": [], ""rbi_mpr_2025_10_p016_c001"": [], ""rbi_mpr_2025_10_p017_c004"": [], ""rbi_mpr_2025_10_p019_c001"": [], ""rbi_mpr_2025_10_p019_c002"": [], ""rbi_mpr_2025_10_p024_c000"": [], ""rbi_mpr_2025_10_p024_c001"": [], ""rbi_mpr_2025_10_p025_c000"": [], ""rbi_mpr_2025_10_p030_c000"": [], ""rbi_mpr_2025_10_p032_c000"": [], ""rbi_mpr_2025_10_p033_c002"": [], ""rbi_mpr_2025_10_p034_c000"": [], ""rbi_mpr_2025_10_p036_c003"": [], ""rbi_mpr_2025_10_p037_c003"": [], ""rbi_mpr_2025_10_p038_c000"": [], ""rbi_mpr_2025_10_p040_c000"": [], ""rbi_mpr_2025_10_p041_c003"": [], ""rbi_mpr_2025_10_p042_c000"": [], ""rbi_mpr_2025_10_p042_c003"": [], ""rbi_mpr_2025_10_p043_c001"": [], ""rbi_mpr_2025_10_p043_c003"": [], ""rbi_mpr_2025_10_p046_c000"": [], ""rbi_mpr_2025_10_p047_c000"": [], ""rbi_mpr_2025_10_p049_c000"": [], ""rbi_mpr_2025_10_p049_c001"": [], ""rbi_mpr_2025_10_p049_c003"": [], ""rbi_mpr_2025_10_p050_c000"": [], ""rbi_mpr_2025_10_p050_c002"": [], ""rbi_mpr_2025_10_p052_c000"": [], ""rbi_mpr_2025_10_p052_c001"": [], ""rbi_mpr_2025_10_p052_c004"": [], ""rbi_mpr_2025_10_p054_c003"": [], ""rbi_mpr_2025_10_p055_c000"": [], ""rbi_mpr_2025_10_p060_c000"": [], ""rbi_mpr_2025_10_p062_c000"": [], ""rbi_mpr_2025_10_p063_c000"": [], ""rbi_mpr_2025_10_p064_c000"": [], ""rbi_mpr_2025_10_p064_c005"": [], ""rbi_mpr_2025_10_p066_c000"": [], ""rbi_mpr_2025_10_p068_c000"": [], ""rbi_mpr_2025_10_p068_c002"": [], ""rbi_mpr_2025_10_p068_c004"": [], ""rbi_mpr_2025_10_p071_c001"": [], ""rbi_mpr_2025_10_p071_c002"": [], ""rbi_mpr_2025_10_p072_c000"": [], ""rbi_mpr_2025_10_p074_c000"": [], ""rbi_mpr_2025_10_p076_c000"": [], ""rbi_mpr_2025_10_p078_c000"": [], ""rbi_mpr_2025_10_p079_c000"": [], ""rbi_mpr_2025_10_p080_c001"": [], ""rbi_mpr_2025_10_p082_c000"": [], ""rbi_mpr_2025_10_p084_c000"": [], ""rbi_mpr_2025_10_p086_c000"": [], ""rbi_mpr_2025_10_p087_c000"": [], ""rbi_mpr_2025_10_p087_c003"": [], ""rbi_mpr_2025_10_p090_c000"": [], ""rbi_mpr_2025_10_p095_c003"": [], ""rbi_mpr_2025_10_p096_c000"": [], ""rbi_mpr_2025_10_p096_c004"": [], ""rbi_mpr_2025_10_p097_c003"": [], ""rbi_mpr_2025_10_p097_c004"": [], ""rbi_mpr_2025_10_p098_c000"": [], ""rbi_mpr_2025_10_p098_c002"": [], ""rbi_mpr_2025_10_p099_c000"": [], ""rbi_mpr_2025_10_p099_c001"": [], ""rbi_mpr_2025_10_p099_c002"": [], ""rbi_mpr_2025_10_p102_c000"": [], ""rbi_mpr_2025_10_p103_c001"": [], ""rbi_mpr_2025_10_p105_c003"": [], ""rbi_mpr_2025_10_p107_c000"": [], ""rbi_mpr_2026_04_p005_c001"": [], ""rbi_mpr_2026_04_p005_c003"": [], ""rbi_mpr_2026_04_p007_c001"": [], ""rbi_mpr_2026_04_p013_c004"": [], ""rbi_mpr_2026_04_p014_c000"": [], ""rbi_mpr_2026_04_p020_c000"": [], ""rbi_mpr_2026_04_p020_c002"": [], ""rbi_mpr_2026_04_p021_c001"": [], ""rbi_mpr_2026_04_p021_c002"": [], ""rbi_mpr_2026_04_p023_c000"": [], ""rbi_mpr_2026_04_p024_c000"": [], ""rbi_mpr_2026_04_p025_c001"": [], ""rbi_mpr_2026_04_p026_c004"": [], ""rbi_mpr_2026_04_p028_c002"": [], ""rbi_mpr_2026_04_p028_c003"": [], ""rbi_mpr_2026_04_p030_c002"": [], ""rbi_mpr_2026_04_p031_c000"": [], ""rbi_mpr_2026_04_p044_c002"": [], ""rbi_mpr_2026_04_p046_c000"": [], ""rbi_mpr_2026_04_p049_c003"": [], ""rbi_mpr_2026_04_p051_c000"": [], ""rbi_mpr_2026_04_p055_c003"": [], ""rbi_mpr_2026_04_p056_c000"": [], ""rbi_mpr_2026_04_p057_c000"": [], ""rbi_mpr_2026_04_p057_c001"": [], ""rbi_mpr_2026_04_p057_c004"": [], ""rbi_mpr_2026_04_p059_c000"": [], ""rbi_mpr_2026_04_p060_c000"": [], ""rbi_mpr_2026_04_p062_c000"": [], ""rbi_mpr_2026_04_p062_c001"": [], ""rbi_mpr_2026_04_p062_c002"": [], ""rbi_mpr_2026_04_p063_c000"": [], ""rbi_mpr_2026_04_p063_c001"": [], ""rbi_mpr_2026_04_p063_c002"": [], ""rbi_mpr_2026_04_p063_c003"": [], ""rbi_mpr_2026_04_p064_c001"": [], ""rbi_mpr_2026_04_p064_c002"": [], ""rbi_mpr_2026_04_p065_c000"": [], ""rbi_mpr_2026_04_p066_c003"": [], ""rbi_mpr_2026_04_p069_c000"": [], ""rbi_mpr_2026_04_p069_c003"": [], ""rbi_mpr_2026_04_p069_c004"": [], ""rbi_mpr_2026_04_p070_c004"": [], ""rbi_mpr_2026_04_p077_c002"": [], ""rbi_mpr_2026_04_p079_c000"": [], ""rbi_mpr_2026_04_p079_c001"": [], ""rbi_mpr_2026_04_p080_c000"": [], ""rbi_mpr_2026_04_p081_c005"": [], ""rbi_mpr_2026_04_p082_c000"": [], ""rbi_mpr_2026_04_p082_c002"": [], ""rbi_mpr_2026_04_p084_c000"": [], ""rbi_mpr_2026_04_p085_c000"": [], ""rbi_mpr_2026_04_p085_c003"": [], ""rbi_mpr_2026_04_p085_c004"": [], ""rbi_mpr_2026_04_p086_c000"": [], ""rbi_mpr_2026_04_p087_c000"": [], ""rbi_mpr_2026_04_p090_c000"": [], ""rbi_mpr_2026_04_p092_c000"": [], ""rbi_mpr_2026_04_p092_c002"": [], ""rbi_mpr_2026_04_p094_c004"": [], ""rbi_mpr_2026_04_p095_c002"": [], ""rbi_mpr_2026_04_p095_c003"": [], ""rbi_mpr_2026_04_p095_c004"": [], ""rbi_mpr_2026_04_p098_c002"": [], ""rbi_mpr_2026_04_p099_c002"": [], ""rbi_mpr_2026_04_p100_c000"": [], ""rbi_mpr_2026_04_p100_c001"": [], ""rbi_mpr_2026_04_p101_c000"": [], ""rbi_mpr_2026_04_p101_c001"": [], ""rbi_mpr_2026_04_p102_c000"": [], ""rbi_mpr_2026_04_p102_c002"": [], ""rbi_mpr_2026_04_p102_c004"": [], ""rbi_mpr_2026_04_p103_c001"": [], ""rbi_mpr_2026_04_p103_c003"": [], ""rbi_mpr_2026_04_p105_c003"": [], ""rbi_mpr_2026_04_p105_c004"": [], ""rbi_mpr_2026_04_p106_c000"": [], ""rbi_mpr_2026_04_p106_c001"": [], ""rbi_mpr_2026_04_p107_c000"": [], ""rbi_mpr_2026_04_p107_c002"": [], ""rbi_mpr_2026_04_p107_c003"": [], ""rbi_mpr_2026_04_p107_c004"": [], ""rbi_mpr_2026_04_p108_c002"": [], ""rbi_mpr_2026_04_p109_c004"": [], ""rbi_mpr_2026_04_p110_c000"": [], ""rbi_mpr_2026_04_p110_c001"": [], ""rbi_mpr_2026_04_p111_c000"": [], ""rbi_mpr_2026_04_p113_c003"": [], ""rbi_mpr_2026_04_p113_c004"": [], ""rbi_mpr_2026_04_p115_c003"": []}, ""candidate_source_facet"": {""rbi_mpr_2025_10_p009_c001"": [], ""rbi_mpr_2025_10_p009_c002"": [], ""rbi_mpr_2025_10_p009_c003"": [], ""rbi_mpr_2025_10_p009_c005"": [], ""rbi_mpr_2025_10_p010_c000"": [], ""rbi_mpr_2025_10_p010_c001"": [], ""rbi_mpr_2025_10_p010_c002"": [], ""rbi_mpr_2025_10_p010_c005"": [], ""rbi_mpr_2025_10_p011_c000"": [], ""rbi_mpr_2025_10_p011_c002"": [], ""rbi_mpr_2025_10_p012_c001"": [], ""rbi_mpr_2025_10_p013_c000"": [], ""rbi_mpr_2025_10_p013_c002"": [], ""rbi_mpr_2025_10_p013_c003"": [], ""rbi_mpr_2025_10_p013_c004"": [], ""rbi_mpr_2025_10_p014_c000"": [], ""rbi_mpr_2025_10_p014_c001"": [], ""rbi_mpr_2025_10_p014_c002"": [], ""rbi_mpr_2025_10_p014_c003"": [], ""rbi_mpr_2025_10_p015_c003"": [], ""rbi_mpr_2025_10_p016_c000"": [], ""rbi_mpr_2025_10_p016_c001"": [], ""rbi_mpr_2025_10_p017_c004"": [], ""rbi_mpr_2025_10_p019_c001"": [], ""rbi_mpr_2025_10_p019_c002"": [], ""rbi_mpr_2025_10_p024_c000"": [], ""rbi_mpr_2025_10_p024_c001"": [], ""rbi_mpr_2025_10_p025_c000"": [], ""rbi_mpr_2025_10_p030_c000"": [], ""rbi_mpr_2025_10_p032_c000"": [], ""rbi_mpr_2025_10_p033_c002"": [], ""rbi_mpr_2025_10_p034_c000"": [], ""rbi_mpr_2025_10_p036_c003"": [], ""rbi_mpr_2025_10_p037_c003"": [], ""rbi_mpr_2025_10_p038_c000"": [], ""rbi_mpr_2025_10_p040_c000"": [], ""rbi_mpr_2025_10_p041_c003"": [], ""rbi_mpr_2025_10_p042_c000"": [], ""rbi_mpr_2025_10_p042_c003"": [], ""rbi_mpr_2025_10_p043_c001"": [], ""rbi_mpr_2025_10_p043_c003"": [], ""rbi_mpr_2025_10_p046_c000"": [], ""rbi_mpr_2025_10_p047_c000"": [], ""rbi_mpr_2025_10_p049_c000"": [], ""rbi_mpr_2025_10_p049_c001"": [], ""rbi_mpr_2025_10_p049_c003"": [], ""rbi_mpr_2025_10_p050_c000"": [], ""rbi_mpr_2025_10_p050_c002"": [], ""rbi_mpr_2025_10_p052_c000"": [], ""rbi_mpr_2025_10_p052_c001"": [], ""rbi_mpr_2025_10_p052_c004"": [], ""rbi_mpr_2025_10_p054_c003"": [], ""rbi_mpr_2025_10_p055_c000"": [], ""rbi_mpr_2025_10_p060_c000"": [], ""rbi_mpr_2025_10_p062_c000"": [], ""rbi_mpr_2025_10_p063_c000"": [], ""rbi_mpr_2025_10_p064_c000"": [], ""rbi_mpr_2025_10_p064_c005"": [], ""rbi_mpr_2025_10_p066_c000"": [], ""rbi_mpr_2025_10_p068_c000"": [], ""rbi_mpr_2025_10_p068_c002"": [], ""rbi_mpr_2025_10_p068_c004"": [], ""rbi_mpr_2025_10_p071_c001"": [], ""rbi_mpr_2025_10_p071_c002"": [], ""rbi_mpr_2025_10_p072_c000"": [], ""rbi_mpr_2025_10_p074_c000"": [], ""rbi_mpr_2025_10_p076_c000"": [], ""rbi_mpr_2025_10_p078_c000"": [], ""rbi_mpr_2025_10_p079_c000"": [], ""rbi_mpr_2025_10_p080_c001"": [], ""rbi_mpr_2025_10_p082_c000"": [], ""rbi_mpr_2025_10_p084_c000"": [], ""rbi_mpr_2025_10_p086_c000"": [], ""rbi_mpr_2025_10_p087_c000"": [], ""rbi_mpr_2025_10_p087_c003"": [], ""rbi_mpr_2025_10_p090_c000"": [], ""rbi_mpr_2025_10_p095_c003"": [], ""rbi_mpr_2025_10_p096_c000"": [], ""rbi_mpr_2025_10_p096_c004"": [], ""rbi_mpr_2025_10_p097_c003"": [], ""rbi_mpr_2025_10_p097_c004"": [], ""rbi_mpr_2025_10_p098_c000"": [], ""rbi_mpr_2025_10_p098_c002"": [], ""rbi_mpr_2025_10_p099_c000"": [], ""rbi_mpr_2025_10_p099_c001"": [], ""rbi_mpr_2025_10_p099_c002"": [], ""rbi_mpr_2025_10_p102_c000"": [], ""rbi_mpr_2025_10_p103_c001"": [], ""rbi_mpr_2025_10_p105_c003"": [], ""rbi_mpr_2025_10_p107_c000"": [], ""rbi_mpr_2026_04_p005_c001"": [], ""rbi_mpr_2026_04_p005_c003"": [], ""rbi_mpr_2026_04_p007_c001"": [], ""rbi_mpr_2026_04_p013_c004"": [], ""rbi_mpr_2026_04_p014_c000"": [], ""rbi_mpr_2026_04_p020_c000"": [], ""rbi_mpr_2026_04_p020_c002"": [], ""rbi_mpr_2026_04_p021_c001"": [], ""rbi_mpr_2026_04_p021_c002"": [], ""rbi_mpr_2026_04_p023_c000"": [], ""rbi_mpr_2026_04_p024_c000"": [], ""rbi_mpr_2026_04_p025_c001"": [], ""rbi_mpr_2026_04_p026_c004"": [], ""rbi_mpr_2026_04_p028_c002"": [], ""rbi_mpr_2026_04_p028_c003"": [], ""rbi_mpr_2026_04_p030_c002"": [], ""rbi_mpr_2026_04_p031_c000"": [], ""rbi_mpr_2026_04_p044_c002"": [], ""rbi_mpr_2026_04_p046_c000"": [], ""rbi_mpr_2026_04_p049_c003"": [], ""rbi_mpr_2026_04_p051_c000"": [], ""rbi_mpr_2026_04_p055_c003"": [], ""rbi_mpr_2026_04_p056_c000"": [], ""rbi_mpr_2026_04_p057_c000"": [], ""rbi_mpr_2026_04_p057_c001"": [], ""rbi_mpr_2026_04_p057_c004"": [], ""rbi_mpr_2026_04_p059_c000"": [], ""rbi_mpr_2026_04_p060_c000"": [], ""rbi_mpr_2026_04_p062_c000"": [], ""rbi_mpr_2026_04_p062_c001"": [], ""rbi_mpr_2026_04_p062_c002"": [], ""rbi_mpr_2026_04_p063_c000"": [], ""rbi_mpr_2026_04_p063_c001"": [], ""rbi_mpr_2026_04_p063_c002"": [], ""rbi_mpr_2026_04_p063_c003"": [], ""rbi_mpr_2026_04_p064_c001"": [], ""rbi_mpr_2026_04_p064_c002"": [], ""rbi_mpr_2026_04_p065_c000"": [], ""rbi_mpr_2026_04_p066_c003"": [], ""rbi_mpr_2026_04_p069_c000"": [], ""rbi_mpr_2026_04_p069_c003"": [], ""rbi_mpr_2026_04_p069_c004"": [], ""rbi_mpr_2026_04_p070_c004"": [], ""rbi_mpr_2026_04_p077_c002"": [], ""rbi_mpr_2026_04_p079_c000"": [], ""rbi_mpr_2026_04_p079_c001"": [], ""rbi_mpr_2026_04_p080_c000"": [], ""rbi_mpr_2026_04_p081_c005"": [], ""rbi_mpr_2026_04_p082_c000"": [], ""rbi_mpr_2026_04_p082_c002"": [], ""rbi_mpr_2026_04_p084_c000"": [], ""rbi_mpr_2026_04_p085_c000"": [], ""rbi_mpr_2026_04_p085_c003"": [], ""rbi_mpr_2026_04_p085_c004"": [], ""rbi_mpr_2026_04_p086_c000"": [], ""rbi_mpr_2026_04_p087_c000"": [], ""rbi_mpr_2026_04_p090_c000"": [], ""rbi_mpr_2026_04_p092_c000"": [], ""rbi_mpr_2026_04_p092_c002"": [], ""rbi_mpr_2026_04_p094_c004"": [], ""rbi_mpr_2026_04_p095_c002"": [], ""rbi_mpr_2026_04_p095_c003"": [], ""rbi_mpr_2026_04_p095_c004"": [], ""rbi_mpr_2026_04_p098_c002"": [], ""rbi_mpr_2026_04_p099_c002"": [], ""rbi_mpr_2026_04_p100_c000"": [], ""rbi_mpr_2026_04_p100_c001"": [], ""rbi_mpr_2026_04_p101_c000"": [], ""rbi_mpr_2026_04_p101_c001"": [], ""rbi_mpr_2026_04_p102_c000"": [], ""rbi_mpr_2026_04_p102_c002"": [], ""rbi_mpr_2026_04_p102_c004"": [], ""rbi_mpr_2026_04_p103_c001"": [], ""rbi_mpr_2026_04_p103_c003"": [], ""rbi_mpr_2026_04_p105_c003"": [], ""rbi_mpr_2026_04_p105_c004"": [], ""rbi_mpr_2026_04_p106_c000"": [], ""rbi_mpr_2026_04_p106_c001"": [], ""rbi_mpr_2026_04_p107_c000"": [], ""rbi_mpr_2026_04_p107_c002"": [], ""rbi_mpr_2026_04_p107_c003"": [], ""rbi_mpr_2026_04_p107_c004"": [], ""rbi_mpr_2026_04_p108_c002"": [], ""rbi_mpr_2026_04_p109_c004"": [], ""rbi_mpr_2026_04_p110_c000"": [], ""rbi_mpr_2026_04_p110_c001"": [], ""rbi_mpr_2026_04_p111_c000"": [], ""rbi_mpr_2026_04_p113_c003"": [], ""rbi_mpr_2026_04_p113_c004"": [], ""rbi_mpr_2026_04_p115_c003"": []}, ""candidate_source_query"": {""rbi_mpr_2025_10_p009_c001"": [""Compare the Centre's borrowing figures in October 2025 and April 2026.""], ""rbi_mpr_2025_10_p009_c002"": [""Compare the Centre's borrowing figures in October 2025 and April 2026.""], ""rbi_mpr_2025_10_p009_c003"": [""Compare the Centre's borrowing figures in October 2025 and April 2026.""], ""rbi_mpr_2025_10_p009_c005"": [""Compare the Centre's borrowing figures in October 2025 and April 2026.""], ""rbi_mpr_2025_10_p010_c000"": [""Compare the Centre's borrowing figures in October 2025 and April 2026.""], ""rbi_mpr_2025_10_p010_c001"": [""Compare the Centre's borrowing figures in October 2025 and April 2026.""], ""rbi_mpr_2025_10_p010_c002"": [""Compare the Centre's borrowing figures in October 2025 and April 2026.""], ""rbi_mpr_2025_10_p010_c005"": [""Compare the Centre's borrowing figures in October 2025 and April 2026.""], ""rbi_mpr_2025_10_p011_c000"": [""Compare the Centre's borrowing figures in October 2025 and April 2026.""], ""rbi_mpr_2025_10_p011_c002"": [""Compare the Centre's borrowing figures in October 2025 and April 2026.""], ""rbi_mpr_2025_10_p012_c001"": [""Compare the Centre's borrowing figures in October 2025 and April 2026.""], ""rbi_mpr_2025_10_p013_c000"": [""Compare the Centre's borrowing figures in October 2025 and April 2026.""], ""rbi_mpr_2025_10_p013_c002"": [""Compare the Centre's borrowing figures in October 2025 and April 2026.""], ""rbi_mpr_2025_10_p013_c003"": [""Compare the Centre's borrowing figures in October 2025 and April 2026.""], ""rbi_mpr_2025_10_p013_c004"": [""Compare the Centre's borrowing figures in October 2025 and April 2026.""], ""rbi_mpr_2025_10_p014_c000"": [""Compare the Centre's borrowing figures in October 2025 and April 2026.""], ""rbi_mpr_2025_10_p014_c001"": [""Compare the Centre's borrowing figures in October 2025 and April 2026.""], ""rbi_mpr_2025_10_p014_c002"": [""Compare the Centre's borrowing figures in October 2025 and April 2026.""], ""rbi_mpr_2025_10_p014_c003"": [""Compare the Centre's borrowing figures in October 2025 and April 2026.""], ""rbi_mpr_2025_10_p015_c003"": [""Compare the Centre's borrowing figures in October 2025 and April 2026.""], ""rbi_mpr_2025_10_p016_c000"": [""Compare the Centre's borrowing figures in October 2025 and April 2026.""], ""rbi_mpr_2025_10_p016_c001"": [""Compare the Centre's borrowing figures in October 2025 and April 2026.""], ""rbi_mpr_2025_10_p017_c004"": [""Compare the Centre's borrowing figures in October 2025 and April 2026.""], ""rbi_mpr_2025_10_p019_c001"": [""Compare the Centre's borrowing figures in October 2025 and April 2026.""], ""rbi_mpr_2025_10_p019_c002"": [""Compare the Centre's borrowing figures in October 2025 and April 2026.""], ""rbi_mpr_2025_10_p024_c000"": [""Compare the Centre's borrowing figures in October 2025 and April 2026.""], ""rbi_mpr_2025_10_p024_c001"": [""Compare the Centre's borrowing figures in October 2025 and April 2026.""], ""rbi_mpr_2025_10_p025_c000"": [""Compare the Centre's borrowing figures in October 2025 and April 2026.""], ""rbi_mpr_2025_10_p030_c000"": [""Compare the Centre's borrowing figures in October 2025 and April 2026.""], ""rbi_mpr_2025_10_p032_c000"": [""Compare the Centre's borrowing figures in October 2025 and April 2026.""], ""rbi_mpr_2025_10_p033_c002"": [""Compare the Centre's borrowing figures in October 2025 and April 2026.""], ""rbi_mpr_2025_10_p034_c000"": [""Compare the Centre's borrowing figures in October 2025 and April 2026.""], ""rbi_mpr_2025_10_p036_c003"": [""Compare the Centre's borrowing figures in October 2025 and April 2026.""], ""rbi_mpr_2025_10_p037_c003"": [""Compare the Centre's borrowing figures in October 2025 and April 2026.""], ""rbi_mpr_2025_10_p038_c000"": [""Compare the Centre's borrowing figures in October 2025 and April 2026.""], ""rbi_mpr_2025_10_p040_c000"": [""Compare the Centre's borrowing figures in October 2025 and April 2026.""], ""rbi_mpr_2025_10_p041_c003"": [""Compare the Centre's borrowing figures in October 2025 and April 2026.""], ""rbi_mpr_2025_10_p042_c000"": [""Compare the Centre's borrowing figures in October 2025 and April 2026.""], ""rbi_mpr_2025_10_p042_c003"": [""Compare the Centre's borrowing figures in October 2025 and April 2026.""], ""rbi_mpr_2025_10_p043_c001"": [""Compare the Centre's borrowing figures in October 2025 and April 2026.""], ""rbi_mpr_2025_10_p043_c003"": [""Compare the Centre's borrowing figures in October 2025 and April 2026.""], ""rbi_mpr_2025_10_p046_c000"": [""Compare the Centre's borrowing figures in October 2025 and April 2026.""], ""rbi_mpr_2025_10_p047_c000"": [""Compare the Centre's borrowing figures in October 2025 and April 2026.""], ""rbi_mpr_2025_10_p049_c000"": [""Compare the Centre's borrowing figures in October 2025 and April 2026.""], ""rbi_mpr_2025_10_p049_c001"": [""Compare the Centre's borrowing figures in October 2025 and April 2026.""], ""rbi_mpr_2025_10_p049_c003"": [""Compare the Centre's borrowing figures in October 2025 and April 2026.""], ""rbi_mpr_2025_10_p050_c000"": [""Compare the Centre's borrowing figures in October 2025 and April 2026.""], ""rbi_mpr_2025_10_p050_c002"": [""Compare the Centre's borrowing figures in October 2025 and April 2026.""], ""rbi_mpr_2025_10_p052_c000"": [""Compare the Centre's borrowing figures in October 2025 and April 2026.""], ""rbi_mpr_2025_10_p052_c001"": [""Compare the Centre's borrowing figures in October 2025 and April 2026.""], ""rbi_mpr_2025_10_p052_c004"": [""Compare the Centre's borrowing figures in October 2025 and April 2026.""], ""rbi_mpr_2025_10_p054_c003"": [""Compare the Centre's borrowing figures in October 2025 and April 2026.""], ""rbi_mpr_2025_10_p055_c000"": [""Compare the Centre's borrowing figures in October 2025 and April 2026.""], ""rbi_mpr_2025_10_p060_c000"": [""Compare the Centre's borrowing figures in October 2025 and April 2026.""], ""rbi_mpr_2025_10_p062_c000"": [""Compare the Centre's borrowing figures in October 2025 and April 2026.""], ""rbi_mpr_2025_10_p063_c000"": [""Compare the Centre's borrowing figures in October 2025 and April 2026.""], ""rbi_mpr_2025_10_p064_c000"": [""Compare the Centre's borrowing figures in October 2025 and April 2026.""], ""rbi_mpr_2025_10_p064_c005"": [""Compare the Centre's borrowing figures in October 2025 and April 2026.""], ""rbi_mpr_2025_10_p066_c000"": [""Compare the Centre's borrowing figures in October 2025 and April 2026.""], ""rbi_mpr_2025_10_p068_c000"": [""Compare the Centre's borrowing figures in October 2025 and April 2026.""], ""rbi_mpr_2025_10_p068_c002"": [""Compare the Centre's borrowing figures in October 2025 and April 2026.""], ""rbi_mpr_2025_10_p068_c004"": [""Compare the Centre's borrowing figures in October 2025 and April 2026.""], ""rbi_mpr_2025_10_p071_c001"": [""Compare the Centre's borrowing figures in October 2025 and April 2026.""], ""rbi_mpr_2025_10_p071_c002"": [""Compare the Centre's borrowing figures in October 2025 and April 2026.""], ""rbi_mpr_2025_10_p072_c000"": [""Compare the Centre's borrowing figures in October 2025 and April 2026.""], ""rbi_mpr_2025_10_p074_c000"": [""Compare the Centre's borrowing figures in October 2025 and April 2026.""], ""rbi_mpr_2025_10_p076_c000"": [""Compare the Centre's borrowing figures in October 2025 and April 2026.""], ""rbi_mpr_2025_10_p078_c000"": [""Compare the Centre's borrowing figures in October 2025 and April 2026.""], ""rbi_mpr_2025_10_p079_c000"": [""Compare the Centre's borrowing figures in October 2025 and April 2026.""], ""rbi_mpr_2025_10_p080_c001"": [""Compare the Centre's borrowing figures in October 2025 and April 2026.""], ""rbi_mpr_2025_10_p082_c000"": [""Compare the Centre's borrowing figures in October 2025 and April 2026.""], ""rbi_mpr_2025_10_p084_c000"": [""Compare the Centre's borrowing figures in October 2025 and April 2026.""], ""rbi_mpr_2025_10_p086_c000"": [""Compare the Centre's borrowing figures in October 2025 and April 2026.""], ""rbi_mpr_2025_10_p087_c000"": [""Compare the Centre's borrowing figures in October 2025 and April 2026.""], ""rbi_mpr_2025_10_p087_c003"": [""Compare the Centre's borrowing figures in October 2025 and April 2026.""], ""rbi_mpr_2025_10_p090_c000"": [""Compare the Centre's borrowing figures in October 2025 and April 2026.""], ""rbi_mpr_2025_10_p095_c003"": [""Compare the Centre's borrowing figures in October 2025 and April 2026.""], ""rbi_mpr_2025_10_p096_c000"": [""Compare the Centre's borrowing figures in October 2025 and April 2026.""], ""rbi_mpr_2025_10_p096_c004"": [""Compare the Centre's borrowing figures in October 2025 and April 2026.""], ""rbi_mpr_2025_10_p097_c003"": [""Compare the Centre's borrowing figures in October 2025 and April 2026.""], ""rbi_mpr_2025_10_p097_c004"": [""Compare the Centre's borrowing figures in October 2025 and April 2026.""], ""rbi_mpr_2025_10_p098_c000"": [""Compare the Centre's borrowing figures in October 2025 and April 2026.""], ""rbi_mpr_2025_10_p098_c002"": [""Compare the Centre's borrowing figures in October 2025 and April 2026.""], ""rbi_mpr_2025_10_p099_c000"": [""Compare the Centre's borrowing figures in October 2025 and April 2026.""], ""rbi_mpr_2025_10_p099_c001"": [""Compare the Centre's borrowing figures in October 2025 and April 2026.""], ""rbi_mpr_2025_10_p099_c002"": [""Compare the Centre's borrowing figures in October 2025 and April 2026.""], ""rbi_mpr_2025_10_p102_c000"": [""Compare the Centre's borrowing figures in October 2025 and April 2026.""], ""rbi_mpr_2025_10_p103_c001"": [""Compare the Centre's borrowing figures in October 2025 and April 2026.""], ""rbi_mpr_2025_10_p105_c003"": [""Compare the Centre's borrowing figures in October 2025 and April 2026.""], ""rbi_mpr_2025_10_p107_c000"": [""Compare the Centre's borrowing figures in October 2025 and April 2026.""], ""rbi_mpr_2026_04_p005_c001"": [""Compare the Centre's borrowing figures in October 2025 and April 2026.""], ""rbi_mpr_2026_04_p005_c003"": [""Compare the Centre's borrowing figures in October 2025 and April 2026.""], ""rbi_mpr_2026_04_p007_c001"": [""Compare the Centre's borrowing figures in October 2025 and April 2026.""], ""rbi_mpr_2026_04_p013_c004"": [""Compare the Centre's borrowing figures in October 2025 and April 2026.""], ""rbi_mpr_2026_04_p014_c000"": [""Compare the Centre's borrowing figures in October 2025 and April 2026.""], ""rbi_mpr_2026_04_p020_c000"": [""Compare the Centre's borrowing figures in October 2025 and April 2026.""], ""rbi_mpr_2026_04_p020_c002"": [""Compare the Centre's borrowing figures in October 2025 and April 2026.""], ""rbi_mpr_2026_04_p021_c001"": [""Compare the Centre's borrowing figures in October 2025 and April 2026.""], ""rbi_mpr_2026_04_p021_c002"": [""Compare the Centre's borrowing figures in October 2025 and April 2026.""], ""rbi_mpr_2026_04_p023_c000"": [""Compare the Centre's borrowing figures in October 2025 and April 2026.""], ""rbi_mpr_2026_04_p024_c000"": [""Compare the Centre's borrowing figures in October 2025 and April 2026.""], ""rbi_mpr_2026_04_p025_c001"": [""Compare the Centre's borrowing figures in October 2025 and April 2026.""], ""rbi_mpr_2026_04_p026_c004"": [""Compare the Centre's borrowing figures in October 2025 and April 2026.""], ""rbi_mpr_2026_04_p028_c002"": [""Compare the Centre's borrowing figures in October 2025 and April 2026.""], ""rbi_mpr_2026_04_p028_c003"": [""Compare the Centre's borrowing figures in October 2025 and April 2026.""], ""rbi_mpr_2026_04_p030_c002"": [""Compare the Centre's borrowing figures in October 2025 and April 2026.""], ""rbi_mpr_2026_04_p031_c000"": [""Compare the Centre's borrowing figures in October 2025 and April 2026.""], ""rbi_mpr_2026_04_p044_c002"": [""Compare the Centre's borrowing figures in October 2025 and April 2026.""], ""rbi_mpr_2026_04_p046_c000"": [""Compare the Centre's borrowing figures in October 2025 and April 2026.""], ""rbi_mpr_2026_04_p049_c003"": [""Compare the Centre's borrowing figures in October 2025 and April 2026.""], ""rbi_mpr_2026_04_p051_c000"": [""Compare the Centre's borrowing figures in October 2025 and April 2026.""], ""rbi_mpr_2026_04_p055_c003"": [""Compare the Centre's borrowing figures in October 2025 and April 2026.""], ""rbi_mpr_2026_04_p056_c000"": [""Compare the Centre's borrowing figures in October 2025 and April 2026.""], ""rbi_mpr_2026_04_p057_c000"": [""Compare the Centre's borrowing figures in October 2025 and April 2026.""], ""rbi_mpr_2026_04_p057_c001"": [""Compare the Centre's borrowing figures in October 2025 and April 2026.""], ""rbi_mpr_2026_04_p057_c004"": [""Compare the Centre's borrowing figures in October 2025 and April 2026.""], ""rbi_mpr_2026_04_p059_c000"": [""Compare the Centre's borrowing figures in October 2025 and April 2026.""], ""rbi_mpr_2026_04_p060_c000"": [""Compare the Centre's borrowing figures in October 2025 and April 2026.""], ""rbi_mpr_2026_04_p062_c000"": [""Compare the Centre's borrowing figures in October 2025 and April 2026.""], ""rbi_mpr_2026_04_p062_c001"": [""Compare the Centre's borrowing figures in October 2025 and April 2026.""], ""rbi_mpr_2026_04_p062_c002"": [""Compare the Centre's borrowing figures in October 2025 and April 2026.""], ""rbi_mpr_2026_04_p063_c000"": [""Compare the Centre's borrowing figures in October 2025 and April 2026.""], ""rbi_mpr_2026_04_p063_c001"": [""Compare the Centre's borrowing figures in October 2025 and April 2026.""], ""rbi_mpr_2026_04_p063_c002"": [""Compare the Centre's borrowing figures in October 2025 and April 2026.""], ""rbi_mpr_2026_04_p063_c003"": [""Compare the Centre's borrowing figures in October 2025 and April 2026.""], ""rbi_mpr_2026_04_p064_c001"": [""Compare the Centre's borrowing figures in October 2025 and April 2026.""], ""rbi_mpr_2026_04_p064_c002"": [""Compare the Centre's borrowing figures in October 2025 and April 2026.""], ""rbi_mpr_2026_04_p065_c000"": [""Compare the Centre's borrowing figures in October 2025 and April 2026.""], ""rbi_mpr_2026_04_p066_c003"": [""Compare the Centre's borrowing figures in October 2025 and April 2026.""], ""rbi_mpr_2026_04_p069_c000"": [""Compare the Centre's borrowing figures in October 2025 and April 2026.""], ""rbi_mpr_2026_04_p069_c003"": [""Compare the Centre's borrowing figures in October 2025 and April 2026.""], ""rbi_mpr_2026_04_p069_c004"": [""Compare the Centre's borrowing figures in October 2025 and April 2026.""], ""rbi_mpr_2026_04_p070_c004"": [""Compare the Centre's borrowing figures in October 2025 and April 2026.""], ""rbi_mpr_2026_04_p077_c002"": [""Compare the Centre's borrowing figures in October 2025 and April 2026.""], ""rbi_mpr_2026_04_p079_c000"": [""Compare the Centre's borrowing figures in October 2025 and April 2026.""], ""rbi_mpr_2026_04_p079_c001"": [""Compare the Centre's borrowing figures in October 2025 and April 2026.""], ""rbi_mpr_2026_04_p080_c000"": [""Compare the Centre's borrowing figures in October 2025 and April 2026.""], ""rbi_mpr_2026_04_p081_c005"": [""Compare the Centre's borrowing figures in October 2025 and April 2026.""], ""rbi_mpr_2026_04_p082_c000"": [""Compare the Centre's borrowing figures in October 2025 and April 2026.""], ""rbi_mpr_2026_04_p082_c002"": [""Compare the Centre's borrowing figures in October 2025 and April 2026.""], ""rbi_mpr_2026_04_p084_c000"": [""Compare the Centre's borrowing figures in October 2025 and April 2026.""], ""rbi_mpr_2026_04_p085_c000"": [""Compare the Centre's borrowing figures in October 2025 and April 2026.""], ""rbi_mpr_2026_04_p085_c003"": [""Compare the Centre's borrowing figures in October 2025 and April 2026.""], ""rbi_mpr_2026_04_p085_c004"": [""Compare the Centre's borrowing figures in October 2025 and April 2026.""], ""rbi_mpr_2026_04_p086_c000"": [""Compare the Centre's borrowing figures in October 2025 and April 2026.""], ""rbi_mpr_2026_04_p087_c000"": [""Compare the Centre's borrowing figures in October 2025 and April 2026.""], ""rbi_mpr_2026_04_p090_c000"": [""Compare the Centre's borrowing figures in October 2025 and April 2026.""], ""rbi_mpr_2026_04_p092_c000"": [""Compare the Centre's borrowing figures in October 2025 and April 2026.""], ""rbi_mpr_2026_04_p092_c002"": [""Compare the Centre's borrowing figures in October 2025 and April 2026.""], ""rbi_mpr_2026_04_p094_c004"": [""Compare the Centre's borrowing figures in October 2025 and April 2026.""], ""rbi_mpr_2026_04_p095_c002"": [""Compare the Centre's borrowing figures in October 2025 and April 2026.""], ""rbi_mpr_2026_04_p095_c003"": [""Compare the Centre's borrowing figures in October 2025 and April 2026.""], ""rbi_mpr_2026_04_p095_c004"": [""Compare the Centre's borrowing figures in October 2025 and April 2026.""], ""rbi_mpr_2026_04_p098_c002"": [""Compare the Centre's borrowing figures in October 2025 and April 2026.""], ""rbi_mpr_2026_04_p099_c002"": [""Compare the Centre's borrowing figures in October 2025 and April 2026.""], ""rbi_mpr_2026_04_p100_c000"": [""Compare the Centre's borrowing figures in October 2025 and April 2026.""], ""rbi_mpr_2026_04_p100_c001"": [""Compare the Centre's borrowing figures in October 2025 and April 2026.""], ""rbi_mpr_2026_04_p101_c000"": [""Compare the Centre's borrowing figures in October 2025 and April 2026.""], ""rbi_mpr_2026_04_p101_c001"": [""Compare the Centre's borrowing figures in October 2025 and April 2026.""], ""rbi_mpr_2026_04_p102_c000"": [""Compare the Centre's borrowing figures in October 2025 and April 2026.""], ""rbi_mpr_2026_04_p102_c002"": [""Compare the Centre's borrowing figures in October 2025 and April 2026.""], ""rbi_mpr_2026_04_p102_c004"": [""Compare the Centre's borrowing figures in October 2025 and April 2026.""], ""rbi_mpr_2026_04_p103_c001"": [""Compare the Centre's borrowing figures in October 2025 and April 2026.""], ""rbi_mpr_2026_04_p103_c003"": [""Compare the Centre's borrowing figures in October 2025 and April 2026.""], ""rbi_mpr_2026_04_p105_c003"": [""Compare the Centre's borrowing figures in October 2025 and April 2026.""], ""rbi_mpr_2026_04_p105_c004"": [""Compare the Centre's borrowing figures in October 2025 and April 2026.""], ""rbi_mpr_2026_04_p106_c000"": [""Compare the Centre's borrowing figures in October 2025 and April 2026.""], ""rbi_mpr_2026_04_p106_c001"": [""Compare the Centre's borrowing figures in October 2025 and April 2026.""], ""rbi_mpr_2026_04_p107_c000"": [""Compare the Centre's borrowing figures in October 2025 and April 2026.""], ""rbi_mpr_2026_04_p107_c002"": [""Compare the Centre's borrowing figures in October 2025 and April 2026.""], ""rbi_mpr_2026_04_p107_c003"": [""Compare the Centre's borrowing figures in October 2025 and April 2026.""], ""rbi_mpr_2026_04_p107_c004"": [""Compare the Centre's borrowing figures in October 2025 and April 2026.""], ""rbi_mpr_2026_04_p108_c002"": [""Compare the Centre's borrowing figures in October 2025 and April 2026.""], ""rbi_mpr_2026_04_p109_c004"": [""Compare the Centre's borrowing figures in October 2025 and April 2026.""], ""rbi_mpr_2026_04_p110_c000"": [""Compare the Centre's borrowing figures in October 2025 and April 2026.""], ""rbi_mpr_2026_04_p110_c001"": [""Compare the Centre's borrowing figures in October 2025 and April 2026.""], ""rbi_mpr_2026_04_p111_c000"": [""Compare the Centre's borrowing figures in October 2025 and April 2026.""], ""rbi_mpr_2026_04_p113_c003"": [""Compare the Centre's borrowing figures in October 2025 and April 2026.""], ""rbi_mpr_2026_04_p113_c004"": [""Compare the Centre's borrowing figures in October 2025 and April 2026.""], ""rbi_mpr_2026_04_p115_c003"": [""Compare the Centre's borrowing figures in October 2025 and April 2026.""]}, ""candidate_source_retriever"": {""rbi_mpr_2025_10_p009_c001"": [""bm25"", ""dense""], ""rbi_mpr_2025_10_p009_c002"": [""bm25""], ""rbi_mpr_2025_10_p009_c003"": [""bm25""], ""rbi_mpr_2025_10_p009_c005"": [""bm25"", ""dense""], ""rbi_mpr_2025_10_p010_c000"": [""bm25"", ""dense""], ""rbi_mpr_2025_10_p010_c001"": [""bm25""], ""rbi_mpr_2025_10_p010_c002"": [""bm25"", ""dense""], ""rbi_mpr_2025_10_p010_c005"": [""bm25""], ""rbi_mpr_2025_10_p011_c000"": [""dense""], ""rbi_mpr_2025_10_p011_c002"": [""dense""], ""rbi_mpr_2025_10_p012_c001"": [""bm25""], ""rbi_mpr_2025_10_p013_c000"": [""bm25""], ""rbi_mpr_2025_10_p013_c002"": [""bm25""], ""rbi_mpr_2025_10_p013_c003"": [""bm25"", ""dense""], ""rbi_mpr_2025_10_p013_c004"": [""bm25"", ""dense""], ""rbi_mpr_2025_10_p014_c000"": [""dense""], ""rbi_mpr_2025_10_p014_c001"": [""dense""], ""rbi_mpr_2025_10_p014_c002"": [""dense""], ""rbi_mpr_2025_10_p014_c003"": [""dense""], ""rbi_mpr_2025_10_p015_c003"": [""dense""], ""rbi_mpr_2025_10_p016_c000"": [""dense""], ""rbi_mpr_2025_10_p016_c001"": [""dense""], ""rbi_mpr_2025_10_p017_c004"": [""dense""], ""rbi_mpr_2025_10_p019_c001"": [""dense""], ""rbi_mpr_2025_10_p019_c002"": [""dense""], ""rbi_mpr_2025_10_p024_c000"": [""bm25""], ""rbi_mpr_2025_10_p024_c001"": [""bm25""], ""rbi_mpr_2025_10_p025_c000"": [""bm25""], ""rbi_mpr_2025_10_p030_c000"": [""bm25""], ""rbi_mpr_2025_10_p032_c000"": [""bm25""], ""rbi_mpr_2025_10_p033_c002"": [""dense""], ""rbi_mpr_2025_10_p034_c000"": [""bm25"", ""dense""], ""rbi_mpr_2025_10_p036_c003"": [""bm25""], ""rbi_mpr_2025_10_p037_c003"": [""dense""], ""rbi_mpr_2025_10_p038_c000"": [""bm25"", ""dense""], ""rbi_mpr_2025_10_p040_c000"": [""bm25""], ""rbi_mpr_2025_10_p041_c003"": [""dense""], ""rbi_mpr_2025_10_p042_c000"": [""bm25""], ""rbi_mpr_2025_10_p042_c003"": [""dense""], ""rbi_mpr_2025_10_p043_c001"": [""dense""], ""rbi_mpr_2025_10_p043_c003"": [""dense""], ""rbi_mpr_2025_10_p046_c000"": [""dense""], ""rbi_mpr_2025_10_p047_c000"": [""dense""], ""rbi_mpr_2025_10_p049_c000"": [""dense""], ""rbi_mpr_2025_10_p049_c001"": [""dense""], ""rbi_mpr_2025_10_p049_c003"": [""dense""], ""rbi_mpr_2025_10_p050_c000"": [""dense""], ""rbi_mpr_2025_10_p050_c002"": [""dense""], ""rbi_mpr_2025_10_p052_c000"": [""dense""], ""rbi_mpr_2025_10_p052_c001"": [""dense""], ""rbi_mpr_2025_10_p052_c004"": [""dense""], ""rbi_mpr_2025_10_p054_c003"": [""dense""], ""rbi_mpr_2025_10_p055_c000"": [""bm25""], ""rbi_mpr_2025_10_p060_c000"": [""bm25""], ""rbi_mpr_2025_10_p062_c000"": [""dense""], ""rbi_mpr_2025_10_p063_c000"": [""bm25""], ""rbi_mpr_2025_10_p064_c000"": [""bm25""], ""rbi_mpr_2025_10_p064_c005"": [""bm25""], ""rbi_mpr_2025_10_p066_c000"": [""bm25""], ""rbi_mpr_2025_10_p068_c000"": [""bm25""], ""rbi_mpr_2025_10_p068_c002"": [""dense""], ""rbi_mpr_2025_10_p068_c004"": [""dense""], ""rbi_mpr_2025_10_p071_c001"": [""bm25""], ""rbi_mpr_2025_10_p071_c002"": [""dense""], ""rbi_mpr_2025_10_p072_c000"": [""bm25""], ""rbi_mpr_2025_10_p074_c000"": [""bm25""], ""rbi_mpr_2025_10_p076_c000"": [""bm25""], ""rbi_mpr_2025_10_p078_c000"": [""dense""], ""rbi_mpr_2025_10_p079_c000"": [""bm25""], ""rbi_mpr_2025_10_p080_c001"": [""bm25""], ""rbi_mpr_2025_10_p082_c000"": [""dense""], ""rbi_mpr_2025_10_p084_c000"": [""bm25""], ""rbi_mpr_2025_10_p086_c000"": [""dense""], ""rbi_mpr_2025_10_p087_c000"": [""bm25""], ""rbi_mpr_2025_10_p087_c003"": [""dense""], ""rbi_mpr_2025_10_p090_c000"": [""dense""], ""rbi_mpr_2025_10_p095_c003"": [""bm25""], ""rbi_mpr_2025_10_p096_c000"": [""bm25""], ""rbi_mpr_2025_10_p096_c004"": [""bm25"", ""dense""], ""rbi_mpr_2025_10_p097_c003"": [""bm25"", ""dense""], ""rbi_mpr_2025_10_p097_c004"": [""bm25""], ""rbi_mpr_2025_10_p098_c000"": [""dense""], ""rbi_mpr_2025_10_p098_c002"": [""dense""], ""rbi_mpr_2025_10_p099_c000"": [""bm25""], ""rbi_mpr_2025_10_p099_c001"": [""bm25""], ""rbi_mpr_2025_10_p099_c002"": [""bm25""], ""rbi_mpr_2025_10_p102_c000"": [""bm25""], ""rbi_mpr_2025_10_p103_c001"": [""bm25""], ""rbi_mpr_2025_10_p105_c003"": [""bm25""], ""rbi_mpr_2025_10_p107_c000"": [""bm25""], ""rbi_mpr_2026_04_p005_c001"": [""dense""], ""rbi_mpr_2026_04_p005_c003"": [""bm25""], ""rbi_mpr_2026_04_p007_c001"": [""bm25""], ""rbi_mpr_2026_04_p013_c004"": [""dense""], ""rbi_mpr_2026_04_p014_c000"": [""bm25""], ""rbi_mpr_2026_04_p020_c000"": [""bm25""], ""rbi_mpr_2026_04_p020_c002"": [""bm25""], ""rbi_mpr_2026_04_p021_c001"": [""dense""], ""rbi_mpr_2026_04_p021_c002"": [""bm25"", ""dense""], ""rbi_mpr_2026_04_p023_c000"": [""bm25""], ""rbi_mpr_2026_04_p024_c000"": [""bm25""], ""rbi_mpr_2026_04_p025_c001"": [""dense""], ""rbi_mpr_2026_04_p026_c004"": [""bm25""], ""rbi_mpr_2026_04_p028_c002"": [""bm25""], ""rbi_mpr_2026_04_p028_c003"": [""bm25""], ""rbi_mpr_2026_04_p030_c002"": [""bm25""], ""rbi_mpr_2026_04_p031_c000"": [""bm25""], ""rbi_mpr_2026_04_p044_c002"": [""dense""], ""rbi_mpr_2026_04_p046_c000"": [""bm25""], ""rbi_mpr_2026_04_p049_c003"": [""dense""], ""rbi_mpr_2026_04_p051_c000"": [""dense""], ""rbi_mpr_2026_04_p055_c003"": [""bm25"", ""dense""], ""rbi_mpr_2026_04_p056_c000"": [""bm25"", ""dense""], ""rbi_mpr_2026_04_p057_c000"": [""dense""], ""rbi_mpr_2026_04_p057_c001"": [""dense""], ""rbi_mpr_2026_04_p057_c004"": [""bm25""], ""rbi_mpr_2026_04_p059_c000"": [""dense""], ""rbi_mpr_2026_04_p060_c000"": [""dense""], ""rbi_mpr_2026_04_p062_c000"": [""dense""], ""rbi_mpr_2026_04_p062_c001"": [""dense""], ""rbi_mpr_2026_04_p062_c002"": [""dense""], ""rbi_mpr_2026_04_p063_c000"": [""dense""], ""rbi_mpr_2026_04_p063_c001"": [""dense""], ""rbi_mpr_2026_04_p063_c002"": [""dense""], ""rbi_mpr_2026_04_p063_c003"": [""dense""], ""rbi_mpr_2026_04_p064_c001"": [""dense""], ""rbi_mpr_2026_04_p064_c002"": [""dense""], ""rbi_mpr_2026_04_p065_c000"": [""dense""], ""rbi_mpr_2026_04_p066_c003"": [""dense""], ""rbi_mpr_2026_04_p069_c000"": [""bm25"", ""dense""], ""rbi_mpr_2026_04_p069_c003"": [""bm25""], ""rbi_mpr_2026_04_p069_c004"": [""dense""], ""rbi_mpr_2026_04_p070_c004"": [""dense""], ""rbi_mpr_2026_04_p077_c002"": [""bm25""], ""rbi_mpr_2026_04_p079_c000"": [""bm25""], ""rbi_mpr_2026_04_p079_c001"": [""bm25""], ""rbi_mpr_2026_04_p080_c000"": [""bm25"", ""dense""], ""rbi_mpr_2026_04_p081_c005"": [""bm25""], ""rbi_mpr_2026_04_p082_c000"": [""bm25""], ""rbi_mpr_2026_04_p082_c002"": [""dense""], ""rbi_mpr_2026_04_p084_c000"": [""bm25""], ""rbi_mpr_2026_04_p085_c000"": [""bm25""], ""rbi_mpr_2026_04_p085_c003"": [""bm25""], ""rbi_mpr_2026_04_p085_c004"": [""bm25""], ""rbi_mpr_2026_04_p086_c000"": [""bm25""], ""rbi_mpr_2026_04_p087_c000"": [""bm25""], ""rbi_mpr_2026_04_p090_c000"": [""bm25""], ""rbi_mpr_2026_04_p092_c000"": [""bm25""], ""rbi_mpr_2026_04_p092_c002"": [""bm25""], ""rbi_mpr_2026_04_p094_c004"": [""bm25""], ""rbi_mpr_2026_04_p095_c002"": [""bm25"", ""dense""], ""rbi_mpr_2026_04_p095_c003"": [""bm25"", ""dense""], ""rbi_mpr_2026_04_p095_c004"": [""bm25""], ""rbi_mpr_2026_04_p098_c002"": [""bm25""], ""rbi_mpr_2026_04_p099_c002"": [""bm25""], ""rbi_mpr_2026_04_p100_c000"": [""bm25""], ""rbi_mpr_2026_04_p100_c001"": [""bm25""], ""rbi_mpr_2026_04_p101_c000"": [""dense""], ""rbi_mpr_2026_04_p101_c001"": [""dense""], ""rbi_mpr_2026_04_p102_c000"": [""bm25"", ""dense""], ""rbi_mpr_2026_04_p102_c002"": [""dense""], ""rbi_mpr_2026_04_p102_c004"": [""dense""], ""rbi_mpr_2026_04_p103_c001"": [""bm25""], ""rbi_mpr_2026_04_p103_c003"": [""bm25""], ""rbi_mpr_2026_04_p105_c003"": [""bm25""], ""rbi_mpr_2026_04_p105_c004"": [""dense""], ""rbi_mpr_2026_04_p106_c000"": [""bm25""], ""rbi_mpr_2026_04_p106_c001"": [""bm25"", ""dense""], ""rbi_mpr_2026_04_p107_c000"": [""dense""], ""rbi_mpr_2026_04_p107_c002"": [""dense""], ""rbi_mpr_2026_04_p107_c003"": [""dense""], ""rbi_mpr_2026_04_p107_c004"": [""dense""], ""rbi_mpr_2026_04_p108_c002"": [""dense""], ""rbi_mpr_2026_04_p109_c004"": [""dense""], ""rbi_mpr_2026_04_p110_c000"": [""dense""], ""rbi_mpr_2026_04_p110_c001"": [""dense""], ""rbi_mpr_2026_04_p111_c000"": [""dense""], ""rbi_mpr_2026_04_p113_c003"": [""bm25""], ""rbi_mpr_2026_04_p113_c004"": [""bm25"", ""dense""], ""rbi_mpr_2026_04_p115_c003"": [""dense""]}, ""candidate_union_ids"": [""rbi_mpr_2025_10_p052_c000"", ""rbi_mpr_2025_10_p096_c004"", ""rbi_mpr_2025_10_p050_c000"", ""rbi_mpr_2025_10_p052_c004"", ""rbi_mpr_2025_10_p019_c002"", ""rbi_mpr_2025_10_p098_c002"", ""rbi_mpr_2025_10_p038_c000"", ""rbi_mpr_2025_10_p049_c000"", ""rbi_mpr_2025_10_p016_c001"", ""rbi_mpr_2025_10_p011_c002"", ""rbi_mpr_2025_10_p071_c002"", ""rbi_mpr_2025_10_p054_c003"", ""rbi_mpr_2025_10_p014_c002"", ""rbi_mpr_2025_10_p041_c003"", ""rbi_mpr_2025_10_p014_c001"", ""rbi_mpr_2025_10_p098_c000"", ""rbi_mpr_2025_10_p043_c003"", ""rbi_mpr_2025_10_p019_c001"", ""rbi_mpr_2025_10_p014_c003"", ""rbi_mpr_2025_10_p062_c000"", ""rbi_mpr_2025_10_p013_c003"", ""rbi_mpr_2025_10_p068_c002"", ""rbi_mpr_2025_10_p042_c003"", ""rbi_mpr_2025_10_p082_c000"", ""rbi_mpr_2025_10_p009_c005"", ""rbi_mpr_2025_10_p043_c001"", ""rbi_mpr_2025_10_p013_c004"", ""rbi_mpr_2025_10_p037_c003"", ""rbi_mpr_2025_10_p010_c000"", ""rbi_mpr_2025_10_p034_c000"", ""rbi_mpr_2025_10_p033_c002"", ""rbi_mpr_2025_10_p052_c001"", ""rbi_mpr_2025_10_p068_c004"", ""rbi_mpr_2025_10_p016_c000"", ""rbi_mpr_2025_10_p011_c000"", ""rbi_mpr_2025_10_p050_c002"", ""rbi_mpr_2025_10_p014_c000"", ""rbi_mpr_2025_10_p015_c003"", ""rbi_mpr_2025_10_p049_c001"", ""rbi_mpr_2025_10_p046_c000"", ""rbi_mpr_2025_10_p017_c004"", ""rbi_mpr_2025_10_p010_c002"", ""rbi_mpr_2025_10_p090_c000"", ""rbi_mpr_2025_10_p049_c003"", ""rbi_mpr_2025_10_p078_c000"", ""rbi_mpr_2025_10_p097_c003"", ""rbi_mpr_2025_10_p047_c000"", ""rbi_mpr_2025_10_p086_c000"", ""rbi_mpr_2025_10_p009_c001"", ""rbi_mpr_2025_10_p087_c003"", ""rbi_mpr_2025_10_p072_c000"", ""rbi_mpr_2025_10_p013_c002"", ""rbi_mpr_2025_10_p074_c000"", ""rbi_mpr_2025_10_p066_c000"", ""rbi_mpr_2025_10_p032_c000"", ""rbi_mpr_2025_10_p107_c000"", ""rbi_mpr_2025_10_p010_c005"", ""rbi_mpr_2025_10_p097_c004"", ""rbi_mpr_2025_10_p068_c000"", ""rbi_mpr_2025_10_p102_c000"", ""rbi_mpr_2025_10_p013_c000"", ""rbi_mpr_2025_10_p024_c000"", ""rbi_mpr_2025_10_p055_c000"", ""rbi_mpr_2025_10_p012_c001"", ""rbi_mpr_2025_10_p105_c003"", ""rbi_mpr_2025_10_p095_c003"", ""rbi_mpr_2025_10_p099_c000"", ""rbi_mpr_2025_10_p103_c001"", ""rbi_mpr_2025_10_p064_c000"", ""rbi_mpr_2025_10_p040_c000"", ""rbi_mpr_2025_10_p079_c000"", ""rbi_mpr_2025_10_p009_c002"", ""rbi_mpr_2025_10_p064_c005"", ""rbi_mpr_2025_10_p024_c001"", ""rbi_mpr_2025_10_p030_c000"", ""rbi_mpr_2025_10_p099_c002"", ""rbi_mpr_2025_10_p096_c000"", ""rbi_mpr_2025_10_p025_c000"", ""rbi_mpr_2025_10_p087_c000"", ""rbi_mpr_2025_10_p071_c001"", ""rbi_mpr_2025_10_p010_c001"", ""rbi_mpr_2025_10_p076_c000"", ""rbi_mpr_2025_10_p080_c001"", ""rbi_mpr_2025_10_p036_c003"", ""rbi_mpr_2025_10_p042_c000"", ""rbi_mpr_2025_10_p084_c000"", ""rbi_mpr_2025_10_p060_c000"", ""rbi_mpr_2025_10_p063_c000"", ""rbi_mpr_2025_10_p099_c001"", ""rbi_mpr_2025_10_p009_c003""], ""candidate_union_pages"": [52, 96, 50, 52, 19, 98, 38, 49, 16, 11, 71, 54, 14, 41, 14, 98, 43, 19, 14, 62, 13, 68, 42, 82, 9, 43, 13, 37, 10, 34, 33, 52, 68, 16, 11, 50, 14, 15, 49, 46, 17, 10, 90, 49, 78, 97, 47, 86, 9, 87, 72, 13, 74, 66, 32, 107, 10, 97, 68, 102, 13, 24, 55, 12, 105, 95, 99, 103, 64, 40, 79, 9, 64, 24, 30, 99, 96, 25, 87, 71, 10, 76, 80, 36, 42, 84, 60, 63, 99, 9], ""dense_candidate_ids"": [""rbi_mpr_2025_10_p052_c000"", ""rbi_mpr_2025_10_p096_c004"", ""rbi_mpr_2025_10_p050_c000"", ""rbi_mpr_2025_10_p052_c004"", ""rbi_mpr_2025_10_p019_c002"", ""rbi_mpr_2025_10_p098_c002"", ""rbi_mpr_2025_10_p038_c000"", ""rbi_mpr_2025_10_p049_c000"", ""rbi_mpr_2025_10_p016_c001"", ""rbi_mpr_2025_10_p011_c002"", ""rbi_mpr_2025_10_p071_c002"", ""rbi_mpr_2025_10_p054_c003"", ""rbi_mpr_2025_10_p014_c002"", ""rbi_mpr_2025_10_p041_c003"", ""rbi_mpr_2025_10_p014_c001"", ""rbi_mpr_2025_10_p098_c000"", ""rbi_mpr_2025_10_p043_c003"", ""rbi_mpr_2025_10_p019_c001"", ""rbi_mpr_2025_10_p014_c003"", ""rbi_mpr_2025_10_p062_c000"", ""rbi_mpr_2025_10_p013_c003"", ""rbi_mpr_2025_10_p068_c002"", ""rbi_mpr_2025_10_p042_c003"", ""rbi_mpr_2025_10_p082_c000"", ""rbi_mpr_2025_10_p009_c005"", ""rbi_mpr_2025_10_p043_c001"", ""rbi_mpr_2025_10_p013_c004"", ""rbi_mpr_2025_10_p037_c003"", ""rbi_mpr_2025_10_p010_c000"", ""rbi_mpr_2025_10_p034_c000"", ""rbi_mpr_2025_10_p033_c002"", ""rbi_mpr_2025_10_p052_c001"", ""rbi_mpr_2025_10_p068_c004"", ""rbi_mpr_2025_10_p016_c000"", ""rbi_mpr_2025_10_p011_c000"", ""rbi_mpr_2025_10_p050_c002"", ""rbi_mpr_2025_10_p014_c000"", ""rbi_mpr_2025_10_p015_c003"", ""rbi_mpr_2025_10_p049_c001"", ""rbi_mpr_2025_10_p046_c000"", ""rbi_mpr_2025_10_p017_c004"", ""rbi_mpr_2025_10_p010_c002"", ""rbi_mpr_2025_10_p090_c000"", ""rbi_mpr_2025_10_p049_c003"", ""rbi_mpr_2025_10_p078_c000"", ""rbi_mpr_2025_10_p097_c003"", ""rbi_mpr_2025_10_p047_c000"", ""rbi_mpr_2025_10_p086_c000"", ""rbi_mpr_2025_10_p009_c001"", ""rbi_mpr_2025_10_p087_c003""], ""dense_candidate_pages"": [52, 96, 50, 52, 19, 98, 38, 49, 16, 11, 71, 54, 14, 41, 14, 98, 43, 19, 14, 62, 13, 68, 42, 82, 9, 43, 13, 37, 10, 34, 33, 52, 68, 16, 11, 50, 14, 15, 49, 46, 17, 10, 90, 49, 78, 97, 47, 86, 9, 87], ""dense_candidate_scores"": [0.3734922388010786, 0.37299317796786113, 0.3709012191420229, 0.36846833445858007, 0.3041555310851396, 0.2906071737502216, 0.2903526067852158, 0.2723813591675647, 0.27054561103382413, 0.26426733218594434, 0.2570253235000145, 0.2551788700667522, 0.25141599943169957, 0.2501318692512696, 0.24469602161142556, 0.24351405539178606, 0.24035835225638147, 0.2401777951573607, 0.23359530035692933, 0.23356680908733596, 0.23096036368172523, 0.22957162502329131, 0.22683730607929853, 0.22604882283735672, 0.2207814782978592, 0.21941903927289608, 0.21826935753921595, 0.21821127918196792, 0.21571239253375696, 0.21511213711726485, 0.21277576871691195, 0.21062990407182824, 0.20964762962043337, 0.20949059046288176, 0.2090064917608857, 0.20827920574298164, 0.20657883328665816, 0.20629746092599943, 0.20548621838586179, 0.20464235418497667, 0.20168828157284802, 0.20051348031745542, 0.2002001606456254, 0.19739469782134622, 0.19637820012896057, 0.1936540807223074, 0.1930125213942746, 0.1914962463722466, 0.19113656516705468, 0.18955656411007826], ""dense_first_evidence_rank"": 1, ""evidence_rank_after_reranking"": 1, ""evidence_rank_before_reranking"": 11, ""expected_evidence"": [""gross market borrowings raised by the centre stood at \u20b97.95 lakh crore""], ""loss_stage"": ""evidence_found"", ""report_id"": ""rbi_mpr_2025_10"", ""reranker_input_ids"": [""rbi_mpr_2025_10_p096_c004"", ""rbi_mpr_2025_10_p013_c004"", ""rbi_mpr_2025_10_p013_c003"", ""rbi_mpr_2025_10_p038_c000"", ""rbi_mpr_2025_10_p010_c000"", ""rbi_mpr_2025_10_p009_c005"", ""rbi_mpr_2025_10_p097_c003"", ""rbi_mpr_2025_10_p010_c002"", ""rbi_mpr_2025_10_p034_c000"", ""rbi_mpr_2025_10_p009_c001"", ""rbi_mpr_2025_10_p052_c000"", ""rbi_mpr_2025_10_p072_c000"", ""rbi_mpr_2025_10_p050_c000"", ""rbi_mpr_2025_10_p052_c004"", ""rbi_mpr_2025_10_p013_c002"", ""rbi_mpr_2025_10_p019_c002"", ""rbi_mpr_2025_10_p074_c000"", ""rbi_mpr_2025_10_p098_c002"", ""rbi_mpr_2025_10_p066_c000"", ""rbi_mpr_2025_10_p049_c000"", ""rbi_mpr_2025_10_p032_c000"", ""rbi_mpr_2025_10_p016_c001"", ""rbi_mpr_2025_10_p107_c000"", ""rbi_mpr_2025_10_p011_c002"", ""rbi_mpr_2025_10_p010_c005"", ""rbi_mpr_2025_10_p071_c002"", ""rbi_mpr_2025_10_p097_c004"", ""rbi_mpr_2025_10_p054_c003"", ""rbi_mpr_2025_10_p068_c000"", ""rbi_mpr_2025_10_p014_c002""], ""reranker_input_pages"": [96, 13, 13, 38, 10, 9, 97, 10, 34, 9, 52, 72, 50, 52, 13, 19, 74, 98, 66, 49, 32, 16, 107, 11, 10, 71, 97, 54, 68, 14], ""reranker_input_ranks"": [1, 2, 3, 4, 5, 6, 7, 8, 9, 10, 11, 12, 13, 14, 15, 16, 17, 18, 19, 20, 21, 22, 23, 24, 25, 26, 27, 28, 29, 30], ""reranker_output_ids"": [""rbi_mpr_2025_10_p052_c000"", ""rbi_mpr_2025_10_p050_c000"", ""rbi_mpr_2025_10_p052_c004"", ""rbi_mpr_2025_10_p072_c000"", ""rbi_mpr_2025_10_p066_c000"", ""rbi_mpr_2025_10_p010_c000"", ""rbi_mpr_2025_10_p032_c000"", ""rbi_mpr_2025_10_p068_c000"", ""rbi_mpr_2025_10_p049_c000"", ""rbi_mpr_2025_10_p074_c000"", ""rbi_mpr_2025_10_p034_c000"", ""rbi_mpr_2025_10_p038_c000"", ""rbi_mpr_2025_10_p096_c004"", ""rbi_mpr_2025_10_p097_c003"", ""rbi_mpr_2025_10_p097_c004"", ""rbi_mpr_2025_10_p009_c001"", ""rbi_mpr_2025_10_p009_c005"", ""rbi_mpr_2025_10_p054_c003"", ""rbi_mpr_2025_10_p010_c002"", ""rbi_mpr_2025_10_p098_c002"", ""rbi_mpr_2025_10_p013_c004"", ""rbi_mpr_2025_10_p071_c002"", ""rbi_mpr_2025_10_p019_c002"", ""rbi_mpr_2025_10_p013_c003"", ""rbi_mpr_2025_10_p014_c002"", ""rbi_mpr_2025_10_p013_c002"", ""rbi_mpr_2025_10_p011_c002"", ""rbi_mpr_2025_10_p016_c001"", ""rbi_mpr_2025_10_p010_c005"", ""rbi_mpr_2025_10_p107_c000""], ""reranker_output_pages"": [52, 50, 52, 72, 66, 10, 32, 68, 49, 74, 34, 38, 96, 97, 97, 9, 9, 54, 10, 98, 13, 71, 19, 13, 14, 13, 11, 16, 10, 107], ""reranker_scores"": [6.0321044921875, 5.45200777053833, 4.220498085021973, 3.3740234375, 1.9900683164596558, 1.7705553770065308, 1.592491626739502, 1.2531077861785889, 0.7337283492088318, 0.4857247471809387, 0.18728680908679962, -0.4061940610408783, -0.7386575937271118, -0.9633964896202087, -1.181642770767212, -1.1821835041046143, -1.2046475410461426, -1.2127962112426758, -1.2311465740203857, -1.3772757053375244, -1.6782395839691162, -1.9884669780731201, -2.0987775325775146, -2.94411039352417, -2.9848554134368896, -3.7175629138946533, -4.071956634521484, -4.876295566558838, -5.38871431350708, -9.39065933227539], ""rrf_candidate_ids"": [""rbi_mpr_2025_10_p096_c004"", ""rbi_mpr_2025_10_p013_c004"", ""rbi_mpr_2025_10_p013_c003"", ""rbi_mpr_2025_10_p038_c000"", ""rbi_mpr_2025_10_p010_c000"", ""rbi_mpr_2025_10_p009_c005"", ""rbi_mpr_2025_10_p097_c003"", ""rbi_mpr_2025_10_p010_c002"", ""rbi_mpr_2025_10_p034_c000"", ""rbi_mpr_2025_10_p009_c001"", ""rbi_mpr_2025_10_p052_c000"", ""rbi_mpr_2025_10_p072_c000"", ""rbi_mpr_2025_10_p050_c000"", ""rbi_mpr_2025_10_p052_c004"", ""rbi_mpr_2025_10_p013_c002"", ""rbi_mpr_2025_10_p019_c002"", ""rbi_mpr_2025_10_p074_c000"", ""rbi_mpr_2025_10_p098_c002"", ""rbi_mpr_2025_10_p066_c000"", ""rbi_mpr_2025_10_p049_c000"", ""rbi_mpr_2025_10_p032_c000"", ""rbi_mpr_2025_10_p016_c001"", ""rbi_mpr_2025_10_p107_c000"", ""rbi_mpr_2025_10_p011_c002"", ""rbi_mpr_2025_10_p010_c005"", ""rbi_mpr_2025_10_p071_c002"", ""rbi_mpr_2025_10_p097_c004"", ""rbi_mpr_2025_10_p054_c003"", ""rbi_mpr_2025_10_p068_c000"", ""rbi_mpr_2025_10_p014_c002""], ""rrf_candidate_pages"": [96, 13, 13, 38, 10, 9, 97, 10, 34, 9, 52, 72, 50, 52, 13, 19, 74, 98, 66, 49, 32, 16, 107, 11, 10, 71, 97, 54, 68, 14], ""rrf_first_evidence_rank"": 11, ""rrf_scores"": [0.03200204813108039, 0.027623285131627734, 0.027271052146674038, 0.02512945476698142, 0.02456928838951311, 0.024422933730454205, 0.022254475084663765, 0.02185211433971179, 0.021212121212121213, 0.019075302025615408, 0.01639344262295082, 0.01639344262295082, 0.015873015873015872, 0.015625, 0.015625, 0.015384615384615385, 0.015384615384615385, 0.015151515151515152, 0.015151515151515152, 0.014705882352941176, 0.014705882352941176, 0.014492753623188406, 0.014492753623188406, 0.014285714285714285, 0.014285714285714285, 0.014084507042253521, 0.014084507042253521, 0.013888888888888888, 0.013888888888888888, 0.0136986301369863], ""selected_chunk_ids_after_dedup"": [""rbi_mpr_2025_10_p052_c000"", ""rbi_mpr_2025_10_p050_c000"", ""rbi_mpr_2025_10_p052_c004""], ""selected_chunk_ids_before_dedup"": [""rbi_mpr_2025_10_p052_c000"", ""rbi_mpr_2025_10_p050_c000"", ""rbi_mpr_2025_10_p052_c004""], ""selected_pages"": [52, 50, 52]}, ""rbi_mpr_2026_04"": {""accepted_evidence_found"": true, ""accepted_pages"": [64], ""bm25_candidate_ids"": [""rbi_mpr_2026_04_p105_c003"", ""rbi_mpr_2026_04_p098_c002"", ""rbi_mpr_2026_04_p102_c000"", ""rbi_mpr_2026_04_p095_c002"", ""rbi_mpr_2026_04_p100_c000"", ""rbi_mpr_2026_04_p099_c002"", ""rbi_mpr_2026_04_p028_c003"", ""rbi_mpr_2026_04_p113_c004"", ""rbi_mpr_2026_04_p030_c002"", ""rbi_mpr_2026_04_p005_c003"", ""rbi_mpr_2026_04_p087_c000"", ""rbi_mpr_2026_04_p086_c000"", ""rbi_mpr_2026_04_p084_c000"", ""rbi_mpr_2026_04_p082_c000"", ""rbi_mpr_2026_04_p081_c005"", ""rbi_mpr_2026_04_p020_c000"", ""rbi_mpr_2026_04_p079_c001"", ""rbi_mpr_2026_04_p069_c000"", ""rbi_mpr_2026_04_p079_c000"", ""rbi_mpr_2026_04_p056_c000"", ""rbi_mpr_2026_04_p100_c001"", ""rbi_mpr_2026_04_p106_c001"", ""rbi_mpr_2026_04_p095_c004"", ""rbi_mpr_2026_04_p085_c003"", ""rbi_mpr_2026_04_p085_c000"", ""rbi_mpr_2026_04_p046_c000"", ""rbi_mpr_2026_04_p031_c000"", ""rbi_mpr_2026_04_p095_c003"", ""rbi_mpr_2026_04_p020_c002"", ""rbi_mpr_2026_04_p057_c004"", ""rbi_mpr_2026_04_p028_c002"", ""rbi_mpr_2026_04_p103_c001"", ""rbi_mpr_2026_04_p014_c000"", ""rbi_mpr_2026_04_p023_c000"", ""rbi_mpr_2026_04_p021_c002"", ""rbi_mpr_2026_04_p069_c003"", ""rbi_mpr_2026_04_p103_c003"", ""rbi_mpr_2026_04_p007_c001"", ""rbi_mpr_2026_04_p080_c000"", ""rbi_mpr_2026_04_p090_c000"", ""rbi_mpr_2026_04_p024_c000"", ""rbi_mpr_2026_04_p106_c000"", ""rbi_mpr_2026_04_p094_c004"", ""rbi_mpr_2026_04_p055_c003"", ""rbi_mpr_2026_04_p026_c004"", ""rbi_mpr_2026_04_p085_c004"", ""rbi_mpr_2026_04_p092_c002"", ""rbi_mpr_2026_04_p113_c003"", ""rbi_mpr_2026_04_p092_c000"", ""rbi_mpr_2026_04_p077_c002""], ""bm25_candidate_pages"": [105, 98, 102, 95, 100, 99, 28, 113, 30, 5, 87, 86, 84, 82, 81, 20, 79, 69, 79, 56, 100, 106, 95, 85, 85, 46, 31, 95, 20, 57, 28, 103, 14, 23, 21, 69, 103, 7, 80, 90, 24, 106, 94, 55, 26, 85, 92, 113, 92, 77], ""bm25_candidate_scores"": [null, null, null, null, null, null, null, null, null, null, null, null, null, null, null, null, null, null, null, null, null, null, null, null, null, null, null, null, null, null, null, null, null, null, null, null, null, null, null, null, null, null, null, null, null, null, null, null, null, null], ""bm25_first_evidence_rank"": null, ""candidate_source_expansion"": {""rbi_mpr_2025_10_p009_c001"": [], ""rbi_mpr_2025_10_p009_c002"": [], ""rbi_mpr_2025_10_p009_c003"": [], ""rbi_mpr_2025_10_p009_c005"": [], ""rbi_mpr_2025_10_p010_c000"": [], ""rbi_mpr_2025_10_p010_c001"": [], ""rbi_mpr_2025_10_p010_c002"": [], ""rbi_mpr_2025_10_p010_c005"": [], ""rbi_mpr_2025_10_p011_c000"": [], ""rbi_mpr_2025_10_p011_c002"": [], ""rbi_mpr_2025_10_p012_c001"": [], ""rbi_mpr_2025_10_p013_c000"": [], ""rbi_mpr_2025_10_p013_c002"": [], ""rbi_mpr_2025_10_p013_c003"": [], ""rbi_mpr_2025_10_p013_c004"": [], ""rbi_mpr_2025_10_p014_c000"": [], ""rbi_mpr_2025_10_p014_c001"": [], ""rbi_mpr_2025_10_p014_c002"": [], ""rbi_mpr_2025_10_p014_c003"": [], ""rbi_mpr_2025_10_p015_c003"": [], ""rbi_mpr_2025_10_p016_c000"": [], ""rbi_mpr_2025_10_p016_c001"": [], ""rbi_mpr_2025_10_p017_c004"": [], ""rbi_mpr_2025_10_p019_c001"": [], ""rbi_mpr_2025_10_p019_c002"": [], ""rbi_mpr_2025_10_p024_c000"": [], ""rbi_mpr_2025_10_p024_c001"": [], ""rbi_mpr_2025_10_p025_c000"": [], ""rbi_mpr_2025_10_p030_c000"": [], ""rbi_mpr_2025_10_p032_c000"": [], ""rbi_mpr_2025_10_p033_c002"": [], ""rbi_mpr_2025_10_p034_c000"": [], ""rbi_mpr_2025_10_p036_c003"": [], ""rbi_mpr_2025_10_p037_c003"": [], ""rbi_mpr_2025_10_p038_c000"": [], ""rbi_mpr_2025_10_p040_c000"": [], ""rbi_mpr_2025_10_p041_c003"": [], ""rbi_mpr_2025_10_p042_c000"": [], ""rbi_mpr_2025_10_p042_c003"": [], ""rbi_mpr_2025_10_p043_c001"": [], ""rbi_mpr_2025_10_p043_c003"": [], ""rbi_mpr_2025_10_p046_c000"": [], ""rbi_mpr_2025_10_p047_c000"": [], ""rbi_mpr_2025_10_p049_c000"": [], ""rbi_mpr_2025_10_p049_c001"": [], ""rbi_mpr_2025_10_p049_c003"": [], ""rbi_mpr_2025_10_p050_c000"": [], ""rbi_mpr_2025_10_p050_c002"": [], ""rbi_mpr_2025_10_p052_c000"": [], ""rbi_mpr_2025_10_p052_c001"": [], ""rbi_mpr_2025_10_p052_c004"": [], ""rbi_mpr_2025_10_p054_c003"": [], ""rbi_mpr_2025_10_p055_c000"": [], ""rbi_mpr_2025_10_p060_c000"": [], ""rbi_mpr_2025_10_p062_c000"": [], ""rbi_mpr_2025_10_p063_c000"": [], ""rbi_mpr_2025_10_p064_c000"": [], ""rbi_mpr_2025_10_p064_c005"": [], ""rbi_mpr_2025_10_p066_c000"": [], ""rbi_mpr_2025_10_p068_c000"": [], ""rbi_mpr_2025_10_p068_c002"": [], ""rbi_mpr_2025_10_p068_c004"": [], ""rbi_mpr_2025_10_p071_c001"": [], ""rbi_mpr_2025_10_p071_c002"": [], ""rbi_mpr_2025_10_p072_c000"": [], ""rbi_mpr_2025_10_p074_c000"": [], ""rbi_mpr_2025_10_p076_c000"": [], ""rbi_mpr_2025_10_p078_c000"": [], ""rbi_mpr_2025_10_p079_c000"": [], ""rbi_mpr_2025_10_p080_c001"": [], ""rbi_mpr_2025_10_p082_c000"": [], ""rbi_mpr_2025_10_p084_c000"": [], ""rbi_mpr_2025_10_p086_c000"": [], ""rbi_mpr_2025_10_p087_c000"": [], ""rbi_mpr_2025_10_p087_c003"": [], ""rbi_mpr_2025_10_p090_c000"": [], ""rbi_mpr_2025_10_p095_c003"": [], ""rbi_mpr_2025_10_p096_c000"": [], ""rbi_mpr_2025_10_p096_c004"": [], ""rbi_mpr_2025_10_p097_c003"": [], ""rbi_mpr_2025_10_p097_c004"": [], ""rbi_mpr_2025_10_p098_c000"": [], ""rbi_mpr_2025_10_p098_c002"": [], ""rbi_mpr_2025_10_p099_c000"": [], ""rbi_mpr_2025_10_p099_c001"": [], ""rbi_mpr_2025_10_p099_c002"": [], ""rbi_mpr_2025_10_p102_c000"": [], ""rbi_mpr_2025_10_p103_c001"": [], ""rbi_mpr_2025_10_p105_c003"": [], ""rbi_mpr_2025_10_p107_c000"": [], ""rbi_mpr_2026_04_p005_c001"": [], ""rbi_mpr_2026_04_p005_c003"": [], ""rbi_mpr_2026_04_p007_c001"": [], ""rbi_mpr_2026_04_p013_c004"": [], ""rbi_mpr_2026_04_p014_c000"": [], ""rbi_mpr_2026_04_p020_c000"": [], ""rbi_mpr_2026_04_p020_c002"": [], ""rbi_mpr_2026_04_p021_c001"": [], ""rbi_mpr_2026_04_p021_c002"": [], ""rbi_mpr_2026_04_p023_c000"": [], ""rbi_mpr_2026_04_p024_c000"": [], ""rbi_mpr_2026_04_p025_c001"": [], ""rbi_mpr_2026_04_p026_c004"": [], ""rbi_mpr_2026_04_p028_c002"": [], ""rbi_mpr_2026_04_p028_c003"": [], ""rbi_mpr_2026_04_p030_c002"": [], ""rbi_mpr_2026_04_p031_c000"": [], ""rbi_mpr_2026_04_p044_c002"": [], ""rbi_mpr_2026_04_p046_c000"": [], ""rbi_mpr_2026_04_p049_c003"": [], ""rbi_mpr_2026_04_p051_c000"": [], ""rbi_mpr_2026_04_p055_c003"": [], ""rbi_mpr_2026_04_p056_c000"": [], ""rbi_mpr_2026_04_p057_c000"": [], ""rbi_mpr_2026_04_p057_c001"": [], ""rbi_mpr_2026_04_p057_c004"": [], ""rbi_mpr_2026_04_p059_c000"": [], ""rbi_mpr_2026_04_p060_c000"": [], ""rbi_mpr_2026_04_p062_c000"": [], ""rbi_mpr_2026_04_p062_c001"": [], ""rbi_mpr_2026_04_p062_c002"": [], ""rbi_mpr_2026_04_p063_c000"": [], ""rbi_mpr_2026_04_p063_c001"": [], ""rbi_mpr_2026_04_p063_c002"": [], ""rbi_mpr_2026_04_p063_c003"": [], ""rbi_mpr_2026_04_p064_c001"": [], ""rbi_mpr_2026_04_p064_c002"": [], ""rbi_mpr_2026_04_p065_c000"": [], ""rbi_mpr_2026_04_p066_c003"": [], ""rbi_mpr_2026_04_p069_c000"": [], ""rbi_mpr_2026_04_p069_c003"": [], ""rbi_mpr_2026_04_p069_c004"": [], ""rbi_mpr_2026_04_p070_c004"": [], ""rbi_mpr_2026_04_p077_c002"": [], ""rbi_mpr_2026_04_p079_c000"": [], ""rbi_mpr_2026_04_p079_c001"": [], ""rbi_mpr_2026_04_p080_c000"": [], ""rbi_mpr_2026_04_p081_c005"": [], ""rbi_mpr_2026_04_p082_c000"": [], ""rbi_mpr_2026_04_p082_c002"": [], ""rbi_mpr_2026_04_p084_c000"": [], ""rbi_mpr_2026_04_p085_c000"": [], ""rbi_mpr_2026_04_p085_c003"": [], ""rbi_mpr_2026_04_p085_c004"": [], ""rbi_mpr_2026_04_p086_c000"": [], ""rbi_mpr_2026_04_p087_c000"": [], ""rbi_mpr_2026_04_p090_c000"": [], ""rbi_mpr_2026_04_p092_c000"": [], ""rbi_mpr_2026_04_p092_c002"": [], ""rbi_mpr_2026_04_p094_c004"": [], ""rbi_mpr_2026_04_p095_c002"": [], ""rbi_mpr_2026_04_p095_c003"": [], ""rbi_mpr_2026_04_p095_c004"": [], ""rbi_mpr_2026_04_p098_c002"": [], ""rbi_mpr_2026_04_p099_c002"": [], ""rbi_mpr_2026_04_p100_c000"": [], ""rbi_mpr_2026_04_p100_c001"": [], ""rbi_mpr_2026_04_p101_c000"": [], ""rbi_mpr_2026_04_p101_c001"": [], ""rbi_mpr_2026_04_p102_c000"": [], ""rbi_mpr_2026_04_p102_c002"": [], ""rbi_mpr_2026_04_p102_c004"": [], ""rbi_mpr_2026_04_p103_c001"": [], ""rbi_mpr_2026_04_p103_c003"": [], ""rbi_mpr_2026_04_p105_c003"": [], ""rbi_mpr_2026_04_p105_c004"": [], ""rbi_mpr_2026_04_p106_c000"": [], ""rbi_mpr_2026_04_p106_c001"": [], ""rbi_mpr_2026_04_p107_c000"": [], ""rbi_mpr_2026_04_p107_c002"": [], ""rbi_mpr_2026_04_p107_c003"": [], ""rbi_mpr_2026_04_p107_c004"": [], ""rbi_mpr_2026_04_p108_c002"": [], ""rbi_mpr_2026_04_p109_c004"": [], ""rbi_mpr_2026_04_p110_c000"": [], ""rbi_mpr_2026_04_p110_c001"": [], ""rbi_mpr_2026_04_p111_c000"": [], ""rbi_mpr_2026_04_p113_c003"": [], ""rbi_mpr_2026_04_p113_c004"": [], ""rbi_mpr_2026_04_p115_c003"": []}, ""candidate_source_facet"": {""rbi_mpr_2025_10_p009_c001"": [], ""rbi_mpr_2025_10_p009_c002"": [], ""rbi_mpr_2025_10_p009_c003"": [], ""rbi_mpr_2025_10_p009_c005"": [], ""rbi_mpr_2025_10_p010_c000"": [], ""rbi_mpr_2025_10_p010_c001"": [], ""rbi_mpr_2025_10_p010_c002"": [], ""rbi_mpr_2025_10_p010_c005"": [], ""rbi_mpr_2025_10_p011_c000"": [], ""rbi_mpr_2025_10_p011_c002"": [], ""rbi_mpr_2025_10_p012_c001"": [], ""rbi_mpr_2025_10_p013_c000"": [], ""rbi_mpr_2025_10_p013_c002"": [], ""rbi_mpr_2025_10_p013_c003"": [], ""rbi_mpr_2025_10_p013_c004"": [], ""rbi_mpr_2025_10_p014_c000"": [], ""rbi_mpr_2025_10_p014_c001"": [], ""rbi_mpr_2025_10_p014_c002"": [], ""rbi_mpr_2025_10_p014_c003"": [], ""rbi_mpr_2025_10_p015_c003"": [], ""rbi_mpr_2025_10_p016_c000"": [], ""rbi_mpr_2025_10_p016_c001"": [], ""rbi_mpr_2025_10_p017_c004"": [], ""rbi_mpr_2025_10_p019_c001"": [], ""rbi_mpr_2025_10_p019_c002"": [], ""rbi_mpr_2025_10_p024_c000"": [], ""rbi_mpr_2025_10_p024_c001"": [], ""rbi_mpr_2025_10_p025_c000"": [], ""rbi_mpr_2025_10_p030_c000"": [], ""rbi_mpr_2025_10_p032_c000"": [], ""rbi_mpr_2025_10_p033_c002"": [], ""rbi_mpr_2025_10_p034_c000"": [], ""rbi_mpr_2025_10_p036_c003"": [], ""rbi_mpr_2025_10_p037_c003"": [], ""rbi_mpr_2025_10_p038_c000"": [], ""rbi_mpr_2025_10_p040_c000"": [], ""rbi_mpr_2025_10_p041_c003"": [], ""rbi_mpr_2025_10_p042_c000"": [], ""rbi_mpr_2025_10_p042_c003"": [], ""rbi_mpr_2025_10_p043_c001"": [], ""rbi_mpr_2025_10_p043_c003"": [], ""rbi_mpr_2025_10_p046_c000"": [], ""rbi_mpr_2025_10_p047_c000"": [], ""rbi_mpr_2025_10_p049_c000"": [], ""rbi_mpr_2025_10_p049_c001"": [], ""rbi_mpr_2025_10_p049_c003"": [], ""rbi_mpr_2025_10_p050_c000"": [], ""rbi_mpr_2025_10_p050_c002"": [], ""rbi_mpr_2025_10_p052_c000"": [], ""rbi_mpr_2025_10_p052_c001"": [], ""rbi_mpr_2025_10_p052_c004"": [], ""rbi_mpr_2025_10_p054_c003"": [], ""rbi_mpr_2025_10_p055_c000"": [], ""rbi_mpr_2025_10_p060_c000"": [], ""rbi_mpr_2025_10_p062_c000"": [], ""rbi_mpr_2025_10_p063_c000"": [], ""rbi_mpr_2025_10_p064_c000"": [], ""rbi_mpr_2025_10_p064_c005"": [], ""rbi_mpr_2025_10_p066_c000"": [], ""rbi_mpr_2025_10_p068_c000"": [], ""rbi_mpr_2025_10_p068_c002"": [], ""rbi_mpr_2025_10_p068_c004"": [], ""rbi_mpr_2025_10_p071_c001"": [], ""rbi_mpr_2025_10_p071_c002"": [], ""rbi_mpr_2025_10_p072_c000"": [], ""rbi_mpr_2025_10_p074_c000"": [], ""rbi_mpr_2025_10_p076_c000"": [], ""rbi_mpr_2025_10_p078_c000"": [], ""rbi_mpr_2025_10_p079_c000"": [], ""rbi_mpr_2025_10_p080_c001"": [], ""rbi_mpr_2025_10_p082_c000"": [], ""rbi_mpr_2025_10_p084_c000"": [], ""rbi_mpr_2025_10_p086_c000"": [], ""rbi_mpr_2025_10_p087_c000"": [], ""rbi_mpr_2025_10_p087_c003"": [], ""rbi_mpr_2025_10_p090_c000"": [], ""rbi_mpr_2025_10_p095_c003"": [], ""rbi_mpr_2025_10_p096_c000"": [], ""rbi_mpr_2025_10_p096_c004"": [], ""rbi_mpr_2025_10_p097_c003"": [], ""rbi_mpr_2025_10_p097_c004"": [], ""rbi_mpr_2025_10_p098_c000"": [], ""rbi_mpr_2025_10_p098_c002"": [], ""rbi_mpr_2025_10_p099_c000"": [], ""rbi_mpr_2025_10_p099_c001"": [], ""rbi_mpr_2025_10_p099_c002"": [], ""rbi_mpr_2025_10_p102_c000"": [], ""rbi_mpr_2025_10_p103_c001"": [], ""rbi_mpr_2025_10_p105_c003"": [], ""rbi_mpr_2025_10_p107_c000"": [], ""rbi_mpr_2026_04_p005_c001"": [], ""rbi_mpr_2026_04_p005_c003"": [], ""rbi_mpr_2026_04_p007_c001"": [], ""rbi_mpr_2026_04_p013_c004"": [], ""rbi_mpr_2026_04_p014_c000"": [], ""rbi_mpr_2026_04_p020_c000"": [], ""rbi_mpr_2026_04_p020_c002"": [], ""rbi_mpr_2026_04_p021_c001"": [], ""rbi_mpr_2026_04_p021_c002"": [], ""rbi_mpr_2026_04_p023_c000"": [], ""rbi_mpr_2026_04_p024_c000"": [], ""rbi_mpr_2026_04_p025_c001"": [], ""rbi_mpr_2026_04_p026_c004"": [], ""rbi_mpr_2026_04_p028_c002"": [], ""rbi_mpr_2026_04_p028_c003"": [], ""rbi_mpr_2026_04_p030_c002"": [], ""rbi_mpr_2026_04_p031_c000"": [], ""rbi_mpr_2026_04_p044_c002"": [], ""rbi_mpr_2026_04_p046_c000"": [], ""rbi_mpr_2026_04_p049_c003"": [], ""rbi_mpr_2026_04_p051_c000"": [], ""rbi_mpr_2026_04_p055_c003"": [], ""rbi_mpr_2026_04_p056_c000"": [], ""rbi_mpr_2026_04_p057_c000"": [], ""rbi_mpr_2026_04_p057_c001"": [], ""rbi_mpr_2026_04_p057_c004"": [], ""rbi_mpr_2026_04_p059_c000"": [], ""rbi_mpr_2026_04_p060_c000"": [], ""rbi_mpr_2026_04_p062_c000"": [], ""rbi_mpr_2026_04_p062_c001"": [], ""rbi_mpr_2026_04_p062_c002"": [], ""rbi_mpr_2026_04_p063_c000"": [], ""rbi_mpr_2026_04_p063_c001"": [], ""rbi_mpr_2026_04_p063_c002"": [], ""rbi_mpr_2026_04_p063_c003"": [], ""rbi_mpr_2026_04_p064_c001"": [], ""rbi_mpr_2026_04_p064_c002"": [], ""rbi_mpr_2026_04_p065_c000"": [], ""rbi_mpr_2026_04_p066_c003"": [], ""rbi_mpr_2026_04_p069_c000"": [], ""rbi_mpr_2026_04_p069_c003"": [], ""rbi_mpr_2026_04_p069_c004"": [], ""rbi_mpr_2026_04_p070_c004"": [], ""rbi_mpr_2026_04_p077_c002"": [], ""rbi_mpr_2026_04_p079_c000"": [], ""rbi_mpr_2026_04_p079_c001"": [], ""rbi_mpr_2026_04_p080_c000"": [], ""rbi_mpr_2026_04_p081_c005"": [], ""rbi_mpr_2026_04_p082_c000"": [], ""rbi_mpr_2026_04_p082_c002"": [], ""rbi_mpr_2026_04_p084_c000"": [], ""rbi_mpr_2026_04_p085_c000"": [], ""rbi_mpr_2026_04_p085_c003"": [], ""rbi_mpr_2026_04_p085_c004"": [], ""rbi_mpr_2026_04_p086_c000"": [], ""rbi_mpr_2026_04_p087_c000"": [], ""rbi_mpr_2026_04_p090_c000"": [], ""rbi_mpr_2026_04_p092_c000"": [], ""rbi_mpr_2026_04_p092_c002"": [], ""rbi_mpr_2026_04_p094_c004"": [], ""rbi_mpr_2026_04_p095_c002"": [], ""rbi_mpr_2026_04_p095_c003"": [], ""rbi_mpr_2026_04_p095_c004"": [], ""rbi_mpr_2026_04_p098_c002"": [], ""rbi_mpr_2026_04_p099_c002"": [], ""rbi_mpr_2026_04_p100_c000"": [], ""rbi_mpr_2026_04_p100_c001"": [], ""rbi_mpr_2026_04_p101_c000"": [], ""rbi_mpr_2026_04_p101_c001"": [], ""rbi_mpr_2026_04_p102_c000"": [], ""rbi_mpr_2026_04_p102_c002"": [], ""rbi_mpr_2026_04_p102_c004"": [], ""rbi_mpr_2026_04_p103_c001"": [], ""rbi_mpr_2026_04_p103_c003"": [], ""rbi_mpr_2026_04_p105_c003"": [], ""rbi_mpr_2026_04_p105_c004"": [], ""rbi_mpr_2026_04_p106_c000"": [], ""rbi_mpr_2026_04_p106_c001"": [], ""rbi_mpr_2026_04_p107_c000"": [], ""rbi_mpr_2026_04_p107_c002"": [], ""rbi_mpr_2026_04_p107_c003"": [], ""rbi_mpr_2026_04_p107_c004"": [], ""rbi_mpr_2026_04_p108_c002"": [], ""rbi_mpr_2026_04_p109_c004"": [], ""rbi_mpr_2026_04_p110_c000"": [], ""rbi_mpr_2026_04_p110_c001"": [], ""rbi_mpr_2026_04_p111_c000"": [], ""rbi_mpr_2026_04_p113_c003"": [], ""rbi_mpr_2026_04_p113_c004"": [], ""rbi_mpr_2026_04_p115_c003"": []}, ""candidate_source_query"": {""rbi_mpr_2025_10_p009_c001"": [""Compare the Centre's borrowing figures in October 2025 and April 2026.""], ""rbi_mpr_2025_10_p009_c002"": [""Compare the Centre's borrowing figures in October 2025 and April 2026.""], ""rbi_mpr_2025_10_p009_c003"": [""Compare the Centre's borrowing figures in October 2025 and April 2026.""], ""rbi_mpr_2025_10_p009_c005"": [""Compare the Centre's borrowing figures in October 2025 and April 2026.""], ""rbi_mpr_2025_10_p010_c000"": [""Compare the Centre's borrowing figures in October 2025 and April 2026.""], ""rbi_mpr_2025_10_p010_c001"": [""Compare the Centre's borrowing figures in October 2025 and April 2026.""], ""rbi_mpr_2025_10_p010_c002"": [""Compare the Centre's borrowing figures in October 2025 and April 2026.""], ""rbi_mpr_2025_10_p010_c005"": [""Compare the Centre's borrowing figures in October 2025 and April 2026.""], ""rbi_mpr_2025_10_p011_c000"": [""Compare the Centre's borrowing figures in October 2025 and April 2026.""], ""rbi_mpr_2025_10_p011_c002"": [""Compare the Centre's borrowing figures in October 2025 and April 2026.""], ""rbi_mpr_2025_10_p012_c001"": [""Compare the Centre's borrowing figures in October 2025 and April 2026.""], ""rbi_mpr_2025_10_p013_c000"": [""Compare the Centre's borrowing figures in October 2025 and April 2026.""], ""rbi_mpr_2025_10_p013_c002"": [""Compare the Centre's borrowing figures in October 2025 and April 2026.""], ""rbi_mpr_2025_10_p013_c003"": [""Compare the Centre's borrowing figures in October 2025 and April 2026.""], ""rbi_mpr_2025_10_p013_c004"": [""Compare the Centre's borrowing figures in October 2025 and April 2026.""], ""rbi_mpr_2025_10_p014_c000"": [""Compare the Centre's borrowing figures in October 2025 and April 2026.""], ""rbi_mpr_2025_10_p014_c001"": [""Compare the Centre's borrowing figures in October 2025 and April 2026.""], ""rbi_mpr_2025_10_p014_c002"": [""Compare the Centre's borrowing figures in October 2025 and April 2026.""], ""rbi_mpr_2025_10_p014_c003"": [""Compare the Centre's borrowing figures in October 2025 and April 2026.""], ""rbi_mpr_2025_10_p015_c003"": [""Compare the Centre's borrowing figures in October 2025 and April 2026.""], ""rbi_mpr_2025_10_p016_c000"": [""Compare the Centre's borrowing figures in October 2025 and April 2026.""], ""rbi_mpr_2025_10_p016_c001"": [""Compare the Centre's borrowing figures in October 2025 and April 2026.""], ""rbi_mpr_2025_10_p017_c004"": [""Compare the Centre's borrowing figures in October 2025 and April 2026.""], ""rbi_mpr_2025_10_p019_c001"": [""Compare the Centre's borrowing figures in October 2025 and April 2026.""], ""rbi_mpr_2025_10_p019_c002"": [""Compare the Centre's borrowing figures in October 2025 and April 2026.""], ""rbi_mpr_2025_10_p024_c000"": [""Compare the Centre's borrowing figures in October 2025 and April 2026.""], ""rbi_mpr_2025_10_p024_c001"": [""Compare the Centre's borrowing figures in October 2025 and April 2026.""], ""rbi_mpr_2025_10_p025_c000"": [""Compare the Centre's borrowing figures in October 2025 and April 2026.""], ""rbi_mpr_2025_10_p030_c000"": [""Compare the Centre's borrowing figures in October 2025 and April 2026.""], ""rbi_mpr_2025_10_p032_c000"": [""Compare the Centre's borrowing figures in October 2025 and April 2026.""], ""rbi_mpr_2025_10_p033_c002"": [""Compare the Centre's borrowing figures in October 2025 and April 2026.""], ""rbi_mpr_2025_10_p034_c000"": [""Compare the Centre's borrowing figures in October 2025 and April 2026.""], ""rbi_mpr_2025_10_p036_c003"": [""Compare the Centre's borrowing figures in October 2025 and April 2026.""], ""rbi_mpr_2025_10_p037_c003"": [""Compare the Centre's borrowing figures in October 2025 and April 2026.""], ""rbi_mpr_2025_10_p038_c000"": [""Compare the Centre's borrowing figures in October 2025 and April 2026.""], ""rbi_mpr_2025_10_p040_c000"": [""Compare the Centre's borrowing figures in October 2025 and April 2026.""], ""rbi_mpr_2025_10_p041_c003"": [""Compare the Centre's borrowing figures in October 2025 and April 2026.""], ""rbi_mpr_2025_10_p042_c000"": [""Compare the Centre's borrowing figures in October 2025 and April 2026.""], ""rbi_mpr_2025_10_p042_c003"": [""Compare the Centre's borrowing figures in October 2025 and April 2026.""], ""rbi_mpr_2025_10_p043_c001"": [""Compare the Centre's borrowing figures in October 2025 and April 2026.""], ""rbi_mpr_2025_10_p043_c003"": [""Compare the Centre's borrowing figures in October 2025 and April 2026.""], ""rbi_mpr_2025_10_p046_c000"": [""Compare the Centre's borrowing figures in October 2025 and April 2026.""], ""rbi_mpr_2025_10_p047_c000"": [""Compare the Centre's borrowing figures in October 2025 and April 2026.""], ""rbi_mpr_2025_10_p049_c000"": [""Compare the Centre's borrowing figures in October 2025 and April 2026.""], ""rbi_mpr_2025_10_p049_c001"": [""Compare the Centre's borrowing figures in October 2025 and April 2026.""], ""rbi_mpr_2025_10_p049_c003"": [""Compare the Centre's borrowing figures in October 2025 and April 2026.""], ""rbi_mpr_2025_10_p050_c000"": [""Compare the Centre's borrowing figures in October 2025 and April 2026.""], ""rbi_mpr_2025_10_p050_c002"": [""Compare the Centre's borrowing figures in October 2025 and April 2026.""], ""rbi_mpr_2025_10_p052_c000"": [""Compare the Centre's borrowing figures in October 2025 and April 2026.""], ""rbi_mpr_2025_10_p052_c001"": [""Compare the Centre's borrowing figures in October 2025 and April 2026.""], ""rbi_mpr_2025_10_p052_c004"": [""Compare the Centre's borrowing figures in October 2025 and April 2026.""], ""rbi_mpr_2025_10_p054_c003"": [""Compare the Centre's borrowing figures in October 2025 and April 2026.""], ""rbi_mpr_2025_10_p055_c000"": [""Compare the Centre's borrowing figures in October 2025 and April 2026.""], ""rbi_mpr_2025_10_p060_c000"": [""Compare the Centre's borrowing figures in October 2025 and April 2026.""], ""rbi_mpr_2025_10_p062_c000"": [""Compare the Centre's borrowing figures in October 2025 and April 2026.""], ""rbi_mpr_2025_10_p063_c000"": [""Compare the Centre's borrowing figures in October 2025 and April 2026.""], ""rbi_mpr_2025_10_p064_c000"": [""Compare the Centre's borrowing figures in October 2025 and April 2026.""], ""rbi_mpr_2025_10_p064_c005"": [""Compare the Centre's borrowing figures in October 2025 and April 2026.""], ""rbi_mpr_2025_10_p066_c000"": [""Compare the Centre's borrowing figures in October 2025 and April 2026.""], ""rbi_mpr_2025_10_p068_c000"": [""Compare the Centre's borrowing figures in October 2025 and April 2026.""], ""rbi_mpr_2025_10_p068_c002"": [""Compare the Centre's borrowing figures in October 2025 and April 2026.""], ""rbi_mpr_2025_10_p068_c004"": [""Compare the Centre's borrowing figures in October 2025 and April 2026.""], ""rbi_mpr_2025_10_p071_c001"": [""Compare the Centre's borrowing figures in October 2025 and April 2026.""], ""rbi_mpr_2025_10_p071_c002"": [""Compare the Centre's borrowing figures in October 2025 and April 2026.""], ""rbi_mpr_2025_10_p072_c000"": [""Compare the Centre's borrowing figures in October 2025 and April 2026.""], ""rbi_mpr_2025_10_p074_c000"": [""Compare the Centre's borrowing figures in October 2025 and April 2026.""], ""rbi_mpr_2025_10_p076_c000"": [""Compare the Centre's borrowing figures in October 2025 and April 2026.""], ""rbi_mpr_2025_10_p078_c000"": [""Compare the Centre's borrowing figures in October 2025 and April 2026.""], ""rbi_mpr_2025_10_p079_c000"": [""Compare the Centre's borrowing figures in October 2025 and April 2026.""], ""rbi_mpr_2025_10_p080_c001"": [""Compare the Centre's borrowing figures in October 2025 and April 2026.""], ""rbi_mpr_2025_10_p082_c000"": [""Compare the Centre's borrowing figures in October 2025 and April 2026.""], ""rbi_mpr_2025_10_p084_c000"": [""Compare the Centre's borrowing figures in October 2025 and April 2026.""], ""rbi_mpr_2025_10_p086_c000"": [""Compare the Centre's borrowing figures in October 2025 and April 2026.""], ""rbi_mpr_2025_10_p087_c000"": [""Compare the Centre's borrowing figures in October 2025 and April 2026.""], ""rbi_mpr_2025_10_p087_c003"": [""Compare the Centre's borrowing figures in October 2025 and April 2026.""], ""rbi_mpr_2025_10_p090_c000"": [""Compare the Centre's borrowing figures in October 2025 and April 2026.""], ""rbi_mpr_2025_10_p095_c003"": [""Compare the Centre's borrowing figures in October 2025 and April 2026.""], ""rbi_mpr_2025_10_p096_c000"": [""Compare the Centre's borrowing figures in October 2025 and April 2026.""], ""rbi_mpr_2025_10_p096_c004"": [""Compare the Centre's borrowing figures in October 2025 and April 2026.""], ""rbi_mpr_2025_10_p097_c003"": [""Compare the Centre's borrowing figures in October 2025 and April 2026.""], ""rbi_mpr_2025_10_p097_c004"": [""Compare the Centre's borrowing figures in October 2025 and April 2026.""], ""rbi_mpr_2025_10_p098_c000"": [""Compare the Centre's borrowing figures in October 2025 and April 2026.""], ""rbi_mpr_2025_10_p098_c002"": [""Compare the Centre's borrowing figures in October 2025 and April 2026.""], ""rbi_mpr_2025_10_p099_c000"": [""Compare the Centre's borrowing figures in October 2025 and April 2026.""], ""rbi_mpr_2025_10_p099_c001"": [""Compare the Centre's borrowing figures in October 2025 and April 2026.""], ""rbi_mpr_2025_10_p099_c002"": [""Compare the Centre's borrowing figures in October 2025 and April 2026.""], ""rbi_mpr_2025_10_p102_c000"": [""Compare the Centre's borrowing figures in October 2025 and April 2026.""], ""rbi_mpr_2025_10_p103_c001"": [""Compare the Centre's borrowing figures in October 2025 and April 2026.""], ""rbi_mpr_2025_10_p105_c003"": [""Compare the Centre's borrowing figures in October 2025 and April 2026.""], ""rbi_mpr_2025_10_p107_c000"": [""Compare the Centre's borrowing figures in October 2025 and April 2026.""], ""rbi_mpr_2026_04_p005_c001"": [""Compare the Centre's borrowing figures in October 2025 and April 2026.""], ""rbi_mpr_2026_04_p005_c003"": [""Compare the Centre's borrowing figures in October 2025 and April 2026.""], ""rbi_mpr_2026_04_p007_c001"": [""Compare the Centre's borrowing figures in October 2025 and April 2026.""], ""rbi_mpr_2026_04_p013_c004"": [""Compare the Centre's borrowing figures in October 2025 and April 2026.""], ""rbi_mpr_2026_04_p014_c000"": [""Compare the Centre's borrowing figures in October 2025 and April 2026.""], ""rbi_mpr_2026_04_p020_c000"": [""Compare the Centre's borrowing figures in October 2025 and April 2026.""], ""rbi_mpr_2026_04_p020_c002"": [""Compare the Centre's borrowing figures in October 2025 and April 2026.""], ""rbi_mpr_2026_04_p021_c001"": [""Compare the Centre's borrowing figures in October 2025 and April 2026.""], ""rbi_mpr_2026_04_p021_c002"": [""Compare the Centre's borrowing figures in October 2025 and April 2026.""], ""rbi_mpr_2026_04_p023_c000"": [""Compare the Centre's borrowing figures in October 2025 and April 2026.""], ""rbi_mpr_2026_04_p024_c000"": [""Compare the Centre's borrowing figures in October 2025 and April 2026.""], ""rbi_mpr_2026_04_p025_c001"": [""Compare the Centre's borrowing figures in October 2025 and April 2026.""], ""rbi_mpr_2026_04_p026_c004"": [""Compare the Centre's borrowing figures in October 2025 and April 2026.""], ""rbi_mpr_2026_04_p028_c002"": [""Compare the Centre's borrowing figures in October 2025 and April 2026.""], ""rbi_mpr_2026_04_p028_c003"": [""Compare the Centre's borrowing figures in October 2025 and April 2026.""], ""rbi_mpr_2026_04_p030_c002"": [""Compare the Centre's borrowing figures in October 2025 and April 2026.""], ""rbi_mpr_2026_04_p031_c000"": [""Compare the Centre's borrowing figures in October 2025 and April 2026.""], ""rbi_mpr_2026_04_p044_c002"": [""Compare the Centre's borrowing figures in October 2025 and April 2026.""], ""rbi_mpr_2026_04_p046_c000"": [""Compare the Centre's borrowing figures in October 2025 and April 2026.""], ""rbi_mpr_2026_04_p049_c003"": [""Compare the Centre's borrowing figures in October 2025 and April 2026.""], ""rbi_mpr_2026_04_p051_c000"": [""Compare the Centre's borrowing figures in October 2025 and April 2026.""], ""rbi_mpr_2026_04_p055_c003"": [""Compare the Centre's borrowing figures in October 2025 and April 2026.""], ""rbi_mpr_2026_04_p056_c000"": [""Compare the Centre's borrowing figures in October 2025 and April 2026.""], ""rbi_mpr_2026_04_p057_c000"": [""Compare the Centre's borrowing figures in October 2025 and April 2026.""], ""rbi_mpr_2026_04_p057_c001"": [""Compare the Centre's borrowing figures in October 2025 and April 2026.""], ""rbi_mpr_2026_04_p057_c004"": [""Compare the Centre's borrowing figures in October 2025 and April 2026.""], ""rbi_mpr_2026_04_p059_c000"": [""Compare the Centre's borrowing figures in October 2025 and April 2026.""], ""rbi_mpr_2026_04_p060_c000"": [""Compare the Centre's borrowing figures in October 2025 and April 2026.""], ""rbi_mpr_2026_04_p062_c000"": [""Compare the Centre's borrowing figures in October 2025 and April 2026.""], ""rbi_mpr_2026_04_p062_c001"": [""Compare the Centre's borrowing figures in October 2025 and April 2026.""], ""rbi_mpr_2026_04_p062_c002"": [""Compare the Centre's borrowing figures in October 2025 and April 2026.""], ""rbi_mpr_2026_04_p063_c000"": [""Compare the Centre's borrowing figures in October 2025 and April 2026.""], ""rbi_mpr_2026_04_p063_c001"": [""Compare the Centre's borrowing figures in October 2025 and April 2026.""], ""rbi_mpr_2026_04_p063_c002"": [""Compare the Centre's borrowing figures in October 2025 and April 2026.""], ""rbi_mpr_2026_04_p063_c003"": [""Compare the Centre's borrowing figures in October 2025 and April 2026.""], ""rbi_mpr_2026_04_p064_c001"": [""Compare the Centre's borrowing figures in October 2025 and April 2026.""], ""rbi_mpr_2026_04_p064_c002"": [""Compare the Centre's borrowing figures in October 2025 and April 2026.""], ""rbi_mpr_2026_04_p065_c000"": [""Compare the Centre's borrowing figures in October 2025 and April 2026.""], ""rbi_mpr_2026_04_p066_c003"": [""Compare the Centre's borrowing figures in October 2025 and April 2026.""], ""rbi_mpr_2026_04_p069_c000"": [""Compare the Centre's borrowing figures in October 2025 and April 2026.""], ""rbi_mpr_2026_04_p069_c003"": [""Compare the Centre's borrowing figures in October 2025 and April 2026.""], ""rbi_mpr_2026_04_p069_c004"": [""Compare the Centre's borrowing figures in October 2025 and April 2026.""], ""rbi_mpr_2026_04_p070_c004"": [""Compare the Centre's borrowing figures in October 2025 and April 2026.""], ""rbi_mpr_2026_04_p077_c002"": [""Compare the Centre's borrowing figures in October 2025 and April 2026.""], ""rbi_mpr_2026_04_p079_c000"": [""Compare the Centre's borrowing figures in October 2025 and April 2026.""], ""rbi_mpr_2026_04_p079_c001"": [""Compare the Centre's borrowing figures in October 2025 and April 2026.""], ""rbi_mpr_2026_04_p080_c000"": [""Compare the Centre's borrowing figures in October 2025 and April 2026.""], ""rbi_mpr_2026_04_p081_c005"": [""Compare the Centre's borrowing figures in October 2025 and April 2026.""], ""rbi_mpr_2026_04_p082_c000"": [""Compare the Centre's borrowing figures in October 2025 and April 2026.""], ""rbi_mpr_2026_04_p082_c002"": [""Compare the Centre's borrowing figures in October 2025 and April 2026.""], ""rbi_mpr_2026_04_p084_c000"": [""Compare the Centre's borrowing figures in October 2025 and April 2026.""], ""rbi_mpr_2026_04_p085_c000"": [""Compare the Centre's borrowing figures in October 2025 and April 2026.""], ""rbi_mpr_2026_04_p085_c003"": [""Compare the Centre's borrowing figures in October 2025 and April 2026.""], ""rbi_mpr_2026_04_p085_c004"": [""Compare the Centre's borrowing figures in October 2025 and April 2026.""], ""rbi_mpr_2026_04_p086_c000"": [""Compare the Centre's borrowing figures in October 2025 and April 2026.""], ""rbi_mpr_2026_04_p087_c000"": [""Compare the Centre's borrowing figures in October 2025 and April 2026.""], ""rbi_mpr_2026_04_p090_c000"": [""Compare the Centre's borrowing figures in October 2025 and April 2026.""], ""rbi_mpr_2026_04_p092_c000"": [""Compare the Centre's borrowing figures in October 2025 and April 2026.""], ""rbi_mpr_2026_04_p092_c002"": [""Compare the Centre's borrowing figures in October 2025 and April 2026.""], ""rbi_mpr_2026_04_p094_c004"": [""Compare the Centre's borrowing figures in October 2025 and April 2026.""], ""rbi_mpr_2026_04_p095_c002"": [""Compare the Centre's borrowing figures in October 2025 and April 2026.""], ""rbi_mpr_2026_04_p095_c003"": [""Compare the Centre's borrowing figures in October 2025 and April 2026.""], ""rbi_mpr_2026_04_p095_c004"": [""Compare the Centre's borrowing figures in October 2025 and April 2026.""], ""rbi_mpr_2026_04_p098_c002"": [""Compare the Centre's borrowing figures in October 2025 and April 2026.""], ""rbi_mpr_2026_04_p099_c002"": [""Compare the Centre's borrowing figures in October 2025 and April 2026.""], ""rbi_mpr_2026_04_p100_c000"": [""Compare the Centre's borrowing figures in October 2025 and April 2026.""], ""rbi_mpr_2026_04_p100_c001"": [""Compare the Centre's borrowing figures in October 2025 and April 2026.""], ""rbi_mpr_2026_04_p101_c000"": [""Compare the Centre's borrowing figures in October 2025 and April 2026.""], ""rbi_mpr_2026_04_p101_c001"": [""Compare the Centre's borrowing figures in October 2025 and April 2026.""], ""rbi_mpr_2026_04_p102_c000"": [""Compare the Centre's borrowing figures in October 2025 and April 2026.""], ""rbi_mpr_2026_04_p102_c002"": [""Compare the Centre's borrowing figures in October 2025 and April 2026.""], ""rbi_mpr_2026_04_p102_c004"": [""Compare the Centre's borrowing figures in October 2025 and April 2026.""], ""rbi_mpr_2026_04_p103_c001"": [""Compare the Centre's borrowing figures in October 2025 and April 2026.""], ""rbi_mpr_2026_04_p103_c003"": [""Compare the Centre's borrowing figures in October 2025 and April 2026.""], ""rbi_mpr_2026_04_p105_c003"": [""Compare the Centre's borrowing figures in October 2025 and April 2026.""], ""rbi_mpr_2026_04_p105_c004"": [""Compare the Centre's borrowing figures in October 2025 and April 2026.""], ""rbi_mpr_2026_04_p106_c000"": [""Compare the Centre's borrowing figures in October 2025 and April 2026.""], ""rbi_mpr_2026_04_p106_c001"": [""Compare the Centre's borrowing figures in October 2025 and April 2026.""], ""rbi_mpr_2026_04_p107_c000"": [""Compare the Centre's borrowing figures in October 2025 and April 2026.""], ""rbi_mpr_2026_04_p107_c002"": [""Compare the Centre's borrowing figures in October 2025 and April 2026.""], ""rbi_mpr_2026_04_p107_c003"": [""Compare the Centre's borrowing figures in October 2025 and April 2026.""], ""rbi_mpr_2026_04_p107_c004"": [""Compare the Centre's borrowing figures in October 2025 and April 2026.""], ""rbi_mpr_2026_04_p108_c002"": [""Compare the Centre's borrowing figures in October 2025 and April 2026.""], ""rbi_mpr_2026_04_p109_c004"": [""Compare the Centre's borrowing figures in October 2025 and April 2026.""], ""rbi_mpr_2026_04_p110_c000"": [""Compare the Centre's borrowing figures in October 2025 and April 2026.""], ""rbi_mpr_2026_04_p110_c001"": [""Compare the Centre's borrowing figures in October 2025 and April 2026.""], ""rbi_mpr_2026_04_p111_c000"": [""Compare the Centre's borrowing figures in October 2025 and April 2026.""], ""rbi_mpr_2026_04_p113_c003"": [""Compare the Centre's borrowing figures in October 2025 and April 2026.""], ""rbi_mpr_2026_04_p113_c004"": [""Compare the Centre's borrowing figures in October 2025 and April 2026.""], ""rbi_mpr_2026_04_p115_c003"": [""Compare the Centre's borrowing figures in October 2025 and April 2026.""]}, ""candidate_source_retriever"": {""rbi_mpr_2025_10_p009_c001"": [""bm25"", ""dense""], ""rbi_mpr_2025_10_p009_c002"": [""bm25""], ""rbi_mpr_2025_10_p009_c003"": [""bm25""], ""rbi_mpr_2025_10_p009_c005"": [""bm25"", ""dense""], ""rbi_mpr_2025_10_p010_c000"": [""bm25"", ""dense""], ""rbi_mpr_2025_10_p010_c001"": [""bm25""], ""rbi_mpr_2025_10_p010_c002"": [""bm25"", ""dense""], ""rbi_mpr_2025_10_p010_c005"": [""bm25""], ""rbi_mpr_2025_10_p011_c000"": [""dense""], ""rbi_mpr_2025_10_p011_c002"": [""dense""], ""rbi_mpr_2025_10_p012_c001"": [""bm25""], ""rbi_mpr_2025_10_p013_c000"": [""bm25""], ""rbi_mpr_2025_10_p013_c002"": [""bm25""], ""rbi_mpr_2025_10_p013_c003"": [""bm25"", ""dense""], ""rbi_mpr_2025_10_p013_c004"": [""bm25"", ""dense""], ""rbi_mpr_2025_10_p014_c000"": [""dense""], ""rbi_mpr_2025_10_p014_c001"": [""dense""], ""rbi_mpr_2025_10_p014_c002"": [""dense""], ""rbi_mpr_2025_10_p014_c003"": [""dense""], ""rbi_mpr_2025_10_p015_c003"": [""dense""], ""rbi_mpr_2025_10_p016_c000"": [""dense""], ""rbi_mpr_2025_10_p016_c001"": [""dense""], ""rbi_mpr_2025_10_p017_c004"": [""dense""], ""rbi_mpr_2025_10_p019_c001"": [""dense""], ""rbi_mpr_2025_10_p019_c002"": [""dense""], ""rbi_mpr_2025_10_p024_c000"": [""bm25""], ""rbi_mpr_2025_10_p024_c001"": [""bm25""], ""rbi_mpr_2025_10_p025_c000"": [""bm25""], ""rbi_mpr_2025_10_p030_c000"": [""bm25""], ""rbi_mpr_2025_10_p032_c000"": [""bm25""], ""rbi_mpr_2025_10_p033_c002"": [""dense""], ""rbi_mpr_2025_10_p034_c000"": [""bm25"", ""dense""], ""rbi_mpr_2025_10_p036_c003"": [""bm25""], ""rbi_mpr_2025_10_p037_c003"": [""dense""], ""rbi_mpr_2025_10_p038_c000"": [""bm25"", ""dense""], ""rbi_mpr_2025_10_p040_c000"": [""bm25""], ""rbi_mpr_2025_10_p041_c003"": [""dense""], ""rbi_mpr_2025_10_p042_c000"": [""bm25""], ""rbi_mpr_2025_10_p042_c003"": [""dense""], ""rbi_mpr_2025_10_p043_c001"": [""dense""], ""rbi_mpr_2025_10_p043_c003"": [""dense""], ""rbi_mpr_2025_10_p046_c000"": [""dense""], ""rbi_mpr_2025_10_p047_c000"": [""dense""], ""rbi_mpr_2025_10_p049_c000"": [""dense""], ""rbi_mpr_2025_10_p049_c001"": [""dense""], ""rbi_mpr_2025_10_p049_c003"": [""dense""], ""rbi_mpr_2025_10_p050_c000"": [""dense""], ""rbi_mpr_2025_10_p050_c002"": [""dense""], ""rbi_mpr_2025_10_p052_c000"": [""dense""], ""rbi_mpr_2025_10_p052_c001"": [""dense""], ""rbi_mpr_2025_10_p052_c004"": [""dense""], ""rbi_mpr_2025_10_p054_c003"": [""dense""], ""rbi_mpr_2025_10_p055_c000"": [""bm25""], ""rbi_mpr_2025_10_p060_c000"": [""bm25""], ""rbi_mpr_2025_10_p062_c000"": [""dense""], ""rbi_mpr_2025_10_p063_c000"": [""bm25""], ""rbi_mpr_2025_10_p064_c000"": [""bm25""], ""rbi_mpr_2025_10_p064_c005"": [""bm25""], ""rbi_mpr_2025_10_p066_c000"": [""bm25""], ""rbi_mpr_2025_10_p068_c000"": [""bm25""], ""rbi_mpr_2025_10_p068_c002"": [""dense""], ""rbi_mpr_2025_10_p068_c004"": [""dense""], ""rbi_mpr_2025_10_p071_c001"": [""bm25""], ""rbi_mpr_2025_10_p071_c002"": [""dense""], ""rbi_mpr_2025_10_p072_c000"": [""bm25""], ""rbi_mpr_2025_10_p074_c000"": [""bm25""], ""rbi_mpr_2025_10_p076_c000"": [""bm25""], ""rbi_mpr_2025_10_p078_c000"": [""dense""], ""rbi_mpr_2025_10_p079_c000"": [""bm25""], ""rbi_mpr_2025_10_p080_c001"": [""bm25""], ""rbi_mpr_2025_10_p082_c000"": [""dense""], ""rbi_mpr_2025_10_p084_c000"": [""bm25""], ""rbi_mpr_2025_10_p086_c000"": [""dense""], ""rbi_mpr_2025_10_p087_c000"": [""bm25""], ""rbi_mpr_2025_10_p087_c003"": [""dense""], ""rbi_mpr_2025_10_p090_c000"": [""dense""], ""rbi_mpr_2025_10_p095_c003"": [""bm25""], ""rbi_mpr_2025_10_p096_c000"": [""bm25""], ""rbi_mpr_2025_10_p096_c004"": [""bm25"", ""dense""], ""rbi_mpr_2025_10_p097_c003"": [""bm25"", ""dense""], ""rbi_mpr_2025_10_p097_c004"": [""bm25""], ""rbi_mpr_2025_10_p098_c000"": [""dense""], ""rbi_mpr_2025_10_p098_c002"": [""dense""], ""rbi_mpr_2025_10_p099_c000"": [""bm25""], ""rbi_mpr_2025_10_p099_c001"": [""bm25""], ""rbi_mpr_2025_10_p099_c002"": [""bm25""], ""rbi_mpr_2025_10_p102_c000"": [""bm25""], ""rbi_mpr_2025_10_p103_c001"": [""bm25""], ""rbi_mpr_2025_10_p105_c003"": [""bm25""], ""rbi_mpr_2025_10_p107_c000"": [""bm25""], ""rbi_mpr_2026_04_p005_c001"": [""dense""], ""rbi_mpr_2026_04_p005_c003"": [""bm25""], ""rbi_mpr_2026_04_p007_c001"": [""bm25""], ""rbi_mpr_2026_04_p013_c004"": [""dense""], ""rbi_mpr_2026_04_p014_c000"": [""bm25""], ""rbi_mpr_2026_04_p020_c000"": [""bm25""], ""rbi_mpr_2026_04_p020_c002"": [""bm25""], ""rbi_mpr_2026_04_p021_c001"": [""dense""], ""rbi_mpr_2026_04_p021_c002"": [""bm25"", ""dense""], ""rbi_mpr_2026_04_p023_c000"": [""bm25""], ""rbi_mpr_2026_04_p024_c000"": [""bm25""], ""rbi_mpr_2026_04_p025_c001"": [""dense""], ""rbi_mpr_2026_04_p026_c004"": [""bm25""], ""rbi_mpr_2026_04_p028_c002"": [""bm25""], ""rbi_mpr_2026_04_p028_c003"": [""bm25""], ""rbi_mpr_2026_04_p030_c002"": [""bm25""], ""rbi_mpr_2026_04_p031_c000"": [""bm25""], ""rbi_mpr_2026_04_p044_c002"": [""dense""], ""rbi_mpr_2026_04_p046_c000"": [""bm25""], ""rbi_mpr_2026_04_p049_c003"": [""dense""], ""rbi_mpr_2026_04_p051_c000"": [""dense""], ""rbi_mpr_2026_04_p055_c003"": [""bm25"", ""dense""], ""rbi_mpr_2026_04_p056_c000"": [""bm25"", ""dense""], ""rbi_mpr_2026_04_p057_c000"": [""dense""], ""rbi_mpr_2026_04_p057_c001"": [""dense""], ""rbi_mpr_2026_04_p057_c004"": [""bm25""], ""rbi_mpr_2026_04_p059_c000"": [""dense""], ""rbi_mpr_2026_04_p060_c000"": [""dense""], ""rbi_mpr_2026_04_p062_c000"": [""dense""], ""rbi_mpr_2026_04_p062_c001"": [""dense""], ""rbi_mpr_2026_04_p062_c002"": [""dense""], ""rbi_mpr_2026_04_p063_c000"": [""dense""], ""rbi_mpr_2026_04_p063_c001"": [""dense""], ""rbi_mpr_2026_04_p063_c002"": [""dense""], ""rbi_mpr_2026_04_p063_c003"": [""dense""], ""rbi_mpr_2026_04_p064_c001"": [""dense""], ""rbi_mpr_2026_04_p064_c002"": [""dense""], ""rbi_mpr_2026_04_p065_c000"": [""dense""], ""rbi_mpr_2026_04_p066_c003"": [""dense""], ""rbi_mpr_2026_04_p069_c000"": [""bm25"", ""dense""], ""rbi_mpr_2026_04_p069_c003"": [""bm25""], ""rbi_mpr_2026_04_p069_c004"": [""dense""], ""rbi_mpr_2026_04_p070_c004"": [""dense""], ""rbi_mpr_2026_04_p077_c002"": [""bm25""], ""rbi_mpr_2026_04_p079_c000"": [""bm25""], ""rbi_mpr_2026_04_p079_c001"": [""bm25""], ""rbi_mpr_2026_04_p080_c000"": [""bm25"", ""dense""], ""rbi_mpr_2026_04_p081_c005"": [""bm25""], ""rbi_mpr_2026_04_p082_c000"": [""bm25""], ""rbi_mpr_2026_04_p082_c002"": [""dense""], ""rbi_mpr_2026_04_p084_c000"": [""bm25""], ""rbi_mpr_2026_04_p085_c000"": [""bm25""], ""rbi_mpr_2026_04_p085_c003"": [""bm25""], ""rbi_mpr_2026_04_p085_c004"": [""bm25""], ""rbi_mpr_2026_04_p086_c000"": [""bm25""], ""rbi_mpr_2026_04_p087_c000"": [""bm25""], ""rbi_mpr_2026_04_p090_c000"": [""bm25""], ""rbi_mpr_2026_04_p092_c000"": [""bm25""], ""rbi_mpr_2026_04_p092_c002"": [""bm25""], ""rbi_mpr_2026_04_p094_c004"": [""bm25""], ""rbi_mpr_2026_04_p095_c002"": [""bm25"", ""dense""], ""rbi_mpr_2026_04_p095_c003"": [""bm25"", ""dense""], ""rbi_mpr_2026_04_p095_c004"": [""bm25""], ""rbi_mpr_2026_04_p098_c002"": [""bm25""], ""rbi_mpr_2026_04_p099_c002"": [""bm25""], ""rbi_mpr_2026_04_p100_c000"": [""bm25""], ""rbi_mpr_2026_04_p100_c001"": [""bm25""], ""rbi_mpr_2026_04_p101_c000"": [""dense""], ""rbi_mpr_2026_04_p101_c001"": [""dense""], ""rbi_mpr_2026_04_p102_c000"": [""bm25"", ""dense""], ""rbi_mpr_2026_04_p102_c002"": [""dense""], ""rbi_mpr_2026_04_p102_c004"": [""dense""], ""rbi_mpr_2026_04_p103_c001"": [""bm25""], ""rbi_mpr_2026_04_p103_c003"": [""bm25""], ""rbi_mpr_2026_04_p105_c003"": [""bm25""], ""rbi_mpr_2026_04_p105_c004"": [""dense""], ""rbi_mpr_2026_04_p106_c000"": [""bm25""], ""rbi_mpr_2026_04_p106_c001"": [""bm25"", ""dense""], ""rbi_mpr_2026_04_p107_c000"": [""dense""], ""rbi_mpr_2026_04_p107_c002"": [""dense""], ""rbi_mpr_2026_04_p107_c003"": [""dense""], ""rbi_mpr_2026_04_p107_c004"": [""dense""], ""rbi_mpr_2026_04_p108_c002"": [""dense""], ""rbi_mpr_2026_04_p109_c004"": [""dense""], ""rbi_mpr_2026_04_p110_c000"": [""dense""], ""rbi_mpr_2026_04_p110_c001"": [""dense""], ""rbi_mpr_2026_04_p111_c000"": [""dense""], ""rbi_mpr_2026_04_p113_c003"": [""bm25""], ""rbi_mpr_2026_04_p113_c004"": [""bm25"", ""dense""], ""rbi_mpr_2026_04_p115_c003"": [""dense""]}, ""candidate_union_ids"": [""rbi_mpr_2026_04_p060_c000"", ""rbi_mpr_2026_04_p109_c004"", ""rbi_mpr_2026_04_p095_c003"", ""rbi_mpr_2026_04_p013_c004"", ""rbi_mpr_2026_04_p082_c002"", ""rbi_mpr_2026_04_p063_c000"", ""rbi_mpr_2026_04_p107_c003"", ""rbi_mpr_2026_04_p063_c002"", ""rbi_mpr_2026_04_p059_c000"", ""rbi_mpr_2026_04_p064_c002"", ""rbi_mpr_2026_04_p063_c001"", ""rbi_mpr_2026_04_p044_c002"", ""rbi_mpr_2026_04_p102_c000"", ""rbi_mpr_2026_04_p025_c001"", ""rbi_mpr_2026_04_p111_c000"", ""rbi_mpr_2026_04_p062_c001"", ""rbi_mpr_2026_04_p102_c004"", ""rbi_mpr_2026_04_p106_c001"", ""rbi_mpr_2026_04_p065_c000"", ""rbi_mpr_2026_04_p115_c003"", ""rbi_mpr_2026_04_p095_c002"", ""rbi_mpr_2026_04_p110_c000"", ""rbi_mpr_2026_04_p069_c000"", ""rbi_mpr_2026_04_p066_c003"", ""rbi_mpr_2026_04_p062_c000"", ""rbi_mpr_2026_04_p064_c001"", ""rbi_mpr_2026_04_p108_c002"", ""rbi_mpr_2026_04_p055_c003"", ""rbi_mpr_2026_04_p110_c001"", ""rbi_mpr_2026_04_p107_c004"", ""rbi_mpr_2026_04_p101_c000"", ""rbi_mpr_2026_04_p062_c002"", ""rbi_mpr_2026_04_p080_c000"", ""rbi_mpr_2026_04_p102_c002"", ""rbi_mpr_2026_04_p069_c004"", ""rbi_mpr_2026_04_p070_c004"", ""rbi_mpr_2026_04_p056_c000"", ""rbi_mpr_2026_04_p049_c003"", ""rbi_mpr_2026_04_p101_c001"", ""rbi_mpr_2026_04_p107_c000"", ""rbi_mpr_2026_04_p107_c002"", ""rbi_mpr_2026_04_p051_c000"", ""rbi_mpr_2026_04_p021_c002"", ""rbi_mpr_2026_04_p063_c003"", ""rbi_mpr_2026_04_p005_c001"", ""rbi_mpr_2026_04_p021_c001"", ""rbi_mpr_2026_04_p057_c000"", ""rbi_mpr_2026_04_p057_c001"", ""rbi_mpr_2026_04_p105_c004"", ""rbi_mpr_2026_04_p113_c004"", ""rbi_mpr_2026_04_p105_c003"", ""rbi_mpr_2026_04_p098_c002"", ""rbi_mpr_2026_04_p100_c000"", ""rbi_mpr_2026_04_p099_c002"", ""rbi_mpr_2026_04_p028_c003"", ""rbi_mpr_2026_04_p030_c002"", ""rbi_mpr_2026_04_p005_c003"", ""rbi_mpr_2026_04_p087_c000"", ""rbi_mpr_2026_04_p086_c000"", ""rbi_mpr_2026_04_p084_c000"", ""rbi_mpr_2026_04_p082_c000"", ""rbi_mpr_2026_04_p081_c005"", ""rbi_mpr_2026_04_p020_c000"", ""rbi_mpr_2026_04_p079_c001"", ""rbi_mpr_2026_04_p079_c000"", ""rbi_mpr_2026_04_p100_c001"", ""rbi_mpr_2026_04_p095_c004"", ""rbi_mpr_2026_04_p085_c003"", ""rbi_mpr_2026_04_p085_c000"", ""rbi_mpr_2026_04_p046_c000"", ""rbi_mpr_2026_04_p031_c000"", ""rbi_mpr_2026_04_p020_c002"", ""rbi_mpr_2026_04_p057_c004"", ""rbi_mpr_2026_04_p028_c002"", ""rbi_mpr_2026_04_p103_c001"", ""rbi_mpr_2026_04_p014_c000"", ""rbi_mpr_2026_04_p023_c000"", ""rbi_mpr_2026_04_p069_c003"", ""rbi_mpr_2026_04_p103_c003"", ""rbi_mpr_2026_04_p007_c001"", ""rbi_mpr_2026_04_p090_c000"", ""rbi_mpr_2026_04_p024_c000"", ""rbi_mpr_2026_04_p106_c000"", ""rbi_mpr_2026_04_p094_c004"", ""rbi_mpr_2026_04_p026_c004"", ""rbi_mpr_2026_04_p085_c004"", ""rbi_mpr_2026_04_p092_c002"", ""rbi_mpr_2026_04_p113_c003"", ""rbi_mpr_2026_04_p092_c000"", ""rbi_mpr_2026_04_p077_c002""], ""candidate_union_pages"": [60, 109, 95, 13, 82, 63, 107, 63, 59, 64, 63, 44, 102, 25, 111, 62, 102, 106, 65, 115, 95, 110, 69, 66, 62, 64, 108, 55, 110, 107, 101, 62, 80, 102, 69, 70, 56, 49, 101, 107, 107, 51, 21, 63, 5, 21, 57, 57, 105, 113, 105, 98, 100, 99, 28, 30, 5, 87, 86, 84, 82, 81, 20, 79, 79, 100, 95, 85, 85, 46, 31, 20, 57, 28, 103, 14, 23, 69, 103, 7, 90, 24, 106, 94, 26, 85, 92, 113, 92, 77], ""dense_candidate_ids"": [""rbi_mpr_2026_04_p060_c000"", ""rbi_mpr_2026_04_p109_c004"", ""rbi_mpr_2026_04_p095_c003"", ""rbi_mpr_2026_04_p013_c004"", ""rbi_mpr_2026_04_p082_c002"", ""rbi_mpr_2026_04_p063_c000"", ""rbi_mpr_2026_04_p107_c003"", ""rbi_mpr_2026_04_p063_c002"", ""rbi_mpr_2026_04_p059_c000"", ""rbi_mpr_2026_04_p064_c002"", ""rbi_mpr_2026_04_p063_c001"", ""rbi_mpr_2026_04_p044_c002"", ""rbi_mpr_2026_04_p102_c000"", ""rbi_mpr_2026_04_p025_c001"", ""rbi_mpr_2026_04_p111_c000"", ""rbi_mpr_2026_04_p062_c001"", ""rbi_mpr_2026_04_p102_c004"", ""rbi_mpr_2026_04_p106_c001"", ""rbi_mpr_2026_04_p065_c000"", ""rbi_mpr_2026_04_p115_c003"", ""rbi_mpr_2026_04_p095_c002"", ""rbi_mpr_2026_04_p110_c000"", ""rbi_mpr_2026_04_p069_c000"", ""rbi_mpr_2026_04_p066_c003"", ""rbi_mpr_2026_04_p062_c000"", ""rbi_mpr_2026_04_p064_c001"", ""rbi_mpr_2026_04_p108_c002"", ""rbi_mpr_2026_04_p055_c003"", ""rbi_mpr_2026_04_p110_c001"", ""rbi_mpr_2026_04_p107_c004"", ""rbi_mpr_2026_04_p101_c000"", ""rbi_mpr_2026_04_p062_c002"", ""rbi_mpr_2026_04_p080_c000"", ""rbi_mpr_2026_04_p102_c002"", ""rbi_mpr_2026_04_p069_c004"", ""rbi_mpr_2026_04_p070_c004"", ""rbi_mpr_2026_04_p056_c000"", ""rbi_mpr_2026_04_p049_c003"", ""rbi_mpr_2026_04_p101_c001"", ""rbi_mpr_2026_04_p107_c000"", ""rbi_mpr_2026_04_p107_c002"", ""rbi_mpr_2026_04_p051_c000"", ""rbi_mpr_2026_04_p021_c002"", ""rbi_mpr_2026_04_p063_c003"", ""rbi_mpr_2026_04_p005_c001"", ""rbi_mpr_2026_04_p021_c001"", ""rbi_mpr_2026_04_p057_c000"", ""rbi_mpr_2026_04_p057_c001"", ""rbi_mpr_2026_04_p105_c004"", ""rbi_mpr_2026_04_p113_c004""], ""dense_candidate_pages"": [60, 109, 95, 13, 82, 63, 107, 63, 59, 64, 63, 44, 102, 25, 111, 62, 102, 106, 65, 115, 95, 110, 69, 66, 62, 64, 108, 55, 110, 107, 101, 62, 80, 102, 69, 70, 56, 49, 101, 107, 107, 51, 21, 63, 5, 21, 57, 57, 105, 113], ""dense_candidate_scores"": [0.3249778444171587, 0.31670787409604806, 0.30133135506012154, 0.28198030391592077, 0.28112666164618116, 0.27973986174277865, 0.27651099167835913, 0.2756889595450026, 0.2749867087551141, 0.2698442874746029, 0.26522448711562674, 0.2642653091372158, 0.26033713856230345, 0.25982876327556514, 0.2557478525216492, 0.2553012645148278, 0.2539136216744552, 0.2533594749102339, 0.25331968828523965, 0.25202358839983263, 0.2510125697977533, 0.24977985877250664, 0.24697894780786667, 0.2465633798815493, 0.24017863809433093, 0.2375461459363405, 0.23405655546703252, 0.23286826722011644, 0.23186980837889337, 0.22887299886237467, 0.22848440491910427, 0.22670909536612838, 0.22616379944009446, 0.2253073754783531, 0.22250039536752753, 0.21923030568526425, 0.21805971911472277, 0.21717927144933014, 0.21711301660347104, 0.21503762148909755, 0.21444537397382246, 0.21433655081096736, 0.21321316871075802, 0.21220349880783096, 0.21099059680138454, 0.20520484602520306, 0.20429127093688093, 0.20156554994998432, 0.19893078186217428, 0.19878166631214278], ""dense_first_evidence_rank"": 10, ""evidence_rank_after_reranking"": 1, ""evidence_rank_before_reranking"": 25, ""expected_evidence"": [""gross market borrowings through issuance of dated securities amounted to \u20b914.61 lakh crore""], ""loss_stage"": ""evidence_found"", ""report_id"": ""rbi_mpr_2026_04"", ""reranker_input_ids"": [""rbi_mpr_2026_04_p102_c000"", ""rbi_mpr_2026_04_p095_c002"", ""rbi_mpr_2026_04_p095_c003"", ""rbi_mpr_2026_04_p106_c001"", ""rbi_mpr_2026_04_p069_c000"", ""rbi_mpr_2026_04_p113_c004"", ""rbi_mpr_2026_04_p056_c000"", ""rbi_mpr_2026_04_p055_c003"", ""rbi_mpr_2026_04_p080_c000"", ""rbi_mpr_2026_04_p021_c002"", ""rbi_mpr_2026_04_p060_c000"", ""rbi_mpr_2026_04_p105_c003"", ""rbi_mpr_2026_04_p109_c004"", ""rbi_mpr_2026_04_p098_c002"", ""rbi_mpr_2026_04_p013_c004"", ""rbi_mpr_2026_04_p082_c002"", ""rbi_mpr_2026_04_p100_c000"", ""rbi_mpr_2026_04_p063_c000"", ""rbi_mpr_2026_04_p099_c002"", ""rbi_mpr_2026_04_p107_c003"", ""rbi_mpr_2026_04_p028_c003"", ""rbi_mpr_2026_04_p063_c002"", ""rbi_mpr_2026_04_p059_c000"", ""rbi_mpr_2026_04_p030_c002"", ""rbi_mpr_2026_04_p064_c002"", ""rbi_mpr_2026_04_p005_c003"", ""rbi_mpr_2026_04_p063_c001"", ""rbi_mpr_2026_04_p087_c000"", ""rbi_mpr_2026_04_p044_c002"", ""rbi_mpr_2026_04_p086_c000""], ""reranker_input_pages"": [102, 95, 95, 106, 69, 113, 56, 55, 80, 21, 60, 105, 109, 98, 13, 82, 100, 63, 99, 107, 28, 63, 59, 30, 64, 5, 63, 87, 44, 86], ""reranker_input_ranks"": [1, 2, 3, 4, 5, 6, 7, 8, 9, 10, 11, 12, 13, 14, 15, 16, 17, 18, 19, 20, 21, 22, 23, 24, 25, 26, 27, 28, 29, 30], ""reranker_output_ids"": [""rbi_mpr_2026_04_p064_c002"", ""rbi_mpr_2026_04_p056_c000"", ""rbi_mpr_2026_04_p069_c000"", ""rbi_mpr_2026_04_p102_c000"", ""rbi_mpr_2026_04_p060_c000"", ""rbi_mpr_2026_04_p105_c003"", ""rbi_mpr_2026_04_p109_c004"", ""rbi_mpr_2026_04_p100_c000"", ""rbi_mpr_2026_04_p063_c001"", ""rbi_mpr_2026_04_p106_c001"", ""rbi_mpr_2026_04_p080_c000"", ""rbi_mpr_2026_04_p087_c000"", ""rbi_mpr_2026_04_p030_c002"", ""rbi_mpr_2026_04_p098_c002"", ""rbi_mpr_2026_04_p086_c000"", ""rbi_mpr_2026_04_p063_c000"", ""rbi_mpr_2026_04_p021_c002"", ""rbi_mpr_2026_04_p082_c002"", ""rbi_mpr_2026_04_p095_c002"", ""rbi_mpr_2026_04_p095_c003"", ""rbi_mpr_2026_04_p055_c003"", ""rbi_mpr_2026_04_p099_c002"", ""rbi_mpr_2026_04_p113_c004"", ""rbi_mpr_2026_04_p013_c004"", ""rbi_mpr_2026_04_p005_c003"", ""rbi_mpr_2026_04_p063_c002"", ""rbi_mpr_2026_04_p044_c002"", ""rbi_mpr_2026_04_p028_c003"", ""rbi_mpr_2026_04_p059_c000"", ""rbi_mpr_2026_04_p107_c003""], ""reranker_output_pages"": [64, 56, 69, 102, 60, 105, 109, 100, 63, 106, 80, 87, 30, 98, 86, 63, 21, 82, 95, 95, 55, 99, 113, 13, 5, 63, 44, 28, 59, 107], ""reranker_scores"": [4.823307037353516, 2.81809663772583, 2.715064525604248, 2.463711738586426, 1.7436473369598389, 1.5425028800964355, 0.1906524896621704, 0.18815508484840393, -0.358793169260025, -0.7211509943008423, -0.8200451731681824, -0.97674560546875, -1.0471789836883545, -1.1068257093429565, -1.5347877740859985, -1.6437779664993286, -1.9089131355285645, -1.99700927734375, -2.216460943222046, -2.2614564895629883, -2.4479727745056152, -2.4942407608032227, -2.8785014152526855, -3.3246726989746094, -3.784151077270508, -4.124360084533691, -4.273429870605469, -5.061450958251953, -6.9254326820373535, -9.491965293884277], ""rrf_candidate_ids"": [""rbi_mpr_2026_04_p102_c000"", ""rbi_mpr_2026_04_p095_c002"", ""rbi_mpr_2026_04_p095_c003"", ""rbi_mpr_2026_04_p106_c001"", ""rbi_mpr_2026_04_p069_c000"", ""rbi_mpr_2026_04_p113_c004"", ""rbi_mpr_2026_04_p056_c000"", ""rbi_mpr_2026_04_p055_c003"", ""rbi_mpr_2026_04_p080_c000"", ""rbi_mpr_2026_04_p021_c002"", ""rbi_mpr_2026_04_p060_c000"", ""rbi_mpr_2026_04_p105_c003"", ""rbi_mpr_2026_04_p109_c004"", ""rbi_mpr_2026_04_p098_c002"", ""rbi_mpr_2026_04_p013_c004"", ""rbi_mpr_2026_04_p082_c002"", ""rbi_mpr_2026_04_p100_c000"", ""rbi_mpr_2026_04_p063_c000"", ""rbi_mpr_2026_04_p099_c002"", ""rbi_mpr_2026_04_p107_c003"", ""rbi_mpr_2026_04_p028_c003"", ""rbi_mpr_2026_04_p063_c002"", ""rbi_mpr_2026_04_p059_c000"", ""rbi_mpr_2026_04_p030_c002"", ""rbi_mpr_2026_04_p064_c002"", ""rbi_mpr_2026_04_p005_c003"", ""rbi_mpr_2026_04_p063_c001"", ""rbi_mpr_2026_04_p087_c000"", ""rbi_mpr_2026_04_p044_c002"", ""rbi_mpr_2026_04_p086_c000""], ""rrf_candidate_pages"": [102, 95, 95, 106, 69, 113, 56, 55, 80, 21, 60, 105, 109, 98, 13, 82, 100, 63, 99, 107, 28, 63, 59, 30, 64, 5, 63, 87, 44, 86], ""rrf_first_evidence_rank"": 25, ""rrf_scores"": [0.029571646010002173, 0.02797067901234568, 0.027236652236652236, 0.025015634771732333, 0.024868705591597158, 0.023796791443850267, 0.022809278350515466, 0.02097902097902098, 0.020853698273053112, 0.020235053653551355, 0.01639344262295082, 0.01639344262295082, 0.016129032258064516, 0.016129032258064516, 0.015625, 0.015384615384615385, 0.015384615384615385, 0.015151515151515152, 0.015151515151515152, 0.014925373134328358, 0.014925373134328358, 0.014705882352941176, 0.014492753623188406, 0.014492753623188406, 0.014285714285714285, 0.014285714285714285, 0.014084507042253521, 0.014084507042253521, 0.013888888888888888, 0.013888888888888888], ""selected_chunk_ids_after_dedup"": [""rbi_mpr_2026_04_p064_c002"", ""rbi_mpr_2026_04_p056_c000"", ""rbi_mpr_2026_04_p069_c000""], ""selected_chunk_ids_before_dedup"": [""rbi_mpr_2026_04_p064_c002"", ""rbi_mpr_2026_04_p056_c000"", ""rbi_mpr_2026_04_p069_c000""], ""selected_pages"": [64, 56, 69]}}","{""rbi_mpr_2025_10"": true, ""rbi_mpr_2026_04"": true}","{""rbi_mpr_2025_10"": 1.0, ""rbi_mpr_2026_04"": 1.0}",[],"[""2025"", ""2026""]",0.1387999946018681,pairwise_comparison,cmp_dev_008,"[""Compare""]",0.0,"{""rbi_mpr_2025_10"": 3, ""rbi_mpr_2026_04"": 3}",1.0,"[""rbi_mpr_2025_10"", ""rbi_mpr_2026_04""]",4952.686399992672,0.1432999997632578,5356,6,0.006700007361359894,dev,5036.972400004743,5
False,3.5300000017741695,0.28219999512657523,False,04a5ce7716e7f739c55089569953118657c56d931da37da67b3f680d0125b949,0,0.017399986973032355,bf7cf18e02abb87a6e22fe9b686d8f93fa34ceb3f67abc575741c0a63080b56d,0.2565000031609088,59.04089999967255,0,1453,0.0,[],RRF_K60,[],0.20640000002458692,d063b65fcefc1858e3315b9e67356a80310b8ae9b4d0864e98dd7c18d8553c1a,0.0,Compare growth figures reported in April 2025 and April 2026.,Compare growth figures reported in April 2025 and April 2026.,"{""rbi_mpr_2025_04"": {""accepted_evidence_found"": false, ""accepted_pages"": [13], ""bm25_candidate_ids"": [""rbi_mpr_2025_04_p044_c001"", ""rbi_mpr_2025_04_p044_c002"", ""rbi_mpr_2025_04_p104_c003"", ""rbi_mpr_2025_04_p015_c001"", ""rbi_mpr_2025_04_p099_c002"", ""rbi_mpr_2025_04_p066_c000"", ""rbi_mpr_2025_04_p101_c002"", ""rbi_mpr_2025_04_p068_c000"", ""rbi_mpr_2025_04_p048_c000"", ""rbi_mpr_2025_04_p092_c000"", ""rbi_mpr_2025_04_p024_c000"", ""rbi_mpr_2025_04_p090_c001"", ""rbi_mpr_2025_04_p044_c000"", ""rbi_mpr_2025_04_p020_c000"", ""rbi_mpr_2025_04_p114_c000"", ""rbi_mpr_2025_04_p014_c000"", ""rbi_mpr_2025_04_p100_c000"", ""rbi_mpr_2025_04_p058_c000"", ""rbi_mpr_2025_04_p104_c000"", ""rbi_mpr_2025_04_p022_c000"", ""rbi_mpr_2025_04_p090_c000"", ""rbi_mpr_2025_04_p034_c000"", ""rbi_mpr_2025_04_p069_c004"", ""rbi_mpr_2025_04_p014_c001"", ""rbi_mpr_2025_04_p078_c000"", ""rbi_mpr_2025_04_p101_c001"", ""rbi_mpr_2025_04_p040_c000"", ""rbi_mpr_2025_04_p056_c000"", ""rbi_mpr_2025_04_p038_c000"", ""rbi_mpr_2025_04_p038_c002"", ""rbi_mpr_2025_04_p060_c000"", ""rbi_mpr_2025_04_p092_c001"", ""rbi_mpr_2025_04_p088_c000"", ""rbi_mpr_2025_04_p035_c000"", ""rbi_mpr_2025_04_p032_c000"", ""rbi_mpr_2025_04_p018_c000"", ""rbi_mpr_2025_04_p069_c005"", ""rbi_mpr_2025_04_p070_c000"", ""rbi_mpr_2025_04_p098_c000"", ""rbi_mpr_2025_04_p112_c000"", ""rbi_mpr_2025_04_p036_c000"", ""rbi_mpr_2025_04_p016_c000"", ""rbi_mpr_2025_04_p046_c000"", ""rbi_mpr_2025_04_p030_c000"", ""rbi_mpr_2025_04_p106_c000"", ""rbi_mpr_2025_04_p074_c000"", ""rbi_mpr_2025_04_p042_c000"", ""rbi_mpr_2025_04_p084_c000"", ""rbi_mpr_2025_04_p068_c001"", ""rbi_mpr_2025_04_p062_c000""], ""bm25_candidate_pages"": [44, 44, 104, 15, 99, 66, 101, 68, 48, 92, 24, 90, 44, 20, 114, 14, 100, 58, 104, 22, 90, 34, 69, 14, 78, 101, 40, 56, 38, 38, 60, 92, 88, 35, 32, 18, 69, 70, 98, 112, 36, 16, 46, 30, 106, 74, 42, 84, 68, 62], ""bm25_candidate_scores"": [null, null, null, null, null, null, null, null, null, null, null, null, null, null, null, null, null, null, null, null, null, null, null, null, null, null, null, null, null, null, null, null, null, null, null, null, null, null, null, null, null, null, null, null, null, null, null, null, null, null], ""bm25_first_evidence_rank"": null, ""candidate_source_expansion"": {""rbi_mpr_2025_04_p012_c001"": [], ""rbi_mpr_2025_04_p012_c002"": [], ""rbi_mpr_2025_04_p012_c004"": [], ""rbi_mpr_2025_04_p013_c000"": [], ""rbi_mpr_2025_04_p013_c001"": [], ""rbi_mpr_2025_04_p014_c000"": [], ""rbi_mpr_2025_04_p014_c001"": [], ""rbi_mpr_2025_04_p015_c000"": [], ""rbi_mpr_2025_04_p015_c001"": [], ""rbi_mpr_2025_04_p015_c002"": [], ""rbi_mpr_2025_04_p015_c003"": [], ""rbi_mpr_2025_04_p016_c000"": [], ""rbi_mpr_2025_04_p017_c002"": [], ""rbi_mpr_2025_04_p017_c003"": [], ""rbi_mpr_2025_04_p018_c000"": [], ""rbi_mpr_2025_04_p018_c003"": [], ""rbi_mpr_2025_04_p019_c002"": [], ""rbi_mpr_2025_04_p020_c000"": [], ""rbi_mpr_2025_04_p020_c003"": [], ""rbi_mpr_2025_04_p022_c000"": [], ""rbi_mpr_2025_04_p024_c000"": [], ""rbi_mpr_2025_04_p025_c003"": [], ""rbi_mpr_2025_04_p030_c000"": [], ""rbi_mpr_2025_04_p032_c000"": [], ""rbi_mpr_2025_04_p032_c001"": [], ""rbi_mpr_2025_04_p034_c000"": [], ""rbi_mpr_2025_04_p035_c000"": [], ""rbi_mpr_2025_04_p035_c001"": [], ""rbi_mpr_2025_04_p035_c004"": [], ""rbi_mpr_2025_04_p036_c000"": [], ""rbi_mpr_2025_04_p038_c000"": [], ""rbi_mpr_2025_04_p038_c002"": [], ""rbi_mpr_2025_04_p040_c000"": [], ""rbi_mpr_2025_04_p042_c000"": [], ""rbi_mpr_2025_04_p043_c002"": [], ""rbi_mpr_2025_04_p044_c000"": [], ""rbi_mpr_2025_04_p044_c001"": [], ""rbi_mpr_2025_04_p044_c002"": [], ""rbi_mpr_2025_04_p046_c000"": [], ""rbi_mpr_2025_04_p047_c002"": [], ""rbi_mpr_2025_04_p047_c004"": [], ""rbi_mpr_2025_04_p048_c000"": [], ""rbi_mpr_2025_04_p048_c001"": [], ""rbi_mpr_2025_04_p048_c003"": [], ""rbi_mpr_2025_04_p051_c001"": [], ""rbi_mpr_2025_04_p053_c002"": [], ""rbi_mpr_2025_04_p054_c004"": [], ""rbi_mpr_2025_04_p055_c002"": [], ""rbi_mpr_2025_04_p056_c000"": [], ""rbi_mpr_2025_04_p057_c004"": [], ""rbi_mpr_2025_04_p058_c000"": [], ""rbi_mpr_2025_04_p060_c000"": [], ""rbi_mpr_2025_04_p060_c001"": [], ""rbi_mpr_2025_04_p061_c000"": [], ""rbi_mpr_2025_04_p061_c001"": [], ""rbi_mpr_2025_04_p062_c000"": [], ""rbi_mpr_2025_04_p064_c000"": [], ""rbi_mpr_2025_04_p064_c002"": [], ""rbi_mpr_2025_04_p066_c000"": [], ""rbi_mpr_2025_04_p066_c002"": [], ""rbi_mpr_2025_04_p066_c003"": [], ""rbi_mpr_2025_04_p067_c000"": [], ""rbi_mpr_2025_04_p068_c000"": [], ""rbi_mpr_2025_04_p068_c001"": [], ""rbi_mpr_2025_04_p069_c004"": [], ""rbi_mpr_2025_04_p069_c005"": [], ""rbi_mpr_2025_04_p070_c000"": [], ""rbi_mpr_2025_04_p074_c000"": [], ""rbi_mpr_2025_04_p078_c000"": [], ""rbi_mpr_2025_04_p084_c000"": [], ""rbi_mpr_2025_04_p088_c000"": [], ""rbi_mpr_2025_04_p088_c001"": [], ""rbi_mpr_2025_04_p090_c000"": [], ""rbi_mpr_2025_04_p090_c001"": [], ""rbi_mpr_2025_04_p092_c000"": [], ""rbi_mpr_2025_04_p092_c001"": [], ""rbi_mpr_2025_04_p098_c000"": [], ""rbi_mpr_2025_04_p099_c002"": [], ""rbi_mpr_2025_04_p099_c003"": [], ""rbi_mpr_2025_04_p100_c000"": [], ""rbi_mpr_2025_04_p100_c002"": [], ""rbi_mpr_2025_04_p101_c001"": [], ""rbi_mpr_2025_04_p101_c002"": [], ""rbi_mpr_2025_04_p101_c003"": [], ""rbi_mpr_2025_04_p101_c004"": [], ""rbi_mpr_2025_04_p101_c005"": [], ""rbi_mpr_2025_04_p102_c002"": [], ""rbi_mpr_2025_04_p104_c000"": [], ""rbi_mpr_2025_04_p104_c003"": [], ""rbi_mpr_2025_04_p106_c000"": [], ""rbi_mpr_2025_04_p112_c000"": [], ""rbi_mpr_2025_04_p114_c000"": [], ""rbi_mpr_2026_04_p005_c003"": [], ""rbi_mpr_2026_04_p013_c004"": [], ""rbi_mpr_2026_04_p014_c000"": [], ""rbi_mpr_2026_04_p014_c004"": [], ""rbi_mpr_2026_04_p015_c001"": [], ""rbi_mpr_2026_04_p016_c000"": [], ""rbi_mpr_2026_04_p021_c002"": [], ""rbi_mpr_2026_04_p024_c000"": [], ""rbi_mpr_2026_04_p026_c000"": [], ""rbi_mpr_2026_04_p030_c000"": [], ""rbi_mpr_2026_04_p032_c000"": [], ""rbi_mpr_2026_04_p034_c000"": [], ""rbi_mpr_2026_04_p042_c000"": [], ""rbi_mpr_2026_04_p044_c002"": [], ""rbi_mpr_2026_04_p044_c004"": [], ""rbi_mpr_2026_04_p045_c000"": [], ""rbi_mpr_2026_04_p046_c000"": [], ""rbi_mpr_2026_04_p048_c000"": [], ""rbi_mpr_2026_04_p056_c000"": [], ""rbi_mpr_2026_04_p056_c002"": [], ""rbi_mpr_2026_04_p057_c001"": [], ""rbi_mpr_2026_04_p057_c004"": [], ""rbi_mpr_2026_04_p059_c000"": [], ""rbi_mpr_2026_04_p060_c000"": [], ""rbi_mpr_2026_04_p061_c000"": [], ""rbi_mpr_2026_04_p061_c001"": [], ""rbi_mpr_2026_04_p063_c001"": [], ""rbi_mpr_2026_04_p063_c002"": [], ""rbi_mpr_2026_04_p064_c000"": [], ""rbi_mpr_2026_04_p066_c000"": [], ""rbi_mpr_2026_04_p066_c003"": [], ""rbi_mpr_2026_04_p072_c001"": [], ""rbi_mpr_2026_04_p072_c003"": [], ""rbi_mpr_2026_04_p072_c004"": [], ""rbi_mpr_2026_04_p073_c000"": [], ""rbi_mpr_2026_04_p073_c001"": [], ""rbi_mpr_2026_04_p073_c002"": [], ""rbi_mpr_2026_04_p074_c000"": [], ""rbi_mpr_2026_04_p075_c000"": [], ""rbi_mpr_2026_04_p075_c002"": [], ""rbi_mpr_2026_04_p076_c000"": [], ""rbi_mpr_2026_04_p076_c002"": [], ""rbi_mpr_2026_04_p076_c003"": [], ""rbi_mpr_2026_04_p077_c002"": [], ""rbi_mpr_2026_04_p077_c003"": [], ""rbi_mpr_2026_04_p078_c000"": [], ""rbi_mpr_2026_04_p080_c000"": [], ""rbi_mpr_2026_04_p082_c000"": [], ""rbi_mpr_2026_04_p082_c002"": [], ""rbi_mpr_2026_04_p084_c000"": [], ""rbi_mpr_2026_04_p084_c002"": [], ""rbi_mpr_2026_04_p085_c000"": [], ""rbi_mpr_2026_04_p085_c002"": [], ""rbi_mpr_2026_04_p085_c003"": [], ""rbi_mpr_2026_04_p086_c000"": [], ""rbi_mpr_2026_04_p086_c002"": [], ""rbi_mpr_2026_04_p087_c000"": [], ""rbi_mpr_2026_04_p090_c000"": [], ""rbi_mpr_2026_04_p092_c000"": [], ""rbi_mpr_2026_04_p092_c002"": [], ""rbi_mpr_2026_04_p094_c000"": [], ""rbi_mpr_2026_04_p095_c002"": [], ""rbi_mpr_2026_04_p095_c003"": [], ""rbi_mpr_2026_04_p095_c004"": [], ""rbi_mpr_2026_04_p096_c000"": [], ""rbi_mpr_2026_04_p096_c001"": [], ""rbi_mpr_2026_04_p098_c002"": [], ""rbi_mpr_2026_04_p099_c002"": [], ""rbi_mpr_2026_04_p100_c000"": [], ""rbi_mpr_2026_04_p101_c000"": [], ""rbi_mpr_2026_04_p101_c001"": [], ""rbi_mpr_2026_04_p102_c000"": [], ""rbi_mpr_2026_04_p102_c002"": [], ""rbi_mpr_2026_04_p102_c003"": [], ""rbi_mpr_2026_04_p102_c004"": [], ""rbi_mpr_2026_04_p103_c000"": [], ""rbi_mpr_2026_04_p105_c003"": [], ""rbi_mpr_2026_04_p106_c000"": [], ""rbi_mpr_2026_04_p106_c001"": [], ""rbi_mpr_2026_04_p107_c000"": [], ""rbi_mpr_2026_04_p107_c003"": [], ""rbi_mpr_2026_04_p108_c000"": [], ""rbi_mpr_2026_04_p108_c002"": [], ""rbi_mpr_2026_04_p109_c004"": [], ""rbi_mpr_2026_04_p110_c000"": [], ""rbi_mpr_2026_04_p110_c001"": [], ""rbi_mpr_2026_04_p111_c000"": [], ""rbi_mpr_2026_04_p111_c001"": [], ""rbi_mpr_2026_04_p111_c003"": [], ""rbi_mpr_2026_04_p112_c000"": [], ""rbi_mpr_2026_04_p113_c003"": [], ""rbi_mpr_2026_04_p115_c003"": [], ""rbi_mpr_2026_04_p116_c000"": []}, ""candidate_source_facet"": {""rbi_mpr_2025_04_p012_c001"": [], ""rbi_mpr_2025_04_p012_c002"": [], ""rbi_mpr_2025_04_p012_c004"": [], ""rbi_mpr_2025_04_p013_c000"": [], ""rbi_mpr_2025_04_p013_c001"": [], ""rbi_mpr_2025_04_p014_c000"": [], ""rbi_mpr_2025_04_p014_c001"": [], ""rbi_mpr_2025_04_p015_c000"": [], ""rbi_mpr_2025_04_p015_c001"": [], ""rbi_mpr_2025_04_p015_c002"": [], ""rbi_mpr_2025_04_p015_c003"": [], ""rbi_mpr_2025_04_p016_c000"": [], ""rbi_mpr_2025_04_p017_c002"": [], ""rbi_mpr_2025_04_p017_c003"": [], ""rbi_mpr_2025_04_p018_c000"": [], ""rbi_mpr_2025_04_p018_c003"": [], ""rbi_mpr_2025_04_p019_c002"": [], ""rbi_mpr_2025_04_p020_c000"": [], ""rbi_mpr_2025_04_p020_c003"": [], ""rbi_mpr_2025_04_p022_c000"": [], ""rbi_mpr_2025_04_p024_c000"": [], ""rbi_mpr_2025_04_p025_c003"": [], ""rbi_mpr_2025_04_p030_c000"": [], ""rbi_mpr_2025_04_p032_c000"": [], ""rbi_mpr_2025_04_p032_c001"": [], ""rbi_mpr_2025_04_p034_c000"": [], ""rbi_mpr_2025_04_p035_c000"": [], ""rbi_mpr_2025_04_p035_c001"": [], ""rbi_mpr_2025_04_p035_c004"": [], ""rbi_mpr_2025_04_p036_c000"": [], ""rbi_mpr_2025_04_p038_c000"": [], ""rbi_mpr_2025_04_p038_c002"": [], ""rbi_mpr_2025_04_p040_c000"": [], ""rbi_mpr_2025_04_p042_c000"": [], ""rbi_mpr_2025_04_p043_c002"": [], ""rbi_mpr_2025_04_p044_c000"": [], ""rbi_mpr_2025_04_p044_c001"": [], ""rbi_mpr_2025_04_p044_c002"": [], ""rbi_mpr_2025_04_p046_c000"": [], ""rbi_mpr_2025_04_p047_c002"": [], ""rbi_mpr_2025_04_p047_c004"": [], ""rbi_mpr_2025_04_p048_c000"": [], ""rbi_mpr_2025_04_p048_c001"": [], ""rbi_mpr_2025_04_p048_c003"": [], ""rbi_mpr_2025_04_p051_c001"": [], ""rbi_mpr_2025_04_p053_c002"": [], ""rbi_mpr_2025_04_p054_c004"": [], ""rbi_mpr_2025_04_p055_c002"": [], ""rbi_mpr_2025_04_p056_c000"": [], ""rbi_mpr_2025_04_p057_c004"": [], ""rbi_mpr_2025_04_p058_c000"": [], ""rbi_mpr_2025_04_p060_c000"": [], ""rbi_mpr_2025_04_p060_c001"": [], ""rbi_mpr_2025_04_p061_c000"": [], ""rbi_mpr_2025_04_p061_c001"": [], ""rbi_mpr_2025_04_p062_c000"": [], ""rbi_mpr_2025_04_p064_c000"": [], ""rbi_mpr_2025_04_p064_c002"": [], ""rbi_mpr_2025_04_p066_c000"": [], ""rbi_mpr_2025_04_p066_c002"": [], ""rbi_mpr_2025_04_p066_c003"": [], ""rbi_mpr_2025_04_p067_c000"": [], ""rbi_mpr_2025_04_p068_c000"": [], ""rbi_mpr_2025_04_p068_c001"": [], ""rbi_mpr_2025_04_p069_c004"": [], ""rbi_mpr_2025_04_p069_c005"": [], ""rbi_mpr_2025_04_p070_c000"": [], ""rbi_mpr_2025_04_p074_c000"": [], ""rbi_mpr_2025_04_p078_c000"": [], ""rbi_mpr_2025_04_p084_c000"": [], ""rbi_mpr_2025_04_p088_c000"": [], ""rbi_mpr_2025_04_p088_c001"": [], ""rbi_mpr_2025_04_p090_c000"": [], ""rbi_mpr_2025_04_p090_c001"": [], ""rbi_mpr_2025_04_p092_c000"": [], ""rbi_mpr_2025_04_p092_c001"": [], ""rbi_mpr_2025_04_p098_c000"": [], ""rbi_mpr_2025_04_p099_c002"": [], ""rbi_mpr_2025_04_p099_c003"": [], ""rbi_mpr_2025_04_p100_c000"": [], ""rbi_mpr_2025_04_p100_c002"": [], ""rbi_mpr_2025_04_p101_c001"": [], ""rbi_mpr_2025_04_p101_c002"": [], ""rbi_mpr_2025_04_p101_c003"": [], ""rbi_mpr_2025_04_p101_c004"": [], ""rbi_mpr_2025_04_p101_c005"": [], ""rbi_mpr_2025_04_p102_c002"": [], ""rbi_mpr_2025_04_p104_c000"": [], ""rbi_mpr_2025_04_p104_c003"": [], ""rbi_mpr_2025_04_p106_c000"": [], ""rbi_mpr_2025_04_p112_c000"": [], ""rbi_mpr_2025_04_p114_c000"": [], ""rbi_mpr_2026_04_p005_c003"": [], ""rbi_mpr_2026_04_p013_c004"": [], ""rbi_mpr_2026_04_p014_c000"": [], ""rbi_mpr_2026_04_p014_c004"": [], ""rbi_mpr_2026_04_p015_c001"": [], ""rbi_mpr_2026_04_p016_c000"": [], ""rbi_mpr_2026_04_p021_c002"": [], ""rbi_mpr_2026_04_p024_c000"": [], ""rbi_mpr_2026_04_p026_c000"": [], ""rbi_mpr_2026_04_p030_c000"": [], ""rbi_mpr_2026_04_p032_c000"": [], ""rbi_mpr_2026_04_p034_c000"": [], ""rbi_mpr_2026_04_p042_c000"": [], ""rbi_mpr_2026_04_p044_c002"": [], ""rbi_mpr_2026_04_p044_c004"": [], ""rbi_mpr_2026_04_p045_c000"": [], ""rbi_mpr_2026_04_p046_c000"": [], ""rbi_mpr_2026_04_p048_c000"": [], ""rbi_mpr_2026_04_p056_c000"": [], ""rbi_mpr_2026_04_p056_c002"": [], ""rbi_mpr_2026_04_p057_c001"": [], ""rbi_mpr_2026_04_p057_c004"": [], ""rbi_mpr_2026_04_p059_c000"": [], ""rbi_mpr_2026_04_p060_c000"": [], ""rbi_mpr_2026_04_p061_c000"": [], ""rbi_mpr_2026_04_p061_c001"": [], ""rbi_mpr_2026_04_p063_c001"": [], ""rbi_mpr_2026_04_p063_c002"": [], ""rbi_mpr_2026_04_p064_c000"": [], ""rbi_mpr_2026_04_p066_c000"": [], ""rbi_mpr_2026_04_p066_c003"": [], ""rbi_mpr_2026_04_p072_c001"": [], ""rbi_mpr_2026_04_p072_c003"": [], ""rbi_mpr_2026_04_p072_c004"": [], ""rbi_mpr_2026_04_p073_c000"": [], ""rbi_mpr_2026_04_p073_c001"": [], ""rbi_mpr_2026_04_p073_c002"": [], ""rbi_mpr_2026_04_p074_c000"": [], ""rbi_mpr_2026_04_p075_c000"": [], ""rbi_mpr_2026_04_p075_c002"": [], ""rbi_mpr_2026_04_p076_c000"": [], ""rbi_mpr_2026_04_p076_c002"": [], ""rbi_mpr_2026_04_p076_c003"": [], ""rbi_mpr_2026_04_p077_c002"": [], ""rbi_mpr_2026_04_p077_c003"": [], ""rbi_mpr_2026_04_p078_c000"": [], ""rbi_mpr_2026_04_p080_c000"": [], ""rbi_mpr_2026_04_p082_c000"": [], ""rbi_mpr_2026_04_p082_c002"": [], ""rbi_mpr_2026_04_p084_c000"": [], ""rbi_mpr_2026_04_p084_c002"": [], ""rbi_mpr_2026_04_p085_c000"": [], ""rbi_mpr_2026_04_p085_c002"": [], ""rbi_mpr_2026_04_p085_c003"": [], ""rbi_mpr_2026_04_p086_c000"": [], ""rbi_mpr_2026_04_p086_c002"": [], ""rbi_mpr_2026_04_p087_c000"": [], ""rbi_mpr_2026_04_p090_c000"": [], ""rbi_mpr_2026_04_p092_c000"": [], ""rbi_mpr_2026_04_p092_c002"": [], ""rbi_mpr_2026_04_p094_c000"": [], ""rbi_mpr_2026_04_p095_c002"": [], ""rbi_mpr_2026_04_p095_c003"": [], ""rbi_mpr_2026_04_p095_c004"": [], ""rbi_mpr_2026_04_p096_c000"": [], ""rbi_mpr_2026_04_p096_c001"": [], ""rbi_mpr_2026_04_p098_c002"": [], ""rbi_mpr_2026_04_p099_c002"": [], ""rbi_mpr_2026_04_p100_c000"": [], ""rbi_mpr_2026_04_p101_c000"": [], ""rbi_mpr_2026_04_p101_c001"": [], ""rbi_mpr_2026_04_p102_c000"": [], ""rbi_mpr_2026_04_p102_c002"": [], ""rbi_mpr_2026_04_p102_c003"": [], ""rbi_mpr_2026_04_p102_c004"": [], ""rbi_mpr_2026_04_p103_c000"": [], ""rbi_mpr_2026_04_p105_c003"": [], ""rbi_mpr_2026_04_p106_c000"": [], ""rbi_mpr_2026_04_p106_c001"": [], ""rbi_mpr_2026_04_p107_c000"": [], ""rbi_mpr_2026_04_p107_c003"": [], ""rbi_mpr_2026_04_p108_c000"": [], ""rbi_mpr_2026_04_p108_c002"": [], ""rbi_mpr_2026_04_p109_c004"": [], ""rbi_mpr_2026_04_p110_c000"": [], ""rbi_mpr_2026_04_p110_c001"": [], ""rbi_mpr_2026_04_p111_c000"": [], ""rbi_mpr_2026_04_p111_c001"": [], ""rbi_mpr_2026_04_p111_c003"": [], ""rbi_mpr_2026_04_p112_c000"": [], ""rbi_mpr_2026_04_p113_c003"": [], ""rbi_mpr_2026_04_p115_c003"": [], ""rbi_mpr_2026_04_p116_c000"": []}, ""candidate_source_query"": {""rbi_mpr_2025_04_p012_c001"": [""Compare growth figures reported in April 2025 and April 2026.""], ""rbi_mpr_2025_04_p012_c002"": [""Compare growth figures reported in April 2025 and April 2026.""], ""rbi_mpr_2025_04_p012_c004"": [""Compare growth figures reported in April 2025 and April 2026.""], ""rbi_mpr_2025_04_p013_c000"": [""Compare growth figures reported in April 2025 and April 2026.""], ""rbi_mpr_2025_04_p013_c001"": [""Compare growth figures reported in April 2025 and April 2026.""], ""rbi_mpr_2025_04_p014_c000"": [""Compare growth figures reported in April 2025 and April 2026.""], ""rbi_mpr_2025_04_p014_c001"": [""Compare growth figures reported in April 2025 and April 2026.""], ""rbi_mpr_2025_04_p015_c000"": [""Compare growth figures reported in April 2025 and April 2026.""], ""rbi_mpr_2025_04_p015_c001"": [""Compare growth figures reported in April 2025 and April 2026.""], ""rbi_mpr_2025_04_p015_c002"": [""Compare growth figures reported in April 2025 and April 2026.""], ""rbi_mpr_2025_04_p015_c003"": [""Compare growth figures reported in April 2025 and April 2026.""], ""rbi_mpr_2025_04_p016_c000"": [""Compare growth figures reported in April 2025 and April 2026.""], ""rbi_mpr_2025_04_p017_c002"": [""Compare growth figures reported in April 2025 and April 2026.""], ""rbi_mpr_2025_04_p017_c003"": [""Compare growth figures reported in April 2025 and April 2026.""], ""rbi_mpr_2025_04_p018_c000"": [""Compare growth figures reported in April 2025 and April 2026.""], ""rbi_mpr_2025_04_p018_c003"": [""Compare growth figures reported in April 2025 and April 2026.""], ""rbi_mpr_2025_04_p019_c002"": [""Compare growth figures reported in April 2025 and April 2026.""], ""rbi_mpr_2025_04_p020_c000"": [""Compare growth figures reported in April 2025 and April 2026.""], ""rbi_mpr_2025_04_p020_c003"": [""Compare growth figures reported in April 2025 and April 2026.""], ""rbi_mpr_2025_04_p022_c000"": [""Compare growth figures reported in April 2025 and April 2026.""], ""rbi_mpr_2025_04_p024_c000"": [""Compare growth figures reported in April 2025 and April 2026.""], ""rbi_mpr_2025_04_p025_c003"": [""Compare growth figures reported in April 2025 and April 2026.""], ""rbi_mpr_2025_04_p030_c000"": [""Compare growth figures reported in April 2025 and April 2026.""], ""rbi_mpr_2025_04_p032_c000"": [""Compare growth figures reported in April 2025 and April 2026.""], ""rbi_mpr_2025_04_p032_c001"": [""Compare growth figures reported in April 2025 and April 2026.""], ""rbi_mpr_2025_04_p034_c000"": [""Compare growth figures reported in April 2025 and April 2026.""], ""rbi_mpr_2025_04_p035_c000"": [""Compare growth figures reported in April 2025 and April 2026.""], ""rbi_mpr_2025_04_p035_c001"": [""Compare growth figures reported in April 2025 and April 2026.""], ""rbi_mpr_2025_04_p035_c004"": [""Compare growth figures reported in April 2025 and April 2026.""], ""rbi_mpr_2025_04_p036_c000"": [""Compare growth figures reported in April 2025 and April 2026.""], ""rbi_mpr_2025_04_p038_c000"": [""Compare growth figures reported in April 2025 and April 2026.""], ""rbi_mpr_2025_04_p038_c002"": [""Compare growth figures reported in April 2025 and April 2026.""], ""rbi_mpr_2025_04_p040_c000"": [""Compare growth figures reported in April 2025 and April 2026.""], ""rbi_mpr_2025_04_p042_c000"": [""Compare growth figures reported in April 2025 and April 2026.""], ""rbi_mpr_2025_04_p043_c002"": [""Compare growth figures reported in April 2025 and April 2026.""], ""rbi_mpr_2025_04_p044_c000"": [""Compare growth figures reported in April 2025 and April 2026.""], ""rbi_mpr_2025_04_p044_c001"": [""Compare growth figures reported in April 2025 and April 2026.""], ""rbi_mpr_2025_04_p044_c002"": [""Compare growth figures reported in April 2025 and April 2026.""], ""rbi_mpr_2025_04_p046_c000"": [""Compare growth figures reported in April 2025 and April 2026.""], ""rbi_mpr_2025_04_p047_c002"": [""Compare growth figures reported in April 2025 and April 2026.""], ""rbi_mpr_2025_04_p047_c004"": [""Compare growth figures reported in April 2025 and April 2026.""], ""rbi_mpr_2025_04_p048_c000"": [""Compare growth figures reported in April 2025 and April 2026.""], ""rbi_mpr_2025_04_p048_c001"": [""Compare growth figures reported in April 2025 and April 2026.""], ""rbi_mpr_2025_04_p048_c003"": [""Compare growth figures reported in April 2025 and April 2026.""], ""rbi_mpr_2025_04_p051_c001"": [""Compare growth figures reported in April 2025 and April 2026.""], ""rbi_mpr_2025_04_p053_c002"": [""Compare growth figures reported in April 2025 and April 2026.""], ""rbi_mpr_2025_04_p054_c004"": [""Compare growth figures reported in April 2025 and April 2026.""], ""rbi_mpr_2025_04_p055_c002"": [""Compare growth figures reported in April 2025 and April 2026.""], ""rbi_mpr_2025_04_p056_c000"": [""Compare growth figures reported in April 2025 and April 2026.""], ""rbi_mpr_2025_04_p057_c004"": [""Compare growth figures reported in April 2025 and April 2026.""], ""rbi_mpr_2025_04_p058_c000"": [""Compare growth figures reported in April 2025 and April 2026.""], ""rbi_mpr_2025_04_p060_c000"": [""Compare growth figures reported in April 2025 and April 2026.""], ""rbi_mpr_2025_04_p060_c001"": [""Compare growth figures reported in April 2025 and April 2026.""], ""rbi_mpr_2025_04_p061_c000"": [""Compare growth figures reported in April 2025 and April 2026.""], ""rbi_mpr_2025_04_p061_c001"": [""Compare growth figures reported in April 2025 and April 2026.""], ""rbi_mpr_2025_04_p062_c000"": [""Compare growth figures reported in April 2025 and April 2026.""], ""rbi_mpr_2025_04_p064_c000"": [""Compare growth figures reported in April 2025 and April 2026.""], ""rbi_mpr_2025_04_p064_c002"": [""Compare growth figures reported in April 2025 and April 2026.""], ""rbi_mpr_2025_04_p066_c000"": [""Compare growth figures reported in April 2025 and April 2026.""], ""rbi_mpr_2025_04_p066_c002"": [""Compare growth figures reported in April 2025 and April 2026.""], ""rbi_mpr_2025_04_p066_c003"": [""Compare growth figures reported in April 2025 and April 2026.""], ""rbi_mpr_2025_04_p067_c000"": [""Compare growth figures reported in April 2025 and April 2026.""], ""rbi_mpr_2025_04_p068_c000"": [""Compare growth figures reported in April 2025 and April 2026.""], ""rbi_mpr_2025_04_p068_c001"": [""Compare growth figures reported in April 2025 and April 2026.""], ""rbi_mpr_2025_04_p069_c004"": [""Compare growth figures reported in April 2025 and April 2026.""], ""rbi_mpr_2025_04_p069_c005"": [""Compare growth figures reported in April 2025 and April 2026.""], ""rbi_mpr_2025_04_p070_c000"": [""Compare growth figures reported in April 2025 and April 2026.""], ""rbi_mpr_2025_04_p074_c000"": [""Compare growth figures reported in April 2025 and April 2026.""], ""rbi_mpr_2025_04_p078_c000"": [""Compare growth figures reported in April 2025 and April 2026.""], ""rbi_mpr_2025_04_p084_c000"": [""Compare growth figures reported in April 2025 and April 2026.""], ""rbi_mpr_2025_04_p088_c000"": [""Compare growth figures reported in April 2025 and April 2026.""], ""rbi_mpr_2025_04_p088_c001"": [""Compare growth figures reported in April 2025 and April 2026.""], ""rbi_mpr_2025_04_p090_c000"": [""Compare growth figures reported in April 2025 and April 2026.""], ""rbi_mpr_2025_04_p090_c001"": [""Compare growth figures reported in April 2025 and April 2026.""], ""rbi_mpr_2025_04_p092_c000"": [""Compare growth figures reported in April 2025 and April 2026.""], ""rbi_mpr_2025_04_p092_c001"": [""Compare growth figures reported in April 2025 and April 2026.""], ""rbi_mpr_2025_04_p098_c000"": [""Compare growth figures reported in April 2025 and April 2026.""], ""rbi_mpr_2025_04_p099_c002"": [""Compare growth figures reported in April 2025 and April 2026.""], ""rbi_mpr_2025_04_p099_c003"": [""Compare growth figures reported in April 2025 and April 2026.""], ""rbi_mpr_2025_04_p100_c000"": [""Compare growth figures reported in April 2025 and April 2026.""], ""rbi_mpr_2025_04_p100_c002"": [""Compare growth figures reported in April 2025 and April 2026.""], ""rbi_mpr_2025_04_p101_c001"": [""Compare growth figures reported in April 2025 and April 2026.""], ""rbi_mpr_2025_04_p101_c002"": [""Compare growth figures reported in April 2025 and April 2026.""], ""rbi_mpr_2025_04_p101_c003"": [""Compare growth figures reported in April 2025 and April 2026.""], ""rbi_mpr_2025_04_p101_c004"": [""Compare growth figures reported in April 2025 and April 2026.""], ""rbi_mpr_2025_04_p101_c005"": [""Compare growth figures reported in April 2025 and April 2026.""], ""rbi_mpr_2025_04_p102_c002"": [""Compare growth figures reported in April 2025 and April 2026.""], ""rbi_mpr_2025_04_p104_c000"": [""Compare growth figures reported in April 2025 and April 2026.""], ""rbi_mpr_2025_04_p104_c003"": [""Compare growth figures reported in April 2025 and April 2026.""], ""rbi_mpr_2025_04_p106_c000"": [""Compare growth figures reported in April 2025 and April 2026.""], ""rbi_mpr_2025_04_p112_c000"": [""Compare growth figures reported in April 2025 and April 2026.""], ""rbi_mpr_2025_04_p114_c000"": [""Compare growth figures reported in April 2025 and April 2026.""], ""rbi_mpr_2026_04_p005_c003"": [""Compare growth figures reported in April 2025 and April 2026.""], ""rbi_mpr_2026_04_p013_c004"": [""Compare growth figures reported in April 2025 and April 2026.""], ""rbi_mpr_2026_04_p014_c000"": [""Compare growth figures reported in April 2025 and April 2026.""], ""rbi_mpr_2026_04_p014_c004"": [""Compare growth figures reported in April 2025 and April 2026.""], ""rbi_mpr_2026_04_p015_c001"": [""Compare growth figures reported in April 2025 and April 2026.""], ""rbi_mpr_2026_04_p016_c000"": [""Compare growth figures reported in April 2025 and April 2026.""], ""rbi_mpr_2026_04_p021_c002"": [""Compare growth figures reported in April 2025 and April 2026.""], ""rbi_mpr_2026_04_p024_c000"": [""Compare growth figures reported in April 2025 and April 2026.""], ""rbi_mpr_2026_04_p026_c000"": [""Compare growth figures reported in April 2025 and April 2026.""], ""rbi_mpr_2026_04_p030_c000"": [""Compare growth figures reported in April 2025 and April 2026.""], ""rbi_mpr_2026_04_p032_c000"": [""Compare growth figures reported in April 2025 and April 2026.""], ""rbi_mpr_2026_04_p034_c000"": [""Compare growth figures reported in April 2025 and April 2026.""], ""rbi_mpr_2026_04_p042_c000"": [""Compare growth figures reported in April 2025 and April 2026.""], ""rbi_mpr_2026_04_p044_c002"": [""Compare growth figures reported in April 2025 and April 2026.""], ""rbi_mpr_2026_04_p044_c004"": [""Compare growth figures reported in April 2025 and April 2026.""], ""rbi_mpr_2026_04_p045_c000"": [""Compare growth figures reported in April 2025 and April 2026.""], ""rbi_mpr_2026_04_p046_c000"": [""Compare growth figures reported in April 2025 and April 2026.""], ""rbi_mpr_2026_04_p048_c000"": [""Compare growth figures reported in April 2025 and April 2026.""], ""rbi_mpr_2026_04_p056_c000"": [""Compare growth figures reported in April 2025 and April 2026.""], ""rbi_mpr_2026_04_p056_c002"": [""Compare growth figures reported in April 2025 and April 2026.""], ""rbi_mpr_2026_04_p057_c001"": [""Compare growth figures reported in April 2025 and April 2026.""], ""rbi_mpr_2026_04_p057_c004"": [""Compare growth figures reported in April 2025 and April 2026.""], ""rbi_mpr_2026_04_p059_c000"": [""Compare growth figures reported in April 2025 and April 2026.""], ""rbi_mpr_2026_04_p060_c000"": [""Compare growth figures reported in April 2025 and April 2026.""], ""rbi_mpr_2026_04_p061_c000"": [""Compare growth figures reported in April 2025 and April 2026.""], ""rbi_mpr_2026_04_p061_c001"": [""Compare growth figures reported in April 2025 and April 2026.""], ""rbi_mpr_2026_04_p063_c001"": [""Compare growth figures reported in April 2025 and April 2026.""], ""rbi_mpr_2026_04_p063_c002"": [""Compare growth figures reported in April 2025 and April 2026.""], ""rbi_mpr_2026_04_p064_c000"": [""Compare growth figures reported in April 2025 and April 2026.""], ""rbi_mpr_2026_04_p066_c000"": [""Compare growth figures reported in April 2025 and April 2026.""], ""rbi_mpr_2026_04_p066_c003"": [""Compare growth figures reported in April 2025 and April 2026.""], ""rbi_mpr_2026_04_p072_c001"": [""Compare growth figures reported in April 2025 and April 2026.""], ""rbi_mpr_2026_04_p072_c003"": [""Compare growth figures reported in April 2025 and April 2026.""], ""rbi_mpr_2026_04_p072_c004"": [""Compare growth figures reported in April 2025 and April 2026.""], ""rbi_mpr_2026_04_p073_c000"": [""Compare growth figures reported in April 2025 and April 2026.""], ""rbi_mpr_2026_04_p073_c001"": [""Compare growth figures reported in April 2025 and April 2026.""], ""rbi_mpr_2026_04_p073_c002"": [""Compare growth figures reported in April 2025 and April 2026.""], ""rbi_mpr_2026_04_p074_c000"": [""Compare growth figures reported in April 2025 and April 2026.""], ""rbi_mpr_2026_04_p075_c000"": [""Compare growth figures reported in April 2025 and April 2026.""], ""rbi_mpr_2026_04_p075_c002"": [""Compare growth figures reported in April 2025 and April 2026.""], ""rbi_mpr_2026_04_p076_c000"": [""Compare growth figures reported in April 2025 and April 2026.""], ""rbi_mpr_2026_04_p076_c002"": [""Compare growth figures reported in April 2025 and April 2026.""], ""rbi_mpr_2026_04_p076_c003"": [""Compare growth figures reported in April 2025 and April 2026.""], ""rbi_mpr_2026_04_p077_c002"": [""Compare growth figures reported in April 2025 and April 2026.""], ""rbi_mpr_2026_04_p077_c003"": [""Compare growth figures reported in April 2025 and April 2026.""], ""rbi_mpr_2026_04_p078_c000"": [""Compare growth figures reported in April 2025 and April 2026.""], ""rbi_mpr_2026_04_p080_c000"": [""Compare growth figures reported in April 2025 and April 2026.""], ""rbi_mpr_2026_04_p082_c000"": [""Compare growth figures reported in April 2025 and April 2026.""], ""rbi_mpr_2026_04_p082_c002"": [""Compare growth figures reported in April 2025 and April 2026.""], ""rbi_mpr_2026_04_p084_c000"": [""Compare growth figures reported in April 2025 and April 2026.""], ""rbi_mpr_2026_04_p084_c002"": [""Compare growth figures reported in April 2025 and April 2026.""], ""rbi_mpr_2026_04_p085_c000"": [""Compare growth figures reported in April 2025 and April 2026.""], ""rbi_mpr_2026_04_p085_c002"": [""Compare growth figures reported in April 2025 and April 2026.""], ""rbi_mpr_2026_04_p085_c003"": [""Compare growth figures reported in April 2025 and April 2026.""], ""rbi_mpr_2026_04_p086_c000"": [""Compare growth figures reported in April 2025 and April 2026.""], ""rbi_mpr_2026_04_p086_c002"": [""Compare growth figures reported in April 2025 and April 2026.""], ""rbi_mpr_2026_04_p087_c000"": [""Compare growth figures reported in April 2025 and April 2026.""], ""rbi_mpr_2026_04_p090_c000"": [""Compare growth figures reported in April 2025 and April 2026.""], ""rbi_mpr_2026_04_p092_c000"": [""Compare growth figures reported in April 2025 and April 2026.""], ""rbi_mpr_2026_04_p092_c002"": [""Compare growth figures reported in April 2025 and April 2026.""], ""rbi_mpr_2026_04_p094_c000"": [""Compare growth figures reported in April 2025 and April 2026.""], ""rbi_mpr_2026_04_p095_c002"": [""Compare growth figures reported in April 2025 and April 2026.""], ""rbi_mpr_2026_04_p095_c003"": [""Compare growth figures reported in April 2025 and April 2026.""], ""rbi_mpr_2026_04_p095_c004"": [""Compare growth figures reported in April 2025 and April 2026.""], ""rbi_mpr_2026_04_p096_c000"": [""Compare growth figures reported in April 2025 and April 2026.""], ""rbi_mpr_2026_04_p096_c001"": [""Compare growth figures reported in April 2025 and April 2026.""], ""rbi_mpr_2026_04_p098_c002"": [""Compare growth figures reported in April 2025 and April 2026.""], ""rbi_mpr_2026_04_p099_c002"": [""Compare growth figures reported in April 2025 and April 2026.""], ""rbi_mpr_2026_04_p100_c000"": [""Compare growth figures reported in April 2025 and April 2026.""], ""rbi_mpr_2026_04_p101_c000"": [""Compare growth figures reported in April 2025 and April 2026.""], ""rbi_mpr_2026_04_p101_c001"": [""Compare growth figures reported in April 2025 and April 2026.""], ""rbi_mpr_2026_04_p102_c000"": [""Compare growth figures reported in April 2025 and April 2026.""], ""rbi_mpr_2026_04_p102_c002"": [""Compare growth figures reported in April 2025 and April 2026.""], ""rbi_mpr_2026_04_p102_c003"": [""Compare growth figures reported in April 2025 and April 2026.""], ""rbi_mpr_2026_04_p102_c004"": [""Compare growth figures reported in April 2025 and April 2026.""], ""rbi_mpr_2026_04_p103_c000"": [""Compare growth figures reported in April 2025 and April 2026.""], ""rbi_mpr_2026_04_p105_c003"": [""Compare growth figures reported in April 2025 and April 2026.""], ""rbi_mpr_2026_04_p106_c000"": [""Compare growth figures reported in April 2025 and April 2026.""], ""rbi_mpr_2026_04_p106_c001"": [""Compare growth figures reported in April 2025 and April 2026.""], ""rbi_mpr_2026_04_p107_c000"": [""Compare growth figures reported in April 2025 and April 2026.""], ""rbi_mpr_2026_04_p107_c003"": [""Compare growth figures reported in April 2025 and April 2026.""], ""rbi_mpr_2026_04_p108_c000"": [""Compare growth figures reported in April 2025 and April 2026.""], ""rbi_mpr_2026_04_p108_c002"": [""Compare growth figures reported in April 2025 and April 2026.""], ""rbi_mpr_2026_04_p109_c004"": [""Compare growth figures reported in April 2025 and April 2026.""], ""rbi_mpr_2026_04_p110_c000"": [""Compare growth figures reported in April 2025 and April 2026.""], ""rbi_mpr_2026_04_p110_c001"": [""Compare growth figures reported in April 2025 and April 2026.""], ""rbi_mpr_2026_04_p111_c000"": [""Compare growth figures reported in April 2025 and April 2026.""], ""rbi_mpr_2026_04_p111_c001"": [""Compare growth figures reported in April 2025 and April 2026.""], ""rbi_mpr_2026_04_p111_c003"": [""Compare growth figures reported in April 2025 and April 2026.""], ""rbi_mpr_2026_04_p112_c000"": [""Compare growth figures reported in April 2025 and April 2026.""], ""rbi_mpr_2026_04_p113_c003"": [""Compare growth figures reported in April 2025 and April 2026.""], ""rbi_mpr_2026_04_p115_c003"": [""Compare growth figures reported in April 2025 and April 2026.""], ""rbi_mpr_2026_04_p116_c000"": [""Compare growth figures reported in April 2025 and April 2026.""]}, ""candidate_source_retriever"": {""rbi_mpr_2025_04_p012_c001"": [""dense""], ""rbi_mpr_2025_04_p012_c002"": [""dense""], ""rbi_mpr_2025_04_p012_c004"": [""dense""], ""rbi_mpr_2025_04_p013_c000"": [""dense""], ""rbi_mpr_2025_04_p013_c001"": [""dense""], ""rbi_mpr_2025_04_p014_c000"": [""bm25""], ""rbi_mpr_2025_04_p014_c001"": [""bm25""], ""rbi_mpr_2025_04_p015_c000"": [""dense""], ""rbi_mpr_2025_04_p015_c001"": [""bm25"", ""dense""], ""rbi_mpr_2025_04_p015_c002"": [""dense""], ""rbi_mpr_2025_04_p015_c003"": [""dense""], ""rbi_mpr_2025_04_p016_c000"": [""bm25""], ""rbi_mpr_2025_04_p017_c002"": [""dense""], ""rbi_mpr_2025_04_p017_c003"": [""dense""], ""rbi_mpr_2025_04_p018_c000"": [""bm25""], ""rbi_mpr_2025_04_p018_c003"": [""dense""], ""rbi_mpr_2025_04_p019_c002"": [""dense""], ""rbi_mpr_2025_04_p020_c000"": [""bm25"", ""dense""], ""rbi_mpr_2025_04_p020_c003"": [""dense""], ""rbi_mpr_2025_04_p022_c000"": [""bm25""], ""rbi_mpr_2025_04_p024_c000"": [""bm25""], ""rbi_mpr_2025_04_p025_c003"": [""dense""], ""rbi_mpr_2025_04_p030_c000"": [""bm25""], ""rbi_mpr_2025_04_p032_c000"": [""bm25"", ""dense""], ""rbi_mpr_2025_04_p032_c001"": [""dense""], ""rbi_mpr_2025_04_p034_c000"": [""bm25""], ""rbi_mpr_2025_04_p035_c000"": [""bm25""], ""rbi_mpr_2025_04_p035_c001"": [""dense""], ""rbi_mpr_2025_04_p035_c004"": [""dense""], ""rbi_mpr_2025_04_p036_c000"": [""bm25""], ""rbi_mpr_2025_04_p038_c000"": [""bm25""], ""rbi_mpr_2025_04_p038_c002"": [""bm25""], ""rbi_mpr_2025_04_p040_c000"": [""bm25"", ""dense""], ""rbi_mpr_2025_04_p042_c000"": [""bm25""], ""rbi_mpr_2025_04_p043_c002"": [""dense""], ""rbi_mpr_2025_04_p044_c000"": [""bm25""], ""rbi_mpr_2025_04_p044_c001"": [""bm25""], ""rbi_mpr_2025_04_p044_c002"": [""bm25""], ""rbi_mpr_2025_04_p046_c000"": [""bm25""], ""rbi_mpr_2025_04_p047_c002"": [""dense""], ""rbi_mpr_2025_04_p047_c004"": [""dense""], ""rbi_mpr_2025_04_p048_c000"": [""bm25""], ""rbi_mpr_2025_04_p048_c001"": [""dense""], ""rbi_mpr_2025_04_p048_c003"": [""dense""], ""rbi_mpr_2025_04_p051_c001"": [""dense""], ""rbi_mpr_2025_04_p053_c002"": [""dense""], ""rbi_mpr_2025_04_p054_c004"": [""dense""], ""rbi_mpr_2025_04_p055_c002"": [""dense""], ""rbi_mpr_2025_04_p056_c000"": [""bm25""], ""rbi_mpr_2025_04_p057_c004"": [""dense""], ""rbi_mpr_2025_04_p058_c000"": [""bm25"", ""dense""], ""rbi_mpr_2025_04_p060_c000"": [""bm25""], ""rbi_mpr_2025_04_p060_c001"": [""dense""], ""rbi_mpr_2025_04_p061_c000"": [""dense""], ""rbi_mpr_2025_04_p061_c001"": [""dense""], ""rbi_mpr_2025_04_p062_c000"": [""bm25"", ""dense""], ""rbi_mpr_2025_04_p064_c000"": [""dense""], ""rbi_mpr_2025_04_p064_c002"": [""dense""], ""rbi_mpr_2025_04_p066_c000"": [""bm25"", ""dense""], ""rbi_mpr_2025_04_p066_c002"": [""dense""], ""rbi_mpr_2025_04_p066_c003"": [""dense""], ""rbi_mpr_2025_04_p067_c000"": [""dense""], ""rbi_mpr_2025_04_p068_c000"": [""bm25""], ""rbi_mpr_2025_04_p068_c001"": [""bm25""], ""rbi_mpr_2025_04_p069_c004"": [""bm25""], ""rbi_mpr_2025_04_p069_c005"": [""bm25""], ""rbi_mpr_2025_04_p070_c000"": [""bm25""], ""rbi_mpr_2025_04_p074_c000"": [""bm25""], ""rbi_mpr_2025_04_p078_c000"": [""bm25""], ""rbi_mpr_2025_04_p084_c000"": [""bm25""], ""rbi_mpr_2025_04_p088_c000"": [""bm25""], ""rbi_mpr_2025_04_p088_c001"": [""dense""], ""rbi_mpr_2025_04_p090_c000"": [""bm25""], ""rbi_mpr_2025_04_p090_c001"": [""bm25""], ""rbi_mpr_2025_04_p092_c000"": [""bm25""], ""rbi_mpr_2025_04_p092_c001"": [""bm25""], ""rbi_mpr_2025_04_p098_c000"": [""bm25""], ""rbi_mpr_2025_04_p099_c002"": [""bm25""], ""rbi_mpr_2025_04_p099_c003"": [""dense""], ""rbi_mpr_2025_04_p100_c000"": [""bm25""], ""rbi_mpr_2025_04_p100_c002"": [""dense""], ""rbi_mpr_2025_04_p101_c001"": [""bm25""], ""rbi_mpr_2025_04_p101_c002"": [""bm25"", ""dense""], ""rbi_mpr_2025_04_p101_c003"": [""dense""], ""rbi_mpr_2025_04_p101_c004"": [""dense""], ""rbi_mpr_2025_04_p101_c005"": [""dense""], ""rbi_mpr_2025_04_p102_c002"": [""dense""], ""rbi_mpr_2025_04_p104_c000"": [""bm25""], ""rbi_mpr_2025_04_p104_c003"": [""bm25""], ""rbi_mpr_2025_04_p106_c000"": [""bm25""], ""rbi_mpr_2025_04_p112_c000"": [""bm25""], ""rbi_mpr_2025_04_p114_c000"": [""bm25""], ""rbi_mpr_2026_04_p005_c003"": [""bm25""], ""rbi_mpr_2026_04_p013_c004"": [""dense""], ""rbi_mpr_2026_04_p014_c000"": [""bm25""], ""rbi_mpr_2026_04_p014_c004"": [""bm25""], ""rbi_mpr_2026_04_p015_c001"": [""dense""], ""rbi_mpr_2026_04_p016_c000"": [""bm25""], ""rbi_mpr_2026_04_p021_c002"": [""bm25""], ""rbi_mpr_2026_04_p024_c000"": [""bm25""], ""rbi_mpr_2026_04_p026_c000"": [""bm25""], ""rbi_mpr_2026_04_p030_c000"": [""bm25""], ""rbi_mpr_2026_04_p032_c000"": [""bm25""], ""rbi_mpr_2026_04_p034_c000"": [""bm25""], ""rbi_mpr_2026_04_p042_c000"": [""bm25""], ""rbi_mpr_2026_04_p044_c002"": [""dense""], ""rbi_mpr_2026_04_p044_c004"": [""bm25""], ""rbi_mpr_2026_04_p045_c000"": [""dense""], ""rbi_mpr_2026_04_p046_c000"": [""bm25""], ""rbi_mpr_2026_04_p048_c000"": [""bm25""], ""rbi_mpr_2026_04_p056_c000"": [""bm25"", ""dense""], ""rbi_mpr_2026_04_p056_c002"": [""dense""], ""rbi_mpr_2026_04_p057_c001"": [""bm25""], ""rbi_mpr_2026_04_p057_c004"": [""dense""], ""rbi_mpr_2026_04_p059_c000"": [""dense""], ""rbi_mpr_2026_04_p060_c000"": [""dense""], ""rbi_mpr_2026_04_p061_c000"": [""bm25"", ""dense""], ""rbi_mpr_2026_04_p061_c001"": [""bm25""], ""rbi_mpr_2026_04_p063_c001"": [""dense""], ""rbi_mpr_2026_04_p063_c002"": [""dense""], ""rbi_mpr_2026_04_p064_c000"": [""bm25""], ""rbi_mpr_2026_04_p066_c000"": [""bm25""], ""rbi_mpr_2026_04_p066_c003"": [""dense""], ""rbi_mpr_2026_04_p072_c001"": [""dense""], ""rbi_mpr_2026_04_p072_c003"": [""dense""], ""rbi_mpr_2026_04_p072_c004"": [""dense""], ""rbi_mpr_2026_04_p073_c000"": [""dense""], ""rbi_mpr_2026_04_p073_c001"": [""dense""], ""rbi_mpr_2026_04_p073_c002"": [""dense""], ""rbi_mpr_2026_04_p074_c000"": [""dense""], ""rbi_mpr_2026_04_p075_c000"": [""dense""], ""rbi_mpr_2026_04_p075_c002"": [""dense""], ""rbi_mpr_2026_04_p076_c000"": [""bm25""], ""rbi_mpr_2026_04_p076_c002"": [""dense""], ""rbi_mpr_2026_04_p076_c003"": [""dense""], ""rbi_mpr_2026_04_p077_c002"": [""bm25""], ""rbi_mpr_2026_04_p077_c003"": [""dense""], ""rbi_mpr_2026_04_p078_c000"": [""bm25""], ""rbi_mpr_2026_04_p080_c000"": [""bm25""], ""rbi_mpr_2026_04_p082_c000"": [""bm25""], ""rbi_mpr_2026_04_p082_c002"": [""dense""], ""rbi_mpr_2026_04_p084_c000"": [""bm25"", ""dense""], ""rbi_mpr_2026_04_p084_c002"": [""dense""], ""rbi_mpr_2026_04_p085_c000"": [""bm25""], ""rbi_mpr_2026_04_p085_c002"": [""bm25""], ""rbi_mpr_2026_04_p085_c003"": [""bm25"", ""dense""], ""rbi_mpr_2026_04_p086_c000"": [""bm25""], ""rbi_mpr_2026_04_p086_c002"": [""dense""], ""rbi_mpr_2026_04_p087_c000"": [""bm25""], ""rbi_mpr_2026_04_p090_c000"": [""bm25""], ""rbi_mpr_2026_04_p092_c000"": [""bm25""], ""rbi_mpr_2026_04_p092_c002"": [""dense""], ""rbi_mpr_2026_04_p094_c000"": [""bm25""], ""rbi_mpr_2026_04_p095_c002"": [""bm25"", ""dense""], ""rbi_mpr_2026_04_p095_c003"": [""bm25"", ""dense""], ""rbi_mpr_2026_04_p095_c004"": [""bm25"", ""dense""], ""rbi_mpr_2026_04_p096_c000"": [""bm25""], ""rbi_mpr_2026_04_p096_c001"": [""bm25""], ""rbi_mpr_2026_04_p098_c002"": [""bm25""], ""rbi_mpr_2026_04_p099_c002"": [""bm25""], ""rbi_mpr_2026_04_p100_c000"": [""bm25""], ""rbi_mpr_2026_04_p101_c000"": [""dense""], ""rbi_mpr_2026_04_p101_c001"": [""dense""], ""rbi_mpr_2026_04_p102_c000"": [""bm25""], ""rbi_mpr_2026_04_p102_c002"": [""dense""], ""rbi_mpr_2026_04_p102_c003"": [""dense""], ""rbi_mpr_2026_04_p102_c004"": [""dense""], ""rbi_mpr_2026_04_p103_c000"": [""dense""], ""rbi_mpr_2026_04_p105_c003"": [""bm25""], ""rbi_mpr_2026_04_p106_c000"": [""bm25""], ""rbi_mpr_2026_04_p106_c001"": [""dense""], ""rbi_mpr_2026_04_p107_c000"": [""dense""], ""rbi_mpr_2026_04_p107_c003"": [""dense""], ""rbi_mpr_2026_04_p108_c000"": [""bm25""], ""rbi_mpr_2026_04_p108_c002"": [""dense""], ""rbi_mpr_2026_04_p109_c004"": [""dense""], ""rbi_mpr_2026_04_p110_c000"": [""bm25""], ""rbi_mpr_2026_04_p110_c001"": [""dense""], ""rbi_mpr_2026_04_p111_c000"": [""dense""], ""rbi_mpr_2026_04_p111_c001"": [""dense""], ""rbi_mpr_2026_04_p111_c003"": [""dense""], ""rbi_mpr_2026_04_p112_c000"": [""bm25""], ""rbi_mpr_2026_04_p113_c003"": [""bm25""], ""rbi_mpr_2026_04_p115_c003"": [""dense""], ""rbi_mpr_2026_04_p116_c000"": [""bm25""]}, ""candidate_union_ids"": [""rbi_mpr_2025_04_p048_c003"", ""rbi_mpr_2025_04_p047_c004"", ""rbi_mpr_2025_04_p101_c005"", ""rbi_mpr_2025_04_p101_c002"", ""rbi_mpr_2025_04_p015_c001"", ""rbi_mpr_2025_04_p017_c002"", ""rbi_mpr_2025_04_p055_c002"", ""rbi_mpr_2025_04_p064_c002"", ""rbi_mpr_2025_04_p066_c000"", ""rbi_mpr_2025_04_p060_c001"", ""rbi_mpr_2025_04_p020_c000"", ""rbi_mpr_2025_04_p019_c002"", ""rbi_mpr_2025_04_p101_c004"", ""rbi_mpr_2025_04_p100_c002"", ""rbi_mpr_2025_04_p020_c003"", ""rbi_mpr_2025_04_p061_c001"", ""rbi_mpr_2025_04_p043_c002"", ""rbi_mpr_2025_04_p035_c004"", ""rbi_mpr_2025_04_p015_c002"", ""rbi_mpr_2025_04_p051_c001"", ""rbi_mpr_2025_04_p061_c000"", ""rbi_mpr_2025_04_p062_c000"", ""rbi_mpr_2025_04_p015_c000"", ""rbi_mpr_2025_04_p047_c002"", ""rbi_mpr_2025_04_p035_c001"", ""rbi_mpr_2025_04_p048_c001"", ""rbi_mpr_2025_04_p018_c003"", ""rbi_mpr_2025_04_p032_c000"", ""rbi_mpr_2025_04_p012_c001"", ""rbi_mpr_2025_04_p054_c004"", ""rbi_mpr_2025_04_p012_c004"", ""rbi_mpr_2025_04_p013_c001"", ""rbi_mpr_2025_04_p025_c003"", ""rbi_mpr_2025_04_p088_c001"", ""rbi_mpr_2025_04_p101_c003"", ""rbi_mpr_2025_04_p058_c000"", ""rbi_mpr_2025_04_p053_c002"", ""rbi_mpr_2025_04_p067_c000"", ""rbi_mpr_2025_04_p064_c000"", ""rbi_mpr_2025_04_p040_c000"", ""rbi_mpr_2025_04_p032_c001"", ""rbi_mpr_2025_04_p017_c003"", ""rbi_mpr_2025_04_p066_c002"", ""rbi_mpr_2025_04_p012_c002"", ""rbi_mpr_2025_04_p013_c000"", ""rbi_mpr_2025_04_p066_c003"", ""rbi_mpr_2025_04_p015_c003"", ""rbi_mpr_2025_04_p057_c004"", ""rbi_mpr_2025_04_p099_c003"", ""rbi_mpr_2025_04_p102_c002"", ""rbi_mpr_2025_04_p044_c001"", ""rbi_mpr_2025_04_p044_c002"", ""rbi_mpr_2025_04_p104_c003"", ""rbi_mpr_2025_04_p099_c002"", ""rbi_mpr_2025_04_p068_c000"", ""rbi_mpr_2025_04_p048_c000"", ""rbi_mpr_2025_04_p092_c000"", ""rbi_mpr_2025_04_p024_c000"", ""rbi_mpr_2025_04_p090_c001"", ""rbi_mpr_2025_04_p044_c000"", ""rbi_mpr_2025_04_p114_c000"", ""rbi_mpr_2025_04_p014_c000"", ""rbi_mpr_2025_04_p100_c000"", ""rbi_mpr_2025_04_p104_c000"", ""rbi_mpr_2025_04_p022_c000"", ""rbi_mpr_2025_04_p090_c000"", ""rbi_mpr_2025_04_p034_c000"", ""rbi_mpr_2025_04_p069_c004"", ""rbi_mpr_2025_04_p014_c001"", ""rbi_mpr_2025_04_p078_c000"", ""rbi_mpr_2025_04_p101_c001"", ""rbi_mpr_2025_04_p056_c000"", ""rbi_mpr_2025_04_p038_c000"", ""rbi_mpr_2025_04_p038_c002"", ""rbi_mpr_2025_04_p060_c000"", ""rbi_mpr_2025_04_p092_c001"", ""rbi_mpr_2025_04_p088_c000"", ""rbi_mpr_2025_04_p035_c000"", ""rbi_mpr_2025_04_p018_c000"", ""rbi_mpr_2025_04_p069_c005"", ""rbi_mpr_2025_04_p070_c000"", ""rbi_mpr_2025_04_p098_c000"", ""rbi_mpr_2025_04_p112_c000"", ""rbi_mpr_2025_04_p036_c000"", ""rbi_mpr_2025_04_p016_c000"", ""rbi_mpr_2025_04_p046_c000"", ""rbi_mpr_2025_04_p030_c000"", ""rbi_mpr_2025_04_p106_c000"", ""rbi_mpr_2025_04_p074_c000"", ""rbi_mpr_2025_04_p042_c000"", ""rbi_mpr_2025_04_p084_c000"", ""rbi_mpr_2025_04_p068_c001""], ""candidate_union_pages"": [48, 47, 101, 101, 15, 17, 55, 64, 66, 60, 20, 19, 101, 100, 20, 61, 43, 35, 15, 51, 61, 62, 15, 47, 35, 48, 18, 32, 12, 54, 12, 13, 25, 88, 101, 58, 53, 67, 64, 40, 32, 17, 66, 12, 13, 66, 15, 57, 99, 102, 44, 44, 104, 99, 68, 48, 92, 24, 90, 44, 114, 14, 100, 104, 22, 90, 34, 69, 14, 78, 101, 56, 38, 38, 60, 92, 88, 35, 18, 69, 70, 98, 112, 36, 16, 46, 30, 106, 74, 42, 84, 68], ""dense_candidate_ids"": [""rbi_mpr_2025_04_p048_c003"", ""rbi_mpr_2025_04_p047_c004"", ""rbi_mpr_2025_04_p101_c005"", ""rbi_mpr_2025_04_p101_c002"", ""rbi_mpr_2025_04_p015_c001"", ""rbi_mpr_2025_04_p017_c002"", ""rbi_mpr_2025_04_p055_c002"", ""rbi_mpr_2025_04_p064_c002"", ""rbi_mpr_2025_04_p066_c000"", ""rbi_mpr_2025_04_p060_c001"", ""rbi_mpr_2025_04_p020_c000"", ""rbi_mpr_2025_04_p019_c002"", ""rbi_mpr_2025_04_p101_c004"", ""rbi_mpr_2025_04_p100_c002"", ""rbi_mpr_2025_04_p020_c003"", ""rbi_mpr_2025_04_p061_c001"", ""rbi_mpr_2025_04_p043_c002"", ""rbi_mpr_2025_04_p035_c004"", ""rbi_mpr_2025_04_p015_c002"", ""rbi_mpr_2025_04_p051_c001"", ""rbi_mpr_2025_04_p061_c000"", ""rbi_mpr_2025_04_p062_c000"", ""rbi_mpr_2025_04_p015_c000"", ""rbi_mpr_2025_04_p047_c002"", ""rbi_mpr_2025_04_p035_c001"", ""rbi_mpr_2025_04_p048_c001"", ""rbi_mpr_2025_04_p018_c003"", ""rbi_mpr_2025_04_p032_c000"", ""rbi_mpr_2025_04_p012_c001"", ""rbi_mpr_2025_04_p054_c004"", ""rbi_mpr_2025_04_p012_c004"", ""rbi_mpr_2025_04_p013_c001"", ""rbi_mpr_2025_04_p025_c003"", ""rbi_mpr_2025_04_p088_c001"", ""rbi_mpr_2025_04_p101_c003"", ""rbi_mpr_2025_04_p058_c000"", ""rbi_mpr_2025_04_p053_c002"", ""rbi_mpr_2025_04_p067_c000"", ""rbi_mpr_2025_04_p064_c000"", ""rbi_mpr_2025_04_p040_c000"", ""rbi_mpr_2025_04_p032_c001"", ""rbi_mpr_2025_04_p017_c003"", ""rbi_mpr_2025_04_p066_c002"", ""rbi_mpr_2025_04_p012_c002"", ""rbi_mpr_2025_04_p013_c000"", ""rbi_mpr_2025_04_p066_c003"", ""rbi_mpr_2025_04_p015_c003"", ""rbi_mpr_2025_04_p057_c004"", ""rbi_mpr_2025_04_p099_c003"", ""rbi_mpr_2025_04_p102_c002""], ""dense_candidate_pages"": [48, 47, 101, 101, 15, 17, 55, 64, 66, 60, 20, 19, 101, 100, 20, 61, 43, 35, 15, 51, 61, 62, 15, 47, 35, 48, 18, 32, 12, 54, 12, 13, 25, 88, 101, 58, 53, 67, 64, 40, 32, 17, 66, 12, 13, 66, 15, 57, 99, 102], ""dense_candidate_scores"": [0.36435277899518825, 0.3133629316108295, 0.3087699366475063, 0.2950435510244783, 0.2910571335049239, 0.28341675280686907, 0.2591689122152785, 0.2585270157124576, 0.2511296537429165, 0.2501275702727216, 0.2485589488648431, 0.2381252436348802, 0.23389614456160013, 0.229117872052223, 0.2241234705036821, 0.22340014628953808, 0.2232172289670008, 0.21918360697711425, 0.21765814394211092, 0.2169166965831073, 0.21667932553229396, 0.21241735191717526, 0.2100250125019999, 0.20657630447574749, 0.2013493366171235, 0.20046551720384997, 0.20008290811306806, 0.19769385615207657, 0.19684990765749444, 0.19619654721187862, 0.1946527081509245, 0.19052838614304246, 0.18968570205391566, 0.1849704812299109, 0.181156275733372, 0.17432199565993645, 0.1720893085069204, 0.17154721574137322, 0.17120355033861545, 0.16974366779989514, 0.16809083698869187, 0.16663137591845667, 0.16655905192641196, 0.1631640389851624, 0.16081022178952598, 0.16063008615899044, 0.15876845986026422, 0.15861630973713992, 0.1581033825907623, 0.1567415336216783], ""dense_first_evidence_rank"": 32, ""evidence_rank_after_reranking"": null, ""evidence_rank_before_reranking"": null, ""expected_evidence"": [""Real GDP growth for 2025-26 was projected at 6.7 per cent""], ""loss_stage"": ""lost_in_fusion"", ""report_id"": ""rbi_mpr_2025_04"", ""reranker_input_ids"": [""rbi_mpr_2025_04_p015_c001"", ""rbi_mpr_2025_04_p101_c002"", ""rbi_mpr_2025_04_p066_c000"", ""rbi_mpr_2025_04_p020_c000"", ""rbi_mpr_2025_04_p058_c000"", ""rbi_mpr_2025_04_p032_c000"", ""rbi_mpr_2025_04_p040_c000"", ""rbi_mpr_2025_04_p062_c000"", ""rbi_mpr_2025_04_p048_c003"", ""rbi_mpr_2025_04_p044_c001"", ""rbi_mpr_2025_04_p047_c004"", ""rbi_mpr_2025_04_p044_c002"", ""rbi_mpr_2025_04_p101_c005"", ""rbi_mpr_2025_04_p104_c003"", ""rbi_mpr_2025_04_p099_c002"", ""rbi_mpr_2025_04_p017_c002"", ""rbi_mpr_2025_04_p055_c002"", ""rbi_mpr_2025_04_p064_c002"", ""rbi_mpr_2025_04_p068_c000"", ""rbi_mpr_2025_04_p048_c000"", ""rbi_mpr_2025_04_p060_c001"", ""rbi_mpr_2025_04_p092_c000"", ""rbi_mpr_2025_04_p024_c000"", ""rbi_mpr_2025_04_p019_c002"", ""rbi_mpr_2025_04_p090_c001"", ""rbi_mpr_2025_04_p101_c004"", ""rbi_mpr_2025_04_p044_c000"", ""rbi_mpr_2025_04_p100_c002"", ""rbi_mpr_2025_04_p020_c003"", ""rbi_mpr_2025_04_p114_c000""], ""reranker_input_pages"": [15, 101, 66, 20, 58, 32, 40, 62, 48, 44, 47, 44, 101, 104, 99, 17, 55, 64, 68, 48, 60, 92, 24, 19, 90, 101, 44, 100, 20, 114], ""reranker_input_ranks"": [1, 2, 3, 4, 5, 6, 7, 8, 9, 10, 11, 12, 13, 14, 15, 16, 17, 18, 19, 20, 21, 22, 23, 24, 25, 26, 27, 28, 29, 30], ""reranker_output_ids"": [""rbi_mpr_2025_04_p020_c000"", ""rbi_mpr_2025_04_p066_c000"", ""rbi_mpr_2025_04_p058_c000"", ""rbi_mpr_2025_04_p048_c000"", ""rbi_mpr_2025_04_p068_c000"", ""rbi_mpr_2025_04_p114_c000"", ""rbi_mpr_2025_04_p062_c000"", ""rbi_mpr_2025_04_p032_c000"", ""rbi_mpr_2025_04_p044_c000"", ""rbi_mpr_2025_04_p092_c000"", ""rbi_mpr_2025_04_p055_c002"", ""rbi_mpr_2025_04_p099_c002"", ""rbi_mpr_2025_04_p040_c000"", ""rbi_mpr_2025_04_p015_c001"", ""rbi_mpr_2025_04_p101_c002"", ""rbi_mpr_2025_04_p019_c002"", ""rbi_mpr_2025_04_p024_c000"", ""rbi_mpr_2025_04_p044_c001"", ""rbi_mpr_2025_04_p090_c001"", ""rbi_mpr_2025_04_p101_c004"", ""rbi_mpr_2025_04_p044_c002"", ""rbi_mpr_2025_04_p100_c002"", ""rbi_mpr_2025_04_p060_c001"", ""rbi_mpr_2025_04_p020_c003"", ""rbi_mpr_2025_04_p048_c003"", ""rbi_mpr_2025_04_p101_c005"", ""rbi_mpr_2025_04_p017_c002"", ""rbi_mpr_2025_04_p064_c002"", ""rbi_mpr_2025_04_p104_c003"", ""rbi_mpr_2025_04_p047_c004""], ""reranker_output_pages"": [20, 66, 58, 48, 68, 114, 62, 32, 44, 92, 55, 99, 40, 15, 101, 19, 24, 44, 90, 101, 44, 100, 60, 20, 48, 101, 17, 64, 104, 47], ""reranker_scores"": [7.670864582061768, 6.9312591552734375, 6.238637924194336, 6.128833293914795, 5.70004940032959, 4.7311553955078125, 4.685968399047852, 4.6789093017578125, 4.670563220977783, 4.292646884918213, 4.150864601135254, 3.795241117477417, 3.673518657684326, 3.304245710372925, 2.740387439727783, 2.4550137519836426, 2.154667377471924, 1.4635546207427979, 1.0559611320495605, 0.9776716232299805, 0.9064755439758301, 0.05649075657129288, -1.0762794017791748, -1.4435081481933594, -1.485253930091858, -2.1811718940734863, -5.273820400238037, -7.013883590698242, -7.587130069732666, -9.408393859863281], ""rrf_candidate_ids"": [""rbi_mpr_2025_04_p015_c001"", ""rbi_mpr_2025_04_p101_c002"", ""rbi_mpr_2025_04_p066_c000"", ""rbi_mpr_2025_04_p020_c000"", ""rbi_mpr_2025_04_p058_c000"", ""rbi_mpr_2025_04_p032_c000"", ""rbi_mpr_2025_04_p040_c000"", ""rbi_mpr_2025_04_p062_c000"", ""rbi_mpr_2025_04_p048_c003"", ""rbi_mpr_2025_04_p044_c001"", ""rbi_mpr_2025_04_p047_c004"", ""rbi_mpr_2025_04_p044_c002"", ""rbi_mpr_2025_04_p101_c005"", ""rbi_mpr_2025_04_p104_c003"", ""rbi_mpr_2025_04_p099_c002"", ""rbi_mpr_2025_04_p017_c002"", ""rbi_mpr_2025_04_p055_c002"", ""rbi_mpr_2025_04_p064_c002"", ""rbi_mpr_2025_04_p068_c000"", ""rbi_mpr_2025_04_p048_c000"", ""rbi_mpr_2025_04_p060_c001"", ""rbi_mpr_2025_04_p092_c000"", ""rbi_mpr_2025_04_p024_c000"", ""rbi_mpr_2025_04_p019_c002"", ""rbi_mpr_2025_04_p090_c001"", ""rbi_mpr_2025_04_p101_c004"", ""rbi_mpr_2025_04_p044_c000"", ""rbi_mpr_2025_04_p100_c002"", ""rbi_mpr_2025_04_p020_c003"", ""rbi_mpr_2025_04_p114_c000""], ""rrf_candidate_pages"": [15, 101, 66, 20, 58, 32, 40, 62, 48, 44, 47, 44, 101, 104, 99, 17, 55, 64, 68, 48, 60, 92, 24, 19, 90, 101, 44, 100, 20, 114], ""rrf_first_evidence_rank"": null, ""rrf_scores"": [0.031009615384615385, 0.03055037313432836, 0.02964426877470356, 0.027598020555767037, 0.023237179487179488, 0.02188995215311005, 0.02149425287356322, 0.021286031042128603, 0.01639344262295082, 0.01639344262295082, 0.016129032258064516, 0.016129032258064516, 0.015873015873015872, 0.015873015873015872, 0.015384615384615385, 0.015151515151515152, 0.014925373134328358, 0.014705882352941176, 0.014705882352941176, 0.014492753623188406, 0.014285714285714285, 0.014285714285714285, 0.014084507042253521, 0.013888888888888888, 0.013888888888888888, 0.0136986301369863, 0.0136986301369863, 0.013513513513513514, 0.013333333333333334, 0.013333333333333334], ""selected_chunk_ids_after_dedup"": [""rbi_mpr_2025_04_p020_c000"", ""rbi_mpr_2025_04_p066_c000"", ""rbi_mpr_2025_04_p058_c000""], ""selected_chunk_ids_before_dedup"": [""rbi_mpr_2025_04_p020_c000"", ""rbi_mpr_2025_04_p066_c000"", ""rbi_mpr_2025_04_p058_c000""], ""selected_pages"": [20, 66, 58]}, ""rbi_mpr_2026_04"": {""accepted_evidence_found"": false, ""accepted_pages"": [101], ""bm25_candidate_ids"": [""rbi_mpr_2026_04_p105_c003"", ""rbi_mpr_2026_04_p096_c000"", ""rbi_mpr_2026_04_p046_c000"", ""rbi_mpr_2026_04_p087_c000"", ""rbi_mpr_2026_04_p086_c000"", ""rbi_mpr_2026_04_p095_c002"", ""rbi_mpr_2026_04_p056_c000"", ""rbi_mpr_2026_04_p102_c000"", ""rbi_mpr_2026_04_p077_c002"", ""rbi_mpr_2026_04_p085_c003"", ""rbi_mpr_2026_04_p076_c000"", ""rbi_mpr_2026_04_p096_c001"", ""rbi_mpr_2026_04_p112_c000"", ""rbi_mpr_2026_04_p026_c000"", ""rbi_mpr_2026_04_p024_c000"", ""rbi_mpr_2026_04_p084_c000"", ""rbi_mpr_2026_04_p116_c000"", ""rbi_mpr_2026_04_p090_c000"", ""rbi_mpr_2026_04_p030_c000"", ""rbi_mpr_2026_04_p080_c000"", ""rbi_mpr_2026_04_p082_c000"", ""rbi_mpr_2026_04_p106_c000"", ""rbi_mpr_2026_04_p095_c004"", ""rbi_mpr_2026_04_p021_c002"", ""rbi_mpr_2026_04_p100_c000"", ""rbi_mpr_2026_04_p042_c000"", ""rbi_mpr_2026_04_p066_c000"", ""rbi_mpr_2026_04_p014_c004"", ""rbi_mpr_2026_04_p014_c000"", ""rbi_mpr_2026_04_p108_c000"", ""rbi_mpr_2026_04_p032_c000"", ""rbi_mpr_2026_04_p092_c000"", ""rbi_mpr_2026_04_p016_c000"", ""rbi_mpr_2026_04_p110_c000"", ""rbi_mpr_2026_04_p098_c002"", ""rbi_mpr_2026_04_p085_c000"", ""rbi_mpr_2026_04_p044_c004"", ""rbi_mpr_2026_04_p094_c000"", ""rbi_mpr_2026_04_p048_c000"", ""rbi_mpr_2026_04_p113_c003"", ""rbi_mpr_2026_04_p078_c000"", ""rbi_mpr_2026_04_p085_c002"", ""rbi_mpr_2026_04_p005_c003"", ""rbi_mpr_2026_04_p057_c001"", ""rbi_mpr_2026_04_p064_c000"", ""rbi_mpr_2026_04_p061_c001"", ""rbi_mpr_2026_04_p095_c003"", ""rbi_mpr_2026_04_p034_c000"", ""rbi_mpr_2026_04_p061_c000"", ""rbi_mpr_2026_04_p099_c002""], ""bm25_candidate_pages"": [105, 96, 46, 87, 86, 95, 56, 102, 77, 85, 76, 96, 112, 26, 24, 84, 116, 90, 30, 80, 82, 106, 95, 21, 100, 42, 66, 14, 14, 108, 32, 92, 16, 110, 98, 85, 44, 94, 48, 113, 78, 85, 5, 57, 64, 61, 95, 34, 61, 99], ""bm25_candidate_scores"": [null, null, null, null, null, null, null, null, null, null, null, null, null, null, null, null, null, null, null, null, null, null, null, null, null, null, null, null, null, null, null, null, null, null, null, null, null, null, null, null, null, null, null, null, null, null, null, null, null, null], ""bm25_first_evidence_rank"": null, ""candidate_source_expansion"": {""rbi_mpr_2025_04_p012_c001"": [], ""rbi_mpr_2025_04_p012_c002"": [], ""rbi_mpr_2025_04_p012_c004"": [], ""rbi_mpr_2025_04_p013_c000"": [], ""rbi_mpr_2025_04_p013_c001"": [], ""rbi_mpr_2025_04_p014_c000"": [], ""rbi_mpr_2025_04_p014_c001"": [], ""rbi_mpr_2025_04_p015_c000"": [], ""rbi_mpr_2025_04_p015_c001"": [], ""rbi_mpr_2025_04_p015_c002"": [], ""rbi_mpr_2025_04_p015_c003"": [], ""rbi_mpr_2025_04_p016_c000"": [], ""rbi_mpr_2025_04_p017_c002"": [], ""rbi_mpr_2025_04_p017_c003"": [], ""rbi_mpr_2025_04_p018_c000"": [], ""rbi_mpr_2025_04_p018_c003"": [], ""rbi_mpr_2025_04_p019_c002"": [], ""rbi_mpr_2025_04_p020_c000"": [], ""rbi_mpr_2025_04_p020_c003"": [], ""rbi_mpr_2025_04_p022_c000"": [], ""rbi_mpr_2025_04_p024_c000"": [], ""rbi_mpr_2025_04_p025_c003"": [], ""rbi_mpr_2025_04_p030_c000"": [], ""rbi_mpr_2025_04_p032_c000"": [], ""rbi_mpr_2025_04_p032_c001"": [], ""rbi_mpr_2025_04_p034_c000"": [], ""rbi_mpr_2025_04_p035_c000"": [], ""rbi_mpr_2025_04_p035_c001"": [], ""rbi_mpr_2025_04_p035_c004"": [], ""rbi_mpr_2025_04_p036_c000"": [], ""rbi_mpr_2025_04_p038_c000"": [], ""rbi_mpr_2025_04_p038_c002"": [], ""rbi_mpr_2025_04_p040_c000"": [], ""rbi_mpr_2025_04_p042_c000"": [], ""rbi_mpr_2025_04_p043_c002"": [], ""rbi_mpr_2025_04_p044_c000"": [], ""rbi_mpr_2025_04_p044_c001"": [], ""rbi_mpr_2025_04_p044_c002"": [], ""rbi_mpr_2025_04_p046_c000"": [], ""rbi_mpr_2025_04_p047_c002"": [], ""rbi_mpr_2025_04_p047_c004"": [], ""rbi_mpr_2025_04_p048_c000"": [], ""rbi_mpr_2025_04_p048_c001"": [], ""rbi_mpr_2025_04_p048_c003"": [], ""rbi_mpr_2025_04_p051_c001"": [], ""rbi_mpr_2025_04_p053_c002"": [], ""rbi_mpr_2025_04_p054_c004"": [], ""rbi_mpr_2025_04_p055_c002"": [], ""rbi_mpr_2025_04_p056_c000"": [], ""rbi_mpr_2025_04_p057_c004"": [], ""rbi_mpr_2025_04_p058_c000"": [], ""rbi_mpr_2025_04_p060_c000"": [], ""rbi_mpr_2025_04_p060_c001"": [], ""rbi_mpr_2025_04_p061_c000"": [], ""rbi_mpr_2025_04_p061_c001"": [], ""rbi_mpr_2025_04_p062_c000"": [], ""rbi_mpr_2025_04_p064_c000"": [], ""rbi_mpr_2025_04_p064_c002"": [], ""rbi_mpr_2025_04_p066_c000"": [], ""rbi_mpr_2025_04_p066_c002"": [], ""rbi_mpr_2025_04_p066_c003"": [], ""rbi_mpr_2025_04_p067_c000"": [], ""rbi_mpr_2025_04_p068_c000"": [], ""rbi_mpr_2025_04_p068_c001"": [], ""rbi_mpr_2025_04_p069_c004"": [], ""rbi_mpr_2025_04_p069_c005"": [], ""rbi_mpr_2025_04_p070_c000"": [], ""rbi_mpr_2025_04_p074_c000"": [], ""rbi_mpr_2025_04_p078_c000"": [], ""rbi_mpr_2025_04_p084_c000"": [], ""rbi_mpr_2025_04_p088_c000"": [], ""rbi_mpr_2025_04_p088_c001"": [], ""rbi_mpr_2025_04_p090_c000"": [], ""rbi_mpr_2025_04_p090_c001"": [], ""rbi_mpr_2025_04_p092_c000"": [], ""rbi_mpr_2025_04_p092_c001"": [], ""rbi_mpr_2025_04_p098_c000"": [], ""rbi_mpr_2025_04_p099_c002"": [], ""rbi_mpr_2025_04_p099_c003"": [], ""rbi_mpr_2025_04_p100_c000"": [], ""rbi_mpr_2025_04_p100_c002"": [], ""rbi_mpr_2025_04_p101_c001"": [], ""rbi_mpr_2025_04_p101_c002"": [], ""rbi_mpr_2025_04_p101_c003"": [], ""rbi_mpr_2025_04_p101_c004"": [], ""rbi_mpr_2025_04_p101_c005"": [], ""rbi_mpr_2025_04_p102_c002"": [], ""rbi_mpr_2025_04_p104_c000"": [], ""rbi_mpr_2025_04_p104_c003"": [], ""rbi_mpr_2025_04_p106_c000"": [], ""rbi_mpr_2025_04_p112_c000"": [], ""rbi_mpr_2025_04_p114_c000"": [], ""rbi_mpr_2026_04_p005_c003"": [], ""rbi_mpr_2026_04_p013_c004"": [], ""rbi_mpr_2026_04_p014_c000"": [], ""rbi_mpr_2026_04_p014_c004"": [], ""rbi_mpr_2026_04_p015_c001"": [], ""rbi_mpr_2026_04_p016_c000"": [], ""rbi_mpr_2026_04_p021_c002"": [], ""rbi_mpr_2026_04_p024_c000"": [], ""rbi_mpr_2026_04_p026_c000"": [], ""rbi_mpr_2026_04_p030_c000"": [], ""rbi_mpr_2026_04_p032_c000"": [], ""rbi_mpr_2026_04_p034_c000"": [], ""rbi_mpr_2026_04_p042_c000"": [], ""rbi_mpr_2026_04_p044_c002"": [], ""rbi_mpr_2026_04_p044_c004"": [], ""rbi_mpr_2026_04_p045_c000"": [], ""rbi_mpr_2026_04_p046_c000"": [], ""rbi_mpr_2026_04_p048_c000"": [], ""rbi_mpr_2026_04_p056_c000"": [], ""rbi_mpr_2026_04_p056_c002"": [], ""rbi_mpr_2026_04_p057_c001"": [], ""rbi_mpr_2026_04_p057_c004"": [], ""rbi_mpr_2026_04_p059_c000"": [], ""rbi_mpr_2026_04_p060_c000"": [], ""rbi_mpr_2026_04_p061_c000"": [], ""rbi_mpr_2026_04_p061_c001"": [], ""rbi_mpr_2026_04_p063_c001"": [], ""rbi_mpr_2026_04_p063_c002"": [], ""rbi_mpr_2026_04_p064_c000"": [], ""rbi_mpr_2026_04_p066_c000"": [], ""rbi_mpr_2026_04_p066_c003"": [], ""rbi_mpr_2026_04_p072_c001"": [], ""rbi_mpr_2026_04_p072_c003"": [], ""rbi_mpr_2026_04_p072_c004"": [], ""rbi_mpr_2026_04_p073_c000"": [], ""rbi_mpr_2026_04_p073_c001"": [], ""rbi_mpr_2026_04_p073_c002"": [], ""rbi_mpr_2026_04_p074_c000"": [], ""rbi_mpr_2026_04_p075_c000"": [], ""rbi_mpr_2026_04_p075_c002"": [], ""rbi_mpr_2026_04_p076_c000"": [], ""rbi_mpr_2026_04_p076_c002"": [], ""rbi_mpr_2026_04_p076_c003"": [], ""rbi_mpr_2026_04_p077_c002"": [], ""rbi_mpr_2026_04_p077_c003"": [], ""rbi_mpr_2026_04_p078_c000"": [], ""rbi_mpr_2026_04_p080_c000"": [], ""rbi_mpr_2026_04_p082_c000"": [], ""rbi_mpr_2026_04_p082_c002"": [], ""rbi_mpr_2026_04_p084_c000"": [], ""rbi_mpr_2026_04_p084_c002"": [], ""rbi_mpr_2026_04_p085_c000"": [], ""rbi_mpr_2026_04_p085_c002"": [], ""rbi_mpr_2026_04_p085_c003"": [], ""rbi_mpr_2026_04_p086_c000"": [], ""rbi_mpr_2026_04_p086_c002"": [], ""rbi_mpr_2026_04_p087_c000"": [], ""rbi_mpr_2026_04_p090_c000"": [], ""rbi_mpr_2026_04_p092_c000"": [], ""rbi_mpr_2026_04_p092_c002"": [], ""rbi_mpr_2026_04_p094_c000"": [], ""rbi_mpr_2026_04_p095_c002"": [], ""rbi_mpr_2026_04_p095_c003"": [], ""rbi_mpr_2026_04_p095_c004"": [], ""rbi_mpr_2026_04_p096_c000"": [], ""rbi_mpr_2026_04_p096_c001"": [], ""rbi_mpr_2026_04_p098_c002"": [], ""rbi_mpr_2026_04_p099_c002"": [], ""rbi_mpr_2026_04_p100_c000"": [], ""rbi_mpr_2026_04_p101_c000"": [], ""rbi_mpr_2026_04_p101_c001"": [], ""rbi_mpr_2026_04_p102_c000"": [], ""rbi_mpr_2026_04_p102_c002"": [], ""rbi_mpr_2026_04_p102_c003"": [], ""rbi_mpr_2026_04_p102_c004"": [], ""rbi_mpr_2026_04_p103_c000"": [], ""rbi_mpr_2026_04_p105_c003"": [], ""rbi_mpr_2026_04_p106_c000"": [], ""rbi_mpr_2026_04_p106_c001"": [], ""rbi_mpr_2026_04_p107_c000"": [], ""rbi_mpr_2026_04_p107_c003"": [], ""rbi_mpr_2026_04_p108_c000"": [], ""rbi_mpr_2026_04_p108_c002"": [], ""rbi_mpr_2026_04_p109_c004"": [], ""rbi_mpr_2026_04_p110_c000"": [], ""rbi_mpr_2026_04_p110_c001"": [], ""rbi_mpr_2026_04_p111_c000"": [], ""rbi_mpr_2026_04_p111_c001"": [], ""rbi_mpr_2026_04_p111_c003"": [], ""rbi_mpr_2026_04_p112_c000"": [], ""rbi_mpr_2026_04_p113_c003"": [], ""rbi_mpr_2026_04_p115_c003"": [], ""rbi_mpr_2026_04_p116_c000"": []}, ""candidate_source_facet"": {""rbi_mpr_2025_04_p012_c001"": [], ""rbi_mpr_2025_04_p012_c002"": [], ""rbi_mpr_2025_04_p012_c004"": [], ""rbi_mpr_2025_04_p013_c000"": [], ""rbi_mpr_2025_04_p013_c001"": [], ""rbi_mpr_2025_04_p014_c000"": [], ""rbi_mpr_2025_04_p014_c001"": [], ""rbi_mpr_2025_04_p015_c000"": [], ""rbi_mpr_2025_04_p015_c001"": [], ""rbi_mpr_2025_04_p015_c002"": [], ""rbi_mpr_2025_04_p015_c003"": [], ""rbi_mpr_2025_04_p016_c000"": [], ""rbi_mpr_2025_04_p017_c002"": [], ""rbi_mpr_2025_04_p017_c003"": [], ""rbi_mpr_2025_04_p018_c000"": [], ""rbi_mpr_2025_04_p018_c003"": [], ""rbi_mpr_2025_04_p019_c002"": [], ""rbi_mpr_2025_04_p020_c000"": [], ""rbi_mpr_2025_04_p020_c003"": [], ""rbi_mpr_2025_04_p022_c000"": [], ""rbi_mpr_2025_04_p024_c000"": [], ""rbi_mpr_2025_04_p025_c003"": [], ""rbi_mpr_2025_04_p030_c000"": [], ""rbi_mpr_2025_04_p032_c000"": [], ""rbi_mpr_2025_04_p032_c001"": [], ""rbi_mpr_2025_04_p034_c000"": [], ""rbi_mpr_2025_04_p035_c000"": [], ""rbi_mpr_2025_04_p035_c001"": [], ""rbi_mpr_2025_04_p035_c004"": [], ""rbi_mpr_2025_04_p036_c000"": [], ""rbi_mpr_2025_04_p038_c000"": [], ""rbi_mpr_2025_04_p038_c002"": [], ""rbi_mpr_2025_04_p040_c000"": [], ""rbi_mpr_2025_04_p042_c000"": [], ""rbi_mpr_2025_04_p043_c002"": [], ""rbi_mpr_2025_04_p044_c000"": [], ""rbi_mpr_2025_04_p044_c001"": [], ""rbi_mpr_2025_04_p044_c002"": [], ""rbi_mpr_2025_04_p046_c000"": [], ""rbi_mpr_2025_04_p047_c002"": [], ""rbi_mpr_2025_04_p047_c004"": [], ""rbi_mpr_2025_04_p048_c000"": [], ""rbi_mpr_2025_04_p048_c001"": [], ""rbi_mpr_2025_04_p048_c003"": [], ""rbi_mpr_2025_04_p051_c001"": [], ""rbi_mpr_2025_04_p053_c002"": [], ""rbi_mpr_2025_04_p054_c004"": [], ""rbi_mpr_2025_04_p055_c002"": [], ""rbi_mpr_2025_04_p056_c000"": [], ""rbi_mpr_2025_04_p057_c004"": [], ""rbi_mpr_2025_04_p058_c000"": [], ""rbi_mpr_2025_04_p060_c000"": [], ""rbi_mpr_2025_04_p060_c001"": [], ""rbi_mpr_2025_04_p061_c000"": [], ""rbi_mpr_2025_04_p061_c001"": [], ""rbi_mpr_2025_04_p062_c000"": [], ""rbi_mpr_2025_04_p064_c000"": [], ""rbi_mpr_2025_04_p064_c002"": [], ""rbi_mpr_2025_04_p066_c000"": [], ""rbi_mpr_2025_04_p066_c002"": [], ""rbi_mpr_2025_04_p066_c003"": [], ""rbi_mpr_2025_04_p067_c000"": [], ""rbi_mpr_2025_04_p068_c000"": [], ""rbi_mpr_2025_04_p068_c001"": [], ""rbi_mpr_2025_04_p069_c004"": [], ""rbi_mpr_2025_04_p069_c005"": [], ""rbi_mpr_2025_04_p070_c000"": [], ""rbi_mpr_2025_04_p074_c000"": [], ""rbi_mpr_2025_04_p078_c000"": [], ""rbi_mpr_2025_04_p084_c000"": [], ""rbi_mpr_2025_04_p088_c000"": [], ""rbi_mpr_2025_04_p088_c001"": [], ""rbi_mpr_2025_04_p090_c000"": [], ""rbi_mpr_2025_04_p090_c001"": [], ""rbi_mpr_2025_04_p092_c000"": [], ""rbi_mpr_2025_04_p092_c001"": [], ""rbi_mpr_2025_04_p098_c000"": [], ""rbi_mpr_2025_04_p099_c002"": [], ""rbi_mpr_2025_04_p099_c003"": [], ""rbi_mpr_2025_04_p100_c000"": [], ""rbi_mpr_2025_04_p100_c002"": [], ""rbi_mpr_2025_04_p101_c001"": [], ""rbi_mpr_2025_04_p101_c002"": [], ""rbi_mpr_2025_04_p101_c003"": [], ""rbi_mpr_2025_04_p101_c004"": [], ""rbi_mpr_2025_04_p101_c005"": [], ""rbi_mpr_2025_04_p102_c002"": [], ""rbi_mpr_2025_04_p104_c000"": [], ""rbi_mpr_2025_04_p104_c003"": [], ""rbi_mpr_2025_04_p106_c000"": [], ""rbi_mpr_2025_04_p112_c000"": [], ""rbi_mpr_2025_04_p114_c000"": [], ""rbi_mpr_2026_04_p005_c003"": [], ""rbi_mpr_2026_04_p013_c004"": [], ""rbi_mpr_2026_04_p014_c000"": [], ""rbi_mpr_2026_04_p014_c004"": [], ""rbi_mpr_2026_04_p015_c001"": [], ""rbi_mpr_2026_04_p016_c000"": [], ""rbi_mpr_2026_04_p021_c002"": [], ""rbi_mpr_2026_04_p024_c000"": [], ""rbi_mpr_2026_04_p026_c000"": [], ""rbi_mpr_2026_04_p030_c000"": [], ""rbi_mpr_2026_04_p032_c000"": [], ""rbi_mpr_2026_04_p034_c000"": [], ""rbi_mpr_2026_04_p042_c000"": [], ""rbi_mpr_2026_04_p044_c002"": [], ""rbi_mpr_2026_04_p044_c004"": [], ""rbi_mpr_2026_04_p045_c000"": [], ""rbi_mpr_2026_04_p046_c000"": [], ""rbi_mpr_2026_04_p048_c000"": [], ""rbi_mpr_2026_04_p056_c000"": [], ""rbi_mpr_2026_04_p056_c002"": [], ""rbi_mpr_2026_04_p057_c001"": [], ""rbi_mpr_2026_04_p057_c004"": [], ""rbi_mpr_2026_04_p059_c000"": [], ""rbi_mpr_2026_04_p060_c000"": [], ""rbi_mpr_2026_04_p061_c000"": [], ""rbi_mpr_2026_04_p061_c001"": [], ""rbi_mpr_2026_04_p063_c001"": [], ""rbi_mpr_2026_04_p063_c002"": [], ""rbi_mpr_2026_04_p064_c000"": [], ""rbi_mpr_2026_04_p066_c000"": [], ""rbi_mpr_2026_04_p066_c003"": [], ""rbi_mpr_2026_04_p072_c001"": [], ""rbi_mpr_2026_04_p072_c003"": [], ""rbi_mpr_2026_04_p072_c004"": [], ""rbi_mpr_2026_04_p073_c000"": [], ""rbi_mpr_2026_04_p073_c001"": [], ""rbi_mpr_2026_04_p073_c002"": [], ""rbi_mpr_2026_04_p074_c000"": [], ""rbi_mpr_2026_04_p075_c000"": [], ""rbi_mpr_2026_04_p075_c002"": [], ""rbi_mpr_2026_04_p076_c000"": [], ""rbi_mpr_2026_04_p076_c002"": [], ""rbi_mpr_2026_04_p076_c003"": [], ""rbi_mpr_2026_04_p077_c002"": [], ""rbi_mpr_2026_04_p077_c003"": [], ""rbi_mpr_2026_04_p078_c000"": [], ""rbi_mpr_2026_04_p080_c000"": [], ""rbi_mpr_2026_04_p082_c000"": [], ""rbi_mpr_2026_04_p082_c002"": [], ""rbi_mpr_2026_04_p084_c000"": [], ""rbi_mpr_2026_04_p084_c002"": [], ""rbi_mpr_2026_04_p085_c000"": [], ""rbi_mpr_2026_04_p085_c002"": [], ""rbi_mpr_2026_04_p085_c003"": [], ""rbi_mpr_2026_04_p086_c000"": [], ""rbi_mpr_2026_04_p086_c002"": [], ""rbi_mpr_2026_04_p087_c000"": [], ""rbi_mpr_2026_04_p090_c000"": [], ""rbi_mpr_2026_04_p092_c000"": [], ""rbi_mpr_2026_04_p092_c002"": [], ""rbi_mpr_2026_04_p094_c000"": [], ""rbi_mpr_2026_04_p095_c002"": [], ""rbi_mpr_2026_04_p095_c003"": [], ""rbi_mpr_2026_04_p095_c004"": [], ""rbi_mpr_2026_04_p096_c000"": [], ""rbi_mpr_2026_04_p096_c001"": [], ""rbi_mpr_2026_04_p098_c002"": [], ""rbi_mpr_2026_04_p099_c002"": [], ""rbi_mpr_2026_04_p100_c000"": [], ""rbi_mpr_2026_04_p101_c000"": [], ""rbi_mpr_2026_04_p101_c001"": [], ""rbi_mpr_2026_04_p102_c000"": [], ""rbi_mpr_2026_04_p102_c002"": [], ""rbi_mpr_2026_04_p102_c003"": [], ""rbi_mpr_2026_04_p102_c004"": [], ""rbi_mpr_2026_04_p103_c000"": [], ""rbi_mpr_2026_04_p105_c003"": [], ""rbi_mpr_2026_04_p106_c000"": [], ""rbi_mpr_2026_04_p106_c001"": [], ""rbi_mpr_2026_04_p107_c000"": [], ""rbi_mpr_2026_04_p107_c003"": [], ""rbi_mpr_2026_04_p108_c000"": [], ""rbi_mpr_2026_04_p108_c002"": [], ""rbi_mpr_2026_04_p109_c004"": [], ""rbi_mpr_2026_04_p110_c000"": [], ""rbi_mpr_2026_04_p110_c001"": [], ""rbi_mpr_2026_04_p111_c000"": [], ""rbi_mpr_2026_04_p111_c001"": [], ""rbi_mpr_2026_04_p111_c003"": [], ""rbi_mpr_2026_04_p112_c000"": [], ""rbi_mpr_2026_04_p113_c003"": [], ""rbi_mpr_2026_04_p115_c003"": [], ""rbi_mpr_2026_04_p116_c000"": []}, ""candidate_source_query"": {""rbi_mpr_2025_04_p012_c001"": [""Compare growth figures reported in April 2025 and April 2026.""], ""rbi_mpr_2025_04_p012_c002"": [""Compare growth figures reported in April 2025 and April 2026.""], ""rbi_mpr_2025_04_p012_c004"": [""Compare growth figures reported in April 2025 and April 2026.""], ""rbi_mpr_2025_04_p013_c000"": [""Compare growth figures reported in April 2025 and April 2026.""], ""rbi_mpr_2025_04_p013_c001"": [""Compare growth figures reported in April 2025 and April 2026.""], ""rbi_mpr_2025_04_p014_c000"": [""Compare growth figures reported in April 2025 and April 2026.""], ""rbi_mpr_2025_04_p014_c001"": [""Compare growth figures reported in April 2025 and April 2026.""], ""rbi_mpr_2025_04_p015_c000"": [""Compare growth figures reported in April 2025 and April 2026.""], ""rbi_mpr_2025_04_p015_c001"": [""Compare growth figures reported in April 2025 and April 2026.""], ""rbi_mpr_2025_04_p015_c002"": [""Compare growth figures reported in April 2025 and April 2026.""], ""rbi_mpr_2025_04_p015_c003"": [""Compare growth figures reported in April 2025 and April 2026.""], ""rbi_mpr_2025_04_p016_c000"": [""Compare growth figures reported in April 2025 and April 2026.""], ""rbi_mpr_2025_04_p017_c002"": [""Compare growth figures reported in April 2025 and April 2026.""], ""rbi_mpr_2025_04_p017_c003"": [""Compare growth figures reported in April 2025 and April 2026.""], ""rbi_mpr_2025_04_p018_c000"": [""Compare growth figures reported in April 2025 and April 2026.""], ""rbi_mpr_2025_04_p018_c003"": [""Compare growth figures reported in April 2025 and April 2026.""], ""rbi_mpr_2025_04_p019_c002"": [""Compare growth figures reported in April 2025 and April 2026.""], ""rbi_mpr_2025_04_p020_c000"": [""Compare growth figures reported in April 2025 and April 2026.""], ""rbi_mpr_2025_04_p020_c003"": [""Compare growth figures reported in April 2025 and April 2026.""], ""rbi_mpr_2025_04_p022_c000"": [""Compare growth figures reported in April 2025 and April 2026.""], ""rbi_mpr_2025_04_p024_c000"": [""Compare growth figures reported in April 2025 and April 2026.""], ""rbi_mpr_2025_04_p025_c003"": [""Compare growth figures reported in April 2025 and April 2026.""], ""rbi_mpr_2025_04_p030_c000"": [""Compare growth figures reported in April 2025 and April 2026.""], ""rbi_mpr_2025_04_p032_c000"": [""Compare growth figures reported in April 2025 and April 2026.""], ""rbi_mpr_2025_04_p032_c001"": [""Compare growth figures reported in April 2025 and April 2026.""], ""rbi_mpr_2025_04_p034_c000"": [""Compare growth figures reported in April 2025 and April 2026.""], ""rbi_mpr_2025_04_p035_c000"": [""Compare growth figures reported in April 2025 and April 2026.""], ""rbi_mpr_2025_04_p035_c001"": [""Compare growth figures reported in April 2025 and April 2026.""], ""rbi_mpr_2025_04_p035_c004"": [""Compare growth figures reported in April 2025 and April 2026.""], ""rbi_mpr_2025_04_p036_c000"": [""Compare growth figures reported in April 2025 and April 2026.""], ""rbi_mpr_2025_04_p038_c000"": [""Compare growth figures reported in April 2025 and April 2026.""], ""rbi_mpr_2025_04_p038_c002"": [""Compare growth figures reported in April 2025 and April 2026.""], ""rbi_mpr_2025_04_p040_c000"": [""Compare growth figures reported in April 2025 and April 2026.""], ""rbi_mpr_2025_04_p042_c000"": [""Compare growth figures reported in April 2025 and April 2026.""], ""rbi_mpr_2025_04_p043_c002"": [""Compare growth figures reported in April 2025 and April 2026.""], ""rbi_mpr_2025_04_p044_c000"": [""Compare growth figures reported in April 2025 and April 2026.""], ""rbi_mpr_2025_04_p044_c001"": [""Compare growth figures reported in April 2025 and April 2026.""], ""rbi_mpr_2025_04_p044_c002"": [""Compare growth figures reported in April 2025 and April 2026.""], ""rbi_mpr_2025_04_p046_c000"": [""Compare growth figures reported in April 2025 and April 2026.""], ""rbi_mpr_2025_04_p047_c002"": [""Compare growth figures reported in April 2025 and April 2026.""], ""rbi_mpr_2025_04_p047_c004"": [""Compare growth figures reported in April 2025 and April 2026.""], ""rbi_mpr_2025_04_p048_c000"": [""Compare growth figures reported in April 2025 and April 2026.""], ""rbi_mpr_2025_04_p048_c001"": [""Compare growth figures reported in April 2025 and April 2026.""], ""rbi_mpr_2025_04_p048_c003"": [""Compare growth figures reported in April 2025 and April 2026.""], ""rbi_mpr_2025_04_p051_c001"": [""Compare growth figures reported in April 2025 and April 2026.""], ""rbi_mpr_2025_04_p053_c002"": [""Compare growth figures reported in April 2025 and April 2026.""], ""rbi_mpr_2025_04_p054_c004"": [""Compare growth figures reported in April 2025 and April 2026.""], ""rbi_mpr_2025_04_p055_c002"": [""Compare growth figures reported in April 2025 and April 2026.""], ""rbi_mpr_2025_04_p056_c000"": [""Compare growth figures reported in April 2025 and April 2026.""], ""rbi_mpr_2025_04_p057_c004"": [""Compare growth figures reported in April 2025 and April 2026.""], ""rbi_mpr_2025_04_p058_c000"": [""Compare growth figures reported in April 2025 and April 2026.""], ""rbi_mpr_2025_04_p060_c000"": [""Compare growth figures reported in April 2025 and April 2026.""], ""rbi_mpr_2025_04_p060_c001"": [""Compare growth figures reported in April 2025 and April 2026.""], ""rbi_mpr_2025_04_p061_c000"": [""Compare growth figures reported in April 2025 and April 2026.""], ""rbi_mpr_2025_04_p061_c001"": [""Compare growth figures reported in April 2025 and April 2026.""], ""rbi_mpr_2025_04_p062_c000"": [""Compare growth figures reported in April 2025 and April 2026.""], ""rbi_mpr_2025_04_p064_c000"": [""Compare growth figures reported in April 2025 and April 2026.""], ""rbi_mpr_2025_04_p064_c002"": [""Compare growth figures reported in April 2025 and April 2026.""], ""rbi_mpr_2025_04_p066_c000"": [""Compare growth figures reported in April 2025 and April 2026.""], ""rbi_mpr_2025_04_p066_c002"": [""Compare growth figures reported in April 2025 and April 2026.""], ""rbi_mpr_2025_04_p066_c003"": [""Compare growth figures reported in April 2025 and April 2026.""], ""rbi_mpr_2025_04_p067_c000"": [""Compare growth figures reported in April 2025 and April 2026.""], ""rbi_mpr_2025_04_p068_c000"": [""Compare growth figures reported in April 2025 and April 2026.""], ""rbi_mpr_2025_04_p068_c001"": [""Compare growth figures reported in April 2025 and April 2026.""], ""rbi_mpr_2025_04_p069_c004"": [""Compare growth figures reported in April 2025 and April 2026.""], ""rbi_mpr_2025_04_p069_c005"": [""Compare growth figures reported in April 2025 and April 2026.""], ""rbi_mpr_2025_04_p070_c000"": [""Compare growth figures reported in April 2025 and April 2026.""], ""rbi_mpr_2025_04_p074_c000"": [""Compare growth figures reported in April 2025 and April 2026.""], ""rbi_mpr_2025_04_p078_c000"": [""Compare growth figures reported in April 2025 and April 2026.""], ""rbi_mpr_2025_04_p084_c000"": [""Compare growth figures reported in April 2025 and April 2026.""], ""rbi_mpr_2025_04_p088_c000"": [""Compare growth figures reported in April 2025 and April 2026.""], ""rbi_mpr_2025_04_p088_c001"": [""Compare growth figures reported in April 2025 and April 2026.""], ""rbi_mpr_2025_04_p090_c000"": [""Compare growth figures reported in April 2025 and April 2026.""], ""rbi_mpr_2025_04_p090_c001"": [""Compare growth figures reported in April 2025 and April 2026.""], ""rbi_mpr_2025_04_p092_c000"": [""Compare growth figures reported in April 2025 and April 2026.""], ""rbi_mpr_2025_04_p092_c001"": [""Compare growth figures reported in April 2025 and April 2026.""], ""rbi_mpr_2025_04_p098_c000"": [""Compare growth figures reported in April 2025 and April 2026.""], ""rbi_mpr_2025_04_p099_c002"": [""Compare growth figures reported in April 2025 and April 2026.""], ""rbi_mpr_2025_04_p099_c003"": [""Compare growth figures reported in April 2025 and April 2026.""], ""rbi_mpr_2025_04_p100_c000"": [""Compare growth figures reported in April 2025 and April 2026.""], ""rbi_mpr_2025_04_p100_c002"": [""Compare growth figures reported in April 2025 and April 2026.""], ""rbi_mpr_2025_04_p101_c001"": [""Compare growth figures reported in April 2025 and April 2026.""], ""rbi_mpr_2025_04_p101_c002"": [""Compare growth figures reported in April 2025 and April 2026.""], ""rbi_mpr_2025_04_p101_c003"": [""Compare growth figures reported in April 2025 and April 2026.""], ""rbi_mpr_2025_04_p101_c004"": [""Compare growth figures reported in April 2025 and April 2026.""], ""rbi_mpr_2025_04_p101_c005"": [""Compare growth figures reported in April 2025 and April 2026.""], ""rbi_mpr_2025_04_p102_c002"": [""Compare growth figures reported in April 2025 and April 2026.""], ""rbi_mpr_2025_04_p104_c000"": [""Compare growth figures reported in April 2025 and April 2026.""], ""rbi_mpr_2025_04_p104_c003"": [""Compare growth figures reported in April 2025 and April 2026.""], ""rbi_mpr_2025_04_p106_c000"": [""Compare growth figures reported in April 2025 and April 2026.""], ""rbi_mpr_2025_04_p112_c000"": [""Compare growth figures reported in April 2025 and April 2026.""], ""rbi_mpr_2025_04_p114_c000"": [""Compare growth figures reported in April 2025 and April 2026.""], ""rbi_mpr_2026_04_p005_c003"": [""Compare growth figures reported in April 2025 and April 2026.""], ""rbi_mpr_2026_04_p013_c004"": [""Compare growth figures reported in April 2025 and April 2026.""], ""rbi_mpr_2026_04_p014_c000"": [""Compare growth figures reported in April 2025 and April 2026.""], ""rbi_mpr_2026_04_p014_c004"": [""Compare growth figures reported in April 2025 and April 2026.""], ""rbi_mpr_2026_04_p015_c001"": [""Compare growth figures reported in April 2025 and April 2026.""], ""rbi_mpr_2026_04_p016_c000"": [""Compare growth figures reported in April 2025 and April 2026.""], ""rbi_mpr_2026_04_p021_c002"": [""Compare growth figures reported in April 2025 and April 2026.""], ""rbi_mpr_2026_04_p024_c000"": [""Compare growth figures reported in April 2025 and April 2026.""], ""rbi_mpr_2026_04_p026_c000"": [""Compare growth figures reported in April 2025 and April 2026.""], ""rbi_mpr_2026_04_p030_c000"": [""Compare growth figures reported in April 2025 and April 2026.""], ""rbi_mpr_2026_04_p032_c000"": [""Compare growth figures reported in April 2025 and April 2026.""], ""rbi_mpr_2026_04_p034_c000"": [""Compare growth figures reported in April 2025 and April 2026.""], ""rbi_mpr_2026_04_p042_c000"": [""Compare growth figures reported in April 2025 and April 2026.""], ""rbi_mpr_2026_04_p044_c002"": [""Compare growth figures reported in April 2025 and April 2026.""], ""rbi_mpr_2026_04_p044_c004"": [""Compare growth figures reported in April 2025 and April 2026.""], ""rbi_mpr_2026_04_p045_c000"": [""Compare growth figures reported in April 2025 and April 2026.""], ""rbi_mpr_2026_04_p046_c000"": [""Compare growth figures reported in April 2025 and April 2026.""], ""rbi_mpr_2026_04_p048_c000"": [""Compare growth figures reported in April 2025 and April 2026.""], ""rbi_mpr_2026_04_p056_c000"": [""Compare growth figures reported in April 2025 and April 2026.""], ""rbi_mpr_2026_04_p056_c002"": [""Compare growth figures reported in April 2025 and April 2026.""], ""rbi_mpr_2026_04_p057_c001"": [""Compare growth figures reported in April 2025 and April 2026.""], ""rbi_mpr_2026_04_p057_c004"": [""Compare growth figures reported in April 2025 and April 2026.""], ""rbi_mpr_2026_04_p059_c000"": [""Compare growth figures reported in April 2025 and April 2026.""], ""rbi_mpr_2026_04_p060_c000"": [""Compare growth figures reported in April 2025 and April 2026.""], ""rbi_mpr_2026_04_p061_c000"": [""Compare growth figures reported in April 2025 and April 2026.""], ""rbi_mpr_2026_04_p061_c001"": [""Compare growth figures reported in April 2025 and April 2026.""], ""rbi_mpr_2026_04_p063_c001"": [""Compare growth figures reported in April 2025 and April 2026.""], ""rbi_mpr_2026_04_p063_c002"": [""Compare growth figures reported in April 2025 and April 2026.""], ""rbi_mpr_2026_04_p064_c000"": [""Compare growth figures reported in April 2025 and April 2026.""], ""rbi_mpr_2026_04_p066_c000"": [""Compare growth figures reported in April 2025 and April 2026.""], ""rbi_mpr_2026_04_p066_c003"": [""Compare growth figures reported in April 2025 and April 2026.""], ""rbi_mpr_2026_04_p072_c001"": [""Compare growth figures reported in April 2025 and April 2026.""], ""rbi_mpr_2026_04_p072_c003"": [""Compare growth figures reported in April 2025 and April 2026.""], ""rbi_mpr_2026_04_p072_c004"": [""Compare growth figures reported in April 2025 and April 2026.""], ""rbi_mpr_2026_04_p073_c000"": [""Compare growth figures reported in April 2025 and April 2026.""], ""rbi_mpr_2026_04_p073_c001"": [""Compare growth figures reported in April 2025 and April 2026.""], ""rbi_mpr_2026_04_p073_c002"": [""Compare growth figures reported in April 2025 and April 2026.""], ""rbi_mpr_2026_04_p074_c000"": [""Compare growth figures reported in April 2025 and April 2026.""], ""rbi_mpr_2026_04_p075_c000"": [""Compare growth figures reported in April 2025 and April 2026.""], ""rbi_mpr_2026_04_p075_c002"": [""Compare growth figures reported in April 2025 and April 2026.""], ""rbi_mpr_2026_04_p076_c000"": [""Compare growth figures reported in April 2025 and April 2026.""], ""rbi_mpr_2026_04_p076_c002"": [""Compare growth figures reported in April 2025 and April 2026.""], ""rbi_mpr_2026_04_p076_c003"": [""Compare growth figures reported in April 2025 and April 2026.""], ""rbi_mpr_2026_04_p077_c002"": [""Compare growth figures reported in April 2025 and April 2026.""], ""rbi_mpr_2026_04_p077_c003"": [""Compare growth figures reported in April 2025 and April 2026.""], ""rbi_mpr_2026_04_p078_c000"": [""Compare growth figures reported in April 2025 and April 2026.""], ""rbi_mpr_2026_04_p080_c000"": [""Compare growth figures reported in April 2025 and April 2026.""], ""rbi_mpr_2026_04_p082_c000"": [""Compare growth figures reported in April 2025 and April 2026.""], ""rbi_mpr_2026_04_p082_c002"": [""Compare growth figures reported in April 2025 and April 2026.""], ""rbi_mpr_2026_04_p084_c000"": [""Compare growth figures reported in April 2025 and April 2026.""], ""rbi_mpr_2026_04_p084_c002"": [""Compare growth figures reported in April 2025 and April 2026.""], ""rbi_mpr_2026_04_p085_c000"": [""Compare growth figures reported in April 2025 and April 2026.""], ""rbi_mpr_2026_04_p085_c002"": [""Compare growth figures reported in April 2025 and April 2026.""], ""rbi_mpr_2026_04_p085_c003"": [""Compare growth figures reported in April 2025 and April 2026.""], ""rbi_mpr_2026_04_p086_c000"": [""Compare growth figures reported in April 2025 and April 2026.""], ""rbi_mpr_2026_04_p086_c002"": [""Compare growth figures reported in April 2025 and April 2026.""], ""rbi_mpr_2026_04_p087_c000"": [""Compare growth figures reported in April 2025 and April 2026.""], ""rbi_mpr_2026_04_p090_c000"": [""Compare growth figures reported in April 2025 and April 2026.""], ""rbi_mpr_2026_04_p092_c000"": [""Compare growth figures reported in April 2025 and April 2026.""], ""rbi_mpr_2026_04_p092_c002"": [""Compare growth figures reported in April 2025 and April 2026.""], ""rbi_mpr_2026_04_p094_c000"": [""Compare growth figures reported in April 2025 and April 2026.""], ""rbi_mpr_2026_04_p095_c002"": [""Compare growth figures reported in April 2025 and April 2026.""], ""rbi_mpr_2026_04_p095_c003"": [""Compare growth figures reported in April 2025 and April 2026.""], ""rbi_mpr_2026_04_p095_c004"": [""Compare growth figures reported in April 2025 and April 2026.""], ""rbi_mpr_2026_04_p096_c000"": [""Compare growth figures reported in April 2025 and April 2026.""], ""rbi_mpr_2026_04_p096_c001"": [""Compare growth figures reported in April 2025 and April 2026.""], ""rbi_mpr_2026_04_p098_c002"": [""Compare growth figures reported in April 2025 and April 2026.""], ""rbi_mpr_2026_04_p099_c002"": [""Compare growth figures reported in April 2025 and April 2026.""], ""rbi_mpr_2026_04_p100_c000"": [""Compare growth figures reported in April 2025 and April 2026.""], ""rbi_mpr_2026_04_p101_c000"": [""Compare growth figures reported in April 2025 and April 2026.""], ""rbi_mpr_2026_04_p101_c001"": [""Compare growth figures reported in April 2025 and April 2026.""], ""rbi_mpr_2026_04_p102_c000"": [""Compare growth figures reported in April 2025 and April 2026.""], ""rbi_mpr_2026_04_p102_c002"": [""Compare growth figures reported in April 2025 and April 2026.""], ""rbi_mpr_2026_04_p102_c003"": [""Compare growth figures reported in April 2025 and April 2026.""], ""rbi_mpr_2026_04_p102_c004"": [""Compare growth figures reported in April 2025 and April 2026.""], ""rbi_mpr_2026_04_p103_c000"": [""Compare growth figures reported in April 2025 and April 2026.""], ""rbi_mpr_2026_04_p105_c003"": [""Compare growth figures reported in April 2025 and April 2026.""], ""rbi_mpr_2026_04_p106_c000"": [""Compare growth figures reported in April 2025 and April 2026.""], ""rbi_mpr_2026_04_p106_c001"": [""Compare growth figures reported in April 2025 and April 2026.""], ""rbi_mpr_2026_04_p107_c000"": [""Compare growth figures reported in April 2025 and April 2026.""], ""rbi_mpr_2026_04_p107_c003"": [""Compare growth figures reported in April 2025 and April 2026.""], ""rbi_mpr_2026_04_p108_c000"": [""Compare growth figures reported in April 2025 and April 2026.""], ""rbi_mpr_2026_04_p108_c002"": [""Compare growth figures reported in April 2025 and April 2026.""], ""rbi_mpr_2026_04_p109_c004"": [""Compare growth figures reported in April 2025 and April 2026.""], ""rbi_mpr_2026_04_p110_c000"": [""Compare growth figures reported in April 2025 and April 2026.""], ""rbi_mpr_2026_04_p110_c001"": [""Compare growth figures reported in April 2025 and April 2026.""], ""rbi_mpr_2026_04_p111_c000"": [""Compare growth figures reported in April 2025 and April 2026.""], ""rbi_mpr_2026_04_p111_c001"": [""Compare growth figures reported in April 2025 and April 2026.""], ""rbi_mpr_2026_04_p111_c003"": [""Compare growth figures reported in April 2025 and April 2026.""], ""rbi_mpr_2026_04_p112_c000"": [""Compare growth figures reported in April 2025 and April 2026.""], ""rbi_mpr_2026_04_p113_c003"": [""Compare growth figures reported in April 2025 and April 2026.""], ""rbi_mpr_2026_04_p115_c003"": [""Compare growth figures reported in April 2025 and April 2026.""], ""rbi_mpr_2026_04_p116_c000"": [""Compare growth figures reported in April 2025 and April 2026.""]}, ""candidate_source_retriever"": {""rbi_mpr_2025_04_p012_c001"": [""dense""], ""rbi_mpr_2025_04_p012_c002"": [""dense""], ""rbi_mpr_2025_04_p012_c004"": [""dense""], ""rbi_mpr_2025_04_p013_c000"": [""dense""], ""rbi_mpr_2025_04_p013_c001"": [""dense""], ""rbi_mpr_2025_04_p014_c000"": [""bm25""], ""rbi_mpr_2025_04_p014_c001"": [""bm25""], ""rbi_mpr_2025_04_p015_c000"": [""dense""], ""rbi_mpr_2025_04_p015_c001"": [""bm25"", ""dense""], ""rbi_mpr_2025_04_p015_c002"": [""dense""], ""rbi_mpr_2025_04_p015_c003"": [""dense""], ""rbi_mpr_2025_04_p016_c000"": [""bm25""], ""rbi_mpr_2025_04_p017_c002"": [""dense""], ""rbi_mpr_2025_04_p017_c003"": [""dense""], ""rbi_mpr_2025_04_p018_c000"": [""bm25""], ""rbi_mpr_2025_04_p018_c003"": [""dense""], ""rbi_mpr_2025_04_p019_c002"": [""dense""], ""rbi_mpr_2025_04_p020_c000"": [""bm25"", ""dense""], ""rbi_mpr_2025_04_p020_c003"": [""dense""], ""rbi_mpr_2025_04_p022_c000"": [""bm25""], ""rbi_mpr_2025_04_p024_c000"": [""bm25""], ""rbi_mpr_2025_04_p025_c003"": [""dense""], ""rbi_mpr_2025_04_p030_c000"": [""bm25""], ""rbi_mpr_2025_04_p032_c000"": [""bm25"", ""dense""], ""rbi_mpr_2025_04_p032_c001"": [""dense""], ""rbi_mpr_2025_04_p034_c000"": [""bm25""], ""rbi_mpr_2025_04_p035_c000"": [""bm25""], ""rbi_mpr_2025_04_p035_c001"": [""dense""], ""rbi_mpr_2025_04_p035_c004"": [""dense""], ""rbi_mpr_2025_04_p036_c000"": [""bm25""], ""rbi_mpr_2025_04_p038_c000"": [""bm25""], ""rbi_mpr_2025_04_p038_c002"": [""bm25""], ""rbi_mpr_2025_04_p040_c000"": [""bm25"", ""dense""], ""rbi_mpr_2025_04_p042_c000"": [""bm25""], ""rbi_mpr_2025_04_p043_c002"": [""dense""], ""rbi_mpr_2025_04_p044_c000"": [""bm25""], ""rbi_mpr_2025_04_p044_c001"": [""bm25""], ""rbi_mpr_2025_04_p044_c002"": [""bm25""], ""rbi_mpr_2025_04_p046_c000"": [""bm25""], ""rbi_mpr_2025_04_p047_c002"": [""dense""], ""rbi_mpr_2025_04_p047_c004"": [""dense""], ""rbi_mpr_2025_04_p048_c000"": [""bm25""], ""rbi_mpr_2025_04_p048_c001"": [""dense""], ""rbi_mpr_2025_04_p048_c003"": [""dense""], ""rbi_mpr_2025_04_p051_c001"": [""dense""], ""rbi_mpr_2025_04_p053_c002"": [""dense""], ""rbi_mpr_2025_04_p054_c004"": [""dense""], ""rbi_mpr_2025_04_p055_c002"": [""dense""], ""rbi_mpr_2025_04_p056_c000"": [""bm25""], ""rbi_mpr_2025_04_p057_c004"": [""dense""], ""rbi_mpr_2025_04_p058_c000"": [""bm25"", ""dense""], ""rbi_mpr_2025_04_p060_c000"": [""bm25""], ""rbi_mpr_2025_04_p060_c001"": [""dense""], ""rbi_mpr_2025_04_p061_c000"": [""dense""], ""rbi_mpr_2025_04_p061_c001"": [""dense""], ""rbi_mpr_2025_04_p062_c000"": [""bm25"", ""dense""], ""rbi_mpr_2025_04_p064_c000"": [""dense""], ""rbi_mpr_2025_04_p064_c002"": [""dense""], ""rbi_mpr_2025_04_p066_c000"": [""bm25"", ""dense""], ""rbi_mpr_2025_04_p066_c002"": [""dense""], ""rbi_mpr_2025_04_p066_c003"": [""dense""], ""rbi_mpr_2025_04_p067_c000"": [""dense""], ""rbi_mpr_2025_04_p068_c000"": [""bm25""], ""rbi_mpr_2025_04_p068_c001"": [""bm25""], ""rbi_mpr_2025_04_p069_c004"": [""bm25""], ""rbi_mpr_2025_04_p069_c005"": [""bm25""], ""rbi_mpr_2025_04_p070_c000"": [""bm25""], ""rbi_mpr_2025_04_p074_c000"": [""bm25""], ""rbi_mpr_2025_04_p078_c000"": [""bm25""], ""rbi_mpr_2025_04_p084_c000"": [""bm25""], ""rbi_mpr_2025_04_p088_c000"": [""bm25""], ""rbi_mpr_2025_04_p088_c001"": [""dense""], ""rbi_mpr_2025_04_p090_c000"": [""bm25""], ""rbi_mpr_2025_04_p090_c001"": [""bm25""], ""rbi_mpr_2025_04_p092_c000"": [""bm25""], ""rbi_mpr_2025_04_p092_c001"": [""bm25""], ""rbi_mpr_2025_04_p098_c000"": [""bm25""], ""rbi_mpr_2025_04_p099_c002"": [""bm25""], ""rbi_mpr_2025_04_p099_c003"": [""dense""], ""rbi_mpr_2025_04_p100_c000"": [""bm25""], ""rbi_mpr_2025_04_p100_c002"": [""dense""], ""rbi_mpr_2025_04_p101_c001"": [""bm25""], ""rbi_mpr_2025_04_p101_c002"": [""bm25"", ""dense""], ""rbi_mpr_2025_04_p101_c003"": [""dense""], ""rbi_mpr_2025_04_p101_c004"": [""dense""], ""rbi_mpr_2025_04_p101_c005"": [""dense""], ""rbi_mpr_2025_04_p102_c002"": [""dense""], ""rbi_mpr_2025_04_p104_c000"": [""bm25""], ""rbi_mpr_2025_04_p104_c003"": [""bm25""], ""rbi_mpr_2025_04_p106_c000"": [""bm25""], ""rbi_mpr_2025_04_p112_c000"": [""bm25""], ""rbi_mpr_2025_04_p114_c000"": [""bm25""], ""rbi_mpr_2026_04_p005_c003"": [""bm25""], ""rbi_mpr_2026_04_p013_c004"": [""dense""], ""rbi_mpr_2026_04_p014_c000"": [""bm25""], ""rbi_mpr_2026_04_p014_c004"": [""bm25""], ""rbi_mpr_2026_04_p015_c001"": [""dense""], ""rbi_mpr_2026_04_p016_c000"": [""bm25""], ""rbi_mpr_2026_04_p021_c002"": [""bm25""], ""rbi_mpr_2026_04_p024_c000"": [""bm25""], ""rbi_mpr_2026_04_p026_c000"": [""bm25""], ""rbi_mpr_2026_04_p030_c000"": [""bm25""], ""rbi_mpr_2026_04_p032_c000"": [""bm25""], ""rbi_mpr_2026_04_p034_c000"": [""bm25""], ""rbi_mpr_2026_04_p042_c000"": [""bm25""], ""rbi_mpr_2026_04_p044_c002"": [""dense""], ""rbi_mpr_2026_04_p044_c004"": [""bm25""], ""rbi_mpr_2026_04_p045_c000"": [""dense""], ""rbi_mpr_2026_04_p046_c000"": [""bm25""], ""rbi_mpr_2026_04_p048_c000"": [""bm25""], ""rbi_mpr_2026_04_p056_c000"": [""bm25"", ""dense""], ""rbi_mpr_2026_04_p056_c002"": [""dense""], ""rbi_mpr_2026_04_p057_c001"": [""bm25""], ""rbi_mpr_2026_04_p057_c004"": [""dense""], ""rbi_mpr_2026_04_p059_c000"": [""dense""], ""rbi_mpr_2026_04_p060_c000"": [""dense""], ""rbi_mpr_2026_04_p061_c000"": [""bm25"", ""dense""], ""rbi_mpr_2026_04_p061_c001"": [""bm25""], ""rbi_mpr_2026_04_p063_c001"": [""dense""], ""rbi_mpr_2026_04_p063_c002"": [""dense""], ""rbi_mpr_2026_04_p064_c000"": [""bm25""], ""rbi_mpr_2026_04_p066_c000"": [""bm25""], ""rbi_mpr_2026_04_p066_c003"": [""dense""], ""rbi_mpr_2026_04_p072_c001"": [""dense""], ""rbi_mpr_2026_04_p072_c003"": [""dense""], ""rbi_mpr_2026_04_p072_c004"": [""dense""], ""rbi_mpr_2026_04_p073_c000"": [""dense""], ""rbi_mpr_2026_04_p073_c001"": [""dense""], ""rbi_mpr_2026_04_p073_c002"": [""dense""], ""rbi_mpr_2026_04_p074_c000"": [""dense""], ""rbi_mpr_2026_04_p075_c000"": [""dense""], ""rbi_mpr_2026_04_p075_c002"": [""dense""], ""rbi_mpr_2026_04_p076_c000"": [""bm25""], ""rbi_mpr_2026_04_p076_c002"": [""dense""], ""rbi_mpr_2026_04_p076_c003"": [""dense""], ""rbi_mpr_2026_04_p077_c002"": [""bm25""], ""rbi_mpr_2026_04_p077_c003"": [""dense""], ""rbi_mpr_2026_04_p078_c000"": [""bm25""], ""rbi_mpr_2026_04_p080_c000"": [""bm25""], ""rbi_mpr_2026_04_p082_c000"": [""bm25""], ""rbi_mpr_2026_04_p082_c002"": [""dense""], ""rbi_mpr_2026_04_p084_c000"": [""bm25"", ""dense""], ""rbi_mpr_2026_04_p084_c002"": [""dense""], ""rbi_mpr_2026_04_p085_c000"": [""bm25""], ""rbi_mpr_2026_04_p085_c002"": [""bm25""], ""rbi_mpr_2026_04_p085_c003"": [""bm25"", ""dense""], ""rbi_mpr_2026_04_p086_c000"": [""bm25""], ""rbi_mpr_2026_04_p086_c002"": [""dense""], ""rbi_mpr_2026_04_p087_c000"": [""bm25""], ""rbi_mpr_2026_04_p090_c000"": [""bm25""], ""rbi_mpr_2026_04_p092_c000"": [""bm25""], ""rbi_mpr_2026_04_p092_c002"": [""dense""], ""rbi_mpr_2026_04_p094_c000"": [""bm25""], ""rbi_mpr_2026_04_p095_c002"": [""bm25"", ""dense""], ""rbi_mpr_2026_04_p095_c003"": [""bm25"", ""dense""], ""rbi_mpr_2026_04_p095_c004"": [""bm25"", ""dense""], ""rbi_mpr_2026_04_p096_c000"": [""bm25""], ""rbi_mpr_2026_04_p096_c001"": [""bm25""], ""rbi_mpr_2026_04_p098_c002"": [""bm25""], ""rbi_mpr_2026_04_p099_c002"": [""bm25""], ""rbi_mpr_2026_04_p100_c000"": [""bm25""], ""rbi_mpr_2026_04_p101_c000"": [""dense""], ""rbi_mpr_2026_04_p101_c001"": [""dense""], ""rbi_mpr_2026_04_p102_c000"": [""bm25""], ""rbi_mpr_2026_04_p102_c002"": [""dense""], ""rbi_mpr_2026_04_p102_c003"": [""dense""], ""rbi_mpr_2026_04_p102_c004"": [""dense""], ""rbi_mpr_2026_04_p103_c000"": [""dense""], ""rbi_mpr_2026_04_p105_c003"": [""bm25""], ""rbi_mpr_2026_04_p106_c000"": [""bm25""], ""rbi_mpr_2026_04_p106_c001"": [""dense""], ""rbi_mpr_2026_04_p107_c000"": [""dense""], ""rbi_mpr_2026_04_p107_c003"": [""dense""], ""rbi_mpr_2026_04_p108_c000"": [""bm25""], ""rbi_mpr_2026_04_p108_c002"": [""dense""], ""rbi_mpr_2026_04_p109_c004"": [""dense""], ""rbi_mpr_2026_04_p110_c000"": [""bm25""], ""rbi_mpr_2026_04_p110_c001"": [""dense""], ""rbi_mpr_2026_04_p111_c000"": [""dense""], ""rbi_mpr_2026_04_p111_c001"": [""dense""], ""rbi_mpr_2026_04_p111_c003"": [""dense""], ""rbi_mpr_2026_04_p112_c000"": [""bm25""], ""rbi_mpr_2026_04_p113_c003"": [""bm25""], ""rbi_mpr_2026_04_p115_c003"": [""dense""], ""rbi_mpr_2026_04_p116_c000"": [""bm25""]}, ""candidate_union_ids"": [""rbi_mpr_2026_04_p111_c003"", ""rbi_mpr_2026_04_p056_c000"", ""rbi_mpr_2026_04_p066_c003"", ""rbi_mpr_2026_04_p077_c003"", ""rbi_mpr_2026_04_p095_c003"", ""rbi_mpr_2026_04_p082_c002"", ""rbi_mpr_2026_04_p109_c004"", ""rbi_mpr_2026_04_p013_c004"", ""rbi_mpr_2026_04_p074_c000"", ""rbi_mpr_2026_04_p111_c000"", ""rbi_mpr_2026_04_p073_c002"", ""rbi_mpr_2026_04_p061_c000"", ""rbi_mpr_2026_04_p015_c001"", ""rbi_mpr_2026_04_p102_c003"", ""rbi_mpr_2026_04_p076_c002"", ""rbi_mpr_2026_04_p076_c003"", ""rbi_mpr_2026_04_p101_c001"", ""rbi_mpr_2026_04_p084_c000"", ""rbi_mpr_2026_04_p072_c001"", ""rbi_mpr_2026_04_p095_c004"", ""rbi_mpr_2026_04_p115_c003"", ""rbi_mpr_2026_04_p075_c000"", ""rbi_mpr_2026_04_p084_c002"", ""rbi_mpr_2026_04_p057_c004"", ""rbi_mpr_2026_04_p111_c001"", ""rbi_mpr_2026_04_p073_c000"", ""rbi_mpr_2026_04_p056_c002"", ""rbi_mpr_2026_04_p101_c000"", ""rbi_mpr_2026_04_p060_c000"", ""rbi_mpr_2026_04_p106_c001"", ""rbi_mpr_2026_04_p107_c003"", ""rbi_mpr_2026_04_p102_c004"", ""rbi_mpr_2026_04_p059_c000"", ""rbi_mpr_2026_04_p063_c001"", ""rbi_mpr_2026_04_p107_c000"", ""rbi_mpr_2026_04_p092_c002"", ""rbi_mpr_2026_04_p072_c003"", ""rbi_mpr_2026_04_p044_c002"", ""rbi_mpr_2026_04_p110_c001"", ""rbi_mpr_2026_04_p073_c001"", ""rbi_mpr_2026_04_p102_c002"", ""rbi_mpr_2026_04_p108_c002"", ""rbi_mpr_2026_04_p085_c003"", ""rbi_mpr_2026_04_p086_c002"", ""rbi_mpr_2026_04_p045_c000"", ""rbi_mpr_2026_04_p095_c002"", ""rbi_mpr_2026_04_p072_c004"", ""rbi_mpr_2026_04_p063_c002"", ""rbi_mpr_2026_04_p075_c002"", ""rbi_mpr_2026_04_p103_c000"", ""rbi_mpr_2026_04_p105_c003"", ""rbi_mpr_2026_04_p096_c000"", ""rbi_mpr_2026_04_p046_c000"", ""rbi_mpr_2026_04_p087_c000"", ""rbi_mpr_2026_04_p086_c000"", ""rbi_mpr_2026_04_p102_c000"", ""rbi_mpr_2026_04_p077_c002"", ""rbi_mpr_2026_04_p076_c000"", ""rbi_mpr_2026_04_p096_c001"", ""rbi_mpr_2026_04_p112_c000"", ""rbi_mpr_2026_04_p026_c000"", ""rbi_mpr_2026_04_p024_c000"", ""rbi_mpr_2026_04_p116_c000"", ""rbi_mpr_2026_04_p090_c000"", ""rbi_mpr_2026_04_p030_c000"", ""rbi_mpr_2026_04_p080_c000"", ""rbi_mpr_2026_04_p082_c000"", ""rbi_mpr_2026_04_p106_c000"", ""rbi_mpr_2026_04_p021_c002"", ""rbi_mpr_2026_04_p100_c000"", ""rbi_mpr_2026_04_p042_c000"", ""rbi_mpr_2026_04_p066_c000"", ""rbi_mpr_2026_04_p014_c004"", ""rbi_mpr_2026_04_p014_c000"", ""rbi_mpr_2026_04_p108_c000"", ""rbi_mpr_2026_04_p032_c000"", ""rbi_mpr_2026_04_p092_c000"", ""rbi_mpr_2026_04_p016_c000"", ""rbi_mpr_2026_04_p110_c000"", ""rbi_mpr_2026_04_p098_c002"", ""rbi_mpr_2026_04_p085_c000"", ""rbi_mpr_2026_04_p044_c004"", ""rbi_mpr_2026_04_p094_c000"", ""rbi_mpr_2026_04_p048_c000"", ""rbi_mpr_2026_04_p113_c003"", ""rbi_mpr_2026_04_p078_c000"", ""rbi_mpr_2026_04_p085_c002"", ""rbi_mpr_2026_04_p005_c003"", ""rbi_mpr_2026_04_p057_c001"", ""rbi_mpr_2026_04_p064_c000"", ""rbi_mpr_2026_04_p061_c001"", ""rbi_mpr_2026_04_p034_c000"", ""rbi_mpr_2026_04_p099_c002""], ""candidate_union_pages"": [111, 56, 66, 77, 95, 82, 109, 13, 74, 111, 73, 61, 15, 102, 76, 76, 101, 84, 72, 95, 115, 75, 84, 57, 111, 73, 56, 101, 60, 106, 107, 102, 59, 63, 107, 92, 72, 44, 110, 73, 102, 108, 85, 86, 45, 95, 72, 63, 75, 103, 105, 96, 46, 87, 86, 102, 77, 76, 96, 112, 26, 24, 116, 90, 30, 80, 82, 106, 21, 100, 42, 66, 14, 14, 108, 32, 92, 16, 110, 98, 85, 44, 94, 48, 113, 78, 85, 5, 57, 64, 61, 34, 99], ""dense_candidate_ids"": [""rbi_mpr_2026_04_p111_c003"", ""rbi_mpr_2026_04_p056_c000"", ""rbi_mpr_2026_04_p066_c003"", ""rbi_mpr_2026_04_p077_c003"", ""rbi_mpr_2026_04_p095_c003"", ""rbi_mpr_2026_04_p082_c002"", ""rbi_mpr_2026_04_p109_c004"", ""rbi_mpr_2026_04_p013_c004"", ""rbi_mpr_2026_04_p074_c000"", ""rbi_mpr_2026_04_p111_c000"", ""rbi_mpr_2026_04_p073_c002"", ""rbi_mpr_2026_04_p061_c000"", ""rbi_mpr_2026_04_p015_c001"", ""rbi_mpr_2026_04_p102_c003"", ""rbi_mpr_2026_04_p076_c002"", ""rbi_mpr_2026_04_p076_c003"", ""rbi_mpr_2026_04_p101_c001"", ""rbi_mpr_2026_04_p084_c000"", ""rbi_mpr_2026_04_p072_c001"", ""rbi_mpr_2026_04_p095_c004"", ""rbi_mpr_2026_04_p115_c003"", ""rbi_mpr_2026_04_p075_c000"", ""rbi_mpr_2026_04_p084_c002"", ""rbi_mpr_2026_04_p057_c004"", ""rbi_mpr_2026_04_p111_c001"", ""rbi_mpr_2026_04_p073_c000"", ""rbi_mpr_2026_04_p056_c002"", ""rbi_mpr_2026_04_p101_c000"", ""rbi_mpr_2026_04_p060_c000"", ""rbi_mpr_2026_04_p106_c001"", ""rbi_mpr_2026_04_p107_c003"", ""rbi_mpr_2026_04_p102_c004"", ""rbi_mpr_2026_04_p059_c000"", ""rbi_mpr_2026_04_p063_c001"", ""rbi_mpr_2026_04_p107_c000"", ""rbi_mpr_2026_04_p092_c002"", ""rbi_mpr_2026_04_p072_c003"", ""rbi_mpr_2026_04_p044_c002"", ""rbi_mpr_2026_04_p110_c001"", ""rbi_mpr_2026_04_p073_c001"", ""rbi_mpr_2026_04_p102_c002"", ""rbi_mpr_2026_04_p108_c002"", ""rbi_mpr_2026_04_p085_c003"", ""rbi_mpr_2026_04_p086_c002"", ""rbi_mpr_2026_04_p045_c000"", ""rbi_mpr_2026_04_p095_c002"", ""rbi_mpr_2026_04_p072_c004"", ""rbi_mpr_2026_04_p063_c002"", ""rbi_mpr_2026_04_p075_c002"", ""rbi_mpr_2026_04_p103_c000""], ""dense_candidate_pages"": [111, 56, 66, 77, 95, 82, 109, 13, 74, 111, 73, 61, 15, 102, 76, 76, 101, 84, 72, 95, 115, 75, 84, 57, 111, 73, 56, 101, 60, 106, 107, 102, 59, 63, 107, 92, 72, 44, 110, 73, 102, 108, 85, 86, 45, 95, 72, 63, 75, 103], ""dense_candidate_scores"": [0.3160150220533775, 0.2990180409859041, 0.2911790221908175, 0.2803710529460778, 0.2616381274821378, 0.25174086734002155, 0.2500113292645285, 0.24369402243492766, 0.23153423517104954, 0.23066289122493533, 0.23032099598981504, 0.22858108978958824, 0.22841165945857445, 0.22623342603383445, 0.22264293600919138, 0.21802962626488598, 0.2144579337346787, 0.20720058359589089, 0.20117602877604668, 0.19772791080567342, 0.19630882641631164, 0.19594375041451018, 0.19354239157375352, 0.1928430910632608, 0.1888793485482052, 0.1880686117702497, 0.18788291275571067, 0.1862861372530269, 0.18593429536165795, 0.1856693602719185, 0.18346541726958687, 0.18197400888818038, 0.18144456017718646, 0.18088147828108092, 0.18064368576178247, 0.1799953829379879, 0.17865047700200531, 0.17817093015964836, 0.17420187714168045, 0.17382575866556926, 0.1723201046493661, 0.17190023774450047, 0.16767923086613445, 0.16521178576691264, 0.1646569646531153, 0.1641587889037165, 0.16360927829283145, 0.1624640641250935, 0.1579177678699204, 0.15601711358947312], ""dense_first_evidence_rank"": 17, ""evidence_rank_after_reranking"": null, ""evidence_rank_before_reranking"": null, ""expected_evidence"": [""real GDP growth for 2025\u201326 is estimated at 7.6 per cent""], ""loss_stage"": ""lost_in_fusion"", ""report_id"": ""rbi_mpr_2026_04"", ""reranker_input_ids"": [""rbi_mpr_2026_04_p056_c000"", ""rbi_mpr_2026_04_p084_c000"", ""rbi_mpr_2026_04_p095_c003"", ""rbi_mpr_2026_04_p095_c002"", ""rbi_mpr_2026_04_p095_c004"", ""rbi_mpr_2026_04_p085_c003"", ""rbi_mpr_2026_04_p061_c000"", ""rbi_mpr_2026_04_p111_c003"", ""rbi_mpr_2026_04_p105_c003"", ""rbi_mpr_2026_04_p096_c000"", ""rbi_mpr_2026_04_p066_c003"", ""rbi_mpr_2026_04_p046_c000"", ""rbi_mpr_2026_04_p077_c003"", ""rbi_mpr_2026_04_p087_c000"", ""rbi_mpr_2026_04_p086_c000"", ""rbi_mpr_2026_04_p082_c002"", ""rbi_mpr_2026_04_p109_c004"", ""rbi_mpr_2026_04_p013_c004"", ""rbi_mpr_2026_04_p102_c000"", ""rbi_mpr_2026_04_p074_c000"", ""rbi_mpr_2026_04_p077_c002"", ""rbi_mpr_2026_04_p111_c000"", ""rbi_mpr_2026_04_p073_c002"", ""rbi_mpr_2026_04_p076_c000"", ""rbi_mpr_2026_04_p096_c001"", ""rbi_mpr_2026_04_p015_c001"", ""rbi_mpr_2026_04_p112_c000"", ""rbi_mpr_2026_04_p102_c003"", ""rbi_mpr_2026_04_p026_c000"", ""rbi_mpr_2026_04_p076_c002""], ""reranker_input_pages"": [56, 84, 95, 95, 95, 85, 61, 111, 105, 96, 66, 46, 77, 87, 86, 82, 109, 13, 102, 74, 77, 111, 73, 76, 96, 15, 112, 102, 26, 76], ""reranker_input_ranks"": [1, 2, 3, 4, 5, 6, 7, 8, 9, 10, 11, 12, 13, 14, 15, 16, 17, 18, 19, 20, 21, 22, 23, 24, 25, 26, 27, 28, 29, 30], ""reranker_output_ids"": [""rbi_mpr_2026_04_p056_c000"", ""rbi_mpr_2026_04_p046_c000"", ""rbi_mpr_2026_04_p076_c000"", ""rbi_mpr_2026_04_p074_c000"", ""rbi_mpr_2026_04_p096_c000"", ""rbi_mpr_2026_04_p102_c000"", ""rbi_mpr_2026_04_p112_c000"", ""rbi_mpr_2026_04_p111_c000"", ""rbi_mpr_2026_04_p085_c003"", ""rbi_mpr_2026_04_p084_c000"", ""rbi_mpr_2026_04_p013_c004"", ""rbi_mpr_2026_04_p026_c000"", ""rbi_mpr_2026_04_p109_c004"", ""rbi_mpr_2026_04_p086_c000"", ""rbi_mpr_2026_04_p087_c000"", ""rbi_mpr_2026_04_p061_c000"", ""rbi_mpr_2026_04_p105_c003"", ""rbi_mpr_2026_04_p102_c003"", ""rbi_mpr_2026_04_p015_c001"", ""rbi_mpr_2026_04_p076_c002"", ""rbi_mpr_2026_04_p096_c001"", ""rbi_mpr_2026_04_p111_c003"", ""rbi_mpr_2026_04_p095_c004"", ""rbi_mpr_2026_04_p082_c002"", ""rbi_mpr_2026_04_p077_c003"", ""rbi_mpr_2026_04_p066_c003"", ""rbi_mpr_2026_04_p095_c002"", ""rbi_mpr_2026_04_p095_c003"", ""rbi_mpr_2026_04_p073_c002"", ""rbi_mpr_2026_04_p077_c002""], ""reranker_output_pages"": [56, 46, 76, 74, 96, 102, 112, 111, 85, 84, 13, 26, 109, 86, 87, 61, 105, 102, 15, 76, 96, 111, 95, 82, 77, 66, 95, 95, 73, 77], ""reranker_scores"": [7.323540687561035, 6.0404052734375, 5.928844451904297, 5.849184036254883, 4.794152736663818, 4.7672929763793945, 3.648629665374756, 3.611572265625, 3.4577670097351074, 3.1250600814819336, 2.80715274810791, 2.784966468811035, 2.719454765319824, 2.553921699523926, 1.5918073654174805, 1.2686455249786377, 0.6444846987724304, 0.5143160223960876, 0.2918813228607178, 0.07483652979135513, 0.04929561913013458, -0.9251736402511597, -1.0208277702331543, -1.9091402292251587, -2.0459015369415283, -2.057626247406006, -2.2666194438934326, -2.289243221282959, -2.8662774562835693, -5.11601448059082], ""rrf_candidate_ids"": [""rbi_mpr_2026_04_p056_c000"", ""rbi_mpr_2026_04_p084_c000"", ""rbi_mpr_2026_04_p095_c003"", ""rbi_mpr_2026_04_p095_c002"", ""rbi_mpr_2026_04_p095_c004"", ""rbi_mpr_2026_04_p085_c003"", ""rbi_mpr_2026_04_p061_c000"", ""rbi_mpr_2026_04_p111_c003"", ""rbi_mpr_2026_04_p105_c003"", ""rbi_mpr_2026_04_p096_c000"", ""rbi_mpr_2026_04_p066_c003"", ""rbi_mpr_2026_04_p046_c000"", ""rbi_mpr_2026_04_p077_c003"", ""rbi_mpr_2026_04_p087_c000"", ""rbi_mpr_2026_04_p086_c000"", ""rbi_mpr_2026_04_p082_c002"", ""rbi_mpr_2026_04_p109_c004"", ""rbi_mpr_2026_04_p013_c004"", ""rbi_mpr_2026_04_p102_c000"", ""rbi_mpr_2026_04_p074_c000"", ""rbi_mpr_2026_04_p077_c002"", ""rbi_mpr_2026_04_p111_c000"", ""rbi_mpr_2026_04_p073_c002"", ""rbi_mpr_2026_04_p076_c000"", ""rbi_mpr_2026_04_p096_c001"", ""rbi_mpr_2026_04_p015_c001"", ""rbi_mpr_2026_04_p112_c000"", ""rbi_mpr_2026_04_p102_c003"", ""rbi_mpr_2026_04_p026_c000"", ""rbi_mpr_2026_04_p076_c002""], ""rrf_candidate_pages"": [56, 84, 95, 95, 95, 85, 61, 111, 105, 96, 66, 46, 77, 87, 86, 82, 109, 13, 102, 74, 77, 111, 73, 76, 96, 15, 112, 102, 26, 76], ""rrf_first_evidence_rank"": null, ""rrf_scores"": [0.031054405392392875, 0.025978407557354925, 0.02473040977713875, 0.024585477415666093, 0.02454819277108434, 0.023994452149791956, 0.023063200815494393, 0.01639344262295082, 0.01639344262295082, 0.016129032258064516, 0.015873015873015872, 0.015873015873015872, 0.015625, 0.015625, 0.015384615384615385, 0.015151515151515152, 0.014925373134328358, 0.014705882352941176, 0.014705882352941176, 0.014492753623188406, 0.014492753623188406, 0.014285714285714285, 0.014084507042253521, 0.014084507042253521, 0.013888888888888888, 0.0136986301369863, 0.0136986301369863, 0.013513513513513514, 0.013513513513513514, 0.013333333333333334], ""selected_chunk_ids_after_dedup"": [""rbi_mpr_2026_04_p056_c000"", ""rbi_mpr_2026_04_p046_c000"", ""rbi_mpr_2026_04_p076_c000""], ""selected_chunk_ids_before_dedup"": [""rbi_mpr_2026_04_p056_c000"", ""rbi_mpr_2026_04_p046_c000"", ""rbi_mpr_2026_04_p076_c000""], ""selected_pages"": [56, 46, 76]}}","{""rbi_mpr_2025_04"": false, ""rbi_mpr_2026_04"": false}","{""rbi_mpr_2025_04"": 0.0, ""rbi_mpr_2026_04"": 0.0}",[],"[""2025"", ""2026""]",0.18940000154543668,pairwise_comparison,cmp_dev_009,"[""Compare""]",0.0,"{""rbi_mpr_2025_04"": 3, ""rbi_mpr_2026_04"": 3}",1.0,"[""rbi_mpr_2025_04"", ""rbi_mpr_2026_04""]",3682.1763000043575,0.18350000027567148,5810,6,0.004699992132373154,dev,3746.1558999930276,6
False,6.860699999378994,0.3969000099459663,False,04a5ce7716e7f739c55089569953118657c56d931da37da67b3f680d0125b949,0,0.030099996365606785,bf7cf18e02abb87a6e22fe9b686d8f93fa34ceb3f67abc575741c0a63080b56d,0.3921000025002286,62.49989999923855,0,1456,0.0,[],RRF_K60,[],0.341799997841008,d063b65fcefc1858e3315b9e67356a80310b8ae9b4d0864e98dd7c18d8553c1a,0.0,Compare CPI inflation projections cited in April 2025 and April 2026.,Compare CPI inflation projections cited in April 2025 and April 2026.,"{""rbi_mpr_2025_04"": {""accepted_evidence_found"": false, ""accepted_pages"": [13], ""bm25_candidate_ids"": [""rbi_mpr_2025_04_p025_c003"", ""rbi_mpr_2025_04_p038_c000"", ""rbi_mpr_2025_04_p042_c000"", ""rbi_mpr_2025_04_p015_c001"", ""rbi_mpr_2025_04_p046_c000"", ""rbi_mpr_2025_04_p104_c003"", ""rbi_mpr_2025_04_p026_c000"", ""rbi_mpr_2025_04_p105_c001"", ""rbi_mpr_2025_04_p106_c000"", ""rbi_mpr_2025_04_p039_c003"", ""rbi_mpr_2025_04_p018_c000"", ""rbi_mpr_2025_04_p039_c002"", ""rbi_mpr_2025_04_p032_c000"", ""rbi_mpr_2025_04_p025_c004"", ""rbi_mpr_2025_04_p021_c001"", ""rbi_mpr_2025_04_p027_c002"", ""rbi_mpr_2025_04_p030_c000"", ""rbi_mpr_2025_04_p036_c000"", ""rbi_mpr_2025_04_p035_c000"", ""rbi_mpr_2025_04_p028_c003"", ""rbi_mpr_2025_04_p040_c000"", ""rbi_mpr_2025_04_p024_c000"", ""rbi_mpr_2025_04_p105_c000"", ""rbi_mpr_2025_04_p027_c003"", ""rbi_mpr_2025_04_p028_c004"", ""rbi_mpr_2025_04_p016_c000"", ""rbi_mpr_2025_04_p068_c000"", ""rbi_mpr_2025_04_p042_c002"", ""rbi_mpr_2025_04_p101_c002"", ""rbi_mpr_2025_04_p034_c000"", ""rbi_mpr_2025_04_p035_c002"", ""rbi_mpr_2025_04_p028_c000"", ""rbi_mpr_2025_04_p099_c002"", ""rbi_mpr_2025_04_p042_c001"", ""rbi_mpr_2025_04_p015_c003"", ""rbi_mpr_2025_04_p040_c001"", ""rbi_mpr_2025_04_p017_c001"", ""rbi_mpr_2025_04_p026_c001"", ""rbi_mpr_2025_04_p099_c001"", ""rbi_mpr_2025_04_p022_c000"", ""rbi_mpr_2025_04_p021_c003"", ""rbi_mpr_2025_04_p092_c000"", ""rbi_mpr_2025_04_p069_c004"", ""rbi_mpr_2025_04_p114_c000"", ""rbi_mpr_2025_04_p039_c001"", ""rbi_mpr_2025_04_p021_c000"", ""rbi_mpr_2025_04_p025_c000"", ""rbi_mpr_2025_04_p035_c001"", ""rbi_mpr_2025_04_p031_c001"", ""rbi_mpr_2025_04_p019_c003""], ""bm25_candidate_pages"": [25, 38, 42, 15, 46, 104, 26, 105, 106, 39, 18, 39, 32, 25, 21, 27, 30, 36, 35, 28, 40, 24, 105, 27, 28, 16, 68, 42, 101, 34, 35, 28, 99, 42, 15, 40, 17, 26, 99, 22, 21, 92, 69, 114, 39, 21, 25, 35, 31, 19], ""bm25_candidate_scores"": [null, null, null, null, null, null, null, null, null, null, null, null, null, null, null, null, null, null, null, null, null, null, null, null, null, null, null, null, null, null, null, null, null, null, null, null, null, null, null, null, null, null, null, null, null, null, null, null, null, null], ""bm25_first_evidence_rank"": null, ""candidate_source_expansion"": {""rbi_mpr_2025_04_p011_c000"": [], ""rbi_mpr_2025_04_p011_c005"": [], ""rbi_mpr_2025_04_p012_c002"": [], ""rbi_mpr_2025_04_p012_c005"": [], ""rbi_mpr_2025_04_p013_c001"": [], ""rbi_mpr_2025_04_p015_c001"": [], ""rbi_mpr_2025_04_p015_c002"": [], ""rbi_mpr_2025_04_p015_c003"": [], ""rbi_mpr_2025_04_p016_c000"": [], ""rbi_mpr_2025_04_p017_c000"": [], ""rbi_mpr_2025_04_p017_c001"": [], ""rbi_mpr_2025_04_p018_c000"": [], ""rbi_mpr_2025_04_p018_c003"": [], ""rbi_mpr_2025_04_p019_c003"": [], ""rbi_mpr_2025_04_p021_c000"": [], ""rbi_mpr_2025_04_p021_c001"": [], ""rbi_mpr_2025_04_p021_c003"": [], ""rbi_mpr_2025_04_p022_c000"": [], ""rbi_mpr_2025_04_p024_c000"": [], ""rbi_mpr_2025_04_p025_c000"": [], ""rbi_mpr_2025_04_p025_c001"": [], ""rbi_mpr_2025_04_p025_c002"": [], ""rbi_mpr_2025_04_p025_c003"": [], ""rbi_mpr_2025_04_p025_c004"": [], ""rbi_mpr_2025_04_p026_c000"": [], ""rbi_mpr_2025_04_p026_c001"": [], ""rbi_mpr_2025_04_p026_c002"": [], ""rbi_mpr_2025_04_p026_c003"": [], ""rbi_mpr_2025_04_p027_c000"": [], ""rbi_mpr_2025_04_p027_c002"": [], ""rbi_mpr_2025_04_p027_c003"": [], ""rbi_mpr_2025_04_p028_c000"": [], ""rbi_mpr_2025_04_p028_c003"": [], ""rbi_mpr_2025_04_p028_c004"": [], ""rbi_mpr_2025_04_p029_c000"": [], ""rbi_mpr_2025_04_p029_c001"": [], ""rbi_mpr_2025_04_p030_c000"": [], ""rbi_mpr_2025_04_p031_c001"": [], ""rbi_mpr_2025_04_p031_c002"": [], ""rbi_mpr_2025_04_p031_c003"": [], ""rbi_mpr_2025_04_p032_c000"": [], ""rbi_mpr_2025_04_p034_c000"": [], ""rbi_mpr_2025_04_p035_c000"": [], ""rbi_mpr_2025_04_p035_c001"": [], ""rbi_mpr_2025_04_p035_c002"": [], ""rbi_mpr_2025_04_p035_c003"": [], ""rbi_mpr_2025_04_p036_c000"": [], ""rbi_mpr_2025_04_p038_c000"": [], ""rbi_mpr_2025_04_p039_c000"": [], ""rbi_mpr_2025_04_p039_c001"": [], ""rbi_mpr_2025_04_p039_c002"": [], ""rbi_mpr_2025_04_p039_c003"": [], ""rbi_mpr_2025_04_p040_c000"": [], ""rbi_mpr_2025_04_p040_c001"": [], ""rbi_mpr_2025_04_p040_c002"": [], ""rbi_mpr_2025_04_p041_c000"": [], ""rbi_mpr_2025_04_p041_c002"": [], ""rbi_mpr_2025_04_p042_c000"": [], ""rbi_mpr_2025_04_p042_c001"": [], ""rbi_mpr_2025_04_p042_c002"": [], ""rbi_mpr_2025_04_p042_c003"": [], ""rbi_mpr_2025_04_p046_c000"": [], ""rbi_mpr_2025_04_p068_c000"": [], ""rbi_mpr_2025_04_p069_c004"": [], ""rbi_mpr_2025_04_p092_c000"": [], ""rbi_mpr_2025_04_p099_c001"": [], ""rbi_mpr_2025_04_p099_c002"": [], ""rbi_mpr_2025_04_p101_c002"": [], ""rbi_mpr_2025_04_p104_c003"": [], ""rbi_mpr_2025_04_p105_c000"": [], ""rbi_mpr_2025_04_p105_c001"": [], ""rbi_mpr_2025_04_p105_c002"": [], ""rbi_mpr_2025_04_p105_c003"": [], ""rbi_mpr_2025_04_p106_c000"": [], ""rbi_mpr_2025_04_p114_c000"": [], ""rbi_mpr_2026_04_p005_c003"": [], ""rbi_mpr_2026_04_p007_c001"": [], ""rbi_mpr_2026_04_p014_c004"": [], ""rbi_mpr_2026_04_p015_c001"": [], ""rbi_mpr_2026_04_p019_c001"": [], ""rbi_mpr_2026_04_p020_c000"": [], ""rbi_mpr_2026_04_p021_c000"": [], ""rbi_mpr_2026_04_p021_c002"": [], ""rbi_mpr_2026_04_p024_c000"": [], ""rbi_mpr_2026_04_p034_c000"": [], ""rbi_mpr_2026_04_p046_c000"": [], ""rbi_mpr_2026_04_p056_c000"": [], ""rbi_mpr_2026_04_p079_c000"": [], ""rbi_mpr_2026_04_p079_c001"": [], ""rbi_mpr_2026_04_p080_c000"": [], ""rbi_mpr_2026_04_p081_c005"": [], ""rbi_mpr_2026_04_p082_c000"": [], ""rbi_mpr_2026_04_p082_c001"": [], ""rbi_mpr_2026_04_p082_c002"": [], ""rbi_mpr_2026_04_p082_c003"": [], ""rbi_mpr_2026_04_p082_c004"": [], ""rbi_mpr_2026_04_p083_c000"": [], ""rbi_mpr_2026_04_p083_c001"": [], ""rbi_mpr_2026_04_p084_c000"": [], ""rbi_mpr_2026_04_p084_c002"": [], ""rbi_mpr_2026_04_p085_c000"": [], ""rbi_mpr_2026_04_p085_c002"": [], ""rbi_mpr_2026_04_p085_c003"": [], ""rbi_mpr_2026_04_p085_c004"": [], ""rbi_mpr_2026_04_p086_c000"": [], ""rbi_mpr_2026_04_p087_c000"": [], ""rbi_mpr_2026_04_p088_c000"": [], ""rbi_mpr_2026_04_p088_c001"": [], ""rbi_mpr_2026_04_p089_c001"": [], ""rbi_mpr_2026_04_p090_c000"": [], ""rbi_mpr_2026_04_p090_c001"": [], ""rbi_mpr_2026_04_p091_c000"": [], ""rbi_mpr_2026_04_p091_c004"": [], ""rbi_mpr_2026_04_p091_c005"": [], ""rbi_mpr_2026_04_p092_c000"": [], ""rbi_mpr_2026_04_p092_c002"": [], ""rbi_mpr_2026_04_p092_c004"": [], ""rbi_mpr_2026_04_p093_c002"": [], ""rbi_mpr_2026_04_p093_c003"": [], ""rbi_mpr_2026_04_p094_c000"": [], ""rbi_mpr_2026_04_p094_c001"": [], ""rbi_mpr_2026_04_p094_c002"": [], ""rbi_mpr_2026_04_p094_c003"": [], ""rbi_mpr_2026_04_p094_c004"": [], ""rbi_mpr_2026_04_p095_c002"": [], ""rbi_mpr_2026_04_p095_c003"": [], ""rbi_mpr_2026_04_p095_c004"": [], ""rbi_mpr_2026_04_p098_c002"": [], ""rbi_mpr_2026_04_p099_c000"": [], ""rbi_mpr_2026_04_p099_c002"": [], ""rbi_mpr_2026_04_p100_c000"": [], ""rbi_mpr_2026_04_p101_c000"": [], ""rbi_mpr_2026_04_p101_c001"": [], ""rbi_mpr_2026_04_p101_c002"": [], ""rbi_mpr_2026_04_p102_c000"": [], ""rbi_mpr_2026_04_p102_c002"": [], ""rbi_mpr_2026_04_p102_c003"": [], ""rbi_mpr_2026_04_p102_c004"": [], ""rbi_mpr_2026_04_p103_c000"": [], ""rbi_mpr_2026_04_p103_c001"": [], ""rbi_mpr_2026_04_p105_c003"": [], ""rbi_mpr_2026_04_p105_c004"": [], ""rbi_mpr_2026_04_p106_c000"": [], ""rbi_mpr_2026_04_p107_c000"": [], ""rbi_mpr_2026_04_p107_c002"": [], ""rbi_mpr_2026_04_p107_c003"": [], ""rbi_mpr_2026_04_p108_c000"": [], ""rbi_mpr_2026_04_p108_c001"": [], ""rbi_mpr_2026_04_p108_c002"": [], ""rbi_mpr_2026_04_p109_c000"": [], ""rbi_mpr_2026_04_p109_c001"": [], ""rbi_mpr_2026_04_p109_c004"": [], ""rbi_mpr_2026_04_p112_c000"": [], ""rbi_mpr_2026_04_p112_c001"": [], ""rbi_mpr_2026_04_p115_c003"": [], ""rbi_mpr_2026_04_p115_c004"": [], ""rbi_mpr_2026_04_p116_c000"": []}, ""candidate_source_facet"": {""rbi_mpr_2025_04_p011_c000"": [], ""rbi_mpr_2025_04_p011_c005"": [], ""rbi_mpr_2025_04_p012_c002"": [], ""rbi_mpr_2025_04_p012_c005"": [], ""rbi_mpr_2025_04_p013_c001"": [], ""rbi_mpr_2025_04_p015_c001"": [], ""rbi_mpr_2025_04_p015_c002"": [], ""rbi_mpr_2025_04_p015_c003"": [], ""rbi_mpr_2025_04_p016_c000"": [], ""rbi_mpr_2025_04_p017_c000"": [], ""rbi_mpr_2025_04_p017_c001"": [], ""rbi_mpr_2025_04_p018_c000"": [], ""rbi_mpr_2025_04_p018_c003"": [], ""rbi_mpr_2025_04_p019_c003"": [], ""rbi_mpr_2025_04_p021_c000"": [], ""rbi_mpr_2025_04_p021_c001"": [], ""rbi_mpr_2025_04_p021_c003"": [], ""rbi_mpr_2025_04_p022_c000"": [], ""rbi_mpr_2025_04_p024_c000"": [], ""rbi_mpr_2025_04_p025_c000"": [], ""rbi_mpr_2025_04_p025_c001"": [], ""rbi_mpr_2025_04_p025_c002"": [], ""rbi_mpr_2025_04_p025_c003"": [], ""rbi_mpr_2025_04_p025_c004"": [], ""rbi_mpr_2025_04_p026_c000"": [], ""rbi_mpr_2025_04_p026_c001"": [], ""rbi_mpr_2025_04_p026_c002"": [], ""rbi_mpr_2025_04_p026_c003"": [], ""rbi_mpr_2025_04_p027_c000"": [], ""rbi_mpr_2025_04_p027_c002"": [], ""rbi_mpr_2025_04_p027_c003"": [], ""rbi_mpr_2025_04_p028_c000"": [], ""rbi_mpr_2025_04_p028_c003"": [], ""rbi_mpr_2025_04_p028_c004"": [], ""rbi_mpr_2025_04_p029_c000"": [], ""rbi_mpr_2025_04_p029_c001"": [], ""rbi_mpr_2025_04_p030_c000"": [], ""rbi_mpr_2025_04_p031_c001"": [], ""rbi_mpr_2025_04_p031_c002"": [], ""rbi_mpr_2025_04_p031_c003"": [], ""rbi_mpr_2025_04_p032_c000"": [], ""rbi_mpr_2025_04_p034_c000"": [], ""rbi_mpr_2025_04_p035_c000"": [], ""rbi_mpr_2025_04_p035_c001"": [], ""rbi_mpr_2025_04_p035_c002"": [], ""rbi_mpr_2025_04_p035_c003"": [], ""rbi_mpr_2025_04_p036_c000"": [], ""rbi_mpr_2025_04_p038_c000"": [], ""rbi_mpr_2025_04_p039_c000"": [], ""rbi_mpr_2025_04_p039_c001"": [], ""rbi_mpr_2025_04_p039_c002"": [], ""rbi_mpr_2025_04_p039_c003"": [], ""rbi_mpr_2025_04_p040_c000"": [], ""rbi_mpr_2025_04_p040_c001"": [], ""rbi_mpr_2025_04_p040_c002"": [], ""rbi_mpr_2025_04_p041_c000"": [], ""rbi_mpr_2025_04_p041_c002"": [], ""rbi_mpr_2025_04_p042_c000"": [], ""rbi_mpr_2025_04_p042_c001"": [], ""rbi_mpr_2025_04_p042_c002"": [], ""rbi_mpr_2025_04_p042_c003"": [], ""rbi_mpr_2025_04_p046_c000"": [], ""rbi_mpr_2025_04_p068_c000"": [], ""rbi_mpr_2025_04_p069_c004"": [], ""rbi_mpr_2025_04_p092_c000"": [], ""rbi_mpr_2025_04_p099_c001"": [], ""rbi_mpr_2025_04_p099_c002"": [], ""rbi_mpr_2025_04_p101_c002"": [], ""rbi_mpr_2025_04_p104_c003"": [], ""rbi_mpr_2025_04_p105_c000"": [], ""rbi_mpr_2025_04_p105_c001"": [], ""rbi_mpr_2025_04_p105_c002"": [], ""rbi_mpr_2025_04_p105_c003"": [], ""rbi_mpr_2025_04_p106_c000"": [], ""rbi_mpr_2025_04_p114_c000"": [], ""rbi_mpr_2026_04_p005_c003"": [], ""rbi_mpr_2026_04_p007_c001"": [], ""rbi_mpr_2026_04_p014_c004"": [], ""rbi_mpr_2026_04_p015_c001"": [], ""rbi_mpr_2026_04_p019_c001"": [], ""rbi_mpr_2026_04_p020_c000"": [], ""rbi_mpr_2026_04_p021_c000"": [], ""rbi_mpr_2026_04_p021_c002"": [], ""rbi_mpr_2026_04_p024_c000"": [], ""rbi_mpr_2026_04_p034_c000"": [], ""rbi_mpr_2026_04_p046_c000"": [], ""rbi_mpr_2026_04_p056_c000"": [], ""rbi_mpr_2026_04_p079_c000"": [], ""rbi_mpr_2026_04_p079_c001"": [], ""rbi_mpr_2026_04_p080_c000"": [], ""rbi_mpr_2026_04_p081_c005"": [], ""rbi_mpr_2026_04_p082_c000"": [], ""rbi_mpr_2026_04_p082_c001"": [], ""rbi_mpr_2026_04_p082_c002"": [], ""rbi_mpr_2026_04_p082_c003"": [], ""rbi_mpr_2026_04_p082_c004"": [], ""rbi_mpr_2026_04_p083_c000"": [], ""rbi_mpr_2026_04_p083_c001"": [], ""rbi_mpr_2026_04_p084_c000"": [], ""rbi_mpr_2026_04_p084_c002"": [], ""rbi_mpr_2026_04_p085_c000"": [], ""rbi_mpr_2026_04_p085_c002"": [], ""rbi_mpr_2026_04_p085_c003"": [], ""rbi_mpr_2026_04_p085_c004"": [], ""rbi_mpr_2026_04_p086_c000"": [], ""rbi_mpr_2026_04_p087_c000"": [], ""rbi_mpr_2026_04_p088_c000"": [], ""rbi_mpr_2026_04_p088_c001"": [], ""rbi_mpr_2026_04_p089_c001"": [], ""rbi_mpr_2026_04_p090_c000"": [], ""rbi_mpr_2026_04_p090_c001"": [], ""rbi_mpr_2026_04_p091_c000"": [], ""rbi_mpr_2026_04_p091_c004"": [], ""rbi_mpr_2026_04_p091_c005"": [], ""rbi_mpr_2026_04_p092_c000"": [], ""rbi_mpr_2026_04_p092_c002"": [], ""rbi_mpr_2026_04_p092_c004"": [], ""rbi_mpr_2026_04_p093_c002"": [], ""rbi_mpr_2026_04_p093_c003"": [], ""rbi_mpr_2026_04_p094_c000"": [], ""rbi_mpr_2026_04_p094_c001"": [], ""rbi_mpr_2026_04_p094_c002"": [], ""rbi_mpr_2026_04_p094_c003"": [], ""rbi_mpr_2026_04_p094_c004"": [], ""rbi_mpr_2026_04_p095_c002"": [], ""rbi_mpr_2026_04_p095_c003"": [], ""rbi_mpr_2026_04_p095_c004"": [], ""rbi_mpr_2026_04_p098_c002"": [], ""rbi_mpr_2026_04_p099_c000"": [], ""rbi_mpr_2026_04_p099_c002"": [], ""rbi_mpr_2026_04_p100_c000"": [], ""rbi_mpr_2026_04_p101_c000"": [], ""rbi_mpr_2026_04_p101_c001"": [], ""rbi_mpr_2026_04_p101_c002"": [], ""rbi_mpr_2026_04_p102_c000"": [], ""rbi_mpr_2026_04_p102_c002"": [], ""rbi_mpr_2026_04_p102_c003"": [], ""rbi_mpr_2026_04_p102_c004"": [], ""rbi_mpr_2026_04_p103_c000"": [], ""rbi_mpr_2026_04_p103_c001"": [], ""rbi_mpr_2026_04_p105_c003"": [], ""rbi_mpr_2026_04_p105_c004"": [], ""rbi_mpr_2026_04_p106_c000"": [], ""rbi_mpr_2026_04_p107_c000"": [], ""rbi_mpr_2026_04_p107_c002"": [], ""rbi_mpr_2026_04_p107_c003"": [], ""rbi_mpr_2026_04_p108_c000"": [], ""rbi_mpr_2026_04_p108_c001"": [], ""rbi_mpr_2026_04_p108_c002"": [], ""rbi_mpr_2026_04_p109_c000"": [], ""rbi_mpr_2026_04_p109_c001"": [], ""rbi_mpr_2026_04_p109_c004"": [], ""rbi_mpr_2026_04_p112_c000"": [], ""rbi_mpr_2026_04_p112_c001"": [], ""rbi_mpr_2026_04_p115_c003"": [], ""rbi_mpr_2026_04_p115_c004"": [], ""rbi_mpr_2026_04_p116_c000"": []}, ""candidate_source_query"": {""rbi_mpr_2025_04_p011_c000"": [""Compare CPI inflation projections cited in April 2025 and April 2026.""], ""rbi_mpr_2025_04_p011_c005"": [""Compare CPI inflation projections cited in April 2025 and April 2026.""], ""rbi_mpr_2025_04_p012_c002"": [""Compare CPI inflation projections cited in April 2025 and April 2026.""], ""rbi_mpr_2025_04_p012_c005"": [""Compare CPI inflation projections cited in April 2025 and April 2026.""], ""rbi_mpr_2025_04_p013_c001"": [""Compare CPI inflation projections cited in April 2025 and April 2026.""], ""rbi_mpr_2025_04_p015_c001"": [""Compare CPI inflation projections cited in April 2025 and April 2026.""], ""rbi_mpr_2025_04_p015_c002"": [""Compare CPI inflation projections cited in April 2025 and April 2026.""], ""rbi_mpr_2025_04_p015_c003"": [""Compare CPI inflation projections cited in April 2025 and April 2026.""], ""rbi_mpr_2025_04_p016_c000"": [""Compare CPI inflation projections cited in April 2025 and April 2026.""], ""rbi_mpr_2025_04_p017_c000"": [""Compare CPI inflation projections cited in April 2025 and April 2026.""], ""rbi_mpr_2025_04_p017_c001"": [""Compare CPI inflation projections cited in April 2025 and April 2026.""], ""rbi_mpr_2025_04_p018_c000"": [""Compare CPI inflation projections cited in April 2025 and April 2026.""], ""rbi_mpr_2025_04_p018_c003"": [""Compare CPI inflation projections cited in April 2025 and April 2026.""], ""rbi_mpr_2025_04_p019_c003"": [""Compare CPI inflation projections cited in April 2025 and April 2026.""], ""rbi_mpr_2025_04_p021_c000"": [""Compare CPI inflation projections cited in April 2025 and April 2026.""], ""rbi_mpr_2025_04_p021_c001"": [""Compare CPI inflation projections cited in April 2025 and April 2026.""], ""rbi_mpr_2025_04_p021_c003"": [""Compare CPI inflation projections cited in April 2025 and April 2026.""], ""rbi_mpr_2025_04_p022_c000"": [""Compare CPI inflation projections cited in April 2025 and April 2026.""], ""rbi_mpr_2025_04_p024_c000"": [""Compare CPI inflation projections cited in April 2025 and April 2026.""], ""rbi_mpr_2025_04_p025_c000"": [""Compare CPI inflation projections cited in April 2025 and April 2026.""], ""rbi_mpr_2025_04_p025_c001"": [""Compare CPI inflation projections cited in April 2025 and April 2026.""], ""rbi_mpr_2025_04_p025_c002"": [""Compare CPI inflation projections cited in April 2025 and April 2026.""], ""rbi_mpr_2025_04_p025_c003"": [""Compare CPI inflation projections cited in April 2025 and April 2026.""], ""rbi_mpr_2025_04_p025_c004"": [""Compare CPI inflation projections cited in April 2025 and April 2026.""], ""rbi_mpr_2025_04_p026_c000"": [""Compare CPI inflation projections cited in April 2025 and April 2026.""], ""rbi_mpr_2025_04_p026_c001"": [""Compare CPI inflation projections cited in April 2025 and April 2026.""], ""rbi_mpr_2025_04_p026_c002"": [""Compare CPI inflation projections cited in April 2025 and April 2026.""], ""rbi_mpr_2025_04_p026_c003"": [""Compare CPI inflation projections cited in April 2025 and April 2026.""], ""rbi_mpr_2025_04_p027_c000"": [""Compare CPI inflation projections cited in April 2025 and April 2026.""], ""rbi_mpr_2025_04_p027_c002"": [""Compare CPI inflation projections cited in April 2025 and April 2026.""], ""rbi_mpr_2025_04_p027_c003"": [""Compare CPI inflation projections cited in April 2025 and April 2026.""], ""rbi_mpr_2025_04_p028_c000"": [""Compare CPI inflation projections cited in April 2025 and April 2026.""], ""rbi_mpr_2025_04_p028_c003"": [""Compare CPI inflation projections cited in April 2025 and April 2026.""], ""rbi_mpr_2025_04_p028_c004"": [""Compare CPI inflation projections cited in April 2025 and April 2026.""], ""rbi_mpr_2025_04_p029_c000"": [""Compare CPI inflation projections cited in April 2025 and April 2026.""], ""rbi_mpr_2025_04_p029_c001"": [""Compare CPI inflation projections cited in April 2025 and April 2026.""], ""rbi_mpr_2025_04_p030_c000"": [""Compare CPI inflation projections cited in April 2025 and April 2026.""], ""rbi_mpr_2025_04_p031_c001"": [""Compare CPI inflation projections cited in April 2025 and April 2026.""], ""rbi_mpr_2025_04_p031_c002"": [""Compare CPI inflation projections cited in April 2025 and April 2026.""], ""rbi_mpr_2025_04_p031_c003"": [""Compare CPI inflation projections cited in April 2025 and April 2026.""], ""rbi_mpr_2025_04_p032_c000"": [""Compare CPI inflation projections cited in April 2025 and April 2026.""], ""rbi_mpr_2025_04_p034_c000"": [""Compare CPI inflation projections cited in April 2025 and April 2026.""], ""rbi_mpr_2025_04_p035_c000"": [""Compare CPI inflation projections cited in April 2025 and April 2026.""], ""rbi_mpr_2025_04_p035_c001"": [""Compare CPI inflation projections cited in April 2025 and April 2026.""], ""rbi_mpr_2025_04_p035_c002"": [""Compare CPI inflation projections cited in April 2025 and April 2026.""], ""rbi_mpr_2025_04_p035_c003"": [""Compare CPI inflation projections cited in April 2025 and April 2026.""], ""rbi_mpr_2025_04_p036_c000"": [""Compare CPI inflation projections cited in April 2025 and April 2026.""], ""rbi_mpr_2025_04_p038_c000"": [""Compare CPI inflation projections cited in April 2025 and April 2026.""], ""rbi_mpr_2025_04_p039_c000"": [""Compare CPI inflation projections cited in April 2025 and April 2026.""], ""rbi_mpr_2025_04_p039_c001"": [""Compare CPI inflation projections cited in April 2025 and April 2026.""], ""rbi_mpr_2025_04_p039_c002"": [""Compare CPI inflation projections cited in April 2025 and April 2026.""], ""rbi_mpr_2025_04_p039_c003"": [""Compare CPI inflation projections cited in April 2025 and April 2026.""], ""rbi_mpr_2025_04_p040_c000"": [""Compare CPI inflation projections cited in April 2025 and April 2026.""], ""rbi_mpr_2025_04_p040_c001"": [""Compare CPI inflation projections cited in April 2025 and April 2026.""], ""rbi_mpr_2025_04_p040_c002"": [""Compare CPI inflation projections cited in April 2025 and April 2026.""], ""rbi_mpr_2025_04_p041_c000"": [""Compare CPI inflation projections cited in April 2025 and April 2026.""], ""rbi_mpr_2025_04_p041_c002"": [""Compare CPI inflation projections cited in April 2025 and April 2026.""], ""rbi_mpr_2025_04_p042_c000"": [""Compare CPI inflation projections cited in April 2025 and April 2026.""], ""rbi_mpr_2025_04_p042_c001"": [""Compare CPI inflation projections cited in April 2025 and April 2026.""], ""rbi_mpr_2025_04_p042_c002"": [""Compare CPI inflation projections cited in April 2025 and April 2026.""], ""rbi_mpr_2025_04_p042_c003"": [""Compare CPI inflation projections cited in April 2025 and April 2026.""], ""rbi_mpr_2025_04_p046_c000"": [""Compare CPI inflation projections cited in April 2025 and April 2026.""], ""rbi_mpr_2025_04_p068_c000"": [""Compare CPI inflation projections cited in April 2025 and April 2026.""], ""rbi_mpr_2025_04_p069_c004"": [""Compare CPI inflation projections cited in April 2025 and April 2026.""], ""rbi_mpr_2025_04_p092_c000"": [""Compare CPI inflation projections cited in April 2025 and April 2026.""], ""rbi_mpr_2025_04_p099_c001"": [""Compare CPI inflation projections cited in April 2025 and April 2026.""], ""rbi_mpr_2025_04_p099_c002"": [""Compare CPI inflation projections cited in April 2025 and April 2026.""], ""rbi_mpr_2025_04_p101_c002"": [""Compare CPI inflation projections cited in April 2025 and April 2026.""], ""rbi_mpr_2025_04_p104_c003"": [""Compare CPI inflation projections cited in April 2025 and April 2026.""], ""rbi_mpr_2025_04_p105_c000"": [""Compare CPI inflation projections cited in April 2025 and April 2026.""], ""rbi_mpr_2025_04_p105_c001"": [""Compare CPI inflation projections cited in April 2025 and April 2026.""], ""rbi_mpr_2025_04_p105_c002"": [""Compare CPI inflation projections cited in April 2025 and April 2026.""], ""rbi_mpr_2025_04_p105_c003"": [""Compare CPI inflation projections cited in April 2025 and April 2026.""], ""rbi_mpr_2025_04_p106_c000"": [""Compare CPI inflation projections cited in April 2025 and April 2026.""], ""rbi_mpr_2025_04_p114_c000"": [""Compare CPI inflation projections cited in April 2025 and April 2026.""], ""rbi_mpr_2026_04_p005_c003"": [""Compare CPI inflation projections cited in April 2025 and April 2026.""], ""rbi_mpr_2026_04_p007_c001"": [""Compare CPI inflation projections cited in April 2025 and April 2026.""], ""rbi_mpr_2026_04_p014_c004"": [""Compare CPI inflation projections cited in April 2025 and April 2026.""], ""rbi_mpr_2026_04_p015_c001"": [""Compare CPI inflation projections cited in April 2025 and April 2026.""], ""rbi_mpr_2026_04_p019_c001"": [""Compare CPI inflation projections cited in April 2025 and April 2026.""], ""rbi_mpr_2026_04_p020_c000"": [""Compare CPI inflation projections cited in April 2025 and April 2026.""], ""rbi_mpr_2026_04_p021_c000"": [""Compare CPI inflation projections cited in April 2025 and April 2026.""], ""rbi_mpr_2026_04_p021_c002"": [""Compare CPI inflation projections cited in April 2025 and April 2026.""], ""rbi_mpr_2026_04_p024_c000"": [""Compare CPI inflation projections cited in April 2025 and April 2026.""], ""rbi_mpr_2026_04_p034_c000"": [""Compare CPI inflation projections cited in April 2025 and April 2026.""], ""rbi_mpr_2026_04_p046_c000"": [""Compare CPI inflation projections cited in April 2025 and April 2026.""], ""rbi_mpr_2026_04_p056_c000"": [""Compare CPI inflation projections cited in April 2025 and April 2026.""], ""rbi_mpr_2026_04_p079_c000"": [""Compare CPI inflation projections cited in April 2025 and April 2026.""], ""rbi_mpr_2026_04_p079_c001"": [""Compare CPI inflation projections cited in April 2025 and April 2026.""], ""rbi_mpr_2026_04_p080_c000"": [""Compare CPI inflation projections cited in April 2025 and April 2026.""], ""rbi_mpr_2026_04_p081_c005"": [""Compare CPI inflation projections cited in April 2025 and April 2026.""], ""rbi_mpr_2026_04_p082_c000"": [""Compare CPI inflation projections cited in April 2025 and April 2026.""], ""rbi_mpr_2026_04_p082_c001"": [""Compare CPI inflation projections cited in April 2025 and April 2026.""], ""rbi_mpr_2026_04_p082_c002"": [""Compare CPI inflation projections cited in April 2025 and April 2026.""], ""rbi_mpr_2026_04_p082_c003"": [""Compare CPI inflation projections cited in April 2025 and April 2026.""], ""rbi_mpr_2026_04_p082_c004"": [""Compare CPI inflation projections cited in April 2025 and April 2026.""], ""rbi_mpr_2026_04_p083_c000"": [""Compare CPI inflation projections cited in April 2025 and April 2026.""], ""rbi_mpr_2026_04_p083_c001"": [""Compare CPI inflation projections cited in April 2025 and April 2026.""], ""rbi_mpr_2026_04_p084_c000"": [""Compare CPI inflation projections cited in April 2025 and April 2026.""], ""rbi_mpr_2026_04_p084_c002"": [""Compare CPI inflation projections cited in April 2025 and April 2026.""], ""rbi_mpr_2026_04_p085_c000"": [""Compare CPI inflation projections cited in April 2025 and April 2026.""], ""rbi_mpr_2026_04_p085_c002"": [""Compare CPI inflation projections cited in April 2025 and April 2026.""], ""rbi_mpr_2026_04_p085_c003"": [""Compare CPI inflation projections cited in April 2025 and April 2026.""], ""rbi_mpr_2026_04_p085_c004"": [""Compare CPI inflation projections cited in April 2025 and April 2026.""], ""rbi_mpr_2026_04_p086_c000"": [""Compare CPI inflation projections cited in April 2025 and April 2026.""], ""rbi_mpr_2026_04_p087_c000"": [""Compare CPI inflation projections cited in April 2025 and April 2026.""], ""rbi_mpr_2026_04_p088_c000"": [""Compare CPI inflation projections cited in April 2025 and April 2026.""], ""rbi_mpr_2026_04_p088_c001"": [""Compare CPI inflation projections cited in April 2025 and April 2026.""], ""rbi_mpr_2026_04_p089_c001"": [""Compare CPI inflation projections cited in April 2025 and April 2026.""], ""rbi_mpr_2026_04_p090_c000"": [""Compare CPI inflation projections cited in April 2025 and April 2026.""], ""rbi_mpr_2026_04_p090_c001"": [""Compare CPI inflation projections cited in April 2025 and April 2026.""], ""rbi_mpr_2026_04_p091_c000"": [""Compare CPI inflation projections cited in April 2025 and April 2026.""], ""rbi_mpr_2026_04_p091_c004"": [""Compare CPI inflation projections cited in April 2025 and April 2026.""], ""rbi_mpr_2026_04_p091_c005"": [""Compare CPI inflation projections cited in April 2025 and April 2026.""], ""rbi_mpr_2026_04_p092_c000"": [""Compare CPI inflation projections cited in April 2025 and April 2026.""], ""rbi_mpr_2026_04_p092_c002"": [""Compare CPI inflation projections cited in April 2025 and April 2026.""], ""rbi_mpr_2026_04_p092_c004"": [""Compare CPI inflation projections cited in April 2025 and April 2026.""], ""rbi_mpr_2026_04_p093_c002"": [""Compare CPI inflation projections cited in April 2025 and April 2026.""], ""rbi_mpr_2026_04_p093_c003"": [""Compare CPI inflation projections cited in April 2025 and April 2026.""], ""rbi_mpr_2026_04_p094_c000"": [""Compare CPI inflation projections cited in April 2025 and April 2026.""], ""rbi_mpr_2026_04_p094_c001"": [""Compare CPI inflation projections cited in April 2025 and April 2026.""], ""rbi_mpr_2026_04_p094_c002"": [""Compare CPI inflation projections cited in April 2025 and April 2026.""], ""rbi_mpr_2026_04_p094_c003"": [""Compare CPI inflation projections cited in April 2025 and April 2026.""], ""rbi_mpr_2026_04_p094_c004"": [""Compare CPI inflation projections cited in April 2025 and April 2026.""], ""rbi_mpr_2026_04_p095_c002"": [""Compare CPI inflation projections cited in April 2025 and April 2026.""], ""rbi_mpr_2026_04_p095_c003"": [""Compare CPI inflation projections cited in April 2025 and April 2026.""], ""rbi_mpr_2026_04_p095_c004"": [""Compare CPI inflation projections cited in April 2025 and April 2026.""], ""rbi_mpr_2026_04_p098_c002"": [""Compare CPI inflation projections cited in April 2025 and April 2026.""], ""rbi_mpr_2026_04_p099_c000"": [""Compare CPI inflation projections cited in April 2025 and April 2026.""], ""rbi_mpr_2026_04_p099_c002"": [""Compare CPI inflation projections cited in April 2025 and April 2026.""], ""rbi_mpr_2026_04_p100_c000"": [""Compare CPI inflation projections cited in April 2025 and April 2026.""], ""rbi_mpr_2026_04_p101_c000"": [""Compare CPI inflation projections cited in April 2025 and April 2026.""], ""rbi_mpr_2026_04_p101_c001"": [""Compare CPI inflation projections cited in April 2025 and April 2026.""], ""rbi_mpr_2026_04_p101_c002"": [""Compare CPI inflation projections cited in April 2025 and April 2026.""], ""rbi_mpr_2026_04_p102_c000"": [""Compare CPI inflation projections cited in April 2025 and April 2026.""], ""rbi_mpr_2026_04_p102_c002"": [""Compare CPI inflation projections cited in April 2025 and April 2026.""], ""rbi_mpr_2026_04_p102_c003"": [""Compare CPI inflation projections cited in April 2025 and April 2026.""], ""rbi_mpr_2026_04_p102_c004"": [""Compare CPI inflation projections cited in April 2025 and April 2026.""], ""rbi_mpr_2026_04_p103_c000"": [""Compare CPI inflation projections cited in April 2025 and April 2026.""], ""rbi_mpr_2026_04_p103_c001"": [""Compare CPI inflation projections cited in April 2025 and April 2026.""], ""rbi_mpr_2026_04_p105_c003"": [""Compare CPI inflation projections cited in April 2025 and April 2026.""], ""rbi_mpr_2026_04_p105_c004"": [""Compare CPI inflation projections cited in April 2025 and April 2026.""], ""rbi_mpr_2026_04_p106_c000"": [""Compare CPI inflation projections cited in April 2025 and April 2026.""], ""rbi_mpr_2026_04_p107_c000"": [""Compare CPI inflation projections cited in April 2025 and April 2026.""], ""rbi_mpr_2026_04_p107_c002"": [""Compare CPI inflation projections cited in April 2025 and April 2026.""], ""rbi_mpr_2026_04_p107_c003"": [""Compare CPI inflation projections cited in April 2025 and April 2026.""], ""rbi_mpr_2026_04_p108_c000"": [""Compare CPI inflation projections cited in April 2025 and April 2026.""], ""rbi_mpr_2026_04_p108_c001"": [""Compare CPI inflation projections cited in April 2025 and April 2026.""], ""rbi_mpr_2026_04_p108_c002"": [""Compare CPI inflation projections cited in April 2025 and April 2026.""], ""rbi_mpr_2026_04_p109_c000"": [""Compare CPI inflation projections cited in April 2025 and April 2026.""], ""rbi_mpr_2026_04_p109_c001"": [""Compare CPI inflation projections cited in April 2025 and April 2026.""], ""rbi_mpr_2026_04_p109_c004"": [""Compare CPI inflation projections cited in April 2025 and April 2026.""], ""rbi_mpr_2026_04_p112_c000"": [""Compare CPI inflation projections cited in April 2025 and April 2026.""], ""rbi_mpr_2026_04_p112_c001"": [""Compare CPI inflation projections cited in April 2025 and April 2026.""], ""rbi_mpr_2026_04_p115_c003"": [""Compare CPI inflation projections cited in April 2025 and April 2026.""], ""rbi_mpr_2026_04_p115_c004"": [""Compare CPI inflation projections cited in April 2025 and April 2026.""], ""rbi_mpr_2026_04_p116_c000"": [""Compare CPI inflation projections cited in April 2025 and April 2026.""]}, ""candidate_source_retriever"": {""rbi_mpr_2025_04_p011_c000"": [""dense""], ""rbi_mpr_2025_04_p011_c005"": [""dense""], ""rbi_mpr_2025_04_p012_c002"": [""dense""], ""rbi_mpr_2025_04_p012_c005"": [""dense""], ""rbi_mpr_2025_04_p013_c001"": [""dense""], ""rbi_mpr_2025_04_p015_c001"": [""bm25"", ""dense""], ""rbi_mpr_2025_04_p015_c002"": [""dense""], ""rbi_mpr_2025_04_p015_c003"": [""bm25"", ""dense""], ""rbi_mpr_2025_04_p016_c000"": [""bm25""], ""rbi_mpr_2025_04_p017_c000"": [""dense""], ""rbi_mpr_2025_04_p017_c001"": [""bm25"", ""dense""], ""rbi_mpr_2025_04_p018_c000"": [""bm25"", ""dense""], ""rbi_mpr_2025_04_p018_c003"": [""dense""], ""rbi_mpr_2025_04_p019_c003"": [""bm25"", ""dense""], ""rbi_mpr_2025_04_p021_c000"": [""bm25""], ""rbi_mpr_2025_04_p021_c001"": [""bm25""], ""rbi_mpr_2025_04_p021_c003"": [""bm25""], ""rbi_mpr_2025_04_p022_c000"": [""bm25""], ""rbi_mpr_2025_04_p024_c000"": [""bm25""], ""rbi_mpr_2025_04_p025_c000"": [""bm25"", ""dense""], ""rbi_mpr_2025_04_p025_c001"": [""dense""], ""rbi_mpr_2025_04_p025_c002"": [""dense""], ""rbi_mpr_2025_04_p025_c003"": [""bm25"", ""dense""], ""rbi_mpr_2025_04_p025_c004"": [""bm25"", ""dense""], ""rbi_mpr_2025_04_p026_c000"": [""bm25"", ""dense""], ""rbi_mpr_2025_04_p026_c001"": [""bm25""], ""rbi_mpr_2025_04_p026_c002"": [""dense""], ""rbi_mpr_2025_04_p026_c003"": [""dense""], ""rbi_mpr_2025_04_p027_c000"": [""dense""], ""rbi_mpr_2025_04_p027_c002"": [""bm25"", ""dense""], ""rbi_mpr_2025_04_p027_c003"": [""bm25"", ""dense""], ""rbi_mpr_2025_04_p028_c000"": [""bm25""], ""rbi_mpr_2025_04_p028_c003"": [""bm25"", ""dense""], ""rbi_mpr_2025_04_p028_c004"": [""bm25"", ""dense""], ""rbi_mpr_2025_04_p029_c000"": [""dense""], ""rbi_mpr_2025_04_p029_c001"": [""dense""], ""rbi_mpr_2025_04_p030_c000"": [""bm25"", ""dense""], ""rbi_mpr_2025_04_p031_c001"": [""bm25"", ""dense""], ""rbi_mpr_2025_04_p031_c002"": [""dense""], ""rbi_mpr_2025_04_p031_c003"": [""dense""], ""rbi_mpr_2025_04_p032_c000"": [""bm25"", ""dense""], ""rbi_mpr_2025_04_p034_c000"": [""bm25""], ""rbi_mpr_2025_04_p035_c000"": [""bm25""], ""rbi_mpr_2025_04_p035_c001"": [""bm25""], ""rbi_mpr_2025_04_p035_c002"": [""bm25""], ""rbi_mpr_2025_04_p035_c003"": [""dense""], ""rbi_mpr_2025_04_p036_c000"": [""bm25""], ""rbi_mpr_2025_04_p038_c000"": [""bm25"", ""dense""], ""rbi_mpr_2025_04_p039_c000"": [""dense""], ""rbi_mpr_2025_04_p039_c001"": [""bm25"", ""dense""], ""rbi_mpr_2025_04_p039_c002"": [""bm25"", ""dense""], ""rbi_mpr_2025_04_p039_c003"": [""bm25"", ""dense""], ""rbi_mpr_2025_04_p040_c000"": [""bm25"", ""dense""], ""rbi_mpr_2025_04_p040_c001"": [""bm25""], ""rbi_mpr_2025_04_p040_c002"": [""dense""], ""rbi_mpr_2025_04_p041_c000"": [""dense""], ""rbi_mpr_2025_04_p041_c002"": [""dense""], ""rbi_mpr_2025_04_p042_c000"": [""bm25"", ""dense""], ""rbi_mpr_2025_04_p042_c001"": [""bm25"", ""dense""], ""rbi_mpr_2025_04_p042_c002"": [""bm25""], ""rbi_mpr_2025_04_p042_c003"": [""dense""], ""rbi_mpr_2025_04_p046_c000"": [""bm25""], ""rbi_mpr_2025_04_p068_c000"": [""bm25""], ""rbi_mpr_2025_04_p069_c004"": [""bm25""], ""rbi_mpr_2025_04_p092_c000"": [""bm25""], ""rbi_mpr_2025_04_p099_c001"": [""bm25""], ""rbi_mpr_2025_04_p099_c002"": [""bm25""], ""rbi_mpr_2025_04_p101_c002"": [""bm25""], ""rbi_mpr_2025_04_p104_c003"": [""bm25""], ""rbi_mpr_2025_04_p105_c000"": [""bm25""], ""rbi_mpr_2025_04_p105_c001"": [""bm25"", ""dense""], ""rbi_mpr_2025_04_p105_c002"": [""dense""], ""rbi_mpr_2025_04_p105_c003"": [""dense""], ""rbi_mpr_2025_04_p106_c000"": [""bm25"", ""dense""], ""rbi_mpr_2025_04_p114_c000"": [""bm25""], ""rbi_mpr_2026_04_p005_c003"": [""bm25""], ""rbi_mpr_2026_04_p007_c001"": [""dense""], ""rbi_mpr_2026_04_p014_c004"": [""bm25""], ""rbi_mpr_2026_04_p015_c001"": [""bm25""], ""rbi_mpr_2026_04_p019_c001"": [""dense""], ""rbi_mpr_2026_04_p020_c000"": [""bm25""], ""rbi_mpr_2026_04_p021_c000"": [""bm25""], ""rbi_mpr_2026_04_p021_c002"": [""bm25""], ""rbi_mpr_2026_04_p024_c000"": [""bm25""], ""rbi_mpr_2026_04_p034_c000"": [""bm25""], ""rbi_mpr_2026_04_p046_c000"": [""bm25""], ""rbi_mpr_2026_04_p056_c000"": [""bm25""], ""rbi_mpr_2026_04_p079_c000"": [""bm25"", ""dense""], ""rbi_mpr_2026_04_p079_c001"": [""bm25"", ""dense""], ""rbi_mpr_2026_04_p080_c000"": [""bm25"", ""dense""], ""rbi_mpr_2026_04_p081_c005"": [""dense""], ""rbi_mpr_2026_04_p082_c000"": [""bm25"", ""dense""], ""rbi_mpr_2026_04_p082_c001"": [""bm25"", ""dense""], ""rbi_mpr_2026_04_p082_c002"": [""dense""], ""rbi_mpr_2026_04_p082_c003"": [""dense""], ""rbi_mpr_2026_04_p082_c004"": [""dense""], ""rbi_mpr_2026_04_p083_c000"": [""bm25"", ""dense""], ""rbi_mpr_2026_04_p083_c001"": [""dense""], ""rbi_mpr_2026_04_p084_c000"": [""bm25""], ""rbi_mpr_2026_04_p084_c002"": [""dense""], ""rbi_mpr_2026_04_p085_c000"": [""bm25""], ""rbi_mpr_2026_04_p085_c002"": [""bm25""], ""rbi_mpr_2026_04_p085_c003"": [""bm25""], ""rbi_mpr_2026_04_p085_c004"": [""bm25""], ""rbi_mpr_2026_04_p086_c000"": [""bm25""], ""rbi_mpr_2026_04_p087_c000"": [""bm25""], ""rbi_mpr_2026_04_p088_c000"": [""bm25""], ""rbi_mpr_2026_04_p088_c001"": [""bm25""], ""rbi_mpr_2026_04_p089_c001"": [""bm25"", ""dense""], ""rbi_mpr_2026_04_p090_c000"": [""bm25"", ""dense""], ""rbi_mpr_2026_04_p090_c001"": [""dense""], ""rbi_mpr_2026_04_p091_c000"": [""dense""], ""rbi_mpr_2026_04_p091_c004"": [""dense""], ""rbi_mpr_2026_04_p091_c005"": [""bm25"", ""dense""], ""rbi_mpr_2026_04_p092_c000"": [""bm25""], ""rbi_mpr_2026_04_p092_c002"": [""bm25"", ""dense""], ""rbi_mpr_2026_04_p092_c004"": [""dense""], ""rbi_mpr_2026_04_p093_c002"": [""dense""], ""rbi_mpr_2026_04_p093_c003"": [""dense""], ""rbi_mpr_2026_04_p094_c000"": [""bm25"", ""dense""], ""rbi_mpr_2026_04_p094_c001"": [""dense""], ""rbi_mpr_2026_04_p094_c002"": [""bm25"", ""dense""], ""rbi_mpr_2026_04_p094_c003"": [""dense""], ""rbi_mpr_2026_04_p094_c004"": [""bm25"", ""dense""], ""rbi_mpr_2026_04_p095_c002"": [""dense""], ""rbi_mpr_2026_04_p095_c003"": [""dense""], ""rbi_mpr_2026_04_p095_c004"": [""bm25"", ""dense""], ""rbi_mpr_2026_04_p098_c002"": [""bm25""], ""rbi_mpr_2026_04_p099_c000"": [""dense""], ""rbi_mpr_2026_04_p099_c002"": [""bm25""], ""rbi_mpr_2026_04_p100_c000"": [""bm25""], ""rbi_mpr_2026_04_p101_c000"": [""dense""], ""rbi_mpr_2026_04_p101_c001"": [""dense""], ""rbi_mpr_2026_04_p101_c002"": [""bm25"", ""dense""], ""rbi_mpr_2026_04_p102_c000"": [""bm25""], ""rbi_mpr_2026_04_p102_c002"": [""dense""], ""rbi_mpr_2026_04_p102_c003"": [""bm25"", ""dense""], ""rbi_mpr_2026_04_p102_c004"": [""bm25""], ""rbi_mpr_2026_04_p103_c000"": [""dense""], ""rbi_mpr_2026_04_p103_c001"": [""bm25""], ""rbi_mpr_2026_04_p105_c003"": [""bm25""], ""rbi_mpr_2026_04_p105_c004"": [""bm25""], ""rbi_mpr_2026_04_p106_c000"": [""bm25""], ""rbi_mpr_2026_04_p107_c000"": [""dense""], ""rbi_mpr_2026_04_p107_c002"": [""dense""], ""rbi_mpr_2026_04_p107_c003"": [""dense""], ""rbi_mpr_2026_04_p108_c000"": [""bm25"", ""dense""], ""rbi_mpr_2026_04_p108_c001"": [""dense""], ""rbi_mpr_2026_04_p108_c002"": [""dense""], ""rbi_mpr_2026_04_p109_c000"": [""bm25"", ""dense""], ""rbi_mpr_2026_04_p109_c001"": [""dense""], ""rbi_mpr_2026_04_p109_c004"": [""dense""], ""rbi_mpr_2026_04_p112_c000"": [""bm25""], ""rbi_mpr_2026_04_p112_c001"": [""bm25""], ""rbi_mpr_2026_04_p115_c003"": [""dense""], ""rbi_mpr_2026_04_p115_c004"": [""dense""], ""rbi_mpr_2026_04_p116_c000"": [""bm25""]}, ""candidate_union_ids"": [""rbi_mpr_2025_04_p026_c003"", ""rbi_mpr_2025_04_p105_c001"", ""rbi_mpr_2025_04_p015_c002"", ""rbi_mpr_2025_04_p018_c000"", ""rbi_mpr_2025_04_p015_c003"", ""rbi_mpr_2025_04_p027_c003"", ""rbi_mpr_2025_04_p018_c003"", ""rbi_mpr_2025_04_p028_c003"", ""rbi_mpr_2025_04_p031_c002"", ""rbi_mpr_2025_04_p039_c003"", ""rbi_mpr_2025_04_p012_c002"", ""rbi_mpr_2025_04_p106_c000"", ""rbi_mpr_2025_04_p025_c003"", ""rbi_mpr_2025_04_p015_c001"", ""rbi_mpr_2025_04_p105_c002"", ""rbi_mpr_2025_04_p017_c000"", ""rbi_mpr_2025_04_p042_c003"", ""rbi_mpr_2025_04_p027_c000"", ""rbi_mpr_2025_04_p035_c003"", ""rbi_mpr_2025_04_p105_c003"", ""rbi_mpr_2025_04_p017_c001"", ""rbi_mpr_2025_04_p025_c001"", ""rbi_mpr_2025_04_p025_c000"", ""rbi_mpr_2025_04_p012_c005"", ""rbi_mpr_2025_04_p031_c001"", ""rbi_mpr_2025_04_p038_c000"", ""rbi_mpr_2025_04_p039_c002"", ""rbi_mpr_2025_04_p025_c002"", ""rbi_mpr_2025_04_p040_c000"", ""rbi_mpr_2025_04_p042_c000"", ""rbi_mpr_2025_04_p039_c000"", ""rbi_mpr_2025_04_p025_c004"", ""rbi_mpr_2025_04_p011_c005"", ""rbi_mpr_2025_04_p041_c000"", ""rbi_mpr_2025_04_p029_c000"", ""rbi_mpr_2025_04_p040_c002"", ""rbi_mpr_2025_04_p039_c001"", ""rbi_mpr_2025_04_p019_c003"", ""rbi_mpr_2025_04_p011_c000"", ""rbi_mpr_2025_04_p026_c000"", ""rbi_mpr_2025_04_p031_c003"", ""rbi_mpr_2025_04_p041_c002"", ""rbi_mpr_2025_04_p028_c004"", ""rbi_mpr_2025_04_p032_c000"", ""rbi_mpr_2025_04_p013_c001"", ""rbi_mpr_2025_04_p042_c001"", ""rbi_mpr_2025_04_p027_c002"", ""rbi_mpr_2025_04_p026_c002"", ""rbi_mpr_2025_04_p030_c000"", ""rbi_mpr_2025_04_p029_c001"", ""rbi_mpr_2025_04_p046_c000"", ""rbi_mpr_2025_04_p104_c003"", ""rbi_mpr_2025_04_p021_c001"", ""rbi_mpr_2025_04_p036_c000"", ""rbi_mpr_2025_04_p035_c000"", ""rbi_mpr_2025_04_p024_c000"", ""rbi_mpr_2025_04_p105_c000"", ""rbi_mpr_2025_04_p016_c000"", ""rbi_mpr_2025_04_p068_c000"", ""rbi_mpr_2025_04_p042_c002"", ""rbi_mpr_2025_04_p101_c002"", ""rbi_mpr_2025_04_p034_c000"", ""rbi_mpr_2025_04_p035_c002"", ""rbi_mpr_2025_04_p028_c000"", ""rbi_mpr_2025_04_p099_c002"", ""rbi_mpr_2025_04_p040_c001"", ""rbi_mpr_2025_04_p026_c001"", ""rbi_mpr_2025_04_p099_c001"", ""rbi_mpr_2025_04_p022_c000"", ""rbi_mpr_2025_04_p021_c003"", ""rbi_mpr_2025_04_p092_c000"", ""rbi_mpr_2025_04_p069_c004"", ""rbi_mpr_2025_04_p114_c000"", ""rbi_mpr_2025_04_p021_c000"", ""rbi_mpr_2025_04_p035_c001""], ""candidate_union_pages"": [26, 105, 15, 18, 15, 27, 18, 28, 31, 39, 12, 106, 25, 15, 105, 17, 42, 27, 35, 105, 17, 25, 25, 12, 31, 38, 39, 25, 40, 42, 39, 25, 11, 41, 29, 40, 39, 19, 11, 26, 31, 41, 28, 32, 13, 42, 27, 26, 30, 29, 46, 104, 21, 36, 35, 24, 105, 16, 68, 42, 101, 34, 35, 28, 99, 40, 26, 99, 22, 21, 92, 69, 114, 21, 35], ""dense_candidate_ids"": [""rbi_mpr_2025_04_p026_c003"", ""rbi_mpr_2025_04_p105_c001"", ""rbi_mpr_2025_04_p015_c002"", ""rbi_mpr_2025_04_p018_c000"", ""rbi_mpr_2025_04_p015_c003"", ""rbi_mpr_2025_04_p027_c003"", ""rbi_mpr_2025_04_p018_c003"", ""rbi_mpr_2025_04_p028_c003"", ""rbi_mpr_2025_04_p031_c002"", ""rbi_mpr_2025_04_p039_c003"", ""rbi_mpr_2025_04_p012_c002"", ""rbi_mpr_2025_04_p106_c000"", ""rbi_mpr_2025_04_p025_c003"", ""rbi_mpr_2025_04_p015_c001"", ""rbi_mpr_2025_04_p105_c002"", ""rbi_mpr_2025_04_p017_c000"", ""rbi_mpr_2025_04_p042_c003"", ""rbi_mpr_2025_04_p027_c000"", ""rbi_mpr_2025_04_p035_c003"", ""rbi_mpr_2025_04_p105_c003"", ""rbi_mpr_2025_04_p017_c001"", ""rbi_mpr_2025_04_p025_c001"", ""rbi_mpr_2025_04_p025_c000"", ""rbi_mpr_2025_04_p012_c005"", ""rbi_mpr_2025_04_p031_c001"", ""rbi_mpr_2025_04_p038_c000"", ""rbi_mpr_2025_04_p039_c002"", ""rbi_mpr_2025_04_p025_c002"", ""rbi_mpr_2025_04_p040_c000"", ""rbi_mpr_2025_04_p042_c000"", ""rbi_mpr_2025_04_p039_c000"", ""rbi_mpr_2025_04_p025_c004"", ""rbi_mpr_2025_04_p011_c005"", ""rbi_mpr_2025_04_p041_c000"", ""rbi_mpr_2025_04_p029_c000"", ""rbi_mpr_2025_04_p040_c002"", ""rbi_mpr_2025_04_p039_c001"", ""rbi_mpr_2025_04_p019_c003"", ""rbi_mpr_2025_04_p011_c000"", ""rbi_mpr_2025_04_p026_c000"", ""rbi_mpr_2025_04_p031_c003"", ""rbi_mpr_2025_04_p041_c002"", ""rbi_mpr_2025_04_p028_c004"", ""rbi_mpr_2025_04_p032_c000"", ""rbi_mpr_2025_04_p013_c001"", ""rbi_mpr_2025_04_p042_c001"", ""rbi_mpr_2025_04_p027_c002"", ""rbi_mpr_2025_04_p026_c002"", ""rbi_mpr_2025_04_p030_c000"", ""rbi_mpr_2025_04_p029_c001""], ""dense_candidate_pages"": [26, 105, 15, 18, 15, 27, 18, 28, 31, 39, 12, 106, 25, 15, 105, 17, 42, 27, 35, 105, 17, 25, 25, 12, 31, 38, 39, 25, 40, 42, 39, 25, 11, 41, 29, 40, 39, 19, 11, 26, 31, 41, 28, 32, 13, 42, 27, 26, 30, 29], ""dense_candidate_scores"": [0.5868915951742866, 0.5459219924359988, 0.5302078349966516, 0.5238474119410241, 0.5214720155589501, 0.5201382785378228, 0.5174972305695846, 0.5137404290807177, 0.508393637731777, 0.4939487747821839, 0.4828839626426189, 0.47767237838370136, 0.471842499857129, 0.47154658683373396, 0.47098118686096035, 0.470860225405734, 0.4703211250664312, 0.464797569834836, 0.464772576753669, 0.45916502285299166, 0.4583832409599631, 0.45411629401672016, 0.4507675583151356, 0.45010349256999793, 0.4488091628522284, 0.44652168479614807, 0.4410509817125855, 0.44075409931167475, 0.4397495713242662, 0.4210896863487955, 0.41086545095593174, 0.40645099004290075, 0.4034937564171338, 0.402037793535325, 0.4003735830750238, 0.3987992296957479, 0.39631922483566984, 0.39355742614644795, 0.39009295519885245, 0.387127587231323, 0.3869303821271406, 0.3819415861094516, 0.38074212894768, 0.3802389377233084, 0.3788389037094736, 0.37800308955665407, 0.37699565343669816, 0.37618221926043793, 0.37047595744054795, 0.36765595395353257], ""dense_first_evidence_rank"": 45, ""evidence_rank_after_reranking"": null, ""evidence_rank_before_reranking"": null, ""expected_evidence"": [""CPI inflation for 2025- 26 is projected at 4.2 per cent""], ""loss_stage"": ""lost_in_fusion"", ""report_id"": ""rbi_mpr_2025_04"", ""reranker_input_ids"": [""rbi_mpr_2025_04_p105_c001"", ""rbi_mpr_2025_04_p025_c003"", ""rbi_mpr_2025_04_p018_c000"", ""rbi_mpr_2025_04_p015_c001"", ""rbi_mpr_2025_04_p039_c003"", ""rbi_mpr_2025_04_p106_c000"", ""rbi_mpr_2025_04_p038_c000"", ""rbi_mpr_2025_04_p028_c003"", ""rbi_mpr_2025_04_p027_c003"", ""rbi_mpr_2025_04_p042_c000"", ""rbi_mpr_2025_04_p015_c003"", ""rbi_mpr_2025_04_p039_c002"", ""rbi_mpr_2025_04_p026_c000"", ""rbi_mpr_2025_04_p025_c004"", ""rbi_mpr_2025_04_p040_c000"", ""rbi_mpr_2025_04_p032_c000"", ""rbi_mpr_2025_04_p017_c001"", ""rbi_mpr_2025_04_p027_c002"", ""rbi_mpr_2025_04_p030_c000"", ""rbi_mpr_2025_04_p028_c004"", ""rbi_mpr_2025_04_p025_c000"", ""rbi_mpr_2025_04_p031_c001"", ""rbi_mpr_2025_04_p042_c001"", ""rbi_mpr_2025_04_p039_c001"", ""rbi_mpr_2025_04_p019_c003"", ""rbi_mpr_2025_04_p026_c003"", ""rbi_mpr_2025_04_p015_c002"", ""rbi_mpr_2025_04_p046_c000"", ""rbi_mpr_2025_04_p104_c003"", ""rbi_mpr_2025_04_p018_c003""], ""reranker_input_pages"": [105, 25, 18, 15, 39, 106, 38, 28, 27, 42, 15, 39, 26, 25, 40, 32, 17, 27, 30, 28, 25, 31, 42, 39, 19, 26, 15, 46, 104, 18], ""reranker_input_ranks"": [1, 2, 3, 4, 5, 6, 7, 8, 9, 10, 11, 12, 13, 14, 15, 16, 17, 18, 19, 20, 21, 22, 23, 24, 25, 26, 27, 28, 29, 30], ""reranker_output_ids"": [""rbi_mpr_2025_04_p018_c000"", ""rbi_mpr_2025_04_p042_c000"", ""rbi_mpr_2025_04_p026_c000"", ""rbi_mpr_2025_04_p030_c000"", ""rbi_mpr_2025_04_p017_c001"", ""rbi_mpr_2025_04_p105_c001"", ""rbi_mpr_2025_04_p039_c003"", ""rbi_mpr_2025_04_p106_c000"", ""rbi_mpr_2025_04_p038_c000"", ""rbi_mpr_2025_04_p032_c000"", ""rbi_mpr_2025_04_p039_c002"", ""rbi_mpr_2025_04_p046_c000"", ""rbi_mpr_2025_04_p040_c000"", ""rbi_mpr_2025_04_p027_c003"", ""rbi_mpr_2025_04_p026_c003"", ""rbi_mpr_2025_04_p015_c001"", ""rbi_mpr_2025_04_p015_c002"", ""rbi_mpr_2025_04_p039_c001"", ""rbi_mpr_2025_04_p015_c003"", ""rbi_mpr_2025_04_p018_c003"", ""rbi_mpr_2025_04_p019_c003"", ""rbi_mpr_2025_04_p027_c002"", ""rbi_mpr_2025_04_p025_c004"", ""rbi_mpr_2025_04_p025_c000"", ""rbi_mpr_2025_04_p042_c001"", ""rbi_mpr_2025_04_p025_c003"", ""rbi_mpr_2025_04_p028_c003"", ""rbi_mpr_2025_04_p031_c001"", ""rbi_mpr_2025_04_p028_c004"", ""rbi_mpr_2025_04_p104_c003""], ""reranker_output_pages"": [18, 42, 26, 30, 17, 105, 39, 106, 38, 32, 39, 46, 40, 27, 26, 15, 15, 39, 15, 18, 19, 27, 25, 25, 42, 25, 28, 31, 28, 104], ""reranker_scores"": [7.444707870483398, 6.118683815002441, 6.072178363800049, 6.0316267013549805, 5.82996129989624, 5.821600914001465, 5.8212432861328125, 5.817440032958984, 5.771028518676758, 5.640946865081787, 5.230981826782227, 4.6876606941223145, 4.111052513122559, 3.9422826766967773, 3.9204728603363037, 3.592648506164551, 3.1055054664611816, 2.947216033935547, 2.938190221786499, 2.7506539821624756, 2.7281618118286133, 2.4839069843292236, 2.1439666748046875, 2.093233108520508, 1.490774393081665, 1.488417148590088, 0.5282331705093384, 0.16095931828022003, -0.28749799728393555, -6.530684947967529], ""rrf_candidate_ids"": [""rbi_mpr_2025_04_p105_c001"", ""rbi_mpr_2025_04_p025_c003"", ""rbi_mpr_2025_04_p018_c000"", ""rbi_mpr_2025_04_p015_c001"", ""rbi_mpr_2025_04_p039_c003"", ""rbi_mpr_2025_04_p106_c000"", ""rbi_mpr_2025_04_p038_c000"", ""rbi_mpr_2025_04_p028_c003"", ""rbi_mpr_2025_04_p027_c003"", ""rbi_mpr_2025_04_p042_c000"", ""rbi_mpr_2025_04_p015_c003"", ""rbi_mpr_2025_04_p039_c002"", ""rbi_mpr_2025_04_p026_c000"", ""rbi_mpr_2025_04_p025_c004"", ""rbi_mpr_2025_04_p040_c000"", ""rbi_mpr_2025_04_p032_c000"", ""rbi_mpr_2025_04_p017_c001"", ""rbi_mpr_2025_04_p027_c002"", ""rbi_mpr_2025_04_p030_c000"", ""rbi_mpr_2025_04_p028_c004"", ""rbi_mpr_2025_04_p025_c000"", ""rbi_mpr_2025_04_p031_c001"", ""rbi_mpr_2025_04_p042_c001"", ""rbi_mpr_2025_04_p039_c001"", ""rbi_mpr_2025_04_p019_c003"", ""rbi_mpr_2025_04_p026_c003"", ""rbi_mpr_2025_04_p015_c002"", ""rbi_mpr_2025_04_p046_c000"", ""rbi_mpr_2025_04_p104_c003"", ""rbi_mpr_2025_04_p018_c003""], ""rrf_candidate_pages"": [105, 25, 18, 15, 39, 106, 38, 28, 27, 42, 15, 39, 26, 25, 40, 32, 17, 27, 30, 28, 25, 31, 42, 39, 19, 26, 15, 46, 104, 18], ""rrf_first_evidence_rank"": null, ""rrf_scores"": [0.030834914611005692, 0.03009207275993712, 0.029709507042253523, 0.029138513513513514, 0.02857142857142857, 0.028381642512077296, 0.0277569392348087, 0.027205882352941177, 0.027056277056277056, 0.026984126984126985, 0.025910931174089068, 0.025383141762452106, 0.024925373134328358, 0.02438307873090482, 0.023581634068525453, 0.023314014752370917, 0.02265495736286114, 0.02250368912936547, 0.022161324913618493, 0.02147344374643061, 0.0213939871636077, 0.020939017808958446, 0.02007226013649137, 0.019833087874324987, 0.019294990723562153, 0.01639344262295082, 0.015873015873015872, 0.015384615384615385, 0.015151515151515152, 0.014925373134328358], ""selected_chunk_ids_after_dedup"": [""rbi_mpr_2025_04_p018_c000"", ""rbi_mpr_2025_04_p042_c000"", ""rbi_mpr_2025_04_p026_c000""], ""selected_chunk_ids_before_dedup"": [""rbi_mpr_2025_04_p018_c000"", ""rbi_mpr_2025_04_p042_c000"", ""rbi_mpr_2025_04_p026_c000""], ""selected_pages"": [18, 42, 26]}, ""rbi_mpr_2026_04"": {""accepted_evidence_found"": false, ""accepted_pages"": [103], ""bm25_candidate_ids"": [""rbi_mpr_2026_04_p082_c000"", ""rbi_mpr_2026_04_p087_c000"", ""rbi_mpr_2026_04_p105_c003"", ""rbi_mpr_2026_04_p086_c000"", ""rbi_mpr_2026_04_p112_c000"", ""rbi_mpr_2026_04_p080_c000"", ""rbi_mpr_2026_04_p090_c000"", ""rbi_mpr_2026_04_p085_c003"", ""rbi_mpr_2026_04_p094_c000"", ""rbi_mpr_2026_04_p082_c001"", ""rbi_mpr_2026_04_p092_c000"", ""rbi_mpr_2026_04_p046_c000"", ""rbi_mpr_2026_04_p085_c000"", ""rbi_mpr_2026_04_p094_c004"", ""rbi_mpr_2026_04_p021_c000"", ""rbi_mpr_2026_04_p108_c000"", ""rbi_mpr_2026_04_p084_c000"", ""rbi_mpr_2026_04_p085_c002"", ""rbi_mpr_2026_04_p034_c000"", ""rbi_mpr_2026_04_p102_c003"", ""rbi_mpr_2026_04_p088_c000"", ""rbi_mpr_2026_04_p091_c005"", ""rbi_mpr_2026_04_p103_c001"", ""rbi_mpr_2026_04_p094_c002"", ""rbi_mpr_2026_04_p102_c000"", ""rbi_mpr_2026_04_p109_c000"", ""rbi_mpr_2026_04_p079_c001"", ""rbi_mpr_2026_04_p024_c000"", ""rbi_mpr_2026_04_p116_c000"", ""rbi_mpr_2026_04_p056_c000"", ""rbi_mpr_2026_04_p099_c002"", ""rbi_mpr_2026_04_p015_c001"", ""rbi_mpr_2026_04_p005_c003"", ""rbi_mpr_2026_04_p102_c004"", ""rbi_mpr_2026_04_p106_c000"", ""rbi_mpr_2026_04_p079_c000"", ""rbi_mpr_2026_04_p021_c002"", ""rbi_mpr_2026_04_p112_c001"", ""rbi_mpr_2026_04_p020_c000"", ""rbi_mpr_2026_04_p100_c000"", ""rbi_mpr_2026_04_p014_c004"", ""rbi_mpr_2026_04_p085_c004"", ""rbi_mpr_2026_04_p092_c002"", ""rbi_mpr_2026_04_p089_c001"", ""rbi_mpr_2026_04_p083_c000"", ""rbi_mpr_2026_04_p101_c002"", ""rbi_mpr_2026_04_p098_c002"", ""rbi_mpr_2026_04_p088_c001"", ""rbi_mpr_2026_04_p105_c004"", ""rbi_mpr_2026_04_p095_c004""], ""bm25_candidate_pages"": [82, 87, 105, 86, 112, 80, 90, 85, 94, 82, 92, 46, 85, 94, 21, 108, 84, 85, 34, 102, 88, 91, 103, 94, 102, 109, 79, 24, 116, 56, 99, 15, 5, 102, 106, 79, 21, 112, 20, 100, 14, 85, 92, 89, 83, 101, 98, 88, 105, 95], ""bm25_candidate_scores"": [null, null, null, null, null, null, null, null, null, null, null, null, null, null, null, null, null, null, null, null, null, null, null, null, null, null, null, null, null, null, null, null, null, null, null, null, null, null, null, null, null, null, null, null, null, null, null, null, null, null], ""bm25_first_evidence_rank"": 23, ""candidate_source_expansion"": {""rbi_mpr_2025_04_p011_c000"": [], ""rbi_mpr_2025_04_p011_c005"": [], ""rbi_mpr_2025_04_p012_c002"": [], ""rbi_mpr_2025_04_p012_c005"": [], ""rbi_mpr_2025_04_p013_c001"": [], ""rbi_mpr_2025_04_p015_c001"": [], ""rbi_mpr_2025_04_p015_c002"": [], ""rbi_mpr_2025_04_p015_c003"": [], ""rbi_mpr_2025_04_p016_c000"": [], ""rbi_mpr_2025_04_p017_c000"": [], ""rbi_mpr_2025_04_p017_c001"": [], ""rbi_mpr_2025_04_p018_c000"": [], ""rbi_mpr_2025_04_p018_c003"": [], ""rbi_mpr_2025_04_p019_c003"": [], ""rbi_mpr_2025_04_p021_c000"": [], ""rbi_mpr_2025_04_p021_c001"": [], ""rbi_mpr_2025_04_p021_c003"": [], ""rbi_mpr_2025_04_p022_c000"": [], ""rbi_mpr_2025_04_p024_c000"": [], ""rbi_mpr_2025_04_p025_c000"": [], ""rbi_mpr_2025_04_p025_c001"": [], ""rbi_mpr_2025_04_p025_c002"": [], ""rbi_mpr_2025_04_p025_c003"": [], ""rbi_mpr_2025_04_p025_c004"": [], ""rbi_mpr_2025_04_p026_c000"": [], ""rbi_mpr_2025_04_p026_c001"": [], ""rbi_mpr_2025_04_p026_c002"": [], ""rbi_mpr_2025_04_p026_c003"": [], ""rbi_mpr_2025_04_p027_c000"": [], ""rbi_mpr_2025_04_p027_c002"": [], ""rbi_mpr_2025_04_p027_c003"": [], ""rbi_mpr_2025_04_p028_c000"": [], ""rbi_mpr_2025_04_p028_c003"": [], ""rbi_mpr_2025_04_p028_c004"": [], ""rbi_mpr_2025_04_p029_c000"": [], ""rbi_mpr_2025_04_p029_c001"": [], ""rbi_mpr_2025_04_p030_c000"": [], ""rbi_mpr_2025_04_p031_c001"": [], ""rbi_mpr_2025_04_p031_c002"": [], ""rbi_mpr_2025_04_p031_c003"": [], ""rbi_mpr_2025_04_p032_c000"": [], ""rbi_mpr_2025_04_p034_c000"": [], ""rbi_mpr_2025_04_p035_c000"": [], ""rbi_mpr_2025_04_p035_c001"": [], ""rbi_mpr_2025_04_p035_c002"": [], ""rbi_mpr_2025_04_p035_c003"": [], ""rbi_mpr_2025_04_p036_c000"": [], ""rbi_mpr_2025_04_p038_c000"": [], ""rbi_mpr_2025_04_p039_c000"": [], ""rbi_mpr_2025_04_p039_c001"": [], ""rbi_mpr_2025_04_p039_c002"": [], ""rbi_mpr_2025_04_p039_c003"": [], ""rbi_mpr_2025_04_p040_c000"": [], ""rbi_mpr_2025_04_p040_c001"": [], ""rbi_mpr_2025_04_p040_c002"": [], ""rbi_mpr_2025_04_p041_c000"": [], ""rbi_mpr_2025_04_p041_c002"": [], ""rbi_mpr_2025_04_p042_c000"": [], ""rbi_mpr_2025_04_p042_c001"": [], ""rbi_mpr_2025_04_p042_c002"": [], ""rbi_mpr_2025_04_p042_c003"": [], ""rbi_mpr_2025_04_p046_c000"": [], ""rbi_mpr_2025_04_p068_c000"": [], ""rbi_mpr_2025_04_p069_c004"": [], ""rbi_mpr_2025_04_p092_c000"": [], ""rbi_mpr_2025_04_p099_c001"": [], ""rbi_mpr_2025_04_p099_c002"": [], ""rbi_mpr_2025_04_p101_c002"": [], ""rbi_mpr_2025_04_p104_c003"": [], ""rbi_mpr_2025_04_p105_c000"": [], ""rbi_mpr_2025_04_p105_c001"": [], ""rbi_mpr_2025_04_p105_c002"": [], ""rbi_mpr_2025_04_p105_c003"": [], ""rbi_mpr_2025_04_p106_c000"": [], ""rbi_mpr_2025_04_p114_c000"": [], ""rbi_mpr_2026_04_p005_c003"": [], ""rbi_mpr_2026_04_p007_c001"": [], ""rbi_mpr_2026_04_p014_c004"": [], ""rbi_mpr_2026_04_p015_c001"": [], ""rbi_mpr_2026_04_p019_c001"": [], ""rbi_mpr_2026_04_p020_c000"": [], ""rbi_mpr_2026_04_p021_c000"": [], ""rbi_mpr_2026_04_p021_c002"": [], ""rbi_mpr_2026_04_p024_c000"": [], ""rbi_mpr_2026_04_p034_c000"": [], ""rbi_mpr_2026_04_p046_c000"": [], ""rbi_mpr_2026_04_p056_c000"": [], ""rbi_mpr_2026_04_p079_c000"": [], ""rbi_mpr_2026_04_p079_c001"": [], ""rbi_mpr_2026_04_p080_c000"": [], ""rbi_mpr_2026_04_p081_c005"": [], ""rbi_mpr_2026_04_p082_c000"": [], ""rbi_mpr_2026_04_p082_c001"": [], ""rbi_mpr_2026_04_p082_c002"": [], ""rbi_mpr_2026_04_p082_c003"": [], ""rbi_mpr_2026_04_p082_c004"": [], ""rbi_mpr_2026_04_p083_c000"": [], ""rbi_mpr_2026_04_p083_c001"": [], ""rbi_mpr_2026_04_p084_c000"": [], ""rbi_mpr_2026_04_p084_c002"": [], ""rbi_mpr_2026_04_p085_c000"": [], ""rbi_mpr_2026_04_p085_c002"": [], ""rbi_mpr_2026_04_p085_c003"": [], ""rbi_mpr_2026_04_p085_c004"": [], ""rbi_mpr_2026_04_p086_c000"": [], ""rbi_mpr_2026_04_p087_c000"": [], ""rbi_mpr_2026_04_p088_c000"": [], ""rbi_mpr_2026_04_p088_c001"": [], ""rbi_mpr_2026_04_p089_c001"": [], ""rbi_mpr_2026_04_p090_c000"": [], ""rbi_mpr_2026_04_p090_c001"": [], ""rbi_mpr_2026_04_p091_c000"": [], ""rbi_mpr_2026_04_p091_c004"": [], ""rbi_mpr_2026_04_p091_c005"": [], ""rbi_mpr_2026_04_p092_c000"": [], ""rbi_mpr_2026_04_p092_c002"": [], ""rbi_mpr_2026_04_p092_c004"": [], ""rbi_mpr_2026_04_p093_c002"": [], ""rbi_mpr_2026_04_p093_c003"": [], ""rbi_mpr_2026_04_p094_c000"": [], ""rbi_mpr_2026_04_p094_c001"": [], ""rbi_mpr_2026_04_p094_c002"": [], ""rbi_mpr_2026_04_p094_c003"": [], ""rbi_mpr_2026_04_p094_c004"": [], ""rbi_mpr_2026_04_p095_c002"": [], ""rbi_mpr_2026_04_p095_c003"": [], ""rbi_mpr_2026_04_p095_c004"": [], ""rbi_mpr_2026_04_p098_c002"": [], ""rbi_mpr_2026_04_p099_c000"": [], ""rbi_mpr_2026_04_p099_c002"": [], ""rbi_mpr_2026_04_p100_c000"": [], ""rbi_mpr_2026_04_p101_c000"": [], ""rbi_mpr_2026_04_p101_c001"": [], ""rbi_mpr_2026_04_p101_c002"": [], ""rbi_mpr_2026_04_p102_c000"": [], ""rbi_mpr_2026_04_p102_c002"": [], ""rbi_mpr_2026_04_p102_c003"": [], ""rbi_mpr_2026_04_p102_c004"": [], ""rbi_mpr_2026_04_p103_c000"": [], ""rbi_mpr_2026_04_p103_c001"": [], ""rbi_mpr_2026_04_p105_c003"": [], ""rbi_mpr_2026_04_p105_c004"": [], ""rbi_mpr_2026_04_p106_c000"": [], ""rbi_mpr_2026_04_p107_c000"": [], ""rbi_mpr_2026_04_p107_c002"": [], ""rbi_mpr_2026_04_p107_c003"": [], ""rbi_mpr_2026_04_p108_c000"": [], ""rbi_mpr_2026_04_p108_c001"": [], ""rbi_mpr_2026_04_p108_c002"": [], ""rbi_mpr_2026_04_p109_c000"": [], ""rbi_mpr_2026_04_p109_c001"": [], ""rbi_mpr_2026_04_p109_c004"": [], ""rbi_mpr_2026_04_p112_c000"": [], ""rbi_mpr_2026_04_p112_c001"": [], ""rbi_mpr_2026_04_p115_c003"": [], ""rbi_mpr_2026_04_p115_c004"": [], ""rbi_mpr_2026_04_p116_c000"": []}, ""candidate_source_facet"": {""rbi_mpr_2025_04_p011_c000"": [], ""rbi_mpr_2025_04_p011_c005"": [], ""rbi_mpr_2025_04_p012_c002"": [], ""rbi_mpr_2025_04_p012_c005"": [], ""rbi_mpr_2025_04_p013_c001"": [], ""rbi_mpr_2025_04_p015_c001"": [], ""rbi_mpr_2025_04_p015_c002"": [], ""rbi_mpr_2025_04_p015_c003"": [], ""rbi_mpr_2025_04_p016_c000"": [], ""rbi_mpr_2025_04_p017_c000"": [], ""rbi_mpr_2025_04_p017_c001"": [], ""rbi_mpr_2025_04_p018_c000"": [], ""rbi_mpr_2025_04_p018_c003"": [], ""rbi_mpr_2025_04_p019_c003"": [], ""rbi_mpr_2025_04_p021_c000"": [], ""rbi_mpr_2025_04_p021_c001"": [], ""rbi_mpr_2025_04_p021_c003"": [], ""rbi_mpr_2025_04_p022_c000"": [], ""rbi_mpr_2025_04_p024_c000"": [], ""rbi_mpr_2025_04_p025_c000"": [], ""rbi_mpr_2025_04_p025_c001"": [], ""rbi_mpr_2025_04_p025_c002"": [], ""rbi_mpr_2025_04_p025_c003"": [], ""rbi_mpr_2025_04_p025_c004"": [], ""rbi_mpr_2025_04_p026_c000"": [], ""rbi_mpr_2025_04_p026_c001"": [], ""rbi_mpr_2025_04_p026_c002"": [], ""rbi_mpr_2025_04_p026_c003"": [], ""rbi_mpr_2025_04_p027_c000"": [], ""rbi_mpr_2025_04_p027_c002"": [], ""rbi_mpr_2025_04_p027_c003"": [], ""rbi_mpr_2025_04_p028_c000"": [], ""rbi_mpr_2025_04_p028_c003"": [], ""rbi_mpr_2025_04_p028_c004"": [], ""rbi_mpr_2025_04_p029_c000"": [], ""rbi_mpr_2025_04_p029_c001"": [], ""rbi_mpr_2025_04_p030_c000"": [], ""rbi_mpr_2025_04_p031_c001"": [], ""rbi_mpr_2025_04_p031_c002"": [], ""rbi_mpr_2025_04_p031_c003"": [], ""rbi_mpr_2025_04_p032_c000"": [], ""rbi_mpr_2025_04_p034_c000"": [], ""rbi_mpr_2025_04_p035_c000"": [], ""rbi_mpr_2025_04_p035_c001"": [], ""rbi_mpr_2025_04_p035_c002"": [], ""rbi_mpr_2025_04_p035_c003"": [], ""rbi_mpr_2025_04_p036_c000"": [], ""rbi_mpr_2025_04_p038_c000"": [], ""rbi_mpr_2025_04_p039_c000"": [], ""rbi_mpr_2025_04_p039_c001"": [], ""rbi_mpr_2025_04_p039_c002"": [], ""rbi_mpr_2025_04_p039_c003"": [], ""rbi_mpr_2025_04_p040_c000"": [], ""rbi_mpr_2025_04_p040_c001"": [], ""rbi_mpr_2025_04_p040_c002"": [], ""rbi_mpr_2025_04_p041_c000"": [], ""rbi_mpr_2025_04_p041_c002"": [], ""rbi_mpr_2025_04_p042_c000"": [], ""rbi_mpr_2025_04_p042_c001"": [], ""rbi_mpr_2025_04_p042_c002"": [], ""rbi_mpr_2025_04_p042_c003"": [], ""rbi_mpr_2025_04_p046_c000"": [], ""rbi_mpr_2025_04_p068_c000"": [], ""rbi_mpr_2025_04_p069_c004"": [], ""rbi_mpr_2025_04_p092_c000"": [], ""rbi_mpr_2025_04_p099_c001"": [], ""rbi_mpr_2025_04_p099_c002"": [], ""rbi_mpr_2025_04_p101_c002"": [], ""rbi_mpr_2025_04_p104_c003"": [], ""rbi_mpr_2025_04_p105_c000"": [], ""rbi_mpr_2025_04_p105_c001"": [], ""rbi_mpr_2025_04_p105_c002"": [], ""rbi_mpr_2025_04_p105_c003"": [], ""rbi_mpr_2025_04_p106_c000"": [], ""rbi_mpr_2025_04_p114_c000"": [], ""rbi_mpr_2026_04_p005_c003"": [], ""rbi_mpr_2026_04_p007_c001"": [], ""rbi_mpr_2026_04_p014_c004"": [], ""rbi_mpr_2026_04_p015_c001"": [], ""rbi_mpr_2026_04_p019_c001"": [], ""rbi_mpr_2026_04_p020_c000"": [], ""rbi_mpr_2026_04_p021_c000"": [], ""rbi_mpr_2026_04_p021_c002"": [], ""rbi_mpr_2026_04_p024_c000"": [], ""rbi_mpr_2026_04_p034_c000"": [], ""rbi_mpr_2026_04_p046_c000"": [], ""rbi_mpr_2026_04_p056_c000"": [], ""rbi_mpr_2026_04_p079_c000"": [], ""rbi_mpr_2026_04_p079_c001"": [], ""rbi_mpr_2026_04_p080_c000"": [], ""rbi_mpr_2026_04_p081_c005"": [], ""rbi_mpr_2026_04_p082_c000"": [], ""rbi_mpr_2026_04_p082_c001"": [], ""rbi_mpr_2026_04_p082_c002"": [], ""rbi_mpr_2026_04_p082_c003"": [], ""rbi_mpr_2026_04_p082_c004"": [], ""rbi_mpr_2026_04_p083_c000"": [], ""rbi_mpr_2026_04_p083_c001"": [], ""rbi_mpr_2026_04_p084_c000"": [], ""rbi_mpr_2026_04_p084_c002"": [], ""rbi_mpr_2026_04_p085_c000"": [], ""rbi_mpr_2026_04_p085_c002"": [], ""rbi_mpr_2026_04_p085_c003"": [], ""rbi_mpr_2026_04_p085_c004"": [], ""rbi_mpr_2026_04_p086_c000"": [], ""rbi_mpr_2026_04_p087_c000"": [], ""rbi_mpr_2026_04_p088_c000"": [], ""rbi_mpr_2026_04_p088_c001"": [], ""rbi_mpr_2026_04_p089_c001"": [], ""rbi_mpr_2026_04_p090_c000"": [], ""rbi_mpr_2026_04_p090_c001"": [], ""rbi_mpr_2026_04_p091_c000"": [], ""rbi_mpr_2026_04_p091_c004"": [], ""rbi_mpr_2026_04_p091_c005"": [], ""rbi_mpr_2026_04_p092_c000"": [], ""rbi_mpr_2026_04_p092_c002"": [], ""rbi_mpr_2026_04_p092_c004"": [], ""rbi_mpr_2026_04_p093_c002"": [], ""rbi_mpr_2026_04_p093_c003"": [], ""rbi_mpr_2026_04_p094_c000"": [], ""rbi_mpr_2026_04_p094_c001"": [], ""rbi_mpr_2026_04_p094_c002"": [], ""rbi_mpr_2026_04_p094_c003"": [], ""rbi_mpr_2026_04_p094_c004"": [], ""rbi_mpr_2026_04_p095_c002"": [], ""rbi_mpr_2026_04_p095_c003"": [], ""rbi_mpr_2026_04_p095_c004"": [], ""rbi_mpr_2026_04_p098_c002"": [], ""rbi_mpr_2026_04_p099_c000"": [], ""rbi_mpr_2026_04_p099_c002"": [], ""rbi_mpr_2026_04_p100_c000"": [], ""rbi_mpr_2026_04_p101_c000"": [], ""rbi_mpr_2026_04_p101_c001"": [], ""rbi_mpr_2026_04_p101_c002"": [], ""rbi_mpr_2026_04_p102_c000"": [], ""rbi_mpr_2026_04_p102_c002"": [], ""rbi_mpr_2026_04_p102_c003"": [], ""rbi_mpr_2026_04_p102_c004"": [], ""rbi_mpr_2026_04_p103_c000"": [], ""rbi_mpr_2026_04_p103_c001"": [], ""rbi_mpr_2026_04_p105_c003"": [], ""rbi_mpr_2026_04_p105_c004"": [], ""rbi_mpr_2026_04_p106_c000"": [], ""rbi_mpr_2026_04_p107_c000"": [], ""rbi_mpr_2026_04_p107_c002"": [], ""rbi_mpr_2026_04_p107_c003"": [], ""rbi_mpr_2026_04_p108_c000"": [], ""rbi_mpr_2026_04_p108_c001"": [], ""rbi_mpr_2026_04_p108_c002"": [], ""rbi_mpr_2026_04_p109_c000"": [], ""rbi_mpr_2026_04_p109_c001"": [], ""rbi_mpr_2026_04_p109_c004"": [], ""rbi_mpr_2026_04_p112_c000"": [], ""rbi_mpr_2026_04_p112_c001"": [], ""rbi_mpr_2026_04_p115_c003"": [], ""rbi_mpr_2026_04_p115_c004"": [], ""rbi_mpr_2026_04_p116_c000"": []}, ""candidate_source_query"": {""rbi_mpr_2025_04_p011_c000"": [""Compare CPI inflation projections cited in April 2025 and April 2026.""], ""rbi_mpr_2025_04_p011_c005"": [""Compare CPI inflation projections cited in April 2025 and April 2026.""], ""rbi_mpr_2025_04_p012_c002"": [""Compare CPI inflation projections cited in April 2025 and April 2026.""], ""rbi_mpr_2025_04_p012_c005"": [""Compare CPI inflation projections cited in April 2025 and April 2026.""], ""rbi_mpr_2025_04_p013_c001"": [""Compare CPI inflation projections cited in April 2025 and April 2026.""], ""rbi_mpr_2025_04_p015_c001"": [""Compare CPI inflation projections cited in April 2025 and April 2026.""], ""rbi_mpr_2025_04_p015_c002"": [""Compare CPI inflation projections cited in April 2025 and April 2026.""], ""rbi_mpr_2025_04_p015_c003"": [""Compare CPI inflation projections cited in April 2025 and April 2026.""], ""rbi_mpr_2025_04_p016_c000"": [""Compare CPI inflation projections cited in April 2025 and April 2026.""], ""rbi_mpr_2025_04_p017_c000"": [""Compare CPI inflation projections cited in April 2025 and April 2026.""], ""rbi_mpr_2025_04_p017_c001"": [""Compare CPI inflation projections cited in April 2025 and April 2026.""], ""rbi_mpr_2025_04_p018_c000"": [""Compare CPI inflation projections cited in April 2025 and April 2026.""], ""rbi_mpr_2025_04_p018_c003"": [""Compare CPI inflation projections cited in April 2025 and April 2026.""], ""rbi_mpr_2025_04_p019_c003"": [""Compare CPI inflation projections cited in April 2025 and April 2026.""], ""rbi_mpr_2025_04_p021_c000"": [""Compare CPI inflation projections cited in April 2025 and April 2026.""], ""rbi_mpr_2025_04_p021_c001"": [""Compare CPI inflation projections cited in April 2025 and April 2026.""], ""rbi_mpr_2025_04_p021_c003"": [""Compare CPI inflation projections cited in April 2025 and April 2026.""], ""rbi_mpr_2025_04_p022_c000"": [""Compare CPI inflation projections cited in April 2025 and April 2026.""], ""rbi_mpr_2025_04_p024_c000"": [""Compare CPI inflation projections cited in April 2025 and April 2026.""], ""rbi_mpr_2025_04_p025_c000"": [""Compare CPI inflation projections cited in April 2025 and April 2026.""], ""rbi_mpr_2025_04_p025_c001"": [""Compare CPI inflation projections cited in April 2025 and April 2026.""], ""rbi_mpr_2025_04_p025_c002"": [""Compare CPI inflation projections cited in April 2025 and April 2026.""], ""rbi_mpr_2025_04_p025_c003"": [""Compare CPI inflation projections cited in April 2025 and April 2026.""], ""rbi_mpr_2025_04_p025_c004"": [""Compare CPI inflation projections cited in April 2025 and April 2026.""], ""rbi_mpr_2025_04_p026_c000"": [""Compare CPI inflation projections cited in April 2025 and April 2026.""], ""rbi_mpr_2025_04_p026_c001"": [""Compare CPI inflation projections cited in April 2025 and April 2026.""], ""rbi_mpr_2025_04_p026_c002"": [""Compare CPI inflation projections cited in April 2025 and April 2026.""], ""rbi_mpr_2025_04_p026_c003"": [""Compare CPI inflation projections cited in April 2025 and April 2026.""], ""rbi_mpr_2025_04_p027_c000"": [""Compare CPI inflation projections cited in April 2025 and April 2026.""], ""rbi_mpr_2025_04_p027_c002"": [""Compare CPI inflation projections cited in April 2025 and April 2026.""], ""rbi_mpr_2025_04_p027_c003"": [""Compare CPI inflation projections cited in April 2025 and April 2026.""], ""rbi_mpr_2025_04_p028_c000"": [""Compare CPI inflation projections cited in April 2025 and April 2026.""], ""rbi_mpr_2025_04_p028_c003"": [""Compare CPI inflation projections cited in April 2025 and April 2026.""], ""rbi_mpr_2025_04_p028_c004"": [""Compare CPI inflation projections cited in April 2025 and April 2026.""], ""rbi_mpr_2025_04_p029_c000"": [""Compare CPI inflation projections cited in April 2025 and April 2026.""], ""rbi_mpr_2025_04_p029_c001"": [""Compare CPI inflation projections cited in April 2025 and April 2026.""], ""rbi_mpr_2025_04_p030_c000"": [""Compare CPI inflation projections cited in April 2025 and April 2026.""], ""rbi_mpr_2025_04_p031_c001"": [""Compare CPI inflation projections cited in April 2025 and April 2026.""], ""rbi_mpr_2025_04_p031_c002"": [""Compare CPI inflation projections cited in April 2025 and April 2026.""], ""rbi_mpr_2025_04_p031_c003"": [""Compare CPI inflation projections cited in April 2025 and April 2026.""], ""rbi_mpr_2025_04_p032_c000"": [""Compare CPI inflation projections cited in April 2025 and April 2026.""], ""rbi_mpr_2025_04_p034_c000"": [""Compare CPI inflation projections cited in April 2025 and April 2026.""], ""rbi_mpr_2025_04_p035_c000"": [""Compare CPI inflation projections cited in April 2025 and April 2026.""], ""rbi_mpr_2025_04_p035_c001"": [""Compare CPI inflation projections cited in April 2025 and April 2026.""], ""rbi_mpr_2025_04_p035_c002"": [""Compare CPI inflation projections cited in April 2025 and April 2026.""], ""rbi_mpr_2025_04_p035_c003"": [""Compare CPI inflation projections cited in April 2025 and April 2026.""], ""rbi_mpr_2025_04_p036_c000"": [""Compare CPI inflation projections cited in April 2025 and April 2026.""], ""rbi_mpr_2025_04_p038_c000"": [""Compare CPI inflation projections cited in April 2025 and April 2026.""], ""rbi_mpr_2025_04_p039_c000"": [""Compare CPI inflation projections cited in April 2025 and April 2026.""], ""rbi_mpr_2025_04_p039_c001"": [""Compare CPI inflation projections cited in April 2025 and April 2026.""], ""rbi_mpr_2025_04_p039_c002"": [""Compare CPI inflation projections cited in April 2025 and April 2026.""], ""rbi_mpr_2025_04_p039_c003"": [""Compare CPI inflation projections cited in April 2025 and April 2026.""], ""rbi_mpr_2025_04_p040_c000"": [""Compare CPI inflation projections cited in April 2025 and April 2026.""], ""rbi_mpr_2025_04_p040_c001"": [""Compare CPI inflation projections cited in April 2025 and April 2026.""], ""rbi_mpr_2025_04_p040_c002"": [""Compare CPI inflation projections cited in April 2025 and April 2026.""], ""rbi_mpr_2025_04_p041_c000"": [""Compare CPI inflation projections cited in April 2025 and April 2026.""], ""rbi_mpr_2025_04_p041_c002"": [""Compare CPI inflation projections cited in April 2025 and April 2026.""], ""rbi_mpr_2025_04_p042_c000"": [""Compare CPI inflation projections cited in April 2025 and April 2026.""], ""rbi_mpr_2025_04_p042_c001"": [""Compare CPI inflation projections cited in April 2025 and April 2026.""], ""rbi_mpr_2025_04_p042_c002"": [""Compare CPI inflation projections cited in April 2025 and April 2026.""], ""rbi_mpr_2025_04_p042_c003"": [""Compare CPI inflation projections cited in April 2025 and April 2026.""], ""rbi_mpr_2025_04_p046_c000"": [""Compare CPI inflation projections cited in April 2025 and April 2026.""], ""rbi_mpr_2025_04_p068_c000"": [""Compare CPI inflation projections cited in April 2025 and April 2026.""], ""rbi_mpr_2025_04_p069_c004"": [""Compare CPI inflation projections cited in April 2025 and April 2026.""], ""rbi_mpr_2025_04_p092_c000"": [""Compare CPI inflation projections cited in April 2025 and April 2026.""], ""rbi_mpr_2025_04_p099_c001"": [""Compare CPI inflation projections cited in April 2025 and April 2026.""], ""rbi_mpr_2025_04_p099_c002"": [""Compare CPI inflation projections cited in April 2025 and April 2026.""], ""rbi_mpr_2025_04_p101_c002"": [""Compare CPI inflation projections cited in April 2025 and April 2026.""], ""rbi_mpr_2025_04_p104_c003"": [""Compare CPI inflation projections cited in April 2025 and April 2026.""], ""rbi_mpr_2025_04_p105_c000"": [""Compare CPI inflation projections cited in April 2025 and April 2026.""], ""rbi_mpr_2025_04_p105_c001"": [""Compare CPI inflation projections cited in April 2025 and April 2026.""], ""rbi_mpr_2025_04_p105_c002"": [""Compare CPI inflation projections cited in April 2025 and April 2026.""], ""rbi_mpr_2025_04_p105_c003"": [""Compare CPI inflation projections cited in April 2025 and April 2026.""], ""rbi_mpr_2025_04_p106_c000"": [""Compare CPI inflation projections cited in April 2025 and April 2026.""], ""rbi_mpr_2025_04_p114_c000"": [""Compare CPI inflation projections cited in April 2025 and April 2026.""], ""rbi_mpr_2026_04_p005_c003"": [""Compare CPI inflation projections cited in April 2025 and April 2026.""], ""rbi_mpr_2026_04_p007_c001"": [""Compare CPI inflation projections cited in April 2025 and April 2026.""], ""rbi_mpr_2026_04_p014_c004"": [""Compare CPI inflation projections cited in April 2025 and April 2026.""], ""rbi_mpr_2026_04_p015_c001"": [""Compare CPI inflation projections cited in April 2025 and April 2026.""], ""rbi_mpr_2026_04_p019_c001"": [""Compare CPI inflation projections cited in April 2025 and April 2026.""], ""rbi_mpr_2026_04_p020_c000"": [""Compare CPI inflation projections cited in April 2025 and April 2026.""], ""rbi_mpr_2026_04_p021_c000"": [""Compare CPI inflation projections cited in April 2025 and April 2026.""], ""rbi_mpr_2026_04_p021_c002"": [""Compare CPI inflation projections cited in April 2025 and April 2026.""], ""rbi_mpr_2026_04_p024_c000"": [""Compare CPI inflation projections cited in April 2025 and April 2026.""], ""rbi_mpr_2026_04_p034_c000"": [""Compare CPI inflation projections cited in April 2025 and April 2026.""], ""rbi_mpr_2026_04_p046_c000"": [""Compare CPI inflation projections cited in April 2025 and April 2026.""], ""rbi_mpr_2026_04_p056_c000"": [""Compare CPI inflation projections cited in April 2025 and April 2026.""], ""rbi_mpr_2026_04_p079_c000"": [""Compare CPI inflation projections cited in April 2025 and April 2026.""], ""rbi_mpr_2026_04_p079_c001"": [""Compare CPI inflation projections cited in April 2025 and April 2026.""], ""rbi_mpr_2026_04_p080_c000"": [""Compare CPI inflation projections cited in April 2025 and April 2026.""], ""rbi_mpr_2026_04_p081_c005"": [""Compare CPI inflation projections cited in April 2025 and April 2026.""], ""rbi_mpr_2026_04_p082_c000"": [""Compare CPI inflation projections cited in April 2025 and April 2026.""], ""rbi_mpr_2026_04_p082_c001"": [""Compare CPI inflation projections cited in April 2025 and April 2026.""], ""rbi_mpr_2026_04_p082_c002"": [""Compare CPI inflation projections cited in April 2025 and April 2026.""], ""rbi_mpr_2026_04_p082_c003"": [""Compare CPI inflation projections cited in April 2025 and April 2026.""], ""rbi_mpr_2026_04_p082_c004"": [""Compare CPI inflation projections cited in April 2025 and April 2026.""], ""rbi_mpr_2026_04_p083_c000"": [""Compare CPI inflation projections cited in April 2025 and April 2026.""], ""rbi_mpr_2026_04_p083_c001"": [""Compare CPI inflation projections cited in April 2025 and April 2026.""], ""rbi_mpr_2026_04_p084_c000"": [""Compare CPI inflation projections cited in April 2025 and April 2026.""], ""rbi_mpr_2026_04_p084_c002"": [""Compare CPI inflation projections cited in April 2025 and April 2026.""], ""rbi_mpr_2026_04_p085_c000"": [""Compare CPI inflation projections cited in April 2025 and April 2026.""], ""rbi_mpr_2026_04_p085_c002"": [""Compare CPI inflation projections cited in April 2025 and April 2026.""], ""rbi_mpr_2026_04_p085_c003"": [""Compare CPI inflation projections cited in April 2025 and April 2026.""], ""rbi_mpr_2026_04_p085_c004"": [""Compare CPI inflation projections cited in April 2025 and April 2026.""], ""rbi_mpr_2026_04_p086_c000"": [""Compare CPI inflation projections cited in April 2025 and April 2026.""], ""rbi_mpr_2026_04_p087_c000"": [""Compare CPI inflation projections cited in April 2025 and April 2026.""], ""rbi_mpr_2026_04_p088_c000"": [""Compare CPI inflation projections cited in April 2025 and April 2026.""], ""rbi_mpr_2026_04_p088_c001"": [""Compare CPI inflation projections cited in April 2025 and April 2026.""], ""rbi_mpr_2026_04_p089_c001"": [""Compare CPI inflation projections cited in April 2025 and April 2026.""], ""rbi_mpr_2026_04_p090_c000"": [""Compare CPI inflation projections cited in April 2025 and April 2026.""], ""rbi_mpr_2026_04_p090_c001"": [""Compare CPI inflation projections cited in April 2025 and April 2026.""], ""rbi_mpr_2026_04_p091_c000"": [""Compare CPI inflation projections cited in April 2025 and April 2026.""], ""rbi_mpr_2026_04_p091_c004"": [""Compare CPI inflation projections cited in April 2025 and April 2026.""], ""rbi_mpr_2026_04_p091_c005"": [""Compare CPI inflation projections cited in April 2025 and April 2026.""], ""rbi_mpr_2026_04_p092_c000"": [""Compare CPI inflation projections cited in April 2025 and April 2026.""], ""rbi_mpr_2026_04_p092_c002"": [""Compare CPI inflation projections cited in April 2025 and April 2026.""], ""rbi_mpr_2026_04_p092_c004"": [""Compare CPI inflation projections cited in April 2025 and April 2026.""], ""rbi_mpr_2026_04_p093_c002"": [""Compare CPI inflation projections cited in April 2025 and April 2026.""], ""rbi_mpr_2026_04_p093_c003"": [""Compare CPI inflation projections cited in April 2025 and April 2026.""], ""rbi_mpr_2026_04_p094_c000"": [""Compare CPI inflation projections cited in April 2025 and April 2026.""], ""rbi_mpr_2026_04_p094_c001"": [""Compare CPI inflation projections cited in April 2025 and April 2026.""], ""rbi_mpr_2026_04_p094_c002"": [""Compare CPI inflation projections cited in April 2025 and April 2026.""], ""rbi_mpr_2026_04_p094_c003"": [""Compare CPI inflation projections cited in April 2025 and April 2026.""], ""rbi_mpr_2026_04_p094_c004"": [""Compare CPI inflation projections cited in April 2025 and April 2026.""], ""rbi_mpr_2026_04_p095_c002"": [""Compare CPI inflation projections cited in April 2025 and April 2026.""], ""rbi_mpr_2026_04_p095_c003"": [""Compare CPI inflation projections cited in April 2025 and April 2026.""], ""rbi_mpr_2026_04_p095_c004"": [""Compare CPI inflation projections cited in April 2025 and April 2026.""], ""rbi_mpr_2026_04_p098_c002"": [""Compare CPI inflation projections cited in April 2025 and April 2026.""], ""rbi_mpr_2026_04_p099_c000"": [""Compare CPI inflation projections cited in April 2025 and April 2026.""], ""rbi_mpr_2026_04_p099_c002"": [""Compare CPI inflation projections cited in April 2025 and April 2026.""], ""rbi_mpr_2026_04_p100_c000"": [""Compare CPI inflation projections cited in April 2025 and April 2026.""], ""rbi_mpr_2026_04_p101_c000"": [""Compare CPI inflation projections cited in April 2025 and April 2026.""], ""rbi_mpr_2026_04_p101_c001"": [""Compare CPI inflation projections cited in April 2025 and April 2026.""], ""rbi_mpr_2026_04_p101_c002"": [""Compare CPI inflation projections cited in April 2025 and April 2026.""], ""rbi_mpr_2026_04_p102_c000"": [""Compare CPI inflation projections cited in April 2025 and April 2026.""], ""rbi_mpr_2026_04_p102_c002"": [""Compare CPI inflation projections cited in April 2025 and April 2026.""], ""rbi_mpr_2026_04_p102_c003"": [""Compare CPI inflation projections cited in April 2025 and April 2026.""], ""rbi_mpr_2026_04_p102_c004"": [""Compare CPI inflation projections cited in April 2025 and April 2026.""], ""rbi_mpr_2026_04_p103_c000"": [""Compare CPI inflation projections cited in April 2025 and April 2026.""], ""rbi_mpr_2026_04_p103_c001"": [""Compare CPI inflation projections cited in April 2025 and April 2026.""], ""rbi_mpr_2026_04_p105_c003"": [""Compare CPI inflation projections cited in April 2025 and April 2026.""], ""rbi_mpr_2026_04_p105_c004"": [""Compare CPI inflation projections cited in April 2025 and April 2026.""], ""rbi_mpr_2026_04_p106_c000"": [""Compare CPI inflation projections cited in April 2025 and April 2026.""], ""rbi_mpr_2026_04_p107_c000"": [""Compare CPI inflation projections cited in April 2025 and April 2026.""], ""rbi_mpr_2026_04_p107_c002"": [""Compare CPI inflation projections cited in April 2025 and April 2026.""], ""rbi_mpr_2026_04_p107_c003"": [""Compare CPI inflation projections cited in April 2025 and April 2026.""], ""rbi_mpr_2026_04_p108_c000"": [""Compare CPI inflation projections cited in April 2025 and April 2026.""], ""rbi_mpr_2026_04_p108_c001"": [""Compare CPI inflation projections cited in April 2025 and April 2026.""], ""rbi_mpr_2026_04_p108_c002"": [""Compare CPI inflation projections cited in April 2025 and April 2026.""], ""rbi_mpr_2026_04_p109_c000"": [""Compare CPI inflation projections cited in April 2025 and April 2026.""], ""rbi_mpr_2026_04_p109_c001"": [""Compare CPI inflation projections cited in April 2025 and April 2026.""], ""rbi_mpr_2026_04_p109_c004"": [""Compare CPI inflation projections cited in April 2025 and April 2026.""], ""rbi_mpr_2026_04_p112_c000"": [""Compare CPI inflation projections cited in April 2025 and April 2026.""], ""rbi_mpr_2026_04_p112_c001"": [""Compare CPI inflation projections cited in April 2025 and April 2026.""], ""rbi_mpr_2026_04_p115_c003"": [""Compare CPI inflation projections cited in April 2025 and April 2026.""], ""rbi_mpr_2026_04_p115_c004"": [""Compare CPI inflation projections cited in April 2025 and April 2026.""], ""rbi_mpr_2026_04_p116_c000"": [""Compare CPI inflation projections cited in April 2025 and April 2026.""]}, ""candidate_source_retriever"": {""rbi_mpr_2025_04_p011_c000"": [""dense""], ""rbi_mpr_2025_04_p011_c005"": [""dense""], ""rbi_mpr_2025_04_p012_c002"": [""dense""], ""rbi_mpr_2025_04_p012_c005"": [""dense""], ""rbi_mpr_2025_04_p013_c001"": [""dense""], ""rbi_mpr_2025_04_p015_c001"": [""bm25"", ""dense""], ""rbi_mpr_2025_04_p015_c002"": [""dense""], ""rbi_mpr_2025_04_p015_c003"": [""bm25"", ""dense""], ""rbi_mpr_2025_04_p016_c000"": [""bm25""], ""rbi_mpr_2025_04_p017_c000"": [""dense""], ""rbi_mpr_2025_04_p017_c001"": [""bm25"", ""dense""], ""rbi_mpr_2025_04_p018_c000"": [""bm25"", ""dense""], ""rbi_mpr_2025_04_p018_c003"": [""dense""], ""rbi_mpr_2025_04_p019_c003"": [""bm25"", ""dense""], ""rbi_mpr_2025_04_p021_c000"": [""bm25""], ""rbi_mpr_2025_04_p021_c001"": [""bm25""], ""rbi_mpr_2025_04_p021_c003"": [""bm25""], ""rbi_mpr_2025_04_p022_c000"": [""bm25""], ""rbi_mpr_2025_04_p024_c000"": [""bm25""], ""rbi_mpr_2025_04_p025_c000"": [""bm25"", ""dense""], ""rbi_mpr_2025_04_p025_c001"": [""dense""], ""rbi_mpr_2025_04_p025_c002"": [""dense""], ""rbi_mpr_2025_04_p025_c003"": [""bm25"", ""dense""], ""rbi_mpr_2025_04_p025_c004"": [""bm25"", ""dense""], ""rbi_mpr_2025_04_p026_c000"": [""bm25"", ""dense""], ""rbi_mpr_2025_04_p026_c001"": [""bm25""], ""rbi_mpr_2025_04_p026_c002"": [""dense""], ""rbi_mpr_2025_04_p026_c003"": [""dense""], ""rbi_mpr_2025_04_p027_c000"": [""dense""], ""rbi_mpr_2025_04_p027_c002"": [""bm25"", ""dense""], ""rbi_mpr_2025_04_p027_c003"": [""bm25"", ""dense""], ""rbi_mpr_2025_04_p028_c000"": [""bm25""], ""rbi_mpr_2025_04_p028_c003"": [""bm25"", ""dense""], ""rbi_mpr_2025_04_p028_c004"": [""bm25"", ""dense""], ""rbi_mpr_2025_04_p029_c000"": [""dense""], ""rbi_mpr_2025_04_p029_c001"": [""dense""], ""rbi_mpr_2025_04_p030_c000"": [""bm25"", ""dense""], ""rbi_mpr_2025_04_p031_c001"": [""bm25"", ""dense""], ""rbi_mpr_2025_04_p031_c002"": [""dense""], ""rbi_mpr_2025_04_p031_c003"": [""dense""], ""rbi_mpr_2025_04_p032_c000"": [""bm25"", ""dense""], ""rbi_mpr_2025_04_p034_c000"": [""bm25""], ""rbi_mpr_2025_04_p035_c000"": [""bm25""], ""rbi_mpr_2025_04_p035_c001"": [""bm25""], ""rbi_mpr_2025_04_p035_c002"": [""bm25""], ""rbi_mpr_2025_04_p035_c003"": [""dense""], ""rbi_mpr_2025_04_p036_c000"": [""bm25""], ""rbi_mpr_2025_04_p038_c000"": [""bm25"", ""dense""], ""rbi_mpr_2025_04_p039_c000"": [""dense""], ""rbi_mpr_2025_04_p039_c001"": [""bm25"", ""dense""], ""rbi_mpr_2025_04_p039_c002"": [""bm25"", ""dense""], ""rbi_mpr_2025_04_p039_c003"": [""bm25"", ""dense""], ""rbi_mpr_2025_04_p040_c000"": [""bm25"", ""dense""], ""rbi_mpr_2025_04_p040_c001"": [""bm25""], ""rbi_mpr_2025_04_p040_c002"": [""dense""], ""rbi_mpr_2025_04_p041_c000"": [""dense""], ""rbi_mpr_2025_04_p041_c002"": [""dense""], ""rbi_mpr_2025_04_p042_c000"": [""bm25"", ""dense""], ""rbi_mpr_2025_04_p042_c001"": [""bm25"", ""dense""], ""rbi_mpr_2025_04_p042_c002"": [""bm25""], ""rbi_mpr_2025_04_p042_c003"": [""dense""], ""rbi_mpr_2025_04_p046_c000"": [""bm25""], ""rbi_mpr_2025_04_p068_c000"": [""bm25""], ""rbi_mpr_2025_04_p069_c004"": [""bm25""], ""rbi_mpr_2025_04_p092_c000"": [""bm25""], ""rbi_mpr_2025_04_p099_c001"": [""bm25""], ""rbi_mpr_2025_04_p099_c002"": [""bm25""], ""rbi_mpr_2025_04_p101_c002"": [""bm25""], ""rbi_mpr_2025_04_p104_c003"": [""bm25""], ""rbi_mpr_2025_04_p105_c000"": [""bm25""], ""rbi_mpr_2025_04_p105_c001"": [""bm25"", ""dense""], ""rbi_mpr_2025_04_p105_c002"": [""dense""], ""rbi_mpr_2025_04_p105_c003"": [""dense""], ""rbi_mpr_2025_04_p106_c000"": [""bm25"", ""dense""], ""rbi_mpr_2025_04_p114_c000"": [""bm25""], ""rbi_mpr_2026_04_p005_c003"": [""bm25""], ""rbi_mpr_2026_04_p007_c001"": [""dense""], ""rbi_mpr_2026_04_p014_c004"": [""bm25""], ""rbi_mpr_2026_04_p015_c001"": [""bm25""], ""rbi_mpr_2026_04_p019_c001"": [""dense""], ""rbi_mpr_2026_04_p020_c000"": [""bm25""], ""rbi_mpr_2026_04_p021_c000"": [""bm25""], ""rbi_mpr_2026_04_p021_c002"": [""bm25""], ""rbi_mpr_2026_04_p024_c000"": [""bm25""], ""rbi_mpr_2026_04_p034_c000"": [""bm25""], ""rbi_mpr_2026_04_p046_c000"": [""bm25""], ""rbi_mpr_2026_04_p056_c000"": [""bm25""], ""rbi_mpr_2026_04_p079_c000"": [""bm25"", ""dense""], ""rbi_mpr_2026_04_p079_c001"": [""bm25"", ""dense""], ""rbi_mpr_2026_04_p080_c000"": [""bm25"", ""dense""], ""rbi_mpr_2026_04_p081_c005"": [""dense""], ""rbi_mpr_2026_04_p082_c000"": [""bm25"", ""dense""], ""rbi_mpr_2026_04_p082_c001"": [""bm25"", ""dense""], ""rbi_mpr_2026_04_p082_c002"": [""dense""], ""rbi_mpr_2026_04_p082_c003"": [""dense""], ""rbi_mpr_2026_04_p082_c004"": [""dense""], ""rbi_mpr_2026_04_p083_c000"": [""bm25"", ""dense""], ""rbi_mpr_2026_04_p083_c001"": [""dense""], ""rbi_mpr_2026_04_p084_c000"": [""bm25""], ""rbi_mpr_2026_04_p084_c002"": [""dense""], ""rbi_mpr_2026_04_p085_c000"": [""bm25""], ""rbi_mpr_2026_04_p085_c002"": [""bm25""], ""rbi_mpr_2026_04_p085_c003"": [""bm25""], ""rbi_mpr_2026_04_p085_c004"": [""bm25""], ""rbi_mpr_2026_04_p086_c000"": [""bm25""], ""rbi_mpr_2026_04_p087_c000"": [""bm25""], ""rbi_mpr_2026_04_p088_c000"": [""bm25""], ""rbi_mpr_2026_04_p088_c001"": [""bm25""], ""rbi_mpr_2026_04_p089_c001"": [""bm25"", ""dense""], ""rbi_mpr_2026_04_p090_c000"": [""bm25"", ""dense""], ""rbi_mpr_2026_04_p090_c001"": [""dense""], ""rbi_mpr_2026_04_p091_c000"": [""dense""], ""rbi_mpr_2026_04_p091_c004"": [""dense""], ""rbi_mpr_2026_04_p091_c005"": [""bm25"", ""dense""], ""rbi_mpr_2026_04_p092_c000"": [""bm25""], ""rbi_mpr_2026_04_p092_c002"": [""bm25"", ""dense""], ""rbi_mpr_2026_04_p092_c004"": [""dense""], ""rbi_mpr_2026_04_p093_c002"": [""dense""], ""rbi_mpr_2026_04_p093_c003"": [""dense""], ""rbi_mpr_2026_04_p094_c000"": [""bm25"", ""dense""], ""rbi_mpr_2026_04_p094_c001"": [""dense""], ""rbi_mpr_2026_04_p094_c002"": [""bm25"", ""dense""], ""rbi_mpr_2026_04_p094_c003"": [""dense""], ""rbi_mpr_2026_04_p094_c004"": [""bm25"", ""dense""], ""rbi_mpr_2026_04_p095_c002"": [""dense""], ""rbi_mpr_2026_04_p095_c003"": [""dense""], ""rbi_mpr_2026_04_p095_c004"": [""bm25"", ""dense""], ""rbi_mpr_2026_04_p098_c002"": [""bm25""], ""rbi_mpr_2026_04_p099_c000"": [""dense""], ""rbi_mpr_2026_04_p099_c002"": [""bm25""], ""rbi_mpr_2026_04_p100_c000"": [""bm25""], ""rbi_mpr_2026_04_p101_c000"": [""dense""], ""rbi_mpr_2026_04_p101_c001"": [""dense""], ""rbi_mpr_2026_04_p101_c002"": [""bm25"", ""dense""], ""rbi_mpr_2026_04_p102_c000"": [""bm25""], ""rbi_mpr_2026_04_p102_c002"": [""dense""], ""rbi_mpr_2026_04_p102_c003"": [""bm25"", ""dense""], ""rbi_mpr_2026_04_p102_c004"": [""bm25""], ""rbi_mpr_2026_04_p103_c000"": [""dense""], ""rbi_mpr_2026_04_p103_c001"": [""bm25""], ""rbi_mpr_2026_04_p105_c003"": [""bm25""], ""rbi_mpr_2026_04_p105_c004"": [""bm25""], ""rbi_mpr_2026_04_p106_c000"": [""bm25""], ""rbi_mpr_2026_04_p107_c000"": [""dense""], ""rbi_mpr_2026_04_p107_c002"": [""dense""], ""rbi_mpr_2026_04_p107_c003"": [""dense""], ""rbi_mpr_2026_04_p108_c000"": [""bm25"", ""dense""], ""rbi_mpr_2026_04_p108_c001"": [""dense""], ""rbi_mpr_2026_04_p108_c002"": [""dense""], ""rbi_mpr_2026_04_p109_c000"": [""bm25"", ""dense""], ""rbi_mpr_2026_04_p109_c001"": [""dense""], ""rbi_mpr_2026_04_p109_c004"": [""dense""], ""rbi_mpr_2026_04_p112_c000"": [""bm25""], ""rbi_mpr_2026_04_p112_c001"": [""bm25""], ""rbi_mpr_2026_04_p115_c003"": [""dense""], ""rbi_mpr_2026_04_p115_c004"": [""dense""], ""rbi_mpr_2026_04_p116_c000"": [""bm25""]}, ""candidate_union_ids"": [""rbi_mpr_2026_04_p095_c003"", ""rbi_mpr_2026_04_p082_c002"", ""rbi_mpr_2026_04_p108_c002"", ""rbi_mpr_2026_04_p102_c003"", ""rbi_mpr_2026_04_p095_c004"", ""rbi_mpr_2026_04_p095_c002"", ""rbi_mpr_2026_04_p092_c002"", ""rbi_mpr_2026_04_p109_c000"", ""rbi_mpr_2026_04_p109_c004"", ""rbi_mpr_2026_04_p108_c001"", ""rbi_mpr_2026_04_p094_c002"", ""rbi_mpr_2026_04_p079_c001"", ""rbi_mpr_2026_04_p082_c003"", ""rbi_mpr_2026_04_p099_c000"", ""rbi_mpr_2026_04_p103_c000"", ""rbi_mpr_2026_04_p108_c000"", ""rbi_mpr_2026_04_p079_c000"", ""rbi_mpr_2026_04_p080_c000"", ""rbi_mpr_2026_04_p094_c003"", ""rbi_mpr_2026_04_p007_c001"", ""rbi_mpr_2026_04_p082_c000"", ""rbi_mpr_2026_04_p107_c003"", ""rbi_mpr_2026_04_p101_c002"", ""rbi_mpr_2026_04_p101_c001"", ""rbi_mpr_2026_04_p093_c003"", ""rbi_mpr_2026_04_p094_c004"", ""rbi_mpr_2026_04_p094_c000"", ""rbi_mpr_2026_04_p090_c001"", ""rbi_mpr_2026_04_p091_c005"", ""rbi_mpr_2026_04_p089_c001"", ""rbi_mpr_2026_04_p109_c001"", ""rbi_mpr_2026_04_p101_c000"", ""rbi_mpr_2026_04_p094_c001"", ""rbi_mpr_2026_04_p082_c001"", ""rbi_mpr_2026_04_p093_c002"", ""rbi_mpr_2026_04_p081_c005"", ""rbi_mpr_2026_04_p083_c000"", ""rbi_mpr_2026_04_p084_c002"", ""rbi_mpr_2026_04_p019_c001"", ""rbi_mpr_2026_04_p115_c003"", ""rbi_mpr_2026_04_p102_c002"", ""rbi_mpr_2026_04_p091_c000"", ""rbi_mpr_2026_04_p115_c004"", ""rbi_mpr_2026_04_p090_c000"", ""rbi_mpr_2026_04_p092_c004"", ""rbi_mpr_2026_04_p107_c000"", ""rbi_mpr_2026_04_p082_c004"", ""rbi_mpr_2026_04_p107_c002"", ""rbi_mpr_2026_04_p083_c001"", ""rbi_mpr_2026_04_p091_c004"", ""rbi_mpr_2026_04_p087_c000"", ""rbi_mpr_2026_04_p105_c003"", ""rbi_mpr_2026_04_p086_c000"", ""rbi_mpr_2026_04_p112_c000"", ""rbi_mpr_2026_04_p085_c003"", ""rbi_mpr_2026_04_p092_c000"", ""rbi_mpr_2026_04_p046_c000"", ""rbi_mpr_2026_04_p085_c000"", ""rbi_mpr_2026_04_p021_c000"", ""rbi_mpr_2026_04_p084_c000"", ""rbi_mpr_2026_04_p085_c002"", ""rbi_mpr_2026_04_p034_c000"", ""rbi_mpr_2026_04_p088_c000"", ""rbi_mpr_2026_04_p103_c001"", ""rbi_mpr_2026_04_p102_c000"", ""rbi_mpr_2026_04_p024_c000"", ""rbi_mpr_2026_04_p116_c000"", ""rbi_mpr_2026_04_p056_c000"", ""rbi_mpr_2026_04_p099_c002"", ""rbi_mpr_2026_04_p015_c001"", ""rbi_mpr_2026_04_p005_c003"", ""rbi_mpr_2026_04_p102_c004"", ""rbi_mpr_2026_04_p106_c000"", ""rbi_mpr_2026_04_p021_c002"", ""rbi_mpr_2026_04_p112_c001"", ""rbi_mpr_2026_04_p020_c000"", ""rbi_mpr_2026_04_p100_c000"", ""rbi_mpr_2026_04_p014_c004"", ""rbi_mpr_2026_04_p085_c004"", ""rbi_mpr_2026_04_p098_c002"", ""rbi_mpr_2026_04_p088_c001"", ""rbi_mpr_2026_04_p105_c004""], ""candidate_union_pages"": [95, 82, 108, 102, 95, 95, 92, 109, 109, 108, 94, 79, 82, 99, 103, 108, 79, 80, 94, 7, 82, 107, 101, 101, 93, 94, 94, 90, 91, 89, 109, 101, 94, 82, 93, 81, 83, 84, 19, 115, 102, 91, 115, 90, 92, 107, 82, 107, 83, 91, 87, 105, 86, 112, 85, 92, 46, 85, 21, 84, 85, 34, 88, 103, 102, 24, 116, 56, 99, 15, 5, 102, 106, 21, 112, 20, 100, 14, 85, 98, 88, 105], ""dense_candidate_ids"": [""rbi_mpr_2026_04_p095_c003"", ""rbi_mpr_2026_04_p082_c002"", ""rbi_mpr_2026_04_p108_c002"", ""rbi_mpr_2026_04_p102_c003"", ""rbi_mpr_2026_04_p095_c004"", ""rbi_mpr_2026_04_p095_c002"", ""rbi_mpr_2026_04_p092_c002"", ""rbi_mpr_2026_04_p109_c000"", ""rbi_mpr_2026_04_p109_c004"", ""rbi_mpr_2026_04_p108_c001"", ""rbi_mpr_2026_04_p094_c002"", ""rbi_mpr_2026_04_p079_c001"", ""rbi_mpr_2026_04_p082_c003"", ""rbi_mpr_2026_04_p099_c000"", ""rbi_mpr_2026_04_p103_c000"", ""rbi_mpr_2026_04_p108_c000"", ""rbi_mpr_2026_04_p079_c000"", ""rbi_mpr_2026_04_p080_c000"", ""rbi_mpr_2026_04_p094_c003"", ""rbi_mpr_2026_04_p007_c001"", ""rbi_mpr_2026_04_p082_c000"", ""rbi_mpr_2026_04_p107_c003"", ""rbi_mpr_2026_04_p101_c002"", ""rbi_mpr_2026_04_p101_c001"", ""rbi_mpr_2026_04_p093_c003"", ""rbi_mpr_2026_04_p094_c004"", ""rbi_mpr_2026_04_p094_c000"", ""rbi_mpr_2026_04_p090_c001"", ""rbi_mpr_2026_04_p091_c005"", ""rbi_mpr_2026_04_p089_c001"", ""rbi_mpr_2026_04_p109_c001"", ""rbi_mpr_2026_04_p101_c000"", ""rbi_mpr_2026_04_p094_c001"", ""rbi_mpr_2026_04_p082_c001"", ""rbi_mpr_2026_04_p093_c002"", ""rbi_mpr_2026_04_p081_c005"", ""rbi_mpr_2026_04_p083_c000"", ""rbi_mpr_2026_04_p084_c002"", ""rbi_mpr_2026_04_p019_c001"", ""rbi_mpr_2026_04_p115_c003"", ""rbi_mpr_2026_04_p102_c002"", ""rbi_mpr_2026_04_p091_c000"", ""rbi_mpr_2026_04_p115_c004"", ""rbi_mpr_2026_04_p090_c000"", ""rbi_mpr_2026_04_p092_c004"", ""rbi_mpr_2026_04_p107_c000"", ""rbi_mpr_2026_04_p082_c004"", ""rbi_mpr_2026_04_p107_c002"", ""rbi_mpr_2026_04_p083_c001"", ""rbi_mpr_2026_04_p091_c004""], ""dense_candidate_pages"": [95, 82, 108, 102, 95, 95, 92, 109, 109, 108, 94, 79, 82, 99, 103, 108, 79, 80, 94, 7, 82, 107, 101, 101, 93, 94, 94, 90, 91, 89, 109, 101, 94, 82, 93, 81, 83, 84, 19, 115, 102, 91, 115, 90, 92, 107, 82, 107, 83, 91], ""dense_candidate_scores"": [0.63832680830686, 0.6078624761473066, 0.5551898315424534, 0.5435478604593802, 0.5373790791239317, 0.5290876139100806, 0.5266181457621302, 0.5217008729463642, 0.5152282549800007, 0.5108759606685233, 0.5069361575634219, 0.5002692847722716, 0.489816950635267, 0.48961987197163004, 0.48486785694887524, 0.4827185362622137, 0.48021935458606324, 0.4797932499476181, 0.4771779537038201, 0.4757729042150124, 0.47483610621316075, 0.4551648233139741, 0.4537203665218088, 0.4526012834001475, 0.4469944038490463, 0.4457620299985877, 0.4456519424302773, 0.44546843505186084, 0.4445782514644623, 0.44356778077141357, 0.43234276846065867, 0.43146177288623544, 0.4314334923508846, 0.4309805823167866, 0.42667237360885146, 0.4230856768005744, 0.4170569915895761, 0.4170506695622995, 0.4155296740932384, 0.4150313297564455, 0.4105690321703547, 0.41008805233514833, 0.4096045858358799, 0.40595825123695983, 0.4051519820249464, 0.4022983453528194, 0.40107178776745533, 0.39700963236112685, 0.3950913185511534, 0.39317359479705927], ""dense_first_evidence_rank"": 15, ""evidence_rank_after_reranking"": null, ""evidence_rank_before_reranking"": null, ""expected_evidence"": [""CPI inflation for 2025-26 was revised slightly upwards to 2.1 per cent""], ""loss_stage"": ""lost_in_fusion"", ""report_id"": ""rbi_mpr_2026_04"", ""reranker_input_ids"": [""rbi_mpr_2026_04_p082_c000"", ""rbi_mpr_2026_04_p102_c003"", ""rbi_mpr_2026_04_p080_c000"", ""rbi_mpr_2026_04_p109_c000"", ""rbi_mpr_2026_04_p108_c000"", ""rbi_mpr_2026_04_p094_c002"", ""rbi_mpr_2026_04_p094_c000"", ""rbi_mpr_2026_04_p079_c001"", ""rbi_mpr_2026_04_p094_c004"", ""rbi_mpr_2026_04_p082_c001"", ""rbi_mpr_2026_04_p092_c002"", ""rbi_mpr_2026_04_p090_c000"", ""rbi_mpr_2026_04_p095_c004"", ""rbi_mpr_2026_04_p091_c005"", ""rbi_mpr_2026_04_p079_c000"", ""rbi_mpr_2026_04_p101_c002"", ""rbi_mpr_2026_04_p089_c001"", ""rbi_mpr_2026_04_p083_c000"", ""rbi_mpr_2026_04_p095_c003"", ""rbi_mpr_2026_04_p082_c002"", ""rbi_mpr_2026_04_p087_c000"", ""rbi_mpr_2026_04_p108_c002"", ""rbi_mpr_2026_04_p105_c003"", ""rbi_mpr_2026_04_p086_c000"", ""rbi_mpr_2026_04_p112_c000"", ""rbi_mpr_2026_04_p095_c002"", ""rbi_mpr_2026_04_p085_c003"", ""rbi_mpr_2026_04_p109_c004"", ""rbi_mpr_2026_04_p108_c001"", ""rbi_mpr_2026_04_p092_c000""], ""reranker_input_pages"": [82, 102, 80, 109, 108, 94, 94, 79, 94, 82, 92, 90, 95, 91, 79, 101, 89, 83, 95, 82, 87, 108, 105, 86, 112, 95, 85, 109, 108, 92], ""reranker_input_ranks"": [1, 2, 3, 4, 5, 6, 7, 8, 9, 10, 11, 12, 13, 14, 15, 16, 17, 18, 19, 20, 21, 22, 23, 24, 25, 26, 27, 28, 29, 30], ""reranker_output_ids"": [""rbi_mpr_2026_04_p082_c000"", ""rbi_mpr_2026_04_p090_c000"", ""rbi_mpr_2026_04_p108_c000"", ""rbi_mpr_2026_04_p094_c004"", ""rbi_mpr_2026_04_p094_c000"", ""rbi_mpr_2026_04_p092_c000"", ""rbi_mpr_2026_04_p080_c000"", ""rbi_mpr_2026_04_p108_c002"", ""rbi_mpr_2026_04_p082_c002"", ""rbi_mpr_2026_04_p109_c004"", ""rbi_mpr_2026_04_p087_c000"", ""rbi_mpr_2026_04_p095_c003"", ""rbi_mpr_2026_04_p109_c000"", ""rbi_mpr_2026_04_p095_c004"", ""rbi_mpr_2026_04_p083_c000"", ""rbi_mpr_2026_04_p082_c001"", ""rbi_mpr_2026_04_p101_c002"", ""rbi_mpr_2026_04_p102_c003"", ""rbi_mpr_2026_04_p108_c001"", ""rbi_mpr_2026_04_p079_c001"", ""rbi_mpr_2026_04_p091_c005"", ""rbi_mpr_2026_04_p079_c000"", ""rbi_mpr_2026_04_p085_c003"", ""rbi_mpr_2026_04_p095_c002"", ""rbi_mpr_2026_04_p086_c000"", ""rbi_mpr_2026_04_p092_c002"", ""rbi_mpr_2026_04_p112_c000"", ""rbi_mpr_2026_04_p094_c002"", ""rbi_mpr_2026_04_p105_c003"", ""rbi_mpr_2026_04_p089_c001""], ""reranker_output_pages"": [82, 90, 108, 94, 94, 92, 80, 108, 82, 109, 87, 95, 109, 95, 83, 82, 101, 102, 108, 79, 91, 79, 85, 95, 86, 92, 112, 94, 105, 89], ""reranker_scores"": [7.389054775238037, 6.581892967224121, 6.506205081939697, 6.31495475769043, 6.289206504821777, 5.918025970458984, 5.666513442993164, 5.660399436950684, 5.631948471069336, 4.939510822296143, 4.767246246337891, 4.633645057678223, 4.607063293457031, 4.0694780349731445, 4.031883239746094, 3.863326072692871, 3.7911014556884766, 3.2852962017059326, 3.202091693878174, 3.1697628498077393, 3.00642466545105, 2.9000461101531982, 2.813361167907715, 2.3647255897521973, 2.3467330932617188, 2.2841203212738037, 2.0930774211883545, 1.907626748085022, 0.43427079916000366, -0.14896604418754578], ""rrf_candidate_ids"": [""rbi_mpr_2026_04_p082_c000"", ""rbi_mpr_2026_04_p102_c003"", ""rbi_mpr_2026_04_p080_c000"", ""rbi_mpr_2026_04_p109_c000"", ""rbi_mpr_2026_04_p108_c000"", ""rbi_mpr_2026_04_p094_c002"", ""rbi_mpr_2026_04_p094_c000"", ""rbi_mpr_2026_04_p079_c001"", ""rbi_mpr_2026_04_p094_c004"", ""rbi_mpr_2026_04_p082_c001"", ""rbi_mpr_2026_04_p092_c002"", ""rbi_mpr_2026_04_p090_c000"", ""rbi_mpr_2026_04_p095_c004"", ""rbi_mpr_2026_04_p091_c005"", ""rbi_mpr_2026_04_p079_c000"", ""rbi_mpr_2026_04_p101_c002"", ""rbi_mpr_2026_04_p089_c001"", ""rbi_mpr_2026_04_p083_c000"", ""rbi_mpr_2026_04_p095_c003"", ""rbi_mpr_2026_04_p082_c002"", ""rbi_mpr_2026_04_p087_c000"", ""rbi_mpr_2026_04_p108_c002"", ""rbi_mpr_2026_04_p105_c003"", ""rbi_mpr_2026_04_p086_c000"", ""rbi_mpr_2026_04_p112_c000"", ""rbi_mpr_2026_04_p095_c002"", ""rbi_mpr_2026_04_p085_c003"", ""rbi_mpr_2026_04_p109_c004"", ""rbi_mpr_2026_04_p108_c001"", ""rbi_mpr_2026_04_p092_c000""], ""rrf_candidate_pages"": [82, 102, 80, 109, 108, 94, 94, 79, 94, 82, 92, 90, 95, 91, 79, 101, 89, 83, 95, 82, 87, 108, 105, 86, 112, 95, 85, 109, 108, 92], ""rrf_first_evidence_rank"": null, ""rrf_scores"": [0.0287391216352965, 0.028125, 0.027972027972027972, 0.026333789329685362, 0.02631578947368421, 0.025989268947015427, 0.025987006496751626, 0.025383141762452106, 0.0251414204902577, 0.02492401215805471, 0.024634110998406025, 0.024540757749712976, 0.024475524475524476, 0.023431077007399288, 0.023403679653679656, 0.021482155035235283, 0.02072649572649573, 0.019833087874324987, 0.01639344262295082, 0.016129032258064516, 0.016129032258064516, 0.015873015873015872, 0.015873015873015872, 0.015625, 0.015384615384615385, 0.015151515151515152, 0.014705882352941176, 0.014492753623188406, 0.014285714285714285, 0.014084507042253521], ""selected_chunk_ids_after_dedup"": [""rbi_mpr_2026_04_p082_c000"", ""rbi_mpr_2026_04_p090_c000"", ""rbi_mpr_2026_04_p108_c000""], ""selected_chunk_ids_before_dedup"": [""rbi_mpr_2026_04_p082_c000"", ""rbi_mpr_2026_04_p090_c000"", ""rbi_mpr_2026_04_p108_c000""], ""selected_pages"": [82, 90, 108]}}","{""rbi_mpr_2025_04"": false, ""rbi_mpr_2026_04"": false}","{""rbi_mpr_2025_04"": 0.0, ""rbi_mpr_2026_04"": 0.0}","[""CPI""]","[""2025"", ""2026""]",0.1419000036548823,pairwise_comparison,cmp_dev_010,"[""Compare""]",0.0,"{""rbi_mpr_2025_04"": 3, ""rbi_mpr_2026_04"": 3}",1.0,"[""rbi_mpr_2025_04"", ""rbi_mpr_2026_04""]",3431.1664999986533,0.16199999663513154,5823,6,0.010499992640689015,dev,3502.385100000538,6
False,6.662300002062693,0.4130000015720725,False,04a5ce7716e7f739c55089569953118657c56d931da37da67b3f680d0125b949,0,0.03369999467395246,bf7cf18e02abb87a6e22fe9b686d8f93fa34ceb3f67abc575741c0a63080b56d,0.31999999191612005,81.20339999732096,0,1484,0.5,[],RRF_K60,[],0.28899998869746923,d063b65fcefc1858e3315b9e67356a80310b8ae9b4d0864e98dd7c18d8553c1a,0.5,Compare crude-oil assumptions or risks in April 2025 and April 2026.,Compare crude-oil assumptions or risks in April 2025 and April 2026.,"{""rbi_mpr_2025_04"": {""accepted_evidence_found"": true, ""accepted_pages"": [14], ""bm25_candidate_ids"": [""rbi_mpr_2025_04_p021_c000"", ""rbi_mpr_2025_04_p018_c000"", ""rbi_mpr_2025_04_p020_c000"", ""rbi_mpr_2025_04_p021_c001"", ""rbi_mpr_2025_04_p028_c000"", ""rbi_mpr_2025_04_p104_c003"", ""rbi_mpr_2025_04_p110_c000"", ""rbi_mpr_2025_04_p068_c001"", ""rbi_mpr_2025_04_p015_c001"", ""rbi_mpr_2025_04_p068_c000"", ""rbi_mpr_2025_04_p099_c002"", ""rbi_mpr_2025_04_p029_c002"", ""rbi_mpr_2025_04_p018_c001"", ""rbi_mpr_2025_04_p092_c000"", ""rbi_mpr_2025_04_p069_c004"", ""rbi_mpr_2025_04_p021_c003"", ""rbi_mpr_2025_04_p040_c000"", ""rbi_mpr_2025_04_p110_c002"", ""rbi_mpr_2025_04_p038_c000"", ""rbi_mpr_2025_04_p024_c000"", ""rbi_mpr_2025_04_p028_c001"", ""rbi_mpr_2025_04_p110_c001"", ""rbi_mpr_2025_04_p035_c000"", ""rbi_mpr_2025_04_p032_c000"", ""rbi_mpr_2025_04_p066_c000"", ""rbi_mpr_2025_04_p014_c000"", ""rbi_mpr_2025_04_p048_c000"", ""rbi_mpr_2025_04_p069_c005"", ""rbi_mpr_2025_04_p070_c000"", ""rbi_mpr_2025_04_p044_c000"", ""rbi_mpr_2025_04_p029_c003"", ""rbi_mpr_2025_04_p104_c000"", ""rbi_mpr_2025_04_p098_c000"", ""rbi_mpr_2025_04_p101_c002"", ""rbi_mpr_2025_04_p112_c000"", ""rbi_mpr_2025_04_p036_c000"", ""rbi_mpr_2025_04_p016_c000"", ""rbi_mpr_2025_04_p046_c000"", ""rbi_mpr_2025_04_p036_c002"", ""rbi_mpr_2025_04_p019_c003"", ""rbi_mpr_2025_04_p034_c000"", ""rbi_mpr_2025_04_p030_c000"", ""rbi_mpr_2025_04_p014_c001"", ""rbi_mpr_2025_04_p106_c000"", ""rbi_mpr_2025_04_p078_c000"", ""rbi_mpr_2025_04_p074_c000"", ""rbi_mpr_2025_04_p090_c001"", ""rbi_mpr_2025_04_p047_c000"", ""rbi_mpr_2025_04_p056_c000"", ""rbi_mpr_2025_04_p058_c000""], ""bm25_candidate_pages"": [21, 18, 20, 21, 28, 104, 110, 68, 15, 68, 99, 29, 18, 92, 69, 21, 40, 110, 38, 24, 28, 110, 35, 32, 66, 14, 48, 69, 70, 44, 29, 104, 98, 101, 112, 36, 16, 46, 36, 19, 34, 30, 14, 106, 78, 74, 90, 47, 56, 58], ""bm25_candidate_scores"": [null, null, null, null, null, null, null, null, null, null, null, null, null, null, null, null, null, null, null, null, null, null, null, null, null, null, null, null, null, null, null, null, null, null, null, null, null, null, null, null, null, null, null, null, null, null, null, null, null, null], ""bm25_first_evidence_rank"": 26, ""candidate_source_expansion"": {""rbi_mpr_2025_04_p011_c000"": [], ""rbi_mpr_2025_04_p011_c002"": [], ""rbi_mpr_2025_04_p011_c003"": [], ""rbi_mpr_2025_04_p012_c001"": [], ""rbi_mpr_2025_04_p012_c002"": [], ""rbi_mpr_2025_04_p013_c004"": [], ""rbi_mpr_2025_04_p014_c000"": [], ""rbi_mpr_2025_04_p014_c001"": [], ""rbi_mpr_2025_04_p014_c002"": [], ""rbi_mpr_2025_04_p014_c003"": [], ""rbi_mpr_2025_04_p014_c004"": [], ""rbi_mpr_2025_04_p015_c000"": [], ""rbi_mpr_2025_04_p015_c001"": [], ""rbi_mpr_2025_04_p015_c002"": [], ""rbi_mpr_2025_04_p016_c000"": [], ""rbi_mpr_2025_04_p016_c002"": [], ""rbi_mpr_2025_04_p017_c002"": [], ""rbi_mpr_2025_04_p018_c000"": [], ""rbi_mpr_2025_04_p018_c001"": [], ""rbi_mpr_2025_04_p018_c004"": [], ""rbi_mpr_2025_04_p019_c000"": [], ""rbi_mpr_2025_04_p019_c001"": [], ""rbi_mpr_2025_04_p019_c002"": [], ""rbi_mpr_2025_04_p019_c003"": [], ""rbi_mpr_2025_04_p020_c000"": [], ""rbi_mpr_2025_04_p021_c000"": [], ""rbi_mpr_2025_04_p021_c001"": [], ""rbi_mpr_2025_04_p021_c003"": [], ""rbi_mpr_2025_04_p022_c000"": [], ""rbi_mpr_2025_04_p022_c001"": [], ""rbi_mpr_2025_04_p022_c002"": [], ""rbi_mpr_2025_04_p022_c003"": [], ""rbi_mpr_2025_04_p023_c002"": [], ""rbi_mpr_2025_04_p023_c003"": [], ""rbi_mpr_2025_04_p024_c000"": [], ""rbi_mpr_2025_04_p025_c003"": [], ""rbi_mpr_2025_04_p028_c000"": [], ""rbi_mpr_2025_04_p028_c001"": [], ""rbi_mpr_2025_04_p029_c002"": [], ""rbi_mpr_2025_04_p029_c003"": [], ""rbi_mpr_2025_04_p030_c000"": [], ""rbi_mpr_2025_04_p032_c000"": [], ""rbi_mpr_2025_04_p034_c000"": [], ""rbi_mpr_2025_04_p035_c000"": [], ""rbi_mpr_2025_04_p036_c000"": [], ""rbi_mpr_2025_04_p036_c001"": [], ""rbi_mpr_2025_04_p036_c002"": [], ""rbi_mpr_2025_04_p036_c003"": [], ""rbi_mpr_2025_04_p037_c000"": [], ""rbi_mpr_2025_04_p038_c000"": [], ""rbi_mpr_2025_04_p039_c003"": [], ""rbi_mpr_2025_04_p040_c000"": [], ""rbi_mpr_2025_04_p044_c000"": [], ""rbi_mpr_2025_04_p046_c000"": [], ""rbi_mpr_2025_04_p047_c000"": [], ""rbi_mpr_2025_04_p048_c000"": [], ""rbi_mpr_2025_04_p056_c000"": [], ""rbi_mpr_2025_04_p058_c000"": [], ""rbi_mpr_2025_04_p066_c000"": [], ""rbi_mpr_2025_04_p068_c000"": [], ""rbi_mpr_2025_04_p068_c001"": [], ""rbi_mpr_2025_04_p069_c004"": [], ""rbi_mpr_2025_04_p069_c005"": [], ""rbi_mpr_2025_04_p070_c000"": [], ""rbi_mpr_2025_04_p074_c000"": [], ""rbi_mpr_2025_04_p078_c000"": [], ""rbi_mpr_2025_04_p078_c003"": [], ""rbi_mpr_2025_04_p086_c000"": [], ""rbi_mpr_2025_04_p090_c001"": [], ""rbi_mpr_2025_04_p092_c000"": [], ""rbi_mpr_2025_04_p098_c000"": [], ""rbi_mpr_2025_04_p099_c002"": [], ""rbi_mpr_2025_04_p101_c002"": [], ""rbi_mpr_2025_04_p101_c003"": [], ""rbi_mpr_2025_04_p103_c000"": [], ""rbi_mpr_2025_04_p103_c001"": [], ""rbi_mpr_2025_04_p103_c002"": [], ""rbi_mpr_2025_04_p104_c000"": [], ""rbi_mpr_2025_04_p104_c002"": [], ""rbi_mpr_2025_04_p104_c003"": [], ""rbi_mpr_2025_04_p106_c000"": [], ""rbi_mpr_2025_04_p110_c000"": [], ""rbi_mpr_2025_04_p110_c001"": [], ""rbi_mpr_2025_04_p110_c002"": [], ""rbi_mpr_2025_04_p110_c003"": [], ""rbi_mpr_2025_04_p112_c000"": [], ""rbi_mpr_2025_04_p114_c001"": [], ""rbi_mpr_2026_04_p005_c003"": [], ""rbi_mpr_2026_04_p005_c004"": [], ""rbi_mpr_2026_04_p005_c005"": [], ""rbi_mpr_2026_04_p013_c003"": [], ""rbi_mpr_2026_04_p013_c004"": [], ""rbi_mpr_2026_04_p014_c004"": [], ""rbi_mpr_2026_04_p016_c000"": [], ""rbi_mpr_2026_04_p016_c001"": [], ""rbi_mpr_2026_04_p016_c002"": [], ""rbi_mpr_2026_04_p017_c001"": [], ""rbi_mpr_2026_04_p017_c002"": [], ""rbi_mpr_2026_04_p020_c000"": [], ""rbi_mpr_2026_04_p021_c000"": [], ""rbi_mpr_2026_04_p021_c002"": [], ""rbi_mpr_2026_04_p022_c002"": [], ""rbi_mpr_2026_04_p022_c003"": [], ""rbi_mpr_2026_04_p023_c000"": [], ""rbi_mpr_2026_04_p024_c000"": [], ""rbi_mpr_2026_04_p025_c001"": [], ""rbi_mpr_2026_04_p026_c000"": [], ""rbi_mpr_2026_04_p034_c000"": [], ""rbi_mpr_2026_04_p046_c000"": [], ""rbi_mpr_2026_04_p048_c000"": [], ""rbi_mpr_2026_04_p050_c000"": [], ""rbi_mpr_2026_04_p056_c000"": [], ""rbi_mpr_2026_04_p066_c000"": [], ""rbi_mpr_2026_04_p072_c000"": [], ""rbi_mpr_2026_04_p076_c000"": [], ""rbi_mpr_2026_04_p079_c000"": [], ""rbi_mpr_2026_04_p080_c000"": [], ""rbi_mpr_2026_04_p081_c004"": [], ""rbi_mpr_2026_04_p081_c005"": [], ""rbi_mpr_2026_04_p082_c000"": [], ""rbi_mpr_2026_04_p083_c000"": [], ""rbi_mpr_2026_04_p084_c000"": [], ""rbi_mpr_2026_04_p085_c000"": [], ""rbi_mpr_2026_04_p085_c002"": [], ""rbi_mpr_2026_04_p085_c003"": [], ""rbi_mpr_2026_04_p086_c000"": [], ""rbi_mpr_2026_04_p086_c003"": [], ""rbi_mpr_2026_04_p087_c000"": [], ""rbi_mpr_2026_04_p088_c000"": [], ""rbi_mpr_2026_04_p088_c001"": [], ""rbi_mpr_2026_04_p090_c000"": [], ""rbi_mpr_2026_04_p092_c000"": [], ""rbi_mpr_2026_04_p094_c000"": [], ""rbi_mpr_2026_04_p094_c004"": [], ""rbi_mpr_2026_04_p095_c000"": [], ""rbi_mpr_2026_04_p095_c001"": [], ""rbi_mpr_2026_04_p098_c002"": [], ""rbi_mpr_2026_04_p099_c001"": [], ""rbi_mpr_2026_04_p099_c002"": [], ""rbi_mpr_2026_04_p100_c000"": [], ""rbi_mpr_2026_04_p100_c001"": [], ""rbi_mpr_2026_04_p100_c002"": [], ""rbi_mpr_2026_04_p100_c003"": [], ""rbi_mpr_2026_04_p102_c000"": [], ""rbi_mpr_2026_04_p103_c003"": [], ""rbi_mpr_2026_04_p105_c001"": [], ""rbi_mpr_2026_04_p105_c002"": [], ""rbi_mpr_2026_04_p105_c003"": [], ""rbi_mpr_2026_04_p105_c004"": [], ""rbi_mpr_2026_04_p106_c000"": [], ""rbi_mpr_2026_04_p106_c001"": [], ""rbi_mpr_2026_04_p106_c002"": [], ""rbi_mpr_2026_04_p106_c003"": [], ""rbi_mpr_2026_04_p108_c000"": [], ""rbi_mpr_2026_04_p108_c002"": [], ""rbi_mpr_2026_04_p109_c000"": [], ""rbi_mpr_2026_04_p109_c004"": [], ""rbi_mpr_2026_04_p110_c000"": [], ""rbi_mpr_2026_04_p111_c001"": [], ""rbi_mpr_2026_04_p112_c000"": [], ""rbi_mpr_2026_04_p112_c001"": [], ""rbi_mpr_2026_04_p112_c002"": [], ""rbi_mpr_2026_04_p112_c003"": [], ""rbi_mpr_2026_04_p113_c000"": [], ""rbi_mpr_2026_04_p113_c001"": [], ""rbi_mpr_2026_04_p113_c002"": [], ""rbi_mpr_2026_04_p113_c003"": [], ""rbi_mpr_2026_04_p114_c000"": [], ""rbi_mpr_2026_04_p114_c001"": [], ""rbi_mpr_2026_04_p114_c002"": [], ""rbi_mpr_2026_04_p115_c004"": []}, ""candidate_source_facet"": {""rbi_mpr_2025_04_p011_c000"": [], ""rbi_mpr_2025_04_p011_c002"": [], ""rbi_mpr_2025_04_p011_c003"": [], ""rbi_mpr_2025_04_p012_c001"": [], ""rbi_mpr_2025_04_p012_c002"": [], ""rbi_mpr_2025_04_p013_c004"": [], ""rbi_mpr_2025_04_p014_c000"": [], ""rbi_mpr_2025_04_p014_c001"": [], ""rbi_mpr_2025_04_p014_c002"": [], ""rbi_mpr_2025_04_p014_c003"": [], ""rbi_mpr_2025_04_p014_c004"": [], ""rbi_mpr_2025_04_p015_c000"": [], ""rbi_mpr_2025_04_p015_c001"": [], ""rbi_mpr_2025_04_p015_c002"": [], ""rbi_mpr_2025_04_p016_c000"": [], ""rbi_mpr_2025_04_p016_c002"": [], ""rbi_mpr_2025_04_p017_c002"": [], ""rbi_mpr_2025_04_p018_c000"": [], ""rbi_mpr_2025_04_p018_c001"": [], ""rbi_mpr_2025_04_p018_c004"": [], ""rbi_mpr_2025_04_p019_c000"": [], ""rbi_mpr_2025_04_p019_c001"": [], ""rbi_mpr_2025_04_p019_c002"": [], ""rbi_mpr_2025_04_p019_c003"": [], ""rbi_mpr_2025_04_p020_c000"": [], ""rbi_mpr_2025_04_p021_c000"": [], ""rbi_mpr_2025_04_p021_c001"": [], ""rbi_mpr_2025_04_p021_c003"": [], ""rbi_mpr_2025_04_p022_c000"": [], ""rbi_mpr_2025_04_p022_c001"": [], ""rbi_mpr_2025_04_p022_c002"": [], ""rbi_mpr_2025_04_p022_c003"": [], ""rbi_mpr_2025_04_p023_c002"": [], ""rbi_mpr_2025_04_p023_c003"": [], ""rbi_mpr_2025_04_p024_c000"": [], ""rbi_mpr_2025_04_p025_c003"": [], ""rbi_mpr_2025_04_p028_c000"": [], ""rbi_mpr_2025_04_p028_c001"": [], ""rbi_mpr_2025_04_p029_c002"": [], ""rbi_mpr_2025_04_p029_c003"": [], ""rbi_mpr_2025_04_p030_c000"": [], ""rbi_mpr_2025_04_p032_c000"": [], ""rbi_mpr_2025_04_p034_c000"": [], ""rbi_mpr_2025_04_p035_c000"": [], ""rbi_mpr_2025_04_p036_c000"": [], ""rbi_mpr_2025_04_p036_c001"": [], ""rbi_mpr_2025_04_p036_c002"": [], ""rbi_mpr_2025_04_p036_c003"": [], ""rbi_mpr_2025_04_p037_c000"": [], ""rbi_mpr_2025_04_p038_c000"": [], ""rbi_mpr_2025_04_p039_c003"": [], ""rbi_mpr_2025_04_p040_c000"": [], ""rbi_mpr_2025_04_p044_c000"": [], ""rbi_mpr_2025_04_p046_c000"": [], ""rbi_mpr_2025_04_p047_c000"": [], ""rbi_mpr_2025_04_p048_c000"": [], ""rbi_mpr_2025_04_p056_c000"": [], ""rbi_mpr_2025_04_p058_c000"": [], ""rbi_mpr_2025_04_p066_c000"": [], ""rbi_mpr_2025_04_p068_c000"": [], ""rbi_mpr_2025_04_p068_c001"": [], ""rbi_mpr_2025_04_p069_c004"": [], ""rbi_mpr_2025_04_p069_c005"": [], ""rbi_mpr_2025_04_p070_c000"": [], ""rbi_mpr_2025_04_p074_c000"": [], ""rbi_mpr_2025_04_p078_c000"": [], ""rbi_mpr_2025_04_p078_c003"": [], ""rbi_mpr_2025_04_p086_c000"": [], ""rbi_mpr_2025_04_p090_c001"": [], ""rbi_mpr_2025_04_p092_c000"": [], ""rbi_mpr_2025_04_p098_c000"": [], ""rbi_mpr_2025_04_p099_c002"": [], ""rbi_mpr_2025_04_p101_c002"": [], ""rbi_mpr_2025_04_p101_c003"": [], ""rbi_mpr_2025_04_p103_c000"": [], ""rbi_mpr_2025_04_p103_c001"": [], ""rbi_mpr_2025_04_p103_c002"": [], ""rbi_mpr_2025_04_p104_c000"": [], ""rbi_mpr_2025_04_p104_c002"": [], ""rbi_mpr_2025_04_p104_c003"": [], ""rbi_mpr_2025_04_p106_c000"": [], ""rbi_mpr_2025_04_p110_c000"": [], ""rbi_mpr_2025_04_p110_c001"": [], ""rbi_mpr_2025_04_p110_c002"": [], ""rbi_mpr_2025_04_p110_c003"": [], ""rbi_mpr_2025_04_p112_c000"": [], ""rbi_mpr_2025_04_p114_c001"": [], ""rbi_mpr_2026_04_p005_c003"": [], ""rbi_mpr_2026_04_p005_c004"": [], ""rbi_mpr_2026_04_p005_c005"": [], ""rbi_mpr_2026_04_p013_c003"": [], ""rbi_mpr_2026_04_p013_c004"": [], ""rbi_mpr_2026_04_p014_c004"": [], ""rbi_mpr_2026_04_p016_c000"": [], ""rbi_mpr_2026_04_p016_c001"": [], ""rbi_mpr_2026_04_p016_c002"": [], ""rbi_mpr_2026_04_p017_c001"": [], ""rbi_mpr_2026_04_p017_c002"": [], ""rbi_mpr_2026_04_p020_c000"": [], ""rbi_mpr_2026_04_p021_c000"": [], ""rbi_mpr_2026_04_p021_c002"": [], ""rbi_mpr_2026_04_p022_c002"": [], ""rbi_mpr_2026_04_p022_c003"": [], ""rbi_mpr_2026_04_p023_c000"": [], ""rbi_mpr_2026_04_p024_c000"": [], ""rbi_mpr_2026_04_p025_c001"": [], ""rbi_mpr_2026_04_p026_c000"": [], ""rbi_mpr_2026_04_p034_c000"": [], ""rbi_mpr_2026_04_p046_c000"": [], ""rbi_mpr_2026_04_p048_c000"": [], ""rbi_mpr_2026_04_p050_c000"": [], ""rbi_mpr_2026_04_p056_c000"": [], ""rbi_mpr_2026_04_p066_c000"": [], ""rbi_mpr_2026_04_p072_c000"": [], ""rbi_mpr_2026_04_p076_c000"": [], ""rbi_mpr_2026_04_p079_c000"": [], ""rbi_mpr_2026_04_p080_c000"": [], ""rbi_mpr_2026_04_p081_c004"": [], ""rbi_mpr_2026_04_p081_c005"": [], ""rbi_mpr_2026_04_p082_c000"": [], ""rbi_mpr_2026_04_p083_c000"": [], ""rbi_mpr_2026_04_p084_c000"": [], ""rbi_mpr_2026_04_p085_c000"": [], ""rbi_mpr_2026_04_p085_c002"": [], ""rbi_mpr_2026_04_p085_c003"": [], ""rbi_mpr_2026_04_p086_c000"": [], ""rbi_mpr_2026_04_p086_c003"": [], ""rbi_mpr_2026_04_p087_c000"": [], ""rbi_mpr_2026_04_p088_c000"": [], ""rbi_mpr_2026_04_p088_c001"": [], ""rbi_mpr_2026_04_p090_c000"": [], ""rbi_mpr_2026_04_p092_c000"": [], ""rbi_mpr_2026_04_p094_c000"": [], ""rbi_mpr_2026_04_p094_c004"": [], ""rbi_mpr_2026_04_p095_c000"": [], ""rbi_mpr_2026_04_p095_c001"": [], ""rbi_mpr_2026_04_p098_c002"": [], ""rbi_mpr_2026_04_p099_c001"": [], ""rbi_mpr_2026_04_p099_c002"": [], ""rbi_mpr_2026_04_p100_c000"": [], ""rbi_mpr_2026_04_p100_c001"": [], ""rbi_mpr_2026_04_p100_c002"": [], ""rbi_mpr_2026_04_p100_c003"": [], ""rbi_mpr_2026_04_p102_c000"": [], ""rbi_mpr_2026_04_p103_c003"": [], ""rbi_mpr_2026_04_p105_c001"": [], ""rbi_mpr_2026_04_p105_c002"": [], ""rbi_mpr_2026_04_p105_c003"": [], ""rbi_mpr_2026_04_p105_c004"": [], ""rbi_mpr_2026_04_p106_c000"": [], ""rbi_mpr_2026_04_p106_c001"": [], ""rbi_mpr_2026_04_p106_c002"": [], ""rbi_mpr_2026_04_p106_c003"": [], ""rbi_mpr_2026_04_p108_c000"": [], ""rbi_mpr_2026_04_p108_c002"": [], ""rbi_mpr_2026_04_p109_c000"": [], ""rbi_mpr_2026_04_p109_c004"": [], ""rbi_mpr_2026_04_p110_c000"": [], ""rbi_mpr_2026_04_p111_c001"": [], ""rbi_mpr_2026_04_p112_c000"": [], ""rbi_mpr_2026_04_p112_c001"": [], ""rbi_mpr_2026_04_p112_c002"": [], ""rbi_mpr_2026_04_p112_c003"": [], ""rbi_mpr_2026_04_p113_c000"": [], ""rbi_mpr_2026_04_p113_c001"": [], ""rbi_mpr_2026_04_p113_c002"": [], ""rbi_mpr_2026_04_p113_c003"": [], ""rbi_mpr_2026_04_p114_c000"": [], ""rbi_mpr_2026_04_p114_c001"": [], ""rbi_mpr_2026_04_p114_c002"": [], ""rbi_mpr_2026_04_p115_c004"": []}, ""candidate_source_query"": {""rbi_mpr_2025_04_p011_c000"": [""Compare crude-oil assumptions or risks in April 2025 and April 2026.""], ""rbi_mpr_2025_04_p011_c002"": [""Compare crude-oil assumptions or risks in April 2025 and April 2026.""], ""rbi_mpr_2025_04_p011_c003"": [""Compare crude-oil assumptions or risks in April 2025 and April 2026.""], ""rbi_mpr_2025_04_p012_c001"": [""Compare crude-oil assumptions or risks in April 2025 and April 2026.""], ""rbi_mpr_2025_04_p012_c002"": [""Compare crude-oil assumptions or risks in April 2025 and April 2026.""], ""rbi_mpr_2025_04_p013_c004"": [""Compare crude-oil assumptions or risks in April 2025 and April 2026.""], ""rbi_mpr_2025_04_p014_c000"": [""Compare crude-oil assumptions or risks in April 2025 and April 2026.""], ""rbi_mpr_2025_04_p014_c001"": [""Compare crude-oil assumptions or risks in April 2025 and April 2026.""], ""rbi_mpr_2025_04_p014_c002"": [""Compare crude-oil assumptions or risks in April 2025 and April 2026.""], ""rbi_mpr_2025_04_p014_c003"": [""Compare crude-oil assumptions or risks in April 2025 and April 2026.""], ""rbi_mpr_2025_04_p014_c004"": [""Compare crude-oil assumptions or risks in April 2025 and April 2026.""], ""rbi_mpr_2025_04_p015_c000"": [""Compare crude-oil assumptions or risks in April 2025 and April 2026.""], ""rbi_mpr_2025_04_p015_c001"": [""Compare crude-oil assumptions or risks in April 2025 and April 2026.""], ""rbi_mpr_2025_04_p015_c002"": [""Compare crude-oil assumptions or risks in April 2025 and April 2026.""], ""rbi_mpr_2025_04_p016_c000"": [""Compare crude-oil assumptions or risks in April 2025 and April 2026.""], ""rbi_mpr_2025_04_p016_c002"": [""Compare crude-oil assumptions or risks in April 2025 and April 2026.""], ""rbi_mpr_2025_04_p017_c002"": [""Compare crude-oil assumptions or risks in April 2025 and April 2026.""], ""rbi_mpr_2025_04_p018_c000"": [""Compare crude-oil assumptions or risks in April 2025 and April 2026.""], ""rbi_mpr_2025_04_p018_c001"": [""Compare crude-oil assumptions or risks in April 2025 and April 2026.""], ""rbi_mpr_2025_04_p018_c004"": [""Compare crude-oil assumptions or risks in April 2025 and April 2026.""], ""rbi_mpr_2025_04_p019_c000"": [""Compare crude-oil assumptions or risks in April 2025 and April 2026.""], ""rbi_mpr_2025_04_p019_c001"": [""Compare crude-oil assumptions or risks in April 2025 and April 2026.""], ""rbi_mpr_2025_04_p019_c002"": [""Compare crude-oil assumptions or risks in April 2025 and April 2026.""], ""rbi_mpr_2025_04_p019_c003"": [""Compare crude-oil assumptions or risks in April 2025 and April 2026.""], ""rbi_mpr_2025_04_p020_c000"": [""Compare crude-oil assumptions or risks in April 2025 and April 2026.""], ""rbi_mpr_2025_04_p021_c000"": [""Compare crude-oil assumptions or risks in April 2025 and April 2026.""], ""rbi_mpr_2025_04_p021_c001"": [""Compare crude-oil assumptions or risks in April 2025 and April 2026.""], ""rbi_mpr_2025_04_p021_c003"": [""Compare crude-oil assumptions or risks in April 2025 and April 2026.""], ""rbi_mpr_2025_04_p022_c000"": [""Compare crude-oil assumptions or risks in April 2025 and April 2026.""], ""rbi_mpr_2025_04_p022_c001"": [""Compare crude-oil assumptions or risks in April 2025 and April 2026.""], ""rbi_mpr_2025_04_p022_c002"": [""Compare crude-oil assumptions or risks in April 2025 and April 2026.""], ""rbi_mpr_2025_04_p022_c003"": [""Compare crude-oil assumptions or risks in April 2025 and April 2026.""], ""rbi_mpr_2025_04_p023_c002"": [""Compare crude-oil assumptions or risks in April 2025 and April 2026.""], ""rbi_mpr_2025_04_p023_c003"": [""Compare crude-oil assumptions or risks in April 2025 and April 2026.""], ""rbi_mpr_2025_04_p024_c000"": [""Compare crude-oil assumptions or risks in April 2025 and April 2026.""], ""rbi_mpr_2025_04_p025_c003"": [""Compare crude-oil assumptions or risks in April 2025 and April 2026.""], ""rbi_mpr_2025_04_p028_c000"": [""Compare crude-oil assumptions or risks in April 2025 and April 2026.""], ""rbi_mpr_2025_04_p028_c001"": [""Compare crude-oil assumptions or risks in April 2025 and April 2026.""], ""rbi_mpr_2025_04_p029_c002"": [""Compare crude-oil assumptions or risks in April 2025 and April 2026.""], ""rbi_mpr_2025_04_p029_c003"": [""Compare crude-oil assumptions or risks in April 2025 and April 2026.""], ""rbi_mpr_2025_04_p030_c000"": [""Compare crude-oil assumptions or risks in April 2025 and April 2026.""], ""rbi_mpr_2025_04_p032_c000"": [""Compare crude-oil assumptions or risks in April 2025 and April 2026.""], ""rbi_mpr_2025_04_p034_c000"": [""Compare crude-oil assumptions or risks in April 2025 and April 2026.""], ""rbi_mpr_2025_04_p035_c000"": [""Compare crude-oil assumptions or risks in April 2025 and April 2026.""], ""rbi_mpr_2025_04_p036_c000"": [""Compare crude-oil assumptions or risks in April 2025 and April 2026.""], ""rbi_mpr_2025_04_p036_c001"": [""Compare crude-oil assumptions or risks in April 2025 and April 2026.""], ""rbi_mpr_2025_04_p036_c002"": [""Compare crude-oil assumptions or risks in April 2025 and April 2026.""], ""rbi_mpr_2025_04_p036_c003"": [""Compare crude-oil assumptions or risks in April 2025 and April 2026.""], ""rbi_mpr_2025_04_p037_c000"": [""Compare crude-oil assumptions or risks in April 2025 and April 2026.""], ""rbi_mpr_2025_04_p038_c000"": [""Compare crude-oil assumptions or risks in April 2025 and April 2026.""], ""rbi_mpr_2025_04_p039_c003"": [""Compare crude-oil assumptions or risks in April 2025 and April 2026.""], ""rbi_mpr_2025_04_p040_c000"": [""Compare crude-oil assumptions or risks in April 2025 and April 2026.""], ""rbi_mpr_2025_04_p044_c000"": [""Compare crude-oil assumptions or risks in April 2025 and April 2026.""], ""rbi_mpr_2025_04_p046_c000"": [""Compare crude-oil assumptions or risks in April 2025 and April 2026.""], ""rbi_mpr_2025_04_p047_c000"": [""Compare crude-oil assumptions or risks in April 2025 and April 2026.""], ""rbi_mpr_2025_04_p048_c000"": [""Compare crude-oil assumptions or risks in April 2025 and April 2026.""], ""rbi_mpr_2025_04_p056_c000"": [""Compare crude-oil assumptions or risks in April 2025 and April 2026.""], ""rbi_mpr_2025_04_p058_c000"": [""Compare crude-oil assumptions or risks in April 2025 and April 2026.""], ""rbi_mpr_2025_04_p066_c000"": [""Compare crude-oil assumptions or risks in April 2025 and April 2026.""], ""rbi_mpr_2025_04_p068_c000"": [""Compare crude-oil assumptions or risks in April 2025 and April 2026.""], ""rbi_mpr_2025_04_p068_c001"": [""Compare crude-oil assumptions or risks in April 2025 and April 2026.""], ""rbi_mpr_2025_04_p069_c004"": [""Compare crude-oil assumptions or risks in April 2025 and April 2026.""], ""rbi_mpr_2025_04_p069_c005"": [""Compare crude-oil assumptions or risks in April 2025 and April 2026.""], ""rbi_mpr_2025_04_p070_c000"": [""Compare crude-oil assumptions or risks in April 2025 and April 2026.""], ""rbi_mpr_2025_04_p074_c000"": [""Compare crude-oil assumptions or risks in April 2025 and April 2026.""], ""rbi_mpr_2025_04_p078_c000"": [""Compare crude-oil assumptions or risks in April 2025 and April 2026.""], ""rbi_mpr_2025_04_p078_c003"": [""Compare crude-oil assumptions or risks in April 2025 and April 2026.""], ""rbi_mpr_2025_04_p086_c000"": [""Compare crude-oil assumptions or risks in April 2025 and April 2026.""], ""rbi_mpr_2025_04_p090_c001"": [""Compare crude-oil assumptions or risks in April 2025 and April 2026.""], ""rbi_mpr_2025_04_p092_c000"": [""Compare crude-oil assumptions or risks in April 2025 and April 2026.""], ""rbi_mpr_2025_04_p098_c000"": [""Compare crude-oil assumptions or risks in April 2025 and April 2026.""], ""rbi_mpr_2025_04_p099_c002"": [""Compare crude-oil assumptions or risks in April 2025 and April 2026.""], ""rbi_mpr_2025_04_p101_c002"": [""Compare crude-oil assumptions or risks in April 2025 and April 2026.""], ""rbi_mpr_2025_04_p101_c003"": [""Compare crude-oil assumptions or risks in April 2025 and April 2026.""], ""rbi_mpr_2025_04_p103_c000"": [""Compare crude-oil assumptions or risks in April 2025 and April 2026.""], ""rbi_mpr_2025_04_p103_c001"": [""Compare crude-oil assumptions or risks in April 2025 and April 2026.""], ""rbi_mpr_2025_04_p103_c002"": [""Compare crude-oil assumptions or risks in April 2025 and April 2026.""], ""rbi_mpr_2025_04_p104_c000"": [""Compare crude-oil assumptions or risks in April 2025 and April 2026.""], ""rbi_mpr_2025_04_p104_c002"": [""Compare crude-oil assumptions or risks in April 2025 and April 2026.""], ""rbi_mpr_2025_04_p104_c003"": [""Compare crude-oil assumptions or risks in April 2025 and April 2026.""], ""rbi_mpr_2025_04_p106_c000"": [""Compare crude-oil assumptions or risks in April 2025 and April 2026.""], ""rbi_mpr_2025_04_p110_c000"": [""Compare crude-oil assumptions or risks in April 2025 and April 2026.""], ""rbi_mpr_2025_04_p110_c001"": [""Compare crude-oil assumptions or risks in April 2025 and April 2026.""], ""rbi_mpr_2025_04_p110_c002"": [""Compare crude-oil assumptions or risks in April 2025 and April 2026.""], ""rbi_mpr_2025_04_p110_c003"": [""Compare crude-oil assumptions or risks in April 2025 and April 2026.""], ""rbi_mpr_2025_04_p112_c000"": [""Compare crude-oil assumptions or risks in April 2025 and April 2026.""], ""rbi_mpr_2025_04_p114_c001"": [""Compare crude-oil assumptions or risks in April 2025 and April 2026.""], ""rbi_mpr_2026_04_p005_c003"": [""Compare crude-oil assumptions or risks in April 2025 and April 2026.""], ""rbi_mpr_2026_04_p005_c004"": [""Compare crude-oil assumptions or risks in April 2025 and April 2026.""], ""rbi_mpr_2026_04_p005_c005"": [""Compare crude-oil assumptions or risks in April 2025 and April 2026.""], ""rbi_mpr_2026_04_p013_c003"": [""Compare crude-oil assumptions or risks in April 2025 and April 2026.""], ""rbi_mpr_2026_04_p013_c004"": [""Compare crude-oil assumptions or risks in April 2025 and April 2026.""], ""rbi_mpr_2026_04_p014_c004"": [""Compare crude-oil assumptions or risks in April 2025 and April 2026.""], ""rbi_mpr_2026_04_p016_c000"": [""Compare crude-oil assumptions or risks in April 2025 and April 2026.""], ""rbi_mpr_2026_04_p016_c001"": [""Compare crude-oil assumptions or risks in April 2025 and April 2026.""], ""rbi_mpr_2026_04_p016_c002"": [""Compare crude-oil assumptions or risks in April 2025 and April 2026.""], ""rbi_mpr_2026_04_p017_c001"": [""Compare crude-oil assumptions or risks in April 2025 and April 2026.""], ""rbi_mpr_2026_04_p017_c002"": [""Compare crude-oil assumptions or risks in April 2025 and April 2026.""], ""rbi_mpr_2026_04_p020_c000"": [""Compare crude-oil assumptions or risks in April 2025 and April 2026.""], ""rbi_mpr_2026_04_p021_c000"": [""Compare crude-oil assumptions or risks in April 2025 and April 2026.""], ""rbi_mpr_2026_04_p021_c002"": [""Compare crude-oil assumptions or risks in April 2025 and April 2026.""], ""rbi_mpr_2026_04_p022_c002"": [""Compare crude-oil assumptions or risks in April 2025 and April 2026.""], ""rbi_mpr_2026_04_p022_c003"": [""Compare crude-oil assumptions or risks in April 2025 and April 2026.""], ""rbi_mpr_2026_04_p023_c000"": [""Compare crude-oil assumptions or risks in April 2025 and April 2026.""], ""rbi_mpr_2026_04_p024_c000"": [""Compare crude-oil assumptions or risks in April 2025 and April 2026.""], ""rbi_mpr_2026_04_p025_c001"": [""Compare crude-oil assumptions or risks in April 2025 and April 2026.""], ""rbi_mpr_2026_04_p026_c000"": [""Compare crude-oil assumptions or risks in April 2025 and April 2026.""], ""rbi_mpr_2026_04_p034_c000"": [""Compare crude-oil assumptions or risks in April 2025 and April 2026.""], ""rbi_mpr_2026_04_p046_c000"": [""Compare crude-oil assumptions or risks in April 2025 and April 2026.""], ""rbi_mpr_2026_04_p048_c000"": [""Compare crude-oil assumptions or risks in April 2025 and April 2026.""], ""rbi_mpr_2026_04_p050_c000"": [""Compare crude-oil assumptions or risks in April 2025 and April 2026.""], ""rbi_mpr_2026_04_p056_c000"": [""Compare crude-oil assumptions or risks in April 2025 and April 2026.""], ""rbi_mpr_2026_04_p066_c000"": [""Compare crude-oil assumptions or risks in April 2025 and April 2026.""], ""rbi_mpr_2026_04_p072_c000"": [""Compare crude-oil assumptions or risks in April 2025 and April 2026.""], ""rbi_mpr_2026_04_p076_c000"": [""Compare crude-oil assumptions or risks in April 2025 and April 2026.""], ""rbi_mpr_2026_04_p079_c000"": [""Compare crude-oil assumptions or risks in April 2025 and April 2026.""], ""rbi_mpr_2026_04_p080_c000"": [""Compare crude-oil assumptions or risks in April 2025 and April 2026.""], ""rbi_mpr_2026_04_p081_c004"": [""Compare crude-oil assumptions or risks in April 2025 and April 2026.""], ""rbi_mpr_2026_04_p081_c005"": [""Compare crude-oil assumptions or risks in April 2025 and April 2026.""], ""rbi_mpr_2026_04_p082_c000"": [""Compare crude-oil assumptions or risks in April 2025 and April 2026.""], ""rbi_mpr_2026_04_p083_c000"": [""Compare crude-oil assumptions or risks in April 2025 and April 2026.""], ""rbi_mpr_2026_04_p084_c000"": [""Compare crude-oil assumptions or risks in April 2025 and April 2026.""], ""rbi_mpr_2026_04_p085_c000"": [""Compare crude-oil assumptions or risks in April 2025 and April 2026.""], ""rbi_mpr_2026_04_p085_c002"": [""Compare crude-oil assumptions or risks in April 2025 and April 2026.""], ""rbi_mpr_2026_04_p085_c003"": [""Compare crude-oil assumptions or risks in April 2025 and April 2026.""], ""rbi_mpr_2026_04_p086_c000"": [""Compare crude-oil assumptions or risks in April 2025 and April 2026.""], ""rbi_mpr_2026_04_p086_c003"": [""Compare crude-oil assumptions or risks in April 2025 and April 2026.""], ""rbi_mpr_2026_04_p087_c000"": [""Compare crude-oil assumptions or risks in April 2025 and April 2026.""], ""rbi_mpr_2026_04_p088_c000"": [""Compare crude-oil assumptions or risks in April 2025 and April 2026.""], ""rbi_mpr_2026_04_p088_c001"": [""Compare crude-oil assumptions or risks in April 2025 and April 2026.""], ""rbi_mpr_2026_04_p090_c000"": [""Compare crude-oil assumptions or risks in April 2025 and April 2026.""], ""rbi_mpr_2026_04_p092_c000"": [""Compare crude-oil assumptions or risks in April 2025 and April 2026.""], ""rbi_mpr_2026_04_p094_c000"": [""Compare crude-oil assumptions or risks in April 2025 and April 2026.""], ""rbi_mpr_2026_04_p094_c004"": [""Compare crude-oil assumptions or risks in April 2025 and April 2026.""], ""rbi_mpr_2026_04_p095_c000"": [""Compare crude-oil assumptions or risks in April 2025 and April 2026.""], ""rbi_mpr_2026_04_p095_c001"": [""Compare crude-oil assumptions or risks in April 2025 and April 2026.""], ""rbi_mpr_2026_04_p098_c002"": [""Compare crude-oil assumptions or risks in April 2025 and April 2026.""], ""rbi_mpr_2026_04_p099_c001"": [""Compare crude-oil assumptions or risks in April 2025 and April 2026.""], ""rbi_mpr_2026_04_p099_c002"": [""Compare crude-oil assumptions or risks in April 2025 and April 2026.""], ""rbi_mpr_2026_04_p100_c000"": [""Compare crude-oil assumptions or risks in April 2025 and April 2026.""], ""rbi_mpr_2026_04_p100_c001"": [""Compare crude-oil assumptions or risks in April 2025 and April 2026.""], ""rbi_mpr_2026_04_p100_c002"": [""Compare crude-oil assumptions or risks in April 2025 and April 2026.""], ""rbi_mpr_2026_04_p100_c003"": [""Compare crude-oil assumptions or risks in April 2025 and April 2026.""], ""rbi_mpr_2026_04_p102_c000"": [""Compare crude-oil assumptions or risks in April 2025 and April 2026.""], ""rbi_mpr_2026_04_p103_c003"": [""Compare crude-oil assumptions or risks in April 2025 and April 2026.""], ""rbi_mpr_2026_04_p105_c001"": [""Compare crude-oil assumptions or risks in April 2025 and April 2026.""], ""rbi_mpr_2026_04_p105_c002"": [""Compare crude-oil assumptions or risks in April 2025 and April 2026.""], ""rbi_mpr_2026_04_p105_c003"": [""Compare crude-oil assumptions or risks in April 2025 and April 2026.""], ""rbi_mpr_2026_04_p105_c004"": [""Compare crude-oil assumptions or risks in April 2025 and April 2026.""], ""rbi_mpr_2026_04_p106_c000"": [""Compare crude-oil assumptions or risks in April 2025 and April 2026.""], ""rbi_mpr_2026_04_p106_c001"": [""Compare crude-oil assumptions or risks in April 2025 and April 2026.""], ""rbi_mpr_2026_04_p106_c002"": [""Compare crude-oil assumptions or risks in April 2025 and April 2026.""], ""rbi_mpr_2026_04_p106_c003"": [""Compare crude-oil assumptions or risks in April 2025 and April 2026.""], ""rbi_mpr_2026_04_p108_c000"": [""Compare crude-oil assumptions or risks in April 2025 and April 2026.""], ""rbi_mpr_2026_04_p108_c002"": [""Compare crude-oil assumptions or risks in April 2025 and April 2026.""], ""rbi_mpr_2026_04_p109_c000"": [""Compare crude-oil assumptions or risks in April 2025 and April 2026.""], ""rbi_mpr_2026_04_p109_c004"": [""Compare crude-oil assumptions or risks in April 2025 and April 2026.""], ""rbi_mpr_2026_04_p110_c000"": [""Compare crude-oil assumptions or risks in April 2025 and April 2026.""], ""rbi_mpr_2026_04_p111_c001"": [""Compare crude-oil assumptions or risks in April 2025 and April 2026.""], ""rbi_mpr_2026_04_p112_c000"": [""Compare crude-oil assumptions or risks in April 2025 and April 2026.""], ""rbi_mpr_2026_04_p112_c001"": [""Compare crude-oil assumptions or risks in April 2025 and April 2026.""], ""rbi_mpr_2026_04_p112_c002"": [""Compare crude-oil assumptions or risks in April 2025 and April 2026.""], ""rbi_mpr_2026_04_p112_c003"": [""Compare crude-oil assumptions or risks in April 2025 and April 2026.""], ""rbi_mpr_2026_04_p113_c000"": [""Compare crude-oil assumptions or risks in April 2025 and April 2026.""], ""rbi_mpr_2026_04_p113_c001"": [""Compare crude-oil assumptions or risks in April 2025 and April 2026.""], ""rbi_mpr_2026_04_p113_c002"": [""Compare crude-oil assumptions or risks in April 2025 and April 2026.""], ""rbi_mpr_2026_04_p113_c003"": [""Compare crude-oil assumptions or risks in April 2025 and April 2026.""], ""rbi_mpr_2026_04_p114_c000"": [""Compare crude-oil assumptions or risks in April 2025 and April 2026.""], ""rbi_mpr_2026_04_p114_c001"": [""Compare crude-oil assumptions or risks in April 2025 and April 2026.""], ""rbi_mpr_2026_04_p114_c002"": [""Compare crude-oil assumptions or risks in April 2025 and April 2026.""], ""rbi_mpr_2026_04_p115_c004"": [""Compare crude-oil assumptions or risks in April 2025 and April 2026.""]}, ""candidate_source_retriever"": {""rbi_mpr_2025_04_p011_c000"": [""dense""], ""rbi_mpr_2025_04_p011_c002"": [""dense""], ""rbi_mpr_2025_04_p011_c003"": [""dense""], ""rbi_mpr_2025_04_p012_c001"": [""dense""], ""rbi_mpr_2025_04_p012_c002"": [""dense""], ""rbi_mpr_2025_04_p013_c004"": [""dense""], ""rbi_mpr_2025_04_p014_c000"": [""bm25"", ""dense""], ""rbi_mpr_2025_04_p014_c001"": [""bm25"", ""dense""], ""rbi_mpr_2025_04_p014_c002"": [""dense""], ""rbi_mpr_2025_04_p014_c003"": [""dense""], ""rbi_mpr_2025_04_p014_c004"": [""dense""], ""rbi_mpr_2025_04_p015_c000"": [""dense""], ""rbi_mpr_2025_04_p015_c001"": [""bm25"", ""dense""], ""rbi_mpr_2025_04_p015_c002"": [""dense""], ""rbi_mpr_2025_04_p016_c000"": [""bm25""], ""rbi_mpr_2025_04_p016_c002"": [""dense""], ""rbi_mpr_2025_04_p017_c002"": [""dense""], ""rbi_mpr_2025_04_p018_c000"": [""bm25""], ""rbi_mpr_2025_04_p018_c001"": [""bm25"", ""dense""], ""rbi_mpr_2025_04_p018_c004"": [""dense""], ""rbi_mpr_2025_04_p019_c000"": [""dense""], ""rbi_mpr_2025_04_p019_c001"": [""dense""], ""rbi_mpr_2025_04_p019_c002"": [""dense""], ""rbi_mpr_2025_04_p019_c003"": [""bm25""], ""rbi_mpr_2025_04_p020_c000"": [""bm25""], ""rbi_mpr_2025_04_p021_c000"": [""bm25"", ""dense""], ""rbi_mpr_2025_04_p021_c001"": [""bm25"", ""dense""], ""rbi_mpr_2025_04_p021_c003"": [""bm25""], ""rbi_mpr_2025_04_p022_c000"": [""dense""], ""rbi_mpr_2025_04_p022_c001"": [""dense""], ""rbi_mpr_2025_04_p022_c002"": [""dense""], ""rbi_mpr_2025_04_p022_c003"": [""dense""], ""rbi_mpr_2025_04_p023_c002"": [""dense""], ""rbi_mpr_2025_04_p023_c003"": [""dense""], ""rbi_mpr_2025_04_p024_c000"": [""bm25""], ""rbi_mpr_2025_04_p025_c003"": [""dense""], ""rbi_mpr_2025_04_p028_c000"": [""bm25""], ""rbi_mpr_2025_04_p028_c001"": [""bm25""], ""rbi_mpr_2025_04_p029_c002"": [""bm25""], ""rbi_mpr_2025_04_p029_c003"": [""bm25""], ""rbi_mpr_2025_04_p030_c000"": [""bm25""], ""rbi_mpr_2025_04_p032_c000"": [""bm25""], ""rbi_mpr_2025_04_p034_c000"": [""bm25""], ""rbi_mpr_2025_04_p035_c000"": [""bm25""], ""rbi_mpr_2025_04_p036_c000"": [""bm25"", ""dense""], ""rbi_mpr_2025_04_p036_c001"": [""dense""], ""rbi_mpr_2025_04_p036_c002"": [""bm25""], ""rbi_mpr_2025_04_p036_c003"": [""dense""], ""rbi_mpr_2025_04_p037_c000"": [""dense""], ""rbi_mpr_2025_04_p038_c000"": [""bm25""], ""rbi_mpr_2025_04_p039_c003"": [""dense""], ""rbi_mpr_2025_04_p040_c000"": [""bm25""], ""rbi_mpr_2025_04_p044_c000"": [""bm25""], ""rbi_mpr_2025_04_p046_c000"": [""bm25""], ""rbi_mpr_2025_04_p047_c000"": [""bm25""], ""rbi_mpr_2025_04_p048_c000"": [""bm25""], ""rbi_mpr_2025_04_p056_c000"": [""bm25""], ""rbi_mpr_2025_04_p058_c000"": [""bm25""], ""rbi_mpr_2025_04_p066_c000"": [""bm25""], ""rbi_mpr_2025_04_p068_c000"": [""bm25""], ""rbi_mpr_2025_04_p068_c001"": [""bm25""], ""rbi_mpr_2025_04_p069_c004"": [""bm25""], ""rbi_mpr_2025_04_p069_c005"": [""bm25""], ""rbi_mpr_2025_04_p070_c000"": [""bm25""], ""rbi_mpr_2025_04_p074_c000"": [""bm25""], ""rbi_mpr_2025_04_p078_c000"": [""bm25""], ""rbi_mpr_2025_04_p078_c003"": [""dense""], ""rbi_mpr_2025_04_p086_c000"": [""dense""], ""rbi_mpr_2025_04_p090_c001"": [""bm25""], ""rbi_mpr_2025_04_p092_c000"": [""bm25""], ""rbi_mpr_2025_04_p098_c000"": [""bm25""], ""rbi_mpr_2025_04_p099_c002"": [""bm25""], ""rbi_mpr_2025_04_p101_c002"": [""bm25""], ""rbi_mpr_2025_04_p101_c003"": [""dense""], ""rbi_mpr_2025_04_p103_c000"": [""dense""], ""rbi_mpr_2025_04_p103_c001"": [""dense""], ""rbi_mpr_2025_04_p103_c002"": [""dense""], ""rbi_mpr_2025_04_p104_c000"": [""bm25"", ""dense""], ""rbi_mpr_2025_04_p104_c002"": [""dense""], ""rbi_mpr_2025_04_p104_c003"": [""bm25"", ""dense""], ""rbi_mpr_2025_04_p106_c000"": [""bm25""], ""rbi_mpr_2025_04_p110_c000"": [""bm25"", ""dense""], ""rbi_mpr_2025_04_p110_c001"": [""bm25"", ""dense""], ""rbi_mpr_2025_04_p110_c002"": [""bm25"", ""dense""], ""rbi_mpr_2025_04_p110_c003"": [""dense""], ""rbi_mpr_2025_04_p112_c000"": [""bm25"", ""dense""], ""rbi_mpr_2025_04_p114_c001"": [""dense""], ""rbi_mpr_2026_04_p005_c003"": [""bm25"", ""dense""], ""rbi_mpr_2026_04_p005_c004"": [""bm25"", ""dense""], ""rbi_mpr_2026_04_p005_c005"": [""dense""], ""rbi_mpr_2026_04_p013_c003"": [""dense""], ""rbi_mpr_2026_04_p013_c004"": [""dense""], ""rbi_mpr_2026_04_p014_c004"": [""bm25""], ""rbi_mpr_2026_04_p016_c000"": [""dense""], ""rbi_mpr_2026_04_p016_c001"": [""dense""], ""rbi_mpr_2026_04_p016_c002"": [""dense""], ""rbi_mpr_2026_04_p017_c001"": [""dense""], ""rbi_mpr_2026_04_p017_c002"": [""dense""], ""rbi_mpr_2026_04_p020_c000"": [""bm25""], ""rbi_mpr_2026_04_p021_c000"": [""bm25"", ""dense""], ""rbi_mpr_2026_04_p021_c002"": [""bm25""], ""rbi_mpr_2026_04_p022_c002"": [""dense""], ""rbi_mpr_2026_04_p022_c003"": [""dense""], ""rbi_mpr_2026_04_p023_c000"": [""bm25""], ""rbi_mpr_2026_04_p024_c000"": [""bm25""], ""rbi_mpr_2026_04_p025_c001"": [""dense""], ""rbi_mpr_2026_04_p026_c000"": [""bm25""], ""rbi_mpr_2026_04_p034_c000"": [""bm25"", ""dense""], ""rbi_mpr_2026_04_p046_c000"": [""bm25""], ""rbi_mpr_2026_04_p048_c000"": [""bm25""], ""rbi_mpr_2026_04_p050_c000"": [""bm25""], ""rbi_mpr_2026_04_p056_c000"": [""bm25""], ""rbi_mpr_2026_04_p066_c000"": [""bm25""], ""rbi_mpr_2026_04_p072_c000"": [""bm25""], ""rbi_mpr_2026_04_p076_c000"": [""bm25""], ""rbi_mpr_2026_04_p079_c000"": [""bm25""], ""rbi_mpr_2026_04_p080_c000"": [""bm25""], ""rbi_mpr_2026_04_p081_c004"": [""bm25""], ""rbi_mpr_2026_04_p081_c005"": [""bm25""], ""rbi_mpr_2026_04_p082_c000"": [""bm25""], ""rbi_mpr_2026_04_p083_c000"": [""bm25""], ""rbi_mpr_2026_04_p084_c000"": [""bm25""], ""rbi_mpr_2026_04_p085_c000"": [""bm25""], ""rbi_mpr_2026_04_p085_c002"": [""bm25""], ""rbi_mpr_2026_04_p085_c003"": [""bm25""], ""rbi_mpr_2026_04_p086_c000"": [""bm25"", ""dense""], ""rbi_mpr_2026_04_p086_c003"": [""dense""], ""rbi_mpr_2026_04_p087_c000"": [""bm25""], ""rbi_mpr_2026_04_p088_c000"": [""dense""], ""rbi_mpr_2026_04_p088_c001"": [""dense""], ""rbi_mpr_2026_04_p090_c000"": [""bm25""], ""rbi_mpr_2026_04_p092_c000"": [""bm25""], ""rbi_mpr_2026_04_p094_c000"": [""bm25""], ""rbi_mpr_2026_04_p094_c004"": [""dense""], ""rbi_mpr_2026_04_p095_c000"": [""dense""], ""rbi_mpr_2026_04_p095_c001"": [""dense""], ""rbi_mpr_2026_04_p098_c002"": [""bm25""], ""rbi_mpr_2026_04_p099_c001"": [""dense""], ""rbi_mpr_2026_04_p099_c002"": [""dense""], ""rbi_mpr_2026_04_p100_c000"": [""bm25""], ""rbi_mpr_2026_04_p100_c001"": [""bm25"", ""dense""], ""rbi_mpr_2026_04_p100_c002"": [""bm25"", ""dense""], ""rbi_mpr_2026_04_p100_c003"": [""dense""], ""rbi_mpr_2026_04_p102_c000"": [""bm25""], ""rbi_mpr_2026_04_p103_c003"": [""bm25""], ""rbi_mpr_2026_04_p105_c001"": [""bm25"", ""dense""], ""rbi_mpr_2026_04_p105_c002"": [""dense""], ""rbi_mpr_2026_04_p105_c003"": [""bm25"", ""dense""], ""rbi_mpr_2026_04_p105_c004"": [""dense""], ""rbi_mpr_2026_04_p106_c000"": [""bm25""], ""rbi_mpr_2026_04_p106_c001"": [""dense""], ""rbi_mpr_2026_04_p106_c002"": [""bm25"", ""dense""], ""rbi_mpr_2026_04_p106_c003"": [""dense""], ""rbi_mpr_2026_04_p108_c000"": [""bm25""], ""rbi_mpr_2026_04_p108_c002"": [""bm25""], ""rbi_mpr_2026_04_p109_c000"": [""dense""], ""rbi_mpr_2026_04_p109_c004"": [""dense""], ""rbi_mpr_2026_04_p110_c000"": [""bm25"", ""dense""], ""rbi_mpr_2026_04_p111_c001"": [""bm25"", ""dense""], ""rbi_mpr_2026_04_p112_c000"": [""bm25"", ""dense""], ""rbi_mpr_2026_04_p112_c001"": [""bm25"", ""dense""], ""rbi_mpr_2026_04_p112_c002"": [""dense""], ""rbi_mpr_2026_04_p112_c003"": [""bm25"", ""dense""], ""rbi_mpr_2026_04_p113_c000"": [""dense""], ""rbi_mpr_2026_04_p113_c001"": [""dense""], ""rbi_mpr_2026_04_p113_c002"": [""dense""], ""rbi_mpr_2026_04_p113_c003"": [""dense""], ""rbi_mpr_2026_04_p114_c000"": [""bm25"", ""dense""], ""rbi_mpr_2026_04_p114_c001"": [""dense""], ""rbi_mpr_2026_04_p114_c002"": [""dense""], ""rbi_mpr_2026_04_p115_c004"": [""dense""]}, ""candidate_union_ids"": [""rbi_mpr_2025_04_p022_c000"", ""rbi_mpr_2025_04_p014_c000"", ""rbi_mpr_2025_04_p014_c003"", ""rbi_mpr_2025_04_p011_c003"", ""rbi_mpr_2025_04_p014_c004"", ""rbi_mpr_2025_04_p022_c001"", ""rbi_mpr_2025_04_p014_c001"", ""rbi_mpr_2025_04_p023_c003"", ""rbi_mpr_2025_04_p104_c003"", ""rbi_mpr_2025_04_p014_c002"", ""rbi_mpr_2025_04_p022_c003"", ""rbi_mpr_2025_04_p036_c000"", ""rbi_mpr_2025_04_p017_c002"", ""rbi_mpr_2025_04_p022_c002"", ""rbi_mpr_2025_04_p021_c000"", ""rbi_mpr_2025_04_p015_c000"", ""rbi_mpr_2025_04_p019_c000"", ""rbi_mpr_2025_04_p021_c001"", ""rbi_mpr_2025_04_p104_c000"", ""rbi_mpr_2025_04_p015_c001"", ""rbi_mpr_2025_04_p110_c002"", ""rbi_mpr_2025_04_p013_c004"", ""rbi_mpr_2025_04_p078_c003"", ""rbi_mpr_2025_04_p110_c001"", ""rbi_mpr_2025_04_p103_c002"", ""rbi_mpr_2025_04_p114_c001"", ""rbi_mpr_2025_04_p019_c001"", ""rbi_mpr_2025_04_p011_c000"", ""rbi_mpr_2025_04_p016_c002"", ""rbi_mpr_2025_04_p110_c000"", ""rbi_mpr_2025_04_p015_c002"", ""rbi_mpr_2025_04_p018_c001"", ""rbi_mpr_2025_04_p011_c002"", ""rbi_mpr_2025_04_p012_c001"", ""rbi_mpr_2025_04_p110_c003"", ""rbi_mpr_2025_04_p036_c001"", ""rbi_mpr_2025_04_p018_c004"", ""rbi_mpr_2025_04_p039_c003"", ""rbi_mpr_2025_04_p104_c002"", ""rbi_mpr_2025_04_p112_c000"", ""rbi_mpr_2025_04_p103_c001"", ""rbi_mpr_2025_04_p086_c000"", ""rbi_mpr_2025_04_p023_c002"", ""rbi_mpr_2025_04_p012_c002"", ""rbi_mpr_2025_04_p037_c000"", ""rbi_mpr_2025_04_p036_c003"", ""rbi_mpr_2025_04_p025_c003"", ""rbi_mpr_2025_04_p101_c003"", ""rbi_mpr_2025_04_p103_c000"", ""rbi_mpr_2025_04_p019_c002"", ""rbi_mpr_2025_04_p018_c000"", ""rbi_mpr_2025_04_p020_c000"", ""rbi_mpr_2025_04_p028_c000"", ""rbi_mpr_2025_04_p068_c001"", ""rbi_mpr_2025_04_p068_c000"", ""rbi_mpr_2025_04_p099_c002"", ""rbi_mpr_2025_04_p029_c002"", ""rbi_mpr_2025_04_p092_c000"", ""rbi_mpr_2025_04_p069_c004"", ""rbi_mpr_2025_04_p021_c003"", ""rbi_mpr_2025_04_p040_c000"", ""rbi_mpr_2025_04_p038_c000"", ""rbi_mpr_2025_04_p024_c000"", ""rbi_mpr_2025_04_p028_c001"", ""rbi_mpr_2025_04_p035_c000"", ""rbi_mpr_2025_04_p032_c000"", ""rbi_mpr_2025_04_p066_c000"", ""rbi_mpr_2025_04_p048_c000"", ""rbi_mpr_2025_04_p069_c005"", ""rbi_mpr_2025_04_p070_c000"", ""rbi_mpr_2025_04_p044_c000"", ""rbi_mpr_2025_04_p029_c003"", ""rbi_mpr_2025_04_p098_c000"", ""rbi_mpr_2025_04_p101_c002"", ""rbi_mpr_2025_04_p016_c000"", ""rbi_mpr_2025_04_p046_c000"", ""rbi_mpr_2025_04_p036_c002"", ""rbi_mpr_2025_04_p019_c003"", ""rbi_mpr_2025_04_p034_c000"", ""rbi_mpr_2025_04_p030_c000"", ""rbi_mpr_2025_04_p106_c000"", ""rbi_mpr_2025_04_p078_c000"", ""rbi_mpr_2025_04_p074_c000"", ""rbi_mpr_2025_04_p090_c001"", ""rbi_mpr_2025_04_p047_c000"", ""rbi_mpr_2025_04_p056_c000"", ""rbi_mpr_2025_04_p058_c000""], ""candidate_union_pages"": [22, 14, 14, 11, 14, 22, 14, 23, 104, 14, 22, 36, 17, 22, 21, 15, 19, 21, 104, 15, 110, 13, 78, 110, 103, 114, 19, 11, 16, 110, 15, 18, 11, 12, 110, 36, 18, 39, 104, 112, 103, 86, 23, 12, 37, 36, 25, 101, 103, 19, 18, 20, 28, 68, 68, 99, 29, 92, 69, 21, 40, 38, 24, 28, 35, 32, 66, 48, 69, 70, 44, 29, 98, 101, 16, 46, 36, 19, 34, 30, 106, 78, 74, 90, 47, 56, 58], ""dense_candidate_ids"": [""rbi_mpr_2025_04_p022_c000"", ""rbi_mpr_2025_04_p014_c000"", ""rbi_mpr_2025_04_p014_c003"", ""rbi_mpr_2025_04_p011_c003"", ""rbi_mpr_2025_04_p014_c004"", ""rbi_mpr_2025_04_p022_c001"", ""rbi_mpr_2025_04_p014_c001"", ""rbi_mpr_2025_04_p023_c003"", ""rbi_mpr_2025_04_p104_c003"", ""rbi_mpr_2025_04_p014_c002"", ""rbi_mpr_2025_04_p022_c003"", ""rbi_mpr_2025_04_p036_c000"", ""rbi_mpr_2025_04_p017_c002"", ""rbi_mpr_2025_04_p022_c002"", ""rbi_mpr_2025_04_p021_c000"", ""rbi_mpr_2025_04_p015_c000"", ""rbi_mpr_2025_04_p019_c000"", ""rbi_mpr_2025_04_p021_c001"", ""rbi_mpr_2025_04_p104_c000"", ""rbi_mpr_2025_04_p015_c001"", ""rbi_mpr_2025_04_p110_c002"", ""rbi_mpr_2025_04_p013_c004"", ""rbi_mpr_2025_04_p078_c003"", ""rbi_mpr_2025_04_p110_c001"", ""rbi_mpr_2025_04_p103_c002"", ""rbi_mpr_2025_04_p114_c001"", ""rbi_mpr_2025_04_p019_c001"", ""rbi_mpr_2025_04_p011_c000"", ""rbi_mpr_2025_04_p016_c002"", ""rbi_mpr_2025_04_p110_c000"", ""rbi_mpr_2025_04_p015_c002"", ""rbi_mpr_2025_04_p018_c001"", ""rbi_mpr_2025_04_p011_c002"", ""rbi_mpr_2025_04_p012_c001"", ""rbi_mpr_2025_04_p110_c003"", ""rbi_mpr_2025_04_p036_c001"", ""rbi_mpr_2025_04_p018_c004"", ""rbi_mpr_2025_04_p039_c003"", ""rbi_mpr_2025_04_p104_c002"", ""rbi_mpr_2025_04_p112_c000"", ""rbi_mpr_2025_04_p103_c001"", ""rbi_mpr_2025_04_p086_c000"", ""rbi_mpr_2025_04_p023_c002"", ""rbi_mpr_2025_04_p012_c002"", ""rbi_mpr_2025_04_p037_c000"", ""rbi_mpr_2025_04_p036_c003"", ""rbi_mpr_2025_04_p025_c003"", ""rbi_mpr_2025_04_p101_c003"", ""rbi_mpr_2025_04_p103_c000"", ""rbi_mpr_2025_04_p019_c002""], ""dense_candidate_pages"": [22, 14, 14, 11, 14, 22, 14, 23, 104, 14, 22, 36, 17, 22, 21, 15, 19, 21, 104, 15, 110, 13, 78, 110, 103, 114, 19, 11, 16, 110, 15, 18, 11, 12, 110, 36, 18, 39, 104, 112, 103, 86, 23, 12, 37, 36, 25, 101, 103, 19], ""dense_candidate_scores"": [0.43031647442480037, 0.39111008509396594, 0.35919880947818505, 0.3588012804030303, 0.33038895185692685, 0.32501122472117927, 0.28596874448420373, 0.2728732971833838, 0.26651106181327033, 0.2629055675105574, 0.25328007024763943, 0.228715285355247, 0.21574611001256572, 0.21122097147534502, 0.19669455437388328, 0.1928679577038822, 0.18906445750686507, 0.17960957068671923, 0.17731956381972824, 0.17363550779139103, 0.16171014129893058, 0.1590353337050352, 0.15794305597902691, 0.15630000323667814, 0.14088243317030213, 0.1368601908295134, 0.1302414497393627, 0.1288562514162036, 0.12515997280179814, 0.11867736603233758, 0.11780728649167871, 0.11250049250197502, 0.10613606549573895, 0.10344052165237616, 0.10183615971696047, 0.0999806868581169, 0.09872782963928206, 0.09708814864481419, 0.0964556087423627, 0.09491379273013723, 0.09066286158932846, 0.08917929252174495, 0.0870859428499059, 0.08630167429281521, 0.08536163098362815, 0.08370660853630241, 0.08249362223615886, 0.07856022545203123, 0.07758224997918439, 0.07669573316760625], ""dense_first_evidence_rank"": 2, ""evidence_rank_after_reranking"": 1, ""evidence_rank_before_reranking"": 4, ""expected_evidence"": [""US$ 70 per barrel during 2025-26""], ""loss_stage"": ""evidence_found"", ""report_id"": ""rbi_mpr_2025_04"", ""reranker_input_ids"": [""rbi_mpr_2025_04_p021_c000"", ""rbi_mpr_2025_04_p104_c003"", ""rbi_mpr_2025_04_p021_c001"", ""rbi_mpr_2025_04_p014_c000"", ""rbi_mpr_2025_04_p015_c001"", ""rbi_mpr_2025_04_p110_c000"", ""rbi_mpr_2025_04_p110_c002"", ""rbi_mpr_2025_04_p014_c001"", ""rbi_mpr_2025_04_p018_c001"", ""rbi_mpr_2025_04_p036_c000"", ""rbi_mpr_2025_04_p110_c001"", ""rbi_mpr_2025_04_p104_c000"", ""rbi_mpr_2025_04_p112_c000"", ""rbi_mpr_2025_04_p022_c000"", ""rbi_mpr_2025_04_p018_c000"", ""rbi_mpr_2025_04_p014_c003"", ""rbi_mpr_2025_04_p020_c000"", ""rbi_mpr_2025_04_p011_c003"", ""rbi_mpr_2025_04_p014_c004"", ""rbi_mpr_2025_04_p028_c000"", ""rbi_mpr_2025_04_p022_c001"", ""rbi_mpr_2025_04_p023_c003"", ""rbi_mpr_2025_04_p068_c001"", ""rbi_mpr_2025_04_p014_c002"", ""rbi_mpr_2025_04_p068_c000"", ""rbi_mpr_2025_04_p022_c003"", ""rbi_mpr_2025_04_p099_c002"", ""rbi_mpr_2025_04_p029_c002"", ""rbi_mpr_2025_04_p017_c002"", ""rbi_mpr_2025_04_p022_c002""], ""reranker_input_pages"": [21, 104, 21, 14, 15, 110, 110, 14, 18, 36, 110, 104, 112, 22, 18, 14, 20, 11, 14, 28, 22, 23, 68, 14, 68, 22, 99, 29, 17, 22], ""reranker_input_ranks"": [1, 2, 3, 4, 5, 6, 7, 8, 9, 10, 11, 12, 13, 14, 15, 16, 17, 18, 19, 20, 21, 22, 23, 24, 25, 26, 27, 28, 29, 30], ""reranker_output_ids"": [""rbi_mpr_2025_04_p014_c000"", ""rbi_mpr_2025_04_p022_c000"", ""rbi_mpr_2025_04_p020_c000"", ""rbi_mpr_2025_04_p014_c001"", ""rbi_mpr_2025_04_p018_c000"", ""rbi_mpr_2025_04_p036_c000"", ""rbi_mpr_2025_04_p104_c000"", ""rbi_mpr_2025_04_p099_c002"", ""rbi_mpr_2025_04_p112_c000"", ""rbi_mpr_2025_04_p011_c003"", ""rbi_mpr_2025_04_p110_c000"", ""rbi_mpr_2025_04_p018_c001"", ""rbi_mpr_2025_04_p023_c003"", ""rbi_mpr_2025_04_p022_c002"", ""rbi_mpr_2025_04_p068_c001"", ""rbi_mpr_2025_04_p028_c000"", ""rbi_mpr_2025_04_p022_c003"", ""rbi_mpr_2025_04_p015_c001"", ""rbi_mpr_2025_04_p068_c000"", ""rbi_mpr_2025_04_p021_c001"", ""rbi_mpr_2025_04_p014_c002"", ""rbi_mpr_2025_04_p014_c003"", ""rbi_mpr_2025_04_p017_c002"", ""rbi_mpr_2025_04_p022_c001"", ""rbi_mpr_2025_04_p110_c001"", ""rbi_mpr_2025_04_p014_c004"", ""rbi_mpr_2025_04_p110_c002"", ""rbi_mpr_2025_04_p104_c003"", ""rbi_mpr_2025_04_p021_c000"", ""rbi_mpr_2025_04_p029_c002""], ""reranker_output_pages"": [14, 22, 20, 14, 18, 36, 104, 99, 112, 11, 110, 18, 23, 22, 68, 28, 22, 15, 68, 21, 14, 14, 17, 22, 110, 14, 110, 104, 21, 29], ""reranker_scores"": [5.512274742126465, 4.982400894165039, 4.659039497375488, 4.59603214263916, 3.6616573333740234, 3.0849037170410156, 2.5450387001037598, 2.015416383743286, 1.8867509365081787, 1.7600219249725342, 1.4491090774536133, 0.32516002655029297, 0.16896888613700867, 0.1281638741493225, 0.1106017529964447, -0.3906342387199402, -0.3918852210044861, -0.4901556372642517, -0.5189195871353149, -0.6783307790756226, -0.7034333944320679, -0.9406797885894775, -1.9322527647018433, -2.1192116737365723, -2.592681884765625, -3.202402353286743, -4.310394287109375, -4.426630973815918, -5.145747184753418, -6.094306468963623], ""rrf_candidate_ids"": [""rbi_mpr_2025_04_p021_c000"", ""rbi_mpr_2025_04_p104_c003"", ""rbi_mpr_2025_04_p021_c001"", ""rbi_mpr_2025_04_p014_c000"", ""rbi_mpr_2025_04_p015_c001"", ""rbi_mpr_2025_04_p110_c000"", ""rbi_mpr_2025_04_p110_c002"", ""rbi_mpr_2025_04_p014_c001"", ""rbi_mpr_2025_04_p018_c001"", ""rbi_mpr_2025_04_p036_c000"", ""rbi_mpr_2025_04_p110_c001"", ""rbi_mpr_2025_04_p104_c000"", ""rbi_mpr_2025_04_p112_c000"", ""rbi_mpr_2025_04_p022_c000"", ""rbi_mpr_2025_04_p018_c000"", ""rbi_mpr_2025_04_p014_c003"", ""rbi_mpr_2025_04_p020_c000"", ""rbi_mpr_2025_04_p011_c003"", ""rbi_mpr_2025_04_p014_c004"", ""rbi_mpr_2025_04_p028_c000"", ""rbi_mpr_2025_04_p022_c001"", ""rbi_mpr_2025_04_p023_c003"", ""rbi_mpr_2025_04_p068_c001"", ""rbi_mpr_2025_04_p014_c002"", ""rbi_mpr_2025_04_p068_c000"", ""rbi_mpr_2025_04_p022_c003"", ""rbi_mpr_2025_04_p099_c002"", ""rbi_mpr_2025_04_p029_c002"", ""rbi_mpr_2025_04_p017_c002"", ""rbi_mpr_2025_04_p022_c002""], ""rrf_candidate_pages"": [21, 104, 21, 14, 15, 110, 110, 14, 18, 36, 110, 104, 112, 22, 18, 14, 20, 11, 14, 28, 22, 23, 68, 14, 68, 22, 99, 29, 17, 22], ""rrf_first_evidence_rank"": 4, ""rrf_scores"": [0.029726775956284153, 0.02964426877470356, 0.02844551282051282, 0.0277569392348087, 0.026992753623188405, 0.02603648424543947, 0.0251661918328585, 0.024634110998406025, 0.024568195354377605, 0.024305555555555552, 0.024099883855981417, 0.023527793065492568, 0.020526315789473684, 0.01639344262295082, 0.016129032258064516, 0.015873015873015872, 0.015873015873015872, 0.015625, 0.015384615384615385, 0.015384615384615385, 0.015151515151515152, 0.014705882352941176, 0.014705882352941176, 0.014285714285714285, 0.014285714285714285, 0.014084507042253521, 0.014084507042253521, 0.013888888888888888, 0.0136986301369863, 0.013513513513513514], ""selected_chunk_ids_after_dedup"": [""rbi_mpr_2025_04_p014_c000"", ""rbi_mpr_2025_04_p022_c000"", ""rbi_mpr_2025_04_p020_c000""], ""selected_chunk_ids_before_dedup"": [""rbi_mpr_2025_04_p014_c000"", ""rbi_mpr_2025_04_p022_c000"", ""rbi_mpr_2025_04_p020_c000""], ""selected_pages"": [14, 22, 20]}, ""rbi_mpr_2026_04"": {""accepted_evidence_found"": false, ""accepted_pages"": [5], ""bm25_candidate_ids"": [""rbi_mpr_2026_04_p112_c000"", ""rbi_mpr_2026_04_p087_c000"", ""rbi_mpr_2026_04_p023_c000"", ""rbi_mpr_2026_04_p105_c003"", ""rbi_mpr_2026_04_p086_c000"", ""rbi_mpr_2026_04_p112_c001"", ""rbi_mpr_2026_04_p046_c000"", ""rbi_mpr_2026_04_p110_c000"", ""rbi_mpr_2026_04_p072_c000"", ""rbi_mpr_2026_04_p085_c003"", ""rbi_mpr_2026_04_p050_c000"", ""rbi_mpr_2026_04_p020_c000"", ""rbi_mpr_2026_04_p100_c002"", ""rbi_mpr_2026_04_p114_c000"", ""rbi_mpr_2026_04_p005_c003"", ""rbi_mpr_2026_04_p108_c002"", ""rbi_mpr_2026_04_p105_c001"", ""rbi_mpr_2026_04_p106_c002"", ""rbi_mpr_2026_04_p102_c000"", ""rbi_mpr_2026_04_p024_c000"", ""rbi_mpr_2026_04_p111_c001"", ""rbi_mpr_2026_04_p084_c000"", ""rbi_mpr_2026_04_p056_c000"", ""rbi_mpr_2026_04_p090_c000"", ""rbi_mpr_2026_04_p080_c000"", ""rbi_mpr_2026_04_p100_c001"", ""rbi_mpr_2026_04_p082_c000"", ""rbi_mpr_2026_04_p106_c000"", ""rbi_mpr_2026_04_p100_c000"", ""rbi_mpr_2026_04_p081_c005"", ""rbi_mpr_2026_04_p014_c004"", ""rbi_mpr_2026_04_p092_c000"", ""rbi_mpr_2026_04_p098_c002"", ""rbi_mpr_2026_04_p005_c004"", ""rbi_mpr_2026_04_p083_c000"", ""rbi_mpr_2026_04_p085_c000"", ""rbi_mpr_2026_04_p094_c000"", ""rbi_mpr_2026_04_p048_c000"", ""rbi_mpr_2026_04_p103_c003"", ""rbi_mpr_2026_04_p076_c000"", ""rbi_mpr_2026_04_p085_c002"", ""rbi_mpr_2026_04_p021_c000"", ""rbi_mpr_2026_04_p079_c000"", ""rbi_mpr_2026_04_p081_c004"", ""rbi_mpr_2026_04_p112_c003"", ""rbi_mpr_2026_04_p021_c002"", ""rbi_mpr_2026_04_p026_c000"", ""rbi_mpr_2026_04_p066_c000"", ""rbi_mpr_2026_04_p034_c000"", ""rbi_mpr_2026_04_p108_c000""], ""bm25_candidate_pages"": [112, 87, 23, 105, 86, 112, 46, 110, 72, 85, 50, 20, 100, 114, 5, 108, 105, 106, 102, 24, 111, 84, 56, 90, 80, 100, 82, 106, 100, 81, 14, 92, 98, 5, 83, 85, 94, 48, 103, 76, 85, 21, 79, 81, 112, 21, 26, 66, 34, 108], ""bm25_candidate_scores"": [null, null, null, null, null, null, null, null, null, null, null, null, null, null, null, null, null, null, null, null, null, null, null, null, null, null, null, null, null, null, null, null, null, null, null, null, null, null, null, null, null, null, null, null, null, null, null, null, null, null], ""bm25_first_evidence_rank"": 15, ""candidate_source_expansion"": {""rbi_mpr_2025_04_p011_c000"": [], ""rbi_mpr_2025_04_p011_c002"": [], ""rbi_mpr_2025_04_p011_c003"": [], ""rbi_mpr_2025_04_p012_c001"": [], ""rbi_mpr_2025_04_p012_c002"": [], ""rbi_mpr_2025_04_p013_c004"": [], ""rbi_mpr_2025_04_p014_c000"": [], ""rbi_mpr_2025_04_p014_c001"": [], ""rbi_mpr_2025_04_p014_c002"": [], ""rbi_mpr_2025_04_p014_c003"": [], ""rbi_mpr_2025_04_p014_c004"": [], ""rbi_mpr_2025_04_p015_c000"": [], ""rbi_mpr_2025_04_p015_c001"": [], ""rbi_mpr_2025_04_p015_c002"": [], ""rbi_mpr_2025_04_p016_c000"": [], ""rbi_mpr_2025_04_p016_c002"": [], ""rbi_mpr_2025_04_p017_c002"": [], ""rbi_mpr_2025_04_p018_c000"": [], ""rbi_mpr_2025_04_p018_c001"": [], ""rbi_mpr_2025_04_p018_c004"": [], ""rbi_mpr_2025_04_p019_c000"": [], ""rbi_mpr_2025_04_p019_c001"": [], ""rbi_mpr_2025_04_p019_c002"": [], ""rbi_mpr_2025_04_p019_c003"": [], ""rbi_mpr_2025_04_p020_c000"": [], ""rbi_mpr_2025_04_p021_c000"": [], ""rbi_mpr_2025_04_p021_c001"": [], ""rbi_mpr_2025_04_p021_c003"": [], ""rbi_mpr_2025_04_p022_c000"": [], ""rbi_mpr_2025_04_p022_c001"": [], ""rbi_mpr_2025_04_p022_c002"": [], ""rbi_mpr_2025_04_p022_c003"": [], ""rbi_mpr_2025_04_p023_c002"": [], ""rbi_mpr_2025_04_p023_c003"": [], ""rbi_mpr_2025_04_p024_c000"": [], ""rbi_mpr_2025_04_p025_c003"": [], ""rbi_mpr_2025_04_p028_c000"": [], ""rbi_mpr_2025_04_p028_c001"": [], ""rbi_mpr_2025_04_p029_c002"": [], ""rbi_mpr_2025_04_p029_c003"": [], ""rbi_mpr_2025_04_p030_c000"": [], ""rbi_mpr_2025_04_p032_c000"": [], ""rbi_mpr_2025_04_p034_c000"": [], ""rbi_mpr_2025_04_p035_c000"": [], ""rbi_mpr_2025_04_p036_c000"": [], ""rbi_mpr_2025_04_p036_c001"": [], ""rbi_mpr_2025_04_p036_c002"": [], ""rbi_mpr_2025_04_p036_c003"": [], ""rbi_mpr_2025_04_p037_c000"": [], ""rbi_mpr_2025_04_p038_c000"": [], ""rbi_mpr_2025_04_p039_c003"": [], ""rbi_mpr_2025_04_p040_c000"": [], ""rbi_mpr_2025_04_p044_c000"": [], ""rbi_mpr_2025_04_p046_c000"": [], ""rbi_mpr_2025_04_p047_c000"": [], ""rbi_mpr_2025_04_p048_c000"": [], ""rbi_mpr_2025_04_p056_c000"": [], ""rbi_mpr_2025_04_p058_c000"": [], ""rbi_mpr_2025_04_p066_c000"": [], ""rbi_mpr_2025_04_p068_c000"": [], ""rbi_mpr_2025_04_p068_c001"": [], ""rbi_mpr_2025_04_p069_c004"": [], ""rbi_mpr_2025_04_p069_c005"": [], ""rbi_mpr_2025_04_p070_c000"": [], ""rbi_mpr_2025_04_p074_c000"": [], ""rbi_mpr_2025_04_p078_c000"": [], ""rbi_mpr_2025_04_p078_c003"": [], ""rbi_mpr_2025_04_p086_c000"": [], ""rbi_mpr_2025_04_p090_c001"": [], ""rbi_mpr_2025_04_p092_c000"": [], ""rbi_mpr_2025_04_p098_c000"": [], ""rbi_mpr_2025_04_p099_c002"": [], ""rbi_mpr_2025_04_p101_c002"": [], ""rbi_mpr_2025_04_p101_c003"": [], ""rbi_mpr_2025_04_p103_c000"": [], ""rbi_mpr_2025_04_p103_c001"": [], ""rbi_mpr_2025_04_p103_c002"": [], ""rbi_mpr_2025_04_p104_c000"": [], ""rbi_mpr_2025_04_p104_c002"": [], ""rbi_mpr_2025_04_p104_c003"": [], ""rbi_mpr_2025_04_p106_c000"": [], ""rbi_mpr_2025_04_p110_c000"": [], ""rbi_mpr_2025_04_p110_c001"": [], ""rbi_mpr_2025_04_p110_c002"": [], ""rbi_mpr_2025_04_p110_c003"": [], ""rbi_mpr_2025_04_p112_c000"": [], ""rbi_mpr_2025_04_p114_c001"": [], ""rbi_mpr_2026_04_p005_c003"": [], ""rbi_mpr_2026_04_p005_c004"": [], ""rbi_mpr_2026_04_p005_c005"": [], ""rbi_mpr_2026_04_p013_c003"": [], ""rbi_mpr_2026_04_p013_c004"": [], ""rbi_mpr_2026_04_p014_c004"": [], ""rbi_mpr_2026_04_p016_c000"": [], ""rbi_mpr_2026_04_p016_c001"": [], ""rbi_mpr_2026_04_p016_c002"": [], ""rbi_mpr_2026_04_p017_c001"": [], ""rbi_mpr_2026_04_p017_c002"": [], ""rbi_mpr_2026_04_p020_c000"": [], ""rbi_mpr_2026_04_p021_c000"": [], ""rbi_mpr_2026_04_p021_c002"": [], ""rbi_mpr_2026_04_p022_c002"": [], ""rbi_mpr_2026_04_p022_c003"": [], ""rbi_mpr_2026_04_p023_c000"": [], ""rbi_mpr_2026_04_p024_c000"": [], ""rbi_mpr_2026_04_p025_c001"": [], ""rbi_mpr_2026_04_p026_c000"": [], ""rbi_mpr_2026_04_p034_c000"": [], ""rbi_mpr_2026_04_p046_c000"": [], ""rbi_mpr_2026_04_p048_c000"": [], ""rbi_mpr_2026_04_p050_c000"": [], ""rbi_mpr_2026_04_p056_c000"": [], ""rbi_mpr_2026_04_p066_c000"": [], ""rbi_mpr_2026_04_p072_c000"": [], ""rbi_mpr_2026_04_p076_c000"": [], ""rbi_mpr_2026_04_p079_c000"": [], ""rbi_mpr_2026_04_p080_c000"": [], ""rbi_mpr_2026_04_p081_c004"": [], ""rbi_mpr_2026_04_p081_c005"": [], ""rbi_mpr_2026_04_p082_c000"": [], ""rbi_mpr_2026_04_p083_c000"": [], ""rbi_mpr_2026_04_p084_c000"": [], ""rbi_mpr_2026_04_p085_c000"": [], ""rbi_mpr_2026_04_p085_c002"": [], ""rbi_mpr_2026_04_p085_c003"": [], ""rbi_mpr_2026_04_p086_c000"": [], ""rbi_mpr_2026_04_p086_c003"": [], ""rbi_mpr_2026_04_p087_c000"": [], ""rbi_mpr_2026_04_p088_c000"": [], ""rbi_mpr_2026_04_p088_c001"": [], ""rbi_mpr_2026_04_p090_c000"": [], ""rbi_mpr_2026_04_p092_c000"": [], ""rbi_mpr_2026_04_p094_c000"": [], ""rbi_mpr_2026_04_p094_c004"": [], ""rbi_mpr_2026_04_p095_c000"": [], ""rbi_mpr_2026_04_p095_c001"": [], ""rbi_mpr_2026_04_p098_c002"": [], ""rbi_mpr_2026_04_p099_c001"": [], ""rbi_mpr_2026_04_p099_c002"": [], ""rbi_mpr_2026_04_p100_c000"": [], ""rbi_mpr_2026_04_p100_c001"": [], ""rbi_mpr_2026_04_p100_c002"": [], ""rbi_mpr_2026_04_p100_c003"": [], ""rbi_mpr_2026_04_p102_c000"": [], ""rbi_mpr_2026_04_p103_c003"": [], ""rbi_mpr_2026_04_p105_c001"": [], ""rbi_mpr_2026_04_p105_c002"": [], ""rbi_mpr_2026_04_p105_c003"": [], ""rbi_mpr_2026_04_p105_c004"": [], ""rbi_mpr_2026_04_p106_c000"": [], ""rbi_mpr_2026_04_p106_c001"": [], ""rbi_mpr_2026_04_p106_c002"": [], ""rbi_mpr_2026_04_p106_c003"": [], ""rbi_mpr_2026_04_p108_c000"": [], ""rbi_mpr_2026_04_p108_c002"": [], ""rbi_mpr_2026_04_p109_c000"": [], ""rbi_mpr_2026_04_p109_c004"": [], ""rbi_mpr_2026_04_p110_c000"": [], ""rbi_mpr_2026_04_p111_c001"": [], ""rbi_mpr_2026_04_p112_c000"": [], ""rbi_mpr_2026_04_p112_c001"": [], ""rbi_mpr_2026_04_p112_c002"": [], ""rbi_mpr_2026_04_p112_c003"": [], ""rbi_mpr_2026_04_p113_c000"": [], ""rbi_mpr_2026_04_p113_c001"": [], ""rbi_mpr_2026_04_p113_c002"": [], ""rbi_mpr_2026_04_p113_c003"": [], ""rbi_mpr_2026_04_p114_c000"": [], ""rbi_mpr_2026_04_p114_c001"": [], ""rbi_mpr_2026_04_p114_c002"": [], ""rbi_mpr_2026_04_p115_c004"": []}, ""candidate_source_facet"": {""rbi_mpr_2025_04_p011_c000"": [], ""rbi_mpr_2025_04_p011_c002"": [], ""rbi_mpr_2025_04_p011_c003"": [], ""rbi_mpr_2025_04_p012_c001"": [], ""rbi_mpr_2025_04_p012_c002"": [], ""rbi_mpr_2025_04_p013_c004"": [], ""rbi_mpr_2025_04_p014_c000"": [], ""rbi_mpr_2025_04_p014_c001"": [], ""rbi_mpr_2025_04_p014_c002"": [], ""rbi_mpr_2025_04_p014_c003"": [], ""rbi_mpr_2025_04_p014_c004"": [], ""rbi_mpr_2025_04_p015_c000"": [], ""rbi_mpr_2025_04_p015_c001"": [], ""rbi_mpr_2025_04_p015_c002"": [], ""rbi_mpr_2025_04_p016_c000"": [], ""rbi_mpr_2025_04_p016_c002"": [], ""rbi_mpr_2025_04_p017_c002"": [], ""rbi_mpr_2025_04_p018_c000"": [], ""rbi_mpr_2025_04_p018_c001"": [], ""rbi_mpr_2025_04_p018_c004"": [], ""rbi_mpr_2025_04_p019_c000"": [], ""rbi_mpr_2025_04_p019_c001"": [], ""rbi_mpr_2025_04_p019_c002"": [], ""rbi_mpr_2025_04_p019_c003"": [], ""rbi_mpr_2025_04_p020_c000"": [], ""rbi_mpr_2025_04_p021_c000"": [], ""rbi_mpr_2025_04_p021_c001"": [], ""rbi_mpr_2025_04_p021_c003"": [], ""rbi_mpr_2025_04_p022_c000"": [], ""rbi_mpr_2025_04_p022_c001"": [], ""rbi_mpr_2025_04_p022_c002"": [], ""rbi_mpr_2025_04_p022_c003"": [], ""rbi_mpr_2025_04_p023_c002"": [], ""rbi_mpr_2025_04_p023_c003"": [], ""rbi_mpr_2025_04_p024_c000"": [], ""rbi_mpr_2025_04_p025_c003"": [], ""rbi_mpr_2025_04_p028_c000"": [], ""rbi_mpr_2025_04_p028_c001"": [], ""rbi_mpr_2025_04_p029_c002"": [], ""rbi_mpr_2025_04_p029_c003"": [], ""rbi_mpr_2025_04_p030_c000"": [], ""rbi_mpr_2025_04_p032_c000"": [], ""rbi_mpr_2025_04_p034_c000"": [], ""rbi_mpr_2025_04_p035_c000"": [], ""rbi_mpr_2025_04_p036_c000"": [], ""rbi_mpr_2025_04_p036_c001"": [], ""rbi_mpr_2025_04_p036_c002"": [], ""rbi_mpr_2025_04_p036_c003"": [], ""rbi_mpr_2025_04_p037_c000"": [], ""rbi_mpr_2025_04_p038_c000"": [], ""rbi_mpr_2025_04_p039_c003"": [], ""rbi_mpr_2025_04_p040_c000"": [], ""rbi_mpr_2025_04_p044_c000"": [], ""rbi_mpr_2025_04_p046_c000"": [], ""rbi_mpr_2025_04_p047_c000"": [], ""rbi_mpr_2025_04_p048_c000"": [], ""rbi_mpr_2025_04_p056_c000"": [], ""rbi_mpr_2025_04_p058_c000"": [], ""rbi_mpr_2025_04_p066_c000"": [], ""rbi_mpr_2025_04_p068_c000"": [], ""rbi_mpr_2025_04_p068_c001"": [], ""rbi_mpr_2025_04_p069_c004"": [], ""rbi_mpr_2025_04_p069_c005"": [], ""rbi_mpr_2025_04_p070_c000"": [], ""rbi_mpr_2025_04_p074_c000"": [], ""rbi_mpr_2025_04_p078_c000"": [], ""rbi_mpr_2025_04_p078_c003"": [], ""rbi_mpr_2025_04_p086_c000"": [], ""rbi_mpr_2025_04_p090_c001"": [], ""rbi_mpr_2025_04_p092_c000"": [], ""rbi_mpr_2025_04_p098_c000"": [], ""rbi_mpr_2025_04_p099_c002"": [], ""rbi_mpr_2025_04_p101_c002"": [], ""rbi_mpr_2025_04_p101_c003"": [], ""rbi_mpr_2025_04_p103_c000"": [], ""rbi_mpr_2025_04_p103_c001"": [], ""rbi_mpr_2025_04_p103_c002"": [], ""rbi_mpr_2025_04_p104_c000"": [], ""rbi_mpr_2025_04_p104_c002"": [], ""rbi_mpr_2025_04_p104_c003"": [], ""rbi_mpr_2025_04_p106_c000"": [], ""rbi_mpr_2025_04_p110_c000"": [], ""rbi_mpr_2025_04_p110_c001"": [], ""rbi_mpr_2025_04_p110_c002"": [], ""rbi_mpr_2025_04_p110_c003"": [], ""rbi_mpr_2025_04_p112_c000"": [], ""rbi_mpr_2025_04_p114_c001"": [], ""rbi_mpr_2026_04_p005_c003"": [], ""rbi_mpr_2026_04_p005_c004"": [], ""rbi_mpr_2026_04_p005_c005"": [], ""rbi_mpr_2026_04_p013_c003"": [], ""rbi_mpr_2026_04_p013_c004"": [], ""rbi_mpr_2026_04_p014_c004"": [], ""rbi_mpr_2026_04_p016_c000"": [], ""rbi_mpr_2026_04_p016_c001"": [], ""rbi_mpr_2026_04_p016_c002"": [], ""rbi_mpr_2026_04_p017_c001"": [], ""rbi_mpr_2026_04_p017_c002"": [], ""rbi_mpr_2026_04_p020_c000"": [], ""rbi_mpr_2026_04_p021_c000"": [], ""rbi_mpr_2026_04_p021_c002"": [], ""rbi_mpr_2026_04_p022_c002"": [], ""rbi_mpr_2026_04_p022_c003"": [], ""rbi_mpr_2026_04_p023_c000"": [], ""rbi_mpr_2026_04_p024_c000"": [], ""rbi_mpr_2026_04_p025_c001"": [], ""rbi_mpr_2026_04_p026_c000"": [], ""rbi_mpr_2026_04_p034_c000"": [], ""rbi_mpr_2026_04_p046_c000"": [], ""rbi_mpr_2026_04_p048_c000"": [], ""rbi_mpr_2026_04_p050_c000"": [], ""rbi_mpr_2026_04_p056_c000"": [], ""rbi_mpr_2026_04_p066_c000"": [], ""rbi_mpr_2026_04_p072_c000"": [], ""rbi_mpr_2026_04_p076_c000"": [], ""rbi_mpr_2026_04_p079_c000"": [], ""rbi_mpr_2026_04_p080_c000"": [], ""rbi_mpr_2026_04_p081_c004"": [], ""rbi_mpr_2026_04_p081_c005"": [], ""rbi_mpr_2026_04_p082_c000"": [], ""rbi_mpr_2026_04_p083_c000"": [], ""rbi_mpr_2026_04_p084_c000"": [], ""rbi_mpr_2026_04_p085_c000"": [], ""rbi_mpr_2026_04_p085_c002"": [], ""rbi_mpr_2026_04_p085_c003"": [], ""rbi_mpr_2026_04_p086_c000"": [], ""rbi_mpr_2026_04_p086_c003"": [], ""rbi_mpr_2026_04_p087_c000"": [], ""rbi_mpr_2026_04_p088_c000"": [], ""rbi_mpr_2026_04_p088_c001"": [], ""rbi_mpr_2026_04_p090_c000"": [], ""rbi_mpr_2026_04_p092_c000"": [], ""rbi_mpr_2026_04_p094_c000"": [], ""rbi_mpr_2026_04_p094_c004"": [], ""rbi_mpr_2026_04_p095_c000"": [], ""rbi_mpr_2026_04_p095_c001"": [], ""rbi_mpr_2026_04_p098_c002"": [], ""rbi_mpr_2026_04_p099_c001"": [], ""rbi_mpr_2026_04_p099_c002"": [], ""rbi_mpr_2026_04_p100_c000"": [], ""rbi_mpr_2026_04_p100_c001"": [], ""rbi_mpr_2026_04_p100_c002"": [], ""rbi_mpr_2026_04_p100_c003"": [], ""rbi_mpr_2026_04_p102_c000"": [], ""rbi_mpr_2026_04_p103_c003"": [], ""rbi_mpr_2026_04_p105_c001"": [], ""rbi_mpr_2026_04_p105_c002"": [], ""rbi_mpr_2026_04_p105_c003"": [], ""rbi_mpr_2026_04_p105_c004"": [], ""rbi_mpr_2026_04_p106_c000"": [], ""rbi_mpr_2026_04_p106_c001"": [], ""rbi_mpr_2026_04_p106_c002"": [], ""rbi_mpr_2026_04_p106_c003"": [], ""rbi_mpr_2026_04_p108_c000"": [], ""rbi_mpr_2026_04_p108_c002"": [], ""rbi_mpr_2026_04_p109_c000"": [], ""rbi_mpr_2026_04_p109_c004"": [], ""rbi_mpr_2026_04_p110_c000"": [], ""rbi_mpr_2026_04_p111_c001"": [], ""rbi_mpr_2026_04_p112_c000"": [], ""rbi_mpr_2026_04_p112_c001"": [], ""rbi_mpr_2026_04_p112_c002"": [], ""rbi_mpr_2026_04_p112_c003"": [], ""rbi_mpr_2026_04_p113_c000"": [], ""rbi_mpr_2026_04_p113_c001"": [], ""rbi_mpr_2026_04_p113_c002"": [], ""rbi_mpr_2026_04_p113_c003"": [], ""rbi_mpr_2026_04_p114_c000"": [], ""rbi_mpr_2026_04_p114_c001"": [], ""rbi_mpr_2026_04_p114_c002"": [], ""rbi_mpr_2026_04_p115_c004"": []}, ""candidate_source_query"": {""rbi_mpr_2025_04_p011_c000"": [""Compare crude-oil assumptions or risks in April 2025 and April 2026.""], ""rbi_mpr_2025_04_p011_c002"": [""Compare crude-oil assumptions or risks in April 2025 and April 2026.""], ""rbi_mpr_2025_04_p011_c003"": [""Compare crude-oil assumptions or risks in April 2025 and April 2026.""], ""rbi_mpr_2025_04_p012_c001"": [""Compare crude-oil assumptions or risks in April 2025 and April 2026.""], ""rbi_mpr_2025_04_p012_c002"": [""Compare crude-oil assumptions or risks in April 2025 and April 2026.""], ""rbi_mpr_2025_04_p013_c004"": [""Compare crude-oil assumptions or risks in April 2025 and April 2026.""], ""rbi_mpr_2025_04_p014_c000"": [""Compare crude-oil assumptions or risks in April 2025 and April 2026.""], ""rbi_mpr_2025_04_p014_c001"": [""Compare crude-oil assumptions or risks in April 2025 and April 2026.""], ""rbi_mpr_2025_04_p014_c002"": [""Compare crude-oil assumptions or risks in April 2025 and April 2026.""], ""rbi_mpr_2025_04_p014_c003"": [""Compare crude-oil assumptions or risks in April 2025 and April 2026.""], ""rbi_mpr_2025_04_p014_c004"": [""Compare crude-oil assumptions or risks in April 2025 and April 2026.""], ""rbi_mpr_2025_04_p015_c000"": [""Compare crude-oil assumptions or risks in April 2025 and April 2026.""], ""rbi_mpr_2025_04_p015_c001"": [""Compare crude-oil assumptions or risks in April 2025 and April 2026.""], ""rbi_mpr_2025_04_p015_c002"": [""Compare crude-oil assumptions or risks in April 2025 and April 2026.""], ""rbi_mpr_2025_04_p016_c000"": [""Compare crude-oil assumptions or risks in April 2025 and April 2026.""], ""rbi_mpr_2025_04_p016_c002"": [""Compare crude-oil assumptions or risks in April 2025 and April 2026.""], ""rbi_mpr_2025_04_p017_c002"": [""Compare crude-oil assumptions or risks in April 2025 and April 2026.""], ""rbi_mpr_2025_04_p018_c000"": [""Compare crude-oil assumptions or risks in April 2025 and April 2026.""], ""rbi_mpr_2025_04_p018_c001"": [""Compare crude-oil assumptions or risks in April 2025 and April 2026.""], ""rbi_mpr_2025_04_p018_c004"": [""Compare crude-oil assumptions or risks in April 2025 and April 2026.""], ""rbi_mpr_2025_04_p019_c000"": [""Compare crude-oil assumptions or risks in April 2025 and April 2026.""], ""rbi_mpr_2025_04_p019_c001"": [""Compare crude-oil assumptions or risks in April 2025 and April 2026.""], ""rbi_mpr_2025_04_p019_c002"": [""Compare crude-oil assumptions or risks in April 2025 and April 2026.""], ""rbi_mpr_2025_04_p019_c003"": [""Compare crude-oil assumptions or risks in April 2025 and April 2026.""], ""rbi_mpr_2025_04_p020_c000"": [""Compare crude-oil assumptions or risks in April 2025 and April 2026.""], ""rbi_mpr_2025_04_p021_c000"": [""Compare crude-oil assumptions or risks in April 2025 and April 2026.""], ""rbi_mpr_2025_04_p021_c001"": [""Compare crude-oil assumptions or risks in April 2025 and April 2026.""], ""rbi_mpr_2025_04_p021_c003"": [""Compare crude-oil assumptions or risks in April 2025 and April 2026.""], ""rbi_mpr_2025_04_p022_c000"": [""Compare crude-oil assumptions or risks in April 2025 and April 2026.""], ""rbi_mpr_2025_04_p022_c001"": [""Compare crude-oil assumptions or risks in April 2025 and April 2026.""], ""rbi_mpr_2025_04_p022_c002"": [""Compare crude-oil assumptions or risks in April 2025 and April 2026.""], ""rbi_mpr_2025_04_p022_c003"": [""Compare crude-oil assumptions or risks in April 2025 and April 2026.""], ""rbi_mpr_2025_04_p023_c002"": [""Compare crude-oil assumptions or risks in April 2025 and April 2026.""], ""rbi_mpr_2025_04_p023_c003"": [""Compare crude-oil assumptions or risks in April 2025 and April 2026.""], ""rbi_mpr_2025_04_p024_c000"": [""Compare crude-oil assumptions or risks in April 2025 and April 2026.""], ""rbi_mpr_2025_04_p025_c003"": [""Compare crude-oil assumptions or risks in April 2025 and April 2026.""], ""rbi_mpr_2025_04_p028_c000"": [""Compare crude-oil assumptions or risks in April 2025 and April 2026.""], ""rbi_mpr_2025_04_p028_c001"": [""Compare crude-oil assumptions or risks in April 2025 and April 2026.""], ""rbi_mpr_2025_04_p029_c002"": [""Compare crude-oil assumptions or risks in April 2025 and April 2026.""], ""rbi_mpr_2025_04_p029_c003"": [""Compare crude-oil assumptions or risks in April 2025 and April 2026.""], ""rbi_mpr_2025_04_p030_c000"": [""Compare crude-oil assumptions or risks in April 2025 and April 2026.""], ""rbi_mpr_2025_04_p032_c000"": [""Compare crude-oil assumptions or risks in April 2025 and April 2026.""], ""rbi_mpr_2025_04_p034_c000"": [""Compare crude-oil assumptions or risks in April 2025 and April 2026.""], ""rbi_mpr_2025_04_p035_c000"": [""Compare crude-oil assumptions or risks in April 2025 and April 2026.""], ""rbi_mpr_2025_04_p036_c000"": [""Compare crude-oil assumptions or risks in April 2025 and April 2026.""], ""rbi_mpr_2025_04_p036_c001"": [""Compare crude-oil assumptions or risks in April 2025 and April 2026.""], ""rbi_mpr_2025_04_p036_c002"": [""Compare crude-oil assumptions or risks in April 2025 and April 2026.""], ""rbi_mpr_2025_04_p036_c003"": [""Compare crude-oil assumptions or risks in April 2025 and April 2026.""], ""rbi_mpr_2025_04_p037_c000"": [""Compare crude-oil assumptions or risks in April 2025 and April 2026.""], ""rbi_mpr_2025_04_p038_c000"": [""Compare crude-oil assumptions or risks in April 2025 and April 2026.""], ""rbi_mpr_2025_04_p039_c003"": [""Compare crude-oil assumptions or risks in April 2025 and April 2026.""], ""rbi_mpr_2025_04_p040_c000"": [""Compare crude-oil assumptions or risks in April 2025 and April 2026.""], ""rbi_mpr_2025_04_p044_c000"": [""Compare crude-oil assumptions or risks in April 2025 and April 2026.""], ""rbi_mpr_2025_04_p046_c000"": [""Compare crude-oil assumptions or risks in April 2025 and April 2026.""], ""rbi_mpr_2025_04_p047_c000"": [""Compare crude-oil assumptions or risks in April 2025 and April 2026.""], ""rbi_mpr_2025_04_p048_c000"": [""Compare crude-oil assumptions or risks in April 2025 and April 2026.""], ""rbi_mpr_2025_04_p056_c000"": [""Compare crude-oil assumptions or risks in April 2025 and April 2026.""], ""rbi_mpr_2025_04_p058_c000"": [""Compare crude-oil assumptions or risks in April 2025 and April 2026.""], ""rbi_mpr_2025_04_p066_c000"": [""Compare crude-oil assumptions or risks in April 2025 and April 2026.""], ""rbi_mpr_2025_04_p068_c000"": [""Compare crude-oil assumptions or risks in April 2025 and April 2026.""], ""rbi_mpr_2025_04_p068_c001"": [""Compare crude-oil assumptions or risks in April 2025 and April 2026.""], ""rbi_mpr_2025_04_p069_c004"": [""Compare crude-oil assumptions or risks in April 2025 and April 2026.""], ""rbi_mpr_2025_04_p069_c005"": [""Compare crude-oil assumptions or risks in April 2025 and April 2026.""], ""rbi_mpr_2025_04_p070_c000"": [""Compare crude-oil assumptions or risks in April 2025 and April 2026.""], ""rbi_mpr_2025_04_p074_c000"": [""Compare crude-oil assumptions or risks in April 2025 and April 2026.""], ""rbi_mpr_2025_04_p078_c000"": [""Compare crude-oil assumptions or risks in April 2025 and April 2026.""], ""rbi_mpr_2025_04_p078_c003"": [""Compare crude-oil assumptions or risks in April 2025 and April 2026.""], ""rbi_mpr_2025_04_p086_c000"": [""Compare crude-oil assumptions or risks in April 2025 and April 2026.""], ""rbi_mpr_2025_04_p090_c001"": [""Compare crude-oil assumptions or risks in April 2025 and April 2026.""], ""rbi_mpr_2025_04_p092_c000"": [""Compare crude-oil assumptions or risks in April 2025 and April 2026.""], ""rbi_mpr_2025_04_p098_c000"": [""Compare crude-oil assumptions or risks in April 2025 and April 2026.""], ""rbi_mpr_2025_04_p099_c002"": [""Compare crude-oil assumptions or risks in April 2025 and April 2026.""], ""rbi_mpr_2025_04_p101_c002"": [""Compare crude-oil assumptions or risks in April 2025 and April 2026.""], ""rbi_mpr_2025_04_p101_c003"": [""Compare crude-oil assumptions or risks in April 2025 and April 2026.""], ""rbi_mpr_2025_04_p103_c000"": [""Compare crude-oil assumptions or risks in April 2025 and April 2026.""], ""rbi_mpr_2025_04_p103_c001"": [""Compare crude-oil assumptions or risks in April 2025 and April 2026.""], ""rbi_mpr_2025_04_p103_c002"": [""Compare crude-oil assumptions or risks in April 2025 and April 2026.""], ""rbi_mpr_2025_04_p104_c000"": [""Compare crude-oil assumptions or risks in April 2025 and April 2026.""], ""rbi_mpr_2025_04_p104_c002"": [""Compare crude-oil assumptions or risks in April 2025 and April 2026.""], ""rbi_mpr_2025_04_p104_c003"": [""Compare crude-oil assumptions or risks in April 2025 and April 2026.""], ""rbi_mpr_2025_04_p106_c000"": [""Compare crude-oil assumptions or risks in April 2025 and April 2026.""], ""rbi_mpr_2025_04_p110_c000"": [""Compare crude-oil assumptions or risks in April 2025 and April 2026.""], ""rbi_mpr_2025_04_p110_c001"": [""Compare crude-oil assumptions or risks in April 2025 and April 2026.""], ""rbi_mpr_2025_04_p110_c002"": [""Compare crude-oil assumptions or risks in April 2025 and April 2026.""], ""rbi_mpr_2025_04_p110_c003"": [""Compare crude-oil assumptions or risks in April 2025 and April 2026.""], ""rbi_mpr_2025_04_p112_c000"": [""Compare crude-oil assumptions or risks in April 2025 and April 2026.""], ""rbi_mpr_2025_04_p114_c001"": [""Compare crude-oil assumptions or risks in April 2025 and April 2026.""], ""rbi_mpr_2026_04_p005_c003"": [""Compare crude-oil assumptions or risks in April 2025 and April 2026.""], ""rbi_mpr_2026_04_p005_c004"": [""Compare crude-oil assumptions or risks in April 2025 and April 2026.""], ""rbi_mpr_2026_04_p005_c005"": [""Compare crude-oil assumptions or risks in April 2025 and April 2026.""], ""rbi_mpr_2026_04_p013_c003"": [""Compare crude-oil assumptions or risks in April 2025 and April 2026.""], ""rbi_mpr_2026_04_p013_c004"": [""Compare crude-oil assumptions or risks in April 2025 and April 2026.""], ""rbi_mpr_2026_04_p014_c004"": [""Compare crude-oil assumptions or risks in April 2025 and April 2026.""], ""rbi_mpr_2026_04_p016_c000"": [""Compare crude-oil assumptions or risks in April 2025 and April 2026.""], ""rbi_mpr_2026_04_p016_c001"": [""Compare crude-oil assumptions or risks in April 2025 and April 2026.""], ""rbi_mpr_2026_04_p016_c002"": [""Compare crude-oil assumptions or risks in April 2025 and April 2026.""], ""rbi_mpr_2026_04_p017_c001"": [""Compare crude-oil assumptions or risks in April 2025 and April 2026.""], ""rbi_mpr_2026_04_p017_c002"": [""Compare crude-oil assumptions or risks in April 2025 and April 2026.""], ""rbi_mpr_2026_04_p020_c000"": [""Compare crude-oil assumptions or risks in April 2025 and April 2026.""], ""rbi_mpr_2026_04_p021_c000"": [""Compare crude-oil assumptions or risks in April 2025 and April 2026.""], ""rbi_mpr_2026_04_p021_c002"": [""Compare crude-oil assumptions or risks in April 2025 and April 2026.""], ""rbi_mpr_2026_04_p022_c002"": [""Compare crude-oil assumptions or risks in April 2025 and April 2026.""], ""rbi_mpr_2026_04_p022_c003"": [""Compare crude-oil assumptions or risks in April 2025 and April 2026.""], ""rbi_mpr_2026_04_p023_c000"": [""Compare crude-oil assumptions or risks in April 2025 and April 2026.""], ""rbi_mpr_2026_04_p024_c000"": [""Compare crude-oil assumptions or risks in April 2025 and April 2026.""], ""rbi_mpr_2026_04_p025_c001"": [""Compare crude-oil assumptions or risks in April 2025 and April 2026.""], ""rbi_mpr_2026_04_p026_c000"": [""Compare crude-oil assumptions or risks in April 2025 and April 2026.""], ""rbi_mpr_2026_04_p034_c000"": [""Compare crude-oil assumptions or risks in April 2025 and April 2026.""], ""rbi_mpr_2026_04_p046_c000"": [""Compare crude-oil assumptions or risks in April 2025 and April 2026.""], ""rbi_mpr_2026_04_p048_c000"": [""Compare crude-oil assumptions or risks in April 2025 and April 2026.""], ""rbi_mpr_2026_04_p050_c000"": [""Compare crude-oil assumptions or risks in April 2025 and April 2026.""], ""rbi_mpr_2026_04_p056_c000"": [""Compare crude-oil assumptions or risks in April 2025 and April 2026.""], ""rbi_mpr_2026_04_p066_c000"": [""Compare crude-oil assumptions or risks in April 2025 and April 2026.""], ""rbi_mpr_2026_04_p072_c000"": [""Compare crude-oil assumptions or risks in April 2025 and April 2026.""], ""rbi_mpr_2026_04_p076_c000"": [""Compare crude-oil assumptions or risks in April 2025 and April 2026.""], ""rbi_mpr_2026_04_p079_c000"": [""Compare crude-oil assumptions or risks in April 2025 and April 2026.""], ""rbi_mpr_2026_04_p080_c000"": [""Compare crude-oil assumptions or risks in April 2025 and April 2026.""], ""rbi_mpr_2026_04_p081_c004"": [""Compare crude-oil assumptions or risks in April 2025 and April 2026.""], ""rbi_mpr_2026_04_p081_c005"": [""Compare crude-oil assumptions or risks in April 2025 and April 2026.""], ""rbi_mpr_2026_04_p082_c000"": [""Compare crude-oil assumptions or risks in April 2025 and April 2026.""], ""rbi_mpr_2026_04_p083_c000"": [""Compare crude-oil assumptions or risks in April 2025 and April 2026.""], ""rbi_mpr_2026_04_p084_c000"": [""Compare crude-oil assumptions or risks in April 2025 and April 2026.""], ""rbi_mpr_2026_04_p085_c000"": [""Compare crude-oil assumptions or risks in April 2025 and April 2026.""], ""rbi_mpr_2026_04_p085_c002"": [""Compare crude-oil assumptions or risks in April 2025 and April 2026.""], ""rbi_mpr_2026_04_p085_c003"": [""Compare crude-oil assumptions or risks in April 2025 and April 2026.""], ""rbi_mpr_2026_04_p086_c000"": [""Compare crude-oil assumptions or risks in April 2025 and April 2026.""], ""rbi_mpr_2026_04_p086_c003"": [""Compare crude-oil assumptions or risks in April 2025 and April 2026.""], ""rbi_mpr_2026_04_p087_c000"": [""Compare crude-oil assumptions or risks in April 2025 and April 2026.""], ""rbi_mpr_2026_04_p088_c000"": [""Compare crude-oil assumptions or risks in April 2025 and April 2026.""], ""rbi_mpr_2026_04_p088_c001"": [""Compare crude-oil assumptions or risks in April 2025 and April 2026.""], ""rbi_mpr_2026_04_p090_c000"": [""Compare crude-oil assumptions or risks in April 2025 and April 2026.""], ""rbi_mpr_2026_04_p092_c000"": [""Compare crude-oil assumptions or risks in April 2025 and April 2026.""], ""rbi_mpr_2026_04_p094_c000"": [""Compare crude-oil assumptions or risks in April 2025 and April 2026.""], ""rbi_mpr_2026_04_p094_c004"": [""Compare crude-oil assumptions or risks in April 2025 and April 2026.""], ""rbi_mpr_2026_04_p095_c000"": [""Compare crude-oil assumptions or risks in April 2025 and April 2026.""], ""rbi_mpr_2026_04_p095_c001"": [""Compare crude-oil assumptions or risks in April 2025 and April 2026.""], ""rbi_mpr_2026_04_p098_c002"": [""Compare crude-oil assumptions or risks in April 2025 and April 2026.""], ""rbi_mpr_2026_04_p099_c001"": [""Compare crude-oil assumptions or risks in April 2025 and April 2026.""], ""rbi_mpr_2026_04_p099_c002"": [""Compare crude-oil assumptions or risks in April 2025 and April 2026.""], ""rbi_mpr_2026_04_p100_c000"": [""Compare crude-oil assumptions or risks in April 2025 and April 2026.""], ""rbi_mpr_2026_04_p100_c001"": [""Compare crude-oil assumptions or risks in April 2025 and April 2026.""], ""rbi_mpr_2026_04_p100_c002"": [""Compare crude-oil assumptions or risks in April 2025 and April 2026.""], ""rbi_mpr_2026_04_p100_c003"": [""Compare crude-oil assumptions or risks in April 2025 and April 2026.""], ""rbi_mpr_2026_04_p102_c000"": [""Compare crude-oil assumptions or risks in April 2025 and April 2026.""], ""rbi_mpr_2026_04_p103_c003"": [""Compare crude-oil assumptions or risks in April 2025 and April 2026.""], ""rbi_mpr_2026_04_p105_c001"": [""Compare crude-oil assumptions or risks in April 2025 and April 2026.""], ""rbi_mpr_2026_04_p105_c002"": [""Compare crude-oil assumptions or risks in April 2025 and April 2026.""], ""rbi_mpr_2026_04_p105_c003"": [""Compare crude-oil assumptions or risks in April 2025 and April 2026.""], ""rbi_mpr_2026_04_p105_c004"": [""Compare crude-oil assumptions or risks in April 2025 and April 2026.""], ""rbi_mpr_2026_04_p106_c000"": [""Compare crude-oil assumptions or risks in April 2025 and April 2026.""], ""rbi_mpr_2026_04_p106_c001"": [""Compare crude-oil assumptions or risks in April 2025 and April 2026.""], ""rbi_mpr_2026_04_p106_c002"": [""Compare crude-oil assumptions or risks in April 2025 and April 2026.""], ""rbi_mpr_2026_04_p106_c003"": [""Compare crude-oil assumptions or risks in April 2025 and April 2026.""], ""rbi_mpr_2026_04_p108_c000"": [""Compare crude-oil assumptions or risks in April 2025 and April 2026.""], ""rbi_mpr_2026_04_p108_c002"": [""Compare crude-oil assumptions or risks in April 2025 and April 2026.""], ""rbi_mpr_2026_04_p109_c000"": [""Compare crude-oil assumptions or risks in April 2025 and April 2026.""], ""rbi_mpr_2026_04_p109_c004"": [""Compare crude-oil assumptions or risks in April 2025 and April 2026.""], ""rbi_mpr_2026_04_p110_c000"": [""Compare crude-oil assumptions or risks in April 2025 and April 2026.""], ""rbi_mpr_2026_04_p111_c001"": [""Compare crude-oil assumptions or risks in April 2025 and April 2026.""], ""rbi_mpr_2026_04_p112_c000"": [""Compare crude-oil assumptions or risks in April 2025 and April 2026.""], ""rbi_mpr_2026_04_p112_c001"": [""Compare crude-oil assumptions or risks in April 2025 and April 2026.""], ""rbi_mpr_2026_04_p112_c002"": [""Compare crude-oil assumptions or risks in April 2025 and April 2026.""], ""rbi_mpr_2026_04_p112_c003"": [""Compare crude-oil assumptions or risks in April 2025 and April 2026.""], ""rbi_mpr_2026_04_p113_c000"": [""Compare crude-oil assumptions or risks in April 2025 and April 2026.""], ""rbi_mpr_2026_04_p113_c001"": [""Compare crude-oil assumptions or risks in April 2025 and April 2026.""], ""rbi_mpr_2026_04_p113_c002"": [""Compare crude-oil assumptions or risks in April 2025 and April 2026.""], ""rbi_mpr_2026_04_p113_c003"": [""Compare crude-oil assumptions or risks in April 2025 and April 2026.""], ""rbi_mpr_2026_04_p114_c000"": [""Compare crude-oil assumptions or risks in April 2025 and April 2026.""], ""rbi_mpr_2026_04_p114_c001"": [""Compare crude-oil assumptions or risks in April 2025 and April 2026.""], ""rbi_mpr_2026_04_p114_c002"": [""Compare crude-oil assumptions or risks in April 2025 and April 2026.""], ""rbi_mpr_2026_04_p115_c004"": [""Compare crude-oil assumptions or risks in April 2025 and April 2026.""]}, ""candidate_source_retriever"": {""rbi_mpr_2025_04_p011_c000"": [""dense""], ""rbi_mpr_2025_04_p011_c002"": [""dense""], ""rbi_mpr_2025_04_p011_c003"": [""dense""], ""rbi_mpr_2025_04_p012_c001"": [""dense""], ""rbi_mpr_2025_04_p012_c002"": [""dense""], ""rbi_mpr_2025_04_p013_c004"": [""dense""], ""rbi_mpr_2025_04_p014_c000"": [""bm25"", ""dense""], ""rbi_mpr_2025_04_p014_c001"": [""bm25"", ""dense""], ""rbi_mpr_2025_04_p014_c002"": [""dense""], ""rbi_mpr_2025_04_p014_c003"": [""dense""], ""rbi_mpr_2025_04_p014_c004"": [""dense""], ""rbi_mpr_2025_04_p015_c000"": [""dense""], ""rbi_mpr_2025_04_p015_c001"": [""bm25"", ""dense""], ""rbi_mpr_2025_04_p015_c002"": [""dense""], ""rbi_mpr_2025_04_p016_c000"": [""bm25""], ""rbi_mpr_2025_04_p016_c002"": [""dense""], ""rbi_mpr_2025_04_p017_c002"": [""dense""], ""rbi_mpr_2025_04_p018_c000"": [""bm25""], ""rbi_mpr_2025_04_p018_c001"": [""bm25"", ""dense""], ""rbi_mpr_2025_04_p018_c004"": [""dense""], ""rbi_mpr_2025_04_p019_c000"": [""dense""], ""rbi_mpr_2025_04_p019_c001"": [""dense""], ""rbi_mpr_2025_04_p019_c002"": [""dense""], ""rbi_mpr_2025_04_p019_c003"": [""bm25""], ""rbi_mpr_2025_04_p020_c000"": [""bm25""], ""rbi_mpr_2025_04_p021_c000"": [""bm25"", ""dense""], ""rbi_mpr_2025_04_p021_c001"": [""bm25"", ""dense""], ""rbi_mpr_2025_04_p021_c003"": [""bm25""], ""rbi_mpr_2025_04_p022_c000"": [""dense""], ""rbi_mpr_2025_04_p022_c001"": [""dense""], ""rbi_mpr_2025_04_p022_c002"": [""dense""], ""rbi_mpr_2025_04_p022_c003"": [""dense""], ""rbi_mpr_2025_04_p023_c002"": [""dense""], ""rbi_mpr_2025_04_p023_c003"": [""dense""], ""rbi_mpr_2025_04_p024_c000"": [""bm25""], ""rbi_mpr_2025_04_p025_c003"": [""dense""], ""rbi_mpr_2025_04_p028_c000"": [""bm25""], ""rbi_mpr_2025_04_p028_c001"": [""bm25""], ""rbi_mpr_2025_04_p029_c002"": [""bm25""], ""rbi_mpr_2025_04_p029_c003"": [""bm25""], ""rbi_mpr_2025_04_p030_c000"": [""bm25""], ""rbi_mpr_2025_04_p032_c000"": [""bm25""], ""rbi_mpr_2025_04_p034_c000"": [""bm25""], ""rbi_mpr_2025_04_p035_c000"": [""bm25""], ""rbi_mpr_2025_04_p036_c000"": [""bm25"", ""dense""], ""rbi_mpr_2025_04_p036_c001"": [""dense""], ""rbi_mpr_2025_04_p036_c002"": [""bm25""], ""rbi_mpr_2025_04_p036_c003"": [""dense""], ""rbi_mpr_2025_04_p037_c000"": [""dense""], ""rbi_mpr_2025_04_p038_c000"": [""bm25""], ""rbi_mpr_2025_04_p039_c003"": [""dense""], ""rbi_mpr_2025_04_p040_c000"": [""bm25""], ""rbi_mpr_2025_04_p044_c000"": [""bm25""], ""rbi_mpr_2025_04_p046_c000"": [""bm25""], ""rbi_mpr_2025_04_p047_c000"": [""bm25""], ""rbi_mpr_2025_04_p048_c000"": [""bm25""], ""rbi_mpr_2025_04_p056_c000"": [""bm25""], ""rbi_mpr_2025_04_p058_c000"": [""bm25""], ""rbi_mpr_2025_04_p066_c000"": [""bm25""], ""rbi_mpr_2025_04_p068_c000"": [""bm25""], ""rbi_mpr_2025_04_p068_c001"": [""bm25""], ""rbi_mpr_2025_04_p069_c004"": [""bm25""], ""rbi_mpr_2025_04_p069_c005"": [""bm25""], ""rbi_mpr_2025_04_p070_c000"": [""bm25""], ""rbi_mpr_2025_04_p074_c000"": [""bm25""], ""rbi_mpr_2025_04_p078_c000"": [""bm25""], ""rbi_mpr_2025_04_p078_c003"": [""dense""], ""rbi_mpr_2025_04_p086_c000"": [""dense""], ""rbi_mpr_2025_04_p090_c001"": [""bm25""], ""rbi_mpr_2025_04_p092_c000"": [""bm25""], ""rbi_mpr_2025_04_p098_c000"": [""bm25""], ""rbi_mpr_2025_04_p099_c002"": [""bm25""], ""rbi_mpr_2025_04_p101_c002"": [""bm25""], ""rbi_mpr_2025_04_p101_c003"": [""dense""], ""rbi_mpr_2025_04_p103_c000"": [""dense""], ""rbi_mpr_2025_04_p103_c001"": [""dense""], ""rbi_mpr_2025_04_p103_c002"": [""dense""], ""rbi_mpr_2025_04_p104_c000"": [""bm25"", ""dense""], ""rbi_mpr_2025_04_p104_c002"": [""dense""], ""rbi_mpr_2025_04_p104_c003"": [""bm25"", ""dense""], ""rbi_mpr_2025_04_p106_c000"": [""bm25""], ""rbi_mpr_2025_04_p110_c000"": [""bm25"", ""dense""], ""rbi_mpr_2025_04_p110_c001"": [""bm25"", ""dense""], ""rbi_mpr_2025_04_p110_c002"": [""bm25"", ""dense""], ""rbi_mpr_2025_04_p110_c003"": [""dense""], ""rbi_mpr_2025_04_p112_c000"": [""bm25"", ""dense""], ""rbi_mpr_2025_04_p114_c001"": [""dense""], ""rbi_mpr_2026_04_p005_c003"": [""bm25"", ""dense""], ""rbi_mpr_2026_04_p005_c004"": [""bm25"", ""dense""], ""rbi_mpr_2026_04_p005_c005"": [""dense""], ""rbi_mpr_2026_04_p013_c003"": [""dense""], ""rbi_mpr_2026_04_p013_c004"": [""dense""], ""rbi_mpr_2026_04_p014_c004"": [""bm25""], ""rbi_mpr_2026_04_p016_c000"": [""dense""], ""rbi_mpr_2026_04_p016_c001"": [""dense""], ""rbi_mpr_2026_04_p016_c002"": [""dense""], ""rbi_mpr_2026_04_p017_c001"": [""dense""], ""rbi_mpr_2026_04_p017_c002"": [""dense""], ""rbi_mpr_2026_04_p020_c000"": [""bm25""], ""rbi_mpr_2026_04_p021_c000"": [""bm25"", ""dense""], ""rbi_mpr_2026_04_p021_c002"": [""bm25""], ""rbi_mpr_2026_04_p022_c002"": [""dense""], ""rbi_mpr_2026_04_p022_c003"": [""dense""], ""rbi_mpr_2026_04_p023_c000"": [""bm25""], ""rbi_mpr_2026_04_p024_c000"": [""bm25""], ""rbi_mpr_2026_04_p025_c001"": [""dense""], ""rbi_mpr_2026_04_p026_c000"": [""bm25""], ""rbi_mpr_2026_04_p034_c000"": [""bm25"", ""dense""], ""rbi_mpr_2026_04_p046_c000"": [""bm25""], ""rbi_mpr_2026_04_p048_c000"": [""bm25""], ""rbi_mpr_2026_04_p050_c000"": [""bm25""], ""rbi_mpr_2026_04_p056_c000"": [""bm25""], ""rbi_mpr_2026_04_p066_c000"": [""bm25""], ""rbi_mpr_2026_04_p072_c000"": [""bm25""], ""rbi_mpr_2026_04_p076_c000"": [""bm25""], ""rbi_mpr_2026_04_p079_c000"": [""bm25""], ""rbi_mpr_2026_04_p080_c000"": [""bm25""], ""rbi_mpr_2026_04_p081_c004"": [""bm25""], ""rbi_mpr_2026_04_p081_c005"": [""bm25""], ""rbi_mpr_2026_04_p082_c000"": [""bm25""], ""rbi_mpr_2026_04_p083_c000"": [""bm25""], ""rbi_mpr_2026_04_p084_c000"": [""bm25""], ""rbi_mpr_2026_04_p085_c000"": [""bm25""], ""rbi_mpr_2026_04_p085_c002"": [""bm25""], ""rbi_mpr_2026_04_p085_c003"": [""bm25""], ""rbi_mpr_2026_04_p086_c000"": [""bm25"", ""dense""], ""rbi_mpr_2026_04_p086_c003"": [""dense""], ""rbi_mpr_2026_04_p087_c000"": [""bm25""], ""rbi_mpr_2026_04_p088_c000"": [""dense""], ""rbi_mpr_2026_04_p088_c001"": [""dense""], ""rbi_mpr_2026_04_p090_c000"": [""bm25""], ""rbi_mpr_2026_04_p092_c000"": [""bm25""], ""rbi_mpr_2026_04_p094_c000"": [""bm25""], ""rbi_mpr_2026_04_p094_c004"": [""dense""], ""rbi_mpr_2026_04_p095_c000"": [""dense""], ""rbi_mpr_2026_04_p095_c001"": [""dense""], ""rbi_mpr_2026_04_p098_c002"": [""bm25""], ""rbi_mpr_2026_04_p099_c001"": [""dense""], ""rbi_mpr_2026_04_p099_c002"": [""dense""], ""rbi_mpr_2026_04_p100_c000"": [""bm25""], ""rbi_mpr_2026_04_p100_c001"": [""bm25"", ""dense""], ""rbi_mpr_2026_04_p100_c002"": [""bm25"", ""dense""], ""rbi_mpr_2026_04_p100_c003"": [""dense""], ""rbi_mpr_2026_04_p102_c000"": [""bm25""], ""rbi_mpr_2026_04_p103_c003"": [""bm25""], ""rbi_mpr_2026_04_p105_c001"": [""bm25"", ""dense""], ""rbi_mpr_2026_04_p105_c002"": [""dense""], ""rbi_mpr_2026_04_p105_c003"": [""bm25"", ""dense""], ""rbi_mpr_2026_04_p105_c004"": [""dense""], ""rbi_mpr_2026_04_p106_c000"": [""bm25""], ""rbi_mpr_2026_04_p106_c001"": [""dense""], ""rbi_mpr_2026_04_p106_c002"": [""bm25"", ""dense""], ""rbi_mpr_2026_04_p106_c003"": [""dense""], ""rbi_mpr_2026_04_p108_c000"": [""bm25""], ""rbi_mpr_2026_04_p108_c002"": [""bm25""], ""rbi_mpr_2026_04_p109_c000"": [""dense""], ""rbi_mpr_2026_04_p109_c004"": [""dense""], ""rbi_mpr_2026_04_p110_c000"": [""bm25"", ""dense""], ""rbi_mpr_2026_04_p111_c001"": [""bm25"", ""dense""], ""rbi_mpr_2026_04_p112_c000"": [""bm25"", ""dense""], ""rbi_mpr_2026_04_p112_c001"": [""bm25"", ""dense""], ""rbi_mpr_2026_04_p112_c002"": [""dense""], ""rbi_mpr_2026_04_p112_c003"": [""bm25"", ""dense""], ""rbi_mpr_2026_04_p113_c000"": [""dense""], ""rbi_mpr_2026_04_p113_c001"": [""dense""], ""rbi_mpr_2026_04_p113_c002"": [""dense""], ""rbi_mpr_2026_04_p113_c003"": [""dense""], ""rbi_mpr_2026_04_p114_c000"": [""bm25"", ""dense""], ""rbi_mpr_2026_04_p114_c001"": [""dense""], ""rbi_mpr_2026_04_p114_c002"": [""dense""], ""rbi_mpr_2026_04_p115_c004"": [""dense""]}, ""candidate_union_ids"": [""rbi_mpr_2026_04_p105_c002"", ""rbi_mpr_2026_04_p113_c002"", ""rbi_mpr_2026_04_p113_c001"", ""rbi_mpr_2026_04_p113_c000"", ""rbi_mpr_2026_04_p106_c003"", ""rbi_mpr_2026_04_p115_c004"", ""rbi_mpr_2026_04_p105_c003"", ""rbi_mpr_2026_04_p105_c001"", ""rbi_mpr_2026_04_p099_c002"", ""rbi_mpr_2026_04_p100_c002"", ""rbi_mpr_2026_04_p016_c001"", ""rbi_mpr_2026_04_p016_c002"", ""rbi_mpr_2026_04_p105_c004"", ""rbi_mpr_2026_04_p114_c002"", ""rbi_mpr_2026_04_p022_c003"", ""rbi_mpr_2026_04_p086_c000"", ""rbi_mpr_2026_04_p022_c002"", ""rbi_mpr_2026_04_p005_c005"", ""rbi_mpr_2026_04_p005_c004"", ""rbi_mpr_2026_04_p025_c001"", ""rbi_mpr_2026_04_p100_c001"", ""rbi_mpr_2026_04_p017_c002"", ""rbi_mpr_2026_04_p114_c001"", ""rbi_mpr_2026_04_p106_c001"", ""rbi_mpr_2026_04_p112_c000"", ""rbi_mpr_2026_04_p110_c000"", ""rbi_mpr_2026_04_p111_c001"", ""rbi_mpr_2026_04_p013_c004"", ""rbi_mpr_2026_04_p013_c003"", ""rbi_mpr_2026_04_p017_c001"", ""rbi_mpr_2026_04_p114_c000"", ""rbi_mpr_2026_04_p088_c001"", ""rbi_mpr_2026_04_p109_c004"", ""rbi_mpr_2026_04_p112_c001"", ""rbi_mpr_2026_04_p112_c002"", ""rbi_mpr_2026_04_p094_c004"", ""rbi_mpr_2026_04_p099_c001"", ""rbi_mpr_2026_04_p113_c003"", ""rbi_mpr_2026_04_p086_c003"", ""rbi_mpr_2026_04_p034_c000"", ""rbi_mpr_2026_04_p095_c000"", ""rbi_mpr_2026_04_p106_c002"", ""rbi_mpr_2026_04_p021_c000"", ""rbi_mpr_2026_04_p095_c001"", ""rbi_mpr_2026_04_p005_c003"", ""rbi_mpr_2026_04_p112_c003"", ""rbi_mpr_2026_04_p100_c003"", ""rbi_mpr_2026_04_p088_c000"", ""rbi_mpr_2026_04_p016_c000"", ""rbi_mpr_2026_04_p109_c000"", ""rbi_mpr_2026_04_p087_c000"", ""rbi_mpr_2026_04_p023_c000"", ""rbi_mpr_2026_04_p046_c000"", ""rbi_mpr_2026_04_p072_c000"", ""rbi_mpr_2026_04_p085_c003"", ""rbi_mpr_2026_04_p050_c000"", ""rbi_mpr_2026_04_p020_c000"", ""rbi_mpr_2026_04_p108_c002"", ""rbi_mpr_2026_04_p102_c000"", ""rbi_mpr_2026_04_p024_c000"", ""rbi_mpr_2026_04_p084_c000"", ""rbi_mpr_2026_04_p056_c000"", ""rbi_mpr_2026_04_p090_c000"", ""rbi_mpr_2026_04_p080_c000"", ""rbi_mpr_2026_04_p082_c000"", ""rbi_mpr_2026_04_p106_c000"", ""rbi_mpr_2026_04_p100_c000"", ""rbi_mpr_2026_04_p081_c005"", ""rbi_mpr_2026_04_p014_c004"", ""rbi_mpr_2026_04_p092_c000"", ""rbi_mpr_2026_04_p098_c002"", ""rbi_mpr_2026_04_p083_c000"", ""rbi_mpr_2026_04_p085_c000"", ""rbi_mpr_2026_04_p094_c000"", ""rbi_mpr_2026_04_p048_c000"", ""rbi_mpr_2026_04_p103_c003"", ""rbi_mpr_2026_04_p076_c000"", ""rbi_mpr_2026_04_p085_c002"", ""rbi_mpr_2026_04_p079_c000"", ""rbi_mpr_2026_04_p081_c004"", ""rbi_mpr_2026_04_p021_c002"", ""rbi_mpr_2026_04_p026_c000"", ""rbi_mpr_2026_04_p066_c000"", ""rbi_mpr_2026_04_p108_c000""], ""candidate_union_pages"": [105, 113, 113, 113, 106, 115, 105, 105, 99, 100, 16, 16, 105, 114, 22, 86, 22, 5, 5, 25, 100, 17, 114, 106, 112, 110, 111, 13, 13, 17, 114, 88, 109, 112, 112, 94, 99, 113, 86, 34, 95, 106, 21, 95, 5, 112, 100, 88, 16, 109, 87, 23, 46, 72, 85, 50, 20, 108, 102, 24, 84, 56, 90, 80, 82, 106, 100, 81, 14, 92, 98, 83, 85, 94, 48, 103, 76, 85, 79, 81, 21, 26, 66, 108], ""dense_candidate_ids"": [""rbi_mpr_2026_04_p105_c002"", ""rbi_mpr_2026_04_p113_c002"", ""rbi_mpr_2026_04_p113_c001"", ""rbi_mpr_2026_04_p113_c000"", ""rbi_mpr_2026_04_p106_c003"", ""rbi_mpr_2026_04_p115_c004"", ""rbi_mpr_2026_04_p105_c003"", ""rbi_mpr_2026_04_p105_c001"", ""rbi_mpr_2026_04_p099_c002"", ""rbi_mpr_2026_04_p100_c002"", ""rbi_mpr_2026_04_p016_c001"", ""rbi_mpr_2026_04_p016_c002"", ""rbi_mpr_2026_04_p105_c004"", ""rbi_mpr_2026_04_p114_c002"", ""rbi_mpr_2026_04_p022_c003"", ""rbi_mpr_2026_04_p086_c000"", ""rbi_mpr_2026_04_p022_c002"", ""rbi_mpr_2026_04_p005_c005"", ""rbi_mpr_2026_04_p005_c004"", ""rbi_mpr_2026_04_p025_c001"", ""rbi_mpr_2026_04_p100_c001"", ""rbi_mpr_2026_04_p017_c002"", ""rbi_mpr_2026_04_p114_c001"", ""rbi_mpr_2026_04_p106_c001"", ""rbi_mpr_2026_04_p112_c000"", ""rbi_mpr_2026_04_p110_c000"", ""rbi_mpr_2026_04_p111_c001"", ""rbi_mpr_2026_04_p013_c004"", ""rbi_mpr_2026_04_p013_c003"", ""rbi_mpr_2026_04_p017_c001"", ""rbi_mpr_2026_04_p114_c000"", ""rbi_mpr_2026_04_p088_c001"", ""rbi_mpr_2026_04_p109_c004"", ""rbi_mpr_2026_04_p112_c001"", ""rbi_mpr_2026_04_p112_c002"", ""rbi_mpr_2026_04_p094_c004"", ""rbi_mpr_2026_04_p099_c001"", ""rbi_mpr_2026_04_p113_c003"", ""rbi_mpr_2026_04_p086_c003"", ""rbi_mpr_2026_04_p034_c000"", ""rbi_mpr_2026_04_p095_c000"", ""rbi_mpr_2026_04_p106_c002"", ""rbi_mpr_2026_04_p021_c000"", ""rbi_mpr_2026_04_p095_c001"", ""rbi_mpr_2026_04_p005_c003"", ""rbi_mpr_2026_04_p112_c003"", ""rbi_mpr_2026_04_p100_c003"", ""rbi_mpr_2026_04_p088_c000"", ""rbi_mpr_2026_04_p016_c000"", ""rbi_mpr_2026_04_p109_c000""], ""dense_candidate_pages"": [105, 113, 113, 113, 106, 115, 105, 105, 99, 100, 16, 16, 105, 114, 22, 86, 22, 5, 5, 25, 100, 17, 114, 106, 112, 110, 111, 13, 13, 17, 114, 88, 109, 112, 112, 94, 99, 113, 86, 34, 95, 106, 21, 95, 5, 112, 100, 88, 16, 109], ""dense_candidate_scores"": [0.4903900634813181, 0.48556357497724456, 0.4384562531308609, 0.3693496250609428, 0.3625556795215322, 0.35920272913509654, 0.35140686871288496, 0.35011519424657167, 0.3437163332651022, 0.2914856826605827, 0.2873031137080586, 0.2870759421945849, 0.28352852624911995, 0.2699102051456739, 0.244383966345051, 0.24241916456117008, 0.24138842123398763, 0.233056410751869, 0.22505980489020005, 0.22368775638377647, 0.21892710125707693, 0.21743206824669847, 0.21146281009210055, 0.20931306793695392, 0.20689358595133756, 0.19954334415843167, 0.1990992006688238, 0.19569289237217335, 0.19336562769109888, 0.1881183450514925, 0.18597391339925828, 0.18452085864999668, 0.18303653093913996, 0.1716420461505228, 0.1714963023483721, 0.1697950869550784, 0.16937513575651586, 0.1669177216072396, 0.1657339009262656, 0.16354875541836988, 0.15870043484676766, 0.15755960395127477, 0.15474975785475054, 0.1504086324581284, 0.14626981193435862, 0.14243200420265367, 0.1387993673294997, 0.1387556189007454, 0.13832201212326534, 0.1321403338521725], ""dense_first_evidence_rank"": 18, ""evidence_rank_after_reranking"": 23, ""evidence_rank_before_reranking"": 11, ""expected_evidence"": [""surge in global crude oil prices since the West Asia conflict""], ""loss_stage"": ""lost_by_quota"", ""report_id"": ""rbi_mpr_2026_04"", ""reranker_input_ids"": [""rbi_mpr_2026_04_p105_c003"", ""rbi_mpr_2026_04_p086_c000"", ""rbi_mpr_2026_04_p112_c000"", ""rbi_mpr_2026_04_p100_c002"", ""rbi_mpr_2026_04_p105_c001"", ""rbi_mpr_2026_04_p110_c000"", ""rbi_mpr_2026_04_p112_c001"", ""rbi_mpr_2026_04_p114_c000"", ""rbi_mpr_2026_04_p100_c001"", ""rbi_mpr_2026_04_p111_c001"", ""rbi_mpr_2026_04_p005_c004"", ""rbi_mpr_2026_04_p005_c003"", ""rbi_mpr_2026_04_p106_c002"", ""rbi_mpr_2026_04_p021_c000"", ""rbi_mpr_2026_04_p034_c000"", ""rbi_mpr_2026_04_p112_c003"", ""rbi_mpr_2026_04_p105_c002"", ""rbi_mpr_2026_04_p113_c002"", ""rbi_mpr_2026_04_p087_c000"", ""rbi_mpr_2026_04_p113_c001"", ""rbi_mpr_2026_04_p023_c000"", ""rbi_mpr_2026_04_p113_c000"", ""rbi_mpr_2026_04_p106_c003"", ""rbi_mpr_2026_04_p115_c004"", ""rbi_mpr_2026_04_p046_c000"", ""rbi_mpr_2026_04_p099_c002"", ""rbi_mpr_2026_04_p072_c000"", ""rbi_mpr_2026_04_p085_c003"", ""rbi_mpr_2026_04_p016_c001"", ""rbi_mpr_2026_04_p050_c000""], ""reranker_input_pages"": [105, 86, 112, 100, 105, 110, 112, 114, 100, 111, 5, 5, 106, 21, 34, 112, 105, 113, 87, 113, 23, 113, 106, 115, 46, 99, 72, 85, 16, 50], ""reranker_input_ranks"": [1, 2, 3, 4, 5, 6, 7, 8, 9, 10, 11, 12, 13, 14, 15, 16, 17, 18, 19, 20, 21, 22, 23, 24, 25, 26, 27, 28, 29, 30], ""reranker_output_ids"": [""rbi_mpr_2026_04_p105_c002"", ""rbi_mpr_2026_04_p105_c003"", ""rbi_mpr_2026_04_p112_c000"", ""rbi_mpr_2026_04_p114_c000"", ""rbi_mpr_2026_04_p110_c000"", ""rbi_mpr_2026_04_p034_c000"", ""rbi_mpr_2026_04_p105_c001"", ""rbi_mpr_2026_04_p113_c002"", ""rbi_mpr_2026_04_p099_c002"", ""rbi_mpr_2026_04_p100_c002"", ""rbi_mpr_2026_04_p086_c000"", ""rbi_mpr_2026_04_p112_c001"", ""rbi_mpr_2026_04_p111_c001"", ""rbi_mpr_2026_04_p046_c000"", ""rbi_mpr_2026_04_p113_c001"", ""rbi_mpr_2026_04_p106_c002"", ""rbi_mpr_2026_04_p021_c000"", ""rbi_mpr_2026_04_p106_c003"", ""rbi_mpr_2026_04_p115_c004"", ""rbi_mpr_2026_04_p072_c000"", ""rbi_mpr_2026_04_p113_c000"", ""rbi_mpr_2026_04_p016_c001"", ""rbi_mpr_2026_04_p005_c004"", ""rbi_mpr_2026_04_p085_c003"", ""rbi_mpr_2026_04_p005_c003"", ""rbi_mpr_2026_04_p087_c000"", ""rbi_mpr_2026_04_p050_c000"", ""rbi_mpr_2026_04_p100_c001"", ""rbi_mpr_2026_04_p023_c000"", ""rbi_mpr_2026_04_p112_c003""], ""reranker_output_pages"": [105, 105, 112, 114, 110, 34, 105, 113, 99, 100, 86, 112, 111, 46, 113, 106, 21, 106, 115, 72, 113, 16, 5, 85, 5, 87, 50, 100, 23, 112], ""reranker_scores"": [5.170605659484863, 4.923913478851318, 4.8196258544921875, 4.7157392501831055, 4.342984199523926, 4.276145935058594, 4.089268684387207, 3.4817893505096436, 3.2006378173828125, 2.9226932525634766, 2.5614614486694336, 2.4046897888183594, 2.266684055328369, 1.7870769500732422, 1.7576394081115723, 1.016683578491211, 0.9657509326934814, 0.7936867475509644, 0.6773310303688049, 0.608806312084198, 0.05322307348251343, -0.12142335623502731, -0.5831880569458008, -0.7490785121917725, -0.8512606024742126, -1.0927586555480957, -1.2858097553253174, -1.931636095046997, -2.0560779571533203, -8.697546005249023], ""rrf_candidate_ids"": [""rbi_mpr_2026_04_p105_c003"", ""rbi_mpr_2026_04_p086_c000"", ""rbi_mpr_2026_04_p112_c000"", ""rbi_mpr_2026_04_p100_c002"", ""rbi_mpr_2026_04_p105_c001"", ""rbi_mpr_2026_04_p110_c000"", ""rbi_mpr_2026_04_p112_c001"", ""rbi_mpr_2026_04_p114_c000"", ""rbi_mpr_2026_04_p100_c001"", ""rbi_mpr_2026_04_p111_c001"", ""rbi_mpr_2026_04_p005_c004"", ""rbi_mpr_2026_04_p005_c003"", ""rbi_mpr_2026_04_p106_c002"", ""rbi_mpr_2026_04_p021_c000"", ""rbi_mpr_2026_04_p034_c000"", ""rbi_mpr_2026_04_p112_c003"", ""rbi_mpr_2026_04_p105_c002"", ""rbi_mpr_2026_04_p113_c002"", ""rbi_mpr_2026_04_p087_c000"", ""rbi_mpr_2026_04_p113_c001"", ""rbi_mpr_2026_04_p023_c000"", ""rbi_mpr_2026_04_p113_c000"", ""rbi_mpr_2026_04_p106_c003"", ""rbi_mpr_2026_04_p115_c004"", ""rbi_mpr_2026_04_p046_c000"", ""rbi_mpr_2026_04_p099_c002"", ""rbi_mpr_2026_04_p072_c000"", ""rbi_mpr_2026_04_p085_c003"", ""rbi_mpr_2026_04_p016_c001"", ""rbi_mpr_2026_04_p050_c000""], ""rrf_candidate_pages"": [105, 86, 112, 100, 105, 110, 112, 114, 100, 111, 5, 5, 106, 21, 34, 112, 105, 113, 87, 113, 23, 113, 106, 115, 46, 99, 72, 85, 16, 50], ""rrf_first_evidence_rank"": 11, ""rrf_scores"": [0.03055037313432836, 0.02854251012145749, 0.02815814850530376, 0.027984344422700584, 0.027692895339954164, 0.026333789329685362, 0.02578981302385558, 0.024502524502524506, 0.023973585989089864, 0.023839931885908897, 0.02329652572044169, 0.02285714285714286, 0.02262443438914027, 0.01951265943270512, 0.019174311926605507, 0.018957771787960466, 0.01639344262295082, 0.016129032258064516, 0.016129032258064516, 0.015873015873015872, 0.015873015873015872, 0.015625, 0.015384615384615385, 0.015151515151515152, 0.014925373134328358, 0.014492753623188406, 0.014492753623188406, 0.014285714285714285, 0.014084507042253521, 0.014084507042253521], ""selected_chunk_ids_after_dedup"": [""rbi_mpr_2026_04_p105_c002"", ""rbi_mpr_2026_04_p105_c003"", ""rbi_mpr_2026_04_p112_c000""], ""selected_chunk_ids_before_dedup"": [""rbi_mpr_2026_04_p105_c002"", ""rbi_mpr_2026_04_p105_c003"", ""rbi_mpr_2026_04_p112_c000""], ""selected_pages"": [105, 105, 112]}}","{""rbi_mpr_2025_04"": true, ""rbi_mpr_2026_04"": false}","{""rbi_mpr_2025_04"": 1.0, ""rbi_mpr_2026_04"": 0.0}",[],"[""2025"", ""2026""]",0.13760000001639128,pairwise_comparison,cmp_dev_011,"[""Compare""]",0.0,"{""rbi_mpr_2025_04"": 3, ""rbi_mpr_2026_04"": 3}",1.0,"[""rbi_mpr_2025_04"", ""rbi_mpr_2026_04""]",3584.5319000072777,0.15219999477267265,5934,6,0.0046000059228390455,dev,3674.0387000027113,5
False,6.225299992365763,0.3691000019898638,False,04a5ce7716e7f739c55089569953118657c56d931da37da67b3f680d0125b949,0,0.021500003640539944,bf7cf18e02abb87a6e22fe9b686d8f93fa34ceb3f67abc575741c0a63080b56d,0.2972000074805692,70.31150000693742,0,1452,0.5,[],RRF_K60,[],0.3370000049471855,d063b65fcefc1858e3315b9e67356a80310b8ae9b4d0864e98dd7c18d8553c1a,0.5,Compare central-government borrowing context in April 2025 and April 2026.,Compare central-government borrowing context in April 2025 and April 2026.,"{""rbi_mpr_2025_04"": {""accepted_evidence_found"": false, ""accepted_pages"": [57], ""bm25_candidate_ids"": [""rbi_mpr_2025_04_p104_c003"", ""rbi_mpr_2025_04_p060_c000"", ""rbi_mpr_2025_04_p076_c000"", ""rbi_mpr_2025_04_p015_c001"", ""rbi_mpr_2025_04_p068_c000"", ""rbi_mpr_2025_04_p099_c002"", ""rbi_mpr_2025_04_p092_c000"", ""rbi_mpr_2025_04_p069_c004"", ""rbi_mpr_2025_04_p040_c000"", ""rbi_mpr_2025_04_p082_c001"", ""rbi_mpr_2025_04_p038_c000"", ""rbi_mpr_2025_04_p024_c000"", ""rbi_mpr_2025_04_p078_c001"", ""rbi_mpr_2025_04_p078_c002"", ""rbi_mpr_2025_04_p035_c000"", ""rbi_mpr_2025_04_p032_c000"", ""rbi_mpr_2025_04_p066_c000"", ""rbi_mpr_2025_04_p018_c000"", ""rbi_mpr_2025_04_p014_c000"", ""rbi_mpr_2025_04_p048_c000"", ""rbi_mpr_2025_04_p069_c005"", ""rbi_mpr_2025_04_p070_c000"", ""rbi_mpr_2025_04_p044_c000"", ""rbi_mpr_2025_04_p104_c000"", ""rbi_mpr_2025_04_p098_c000"", ""rbi_mpr_2025_04_p101_c002"", ""rbi_mpr_2025_04_p112_c000"", ""rbi_mpr_2025_04_p036_c000"", ""rbi_mpr_2025_04_p016_c000"", ""rbi_mpr_2025_04_p046_c000"", ""rbi_mpr_2025_04_p034_c000"", ""rbi_mpr_2025_04_p030_c000"", ""rbi_mpr_2025_04_p014_c001"", ""rbi_mpr_2025_04_p106_c000"", ""rbi_mpr_2025_04_p078_c000"", ""rbi_mpr_2025_04_p074_c000"", ""rbi_mpr_2025_04_p090_c001"", ""rbi_mpr_2025_04_p020_c000"", ""rbi_mpr_2025_04_p056_c000"", ""rbi_mpr_2025_04_p058_c000"", ""rbi_mpr_2025_04_p114_c000"", ""rbi_mpr_2025_04_p042_c000"", ""rbi_mpr_2025_04_p057_c000"", ""rbi_mpr_2025_04_p100_c000"", ""rbi_mpr_2025_04_p084_c000"", ""rbi_mpr_2025_04_p068_c001"", ""rbi_mpr_2025_04_p103_c002"", ""rbi_mpr_2025_04_p022_c000"", ""rbi_mpr_2025_04_p099_c001"", ""rbi_mpr_2025_04_p028_c004""], ""bm25_candidate_pages"": [104, 60, 76, 15, 68, 99, 92, 69, 40, 82, 38, 24, 78, 78, 35, 32, 66, 18, 14, 48, 69, 70, 44, 104, 98, 101, 112, 36, 16, 46, 34, 30, 14, 106, 78, 74, 90, 20, 56, 58, 114, 42, 57, 100, 84, 68, 103, 22, 99, 28], ""bm25_candidate_scores"": [null, null, null, null, null, null, null, null, null, null, null, null, null, null, null, null, null, null, null, null, null, null, null, null, null, null, null, null, null, null, null, null, null, null, null, null, null, null, null, null, null, null, null, null, null, null, null, null, null, null], ""bm25_first_evidence_rank"": 43, ""candidate_source_expansion"": {""rbi_mpr_2025_04_p003_c000"": [], ""rbi_mpr_2025_04_p011_c000"": [], ""rbi_mpr_2025_04_p011_c001"": [], ""rbi_mpr_2025_04_p012_c001"": [], ""rbi_mpr_2025_04_p012_c002"": [], ""rbi_mpr_2025_04_p013_c000"": [], ""rbi_mpr_2025_04_p014_c000"": [], ""rbi_mpr_2025_04_p014_c001"": [], ""rbi_mpr_2025_04_p015_c001"": [], ""rbi_mpr_2025_04_p015_c002"": [], ""rbi_mpr_2025_04_p016_c000"": [], ""rbi_mpr_2025_04_p017_c002"": [], ""rbi_mpr_2025_04_p018_c000"": [], ""rbi_mpr_2025_04_p018_c003"": [], ""rbi_mpr_2025_04_p019_c000"": [], ""rbi_mpr_2025_04_p019_c001"": [], ""rbi_mpr_2025_04_p019_c002"": [], ""rbi_mpr_2025_04_p020_c000"": [], ""rbi_mpr_2025_04_p022_c000"": [], ""rbi_mpr_2025_04_p023_c002"": [], ""rbi_mpr_2025_04_p024_c000"": [], ""rbi_mpr_2025_04_p028_c004"": [], ""rbi_mpr_2025_04_p030_c000"": [], ""rbi_mpr_2025_04_p032_c000"": [], ""rbi_mpr_2025_04_p034_c000"": [], ""rbi_mpr_2025_04_p035_c000"": [], ""rbi_mpr_2025_04_p036_c000"": [], ""rbi_mpr_2025_04_p038_c000"": [], ""rbi_mpr_2025_04_p040_c000"": [], ""rbi_mpr_2025_04_p042_c000"": [], ""rbi_mpr_2025_04_p044_c000"": [], ""rbi_mpr_2025_04_p046_c000"": [], ""rbi_mpr_2025_04_p048_c000"": [], ""rbi_mpr_2025_04_p052_c000"": [], ""rbi_mpr_2025_04_p053_c001"": [], ""rbi_mpr_2025_04_p054_c000"": [], ""rbi_mpr_2025_04_p054_c001"": [], ""rbi_mpr_2025_04_p055_c001"": [], ""rbi_mpr_2025_04_p055_c002"": [], ""rbi_mpr_2025_04_p056_c000"": [], ""rbi_mpr_2025_04_p057_c000"": [], ""rbi_mpr_2025_04_p057_c003"": [], ""rbi_mpr_2025_04_p058_c000"": [], ""rbi_mpr_2025_04_p059_c000"": [], ""rbi_mpr_2025_04_p060_c000"": [], ""rbi_mpr_2025_04_p066_c000"": [], ""rbi_mpr_2025_04_p068_c000"": [], ""rbi_mpr_2025_04_p068_c001"": [], ""rbi_mpr_2025_04_p069_c000"": [], ""rbi_mpr_2025_04_p069_c004"": [], ""rbi_mpr_2025_04_p069_c005"": [], ""rbi_mpr_2025_04_p070_c000"": [], ""rbi_mpr_2025_04_p073_c001"": [], ""rbi_mpr_2025_04_p073_c004"": [], ""rbi_mpr_2025_04_p073_c005"": [], ""rbi_mpr_2025_04_p074_c000"": [], ""rbi_mpr_2025_04_p074_c003"": [], ""rbi_mpr_2025_04_p076_c000"": [], ""rbi_mpr_2025_04_p078_c000"": [], ""rbi_mpr_2025_04_p078_c001"": [], ""rbi_mpr_2025_04_p078_c002"": [], ""rbi_mpr_2025_04_p082_c001"": [], ""rbi_mpr_2025_04_p082_c002"": [], ""rbi_mpr_2025_04_p084_c000"": [], ""rbi_mpr_2025_04_p090_c001"": [], ""rbi_mpr_2025_04_p091_c002"": [], ""rbi_mpr_2025_04_p092_c000"": [], ""rbi_mpr_2025_04_p093_c002"": [], ""rbi_mpr_2025_04_p094_c000"": [], ""rbi_mpr_2025_04_p094_c001"": [], ""rbi_mpr_2025_04_p094_c002"": [], ""rbi_mpr_2025_04_p094_c003"": [], ""rbi_mpr_2025_04_p096_c000"": [], ""rbi_mpr_2025_04_p096_c001"": [], ""rbi_mpr_2025_04_p096_c002"": [], ""rbi_mpr_2025_04_p098_c000"": [], ""rbi_mpr_2025_04_p099_c001"": [], ""rbi_mpr_2025_04_p099_c002"": [], ""rbi_mpr_2025_04_p100_c000"": [], ""rbi_mpr_2025_04_p101_c002"": [], ""rbi_mpr_2025_04_p102_c001"": [], ""rbi_mpr_2025_04_p102_c002"": [], ""rbi_mpr_2025_04_p103_c002"": [], ""rbi_mpr_2025_04_p104_c000"": [], ""rbi_mpr_2025_04_p104_c003"": [], ""rbi_mpr_2025_04_p106_c000"": [], ""rbi_mpr_2025_04_p110_c001"": [], ""rbi_mpr_2025_04_p112_c000"": [], ""rbi_mpr_2025_04_p114_c000"": [], ""rbi_mpr_2025_04_p114_c001"": [], ""rbi_mpr_2026_04_p005_c001"": [], ""rbi_mpr_2026_04_p007_c000"": [], ""rbi_mpr_2026_04_p007_c001"": [], ""rbi_mpr_2026_04_p013_c003"": [], ""rbi_mpr_2026_04_p013_c004"": [], ""rbi_mpr_2026_04_p014_c000"": [], ""rbi_mpr_2026_04_p014_c004"": [], ""rbi_mpr_2026_04_p016_c000"": [], ""rbi_mpr_2026_04_p020_c000"": [], ""rbi_mpr_2026_04_p021_c000"": [], ""rbi_mpr_2026_04_p021_c001"": [], ""rbi_mpr_2026_04_p021_c002"": [], ""rbi_mpr_2026_04_p022_c000"": [], ""rbi_mpr_2026_04_p024_c000"": [], ""rbi_mpr_2026_04_p025_c001"": [], ""rbi_mpr_2026_04_p026_c000"": [], ""rbi_mpr_2026_04_p028_c000"": [], ""rbi_mpr_2026_04_p028_c002"": [], ""rbi_mpr_2026_04_p028_c003"": [], ""rbi_mpr_2026_04_p030_c000"": [], ""rbi_mpr_2026_04_p030_c002"": [], ""rbi_mpr_2026_04_p031_c000"": [], ""rbi_mpr_2026_04_p032_c000"": [], ""rbi_mpr_2026_04_p034_c000"": [], ""rbi_mpr_2026_04_p037_c001"": [], ""rbi_mpr_2026_04_p040_c000"": [], ""rbi_mpr_2026_04_p044_c002"": [], ""rbi_mpr_2026_04_p046_c000"": [], ""rbi_mpr_2026_04_p048_c000"": [], ""rbi_mpr_2026_04_p048_c003"": [], ""rbi_mpr_2026_04_p049_c003"": [], ""rbi_mpr_2026_04_p050_c000"": [], ""rbi_mpr_2026_04_p050_c003"": [], ""rbi_mpr_2026_04_p051_c000"": [], ""rbi_mpr_2026_04_p052_c000"": [], ""rbi_mpr_2026_04_p052_c003"": [], ""rbi_mpr_2026_04_p054_c000"": [], ""rbi_mpr_2026_04_p055_c003"": [], ""rbi_mpr_2026_04_p056_c000"": [], ""rbi_mpr_2026_04_p058_c000"": [], ""rbi_mpr_2026_04_p059_c000"": [], ""rbi_mpr_2026_04_p060_c000"": [], ""rbi_mpr_2026_04_p062_c000"": [], ""rbi_mpr_2026_04_p062_c001"": [], ""rbi_mpr_2026_04_p062_c002"": [], ""rbi_mpr_2026_04_p063_c000"": [], ""rbi_mpr_2026_04_p063_c001"": [], ""rbi_mpr_2026_04_p063_c002"": [], ""rbi_mpr_2026_04_p063_c003"": [], ""rbi_mpr_2026_04_p064_c001"": [], ""rbi_mpr_2026_04_p064_c002"": [], ""rbi_mpr_2026_04_p064_c003"": [], ""rbi_mpr_2026_04_p065_c000"": [], ""rbi_mpr_2026_04_p066_c000"": [], ""rbi_mpr_2026_04_p069_c000"": [], ""rbi_mpr_2026_04_p069_c001"": [], ""rbi_mpr_2026_04_p072_c000"": [], ""rbi_mpr_2026_04_p076_c000"": [], ""rbi_mpr_2026_04_p080_c000"": [], ""rbi_mpr_2026_04_p082_c000"": [], ""rbi_mpr_2026_04_p082_c002"": [], ""rbi_mpr_2026_04_p084_c000"": [], ""rbi_mpr_2026_04_p085_c000"": [], ""rbi_mpr_2026_04_p085_c002"": [], ""rbi_mpr_2026_04_p085_c003"": [], ""rbi_mpr_2026_04_p086_c000"": [], ""rbi_mpr_2026_04_p087_c000"": [], ""rbi_mpr_2026_04_p088_c000"": [], ""rbi_mpr_2026_04_p090_c000"": [], ""rbi_mpr_2026_04_p092_c000"": [], ""rbi_mpr_2026_04_p094_c000"": [], ""rbi_mpr_2026_04_p094_c004"": [], ""rbi_mpr_2026_04_p098_c002"": [], ""rbi_mpr_2026_04_p099_c002"": [], ""rbi_mpr_2026_04_p100_c000"": [], ""rbi_mpr_2026_04_p100_c004"": [], ""rbi_mpr_2026_04_p102_c000"": [], ""rbi_mpr_2026_04_p102_c002"": [], ""rbi_mpr_2026_04_p104_c003"": [], ""rbi_mpr_2026_04_p104_c005"": [], ""rbi_mpr_2026_04_p105_c003"": [], ""rbi_mpr_2026_04_p106_c000"": [], ""rbi_mpr_2026_04_p106_c001"": [], ""rbi_mpr_2026_04_p107_c003"": [], ""rbi_mpr_2026_04_p108_c000"": [], ""rbi_mpr_2026_04_p109_c003"": [], ""rbi_mpr_2026_04_p109_c004"": [], ""rbi_mpr_2026_04_p110_c000"": [], ""rbi_mpr_2026_04_p112_c000"": [], ""rbi_mpr_2026_04_p113_c004"": [], ""rbi_mpr_2026_04_p115_c003"": [], ""rbi_mpr_2026_04_p116_c000"": []}, ""candidate_source_facet"": {""rbi_mpr_2025_04_p003_c000"": [], ""rbi_mpr_2025_04_p011_c000"": [], ""rbi_mpr_2025_04_p011_c001"": [], ""rbi_mpr_2025_04_p012_c001"": [], ""rbi_mpr_2025_04_p012_c002"": [], ""rbi_mpr_2025_04_p013_c000"": [], ""rbi_mpr_2025_04_p014_c000"": [], ""rbi_mpr_2025_04_p014_c001"": [], ""rbi_mpr_2025_04_p015_c001"": [], ""rbi_mpr_2025_04_p015_c002"": [], ""rbi_mpr_2025_04_p016_c000"": [], ""rbi_mpr_2025_04_p017_c002"": [], ""rbi_mpr_2025_04_p018_c000"": [], ""rbi_mpr_2025_04_p018_c003"": [], ""rbi_mpr_2025_04_p019_c000"": [], ""rbi_mpr_2025_04_p019_c001"": [], ""rbi_mpr_2025_04_p019_c002"": [], ""rbi_mpr_2025_04_p020_c000"": [], ""rbi_mpr_2025_04_p022_c000"": [], ""rbi_mpr_2025_04_p023_c002"": [], ""rbi_mpr_2025_04_p024_c000"": [], ""rbi_mpr_2025_04_p028_c004"": [], ""rbi_mpr_2025_04_p030_c000"": [], ""rbi_mpr_2025_04_p032_c000"": [], ""rbi_mpr_2025_04_p034_c000"": [], ""rbi_mpr_2025_04_p035_c000"": [], ""rbi_mpr_2025_04_p036_c000"": [], ""rbi_mpr_2025_04_p038_c000"": [], ""rbi_mpr_2025_04_p040_c000"": [], ""rbi_mpr_2025_04_p042_c000"": [], ""rbi_mpr_2025_04_p044_c000"": [], ""rbi_mpr_2025_04_p046_c000"": [], ""rbi_mpr_2025_04_p048_c000"": [], ""rbi_mpr_2025_04_p052_c000"": [], ""rbi_mpr_2025_04_p053_c001"": [], ""rbi_mpr_2025_04_p054_c000"": [], ""rbi_mpr_2025_04_p054_c001"": [], ""rbi_mpr_2025_04_p055_c001"": [], ""rbi_mpr_2025_04_p055_c002"": [], ""rbi_mpr_2025_04_p056_c000"": [], ""rbi_mpr_2025_04_p057_c000"": [], ""rbi_mpr_2025_04_p057_c003"": [], ""rbi_mpr_2025_04_p058_c000"": [], ""rbi_mpr_2025_04_p059_c000"": [], ""rbi_mpr_2025_04_p060_c000"": [], ""rbi_mpr_2025_04_p066_c000"": [], ""rbi_mpr_2025_04_p068_c000"": [], ""rbi_mpr_2025_04_p068_c001"": [], ""rbi_mpr_2025_04_p069_c000"": [], ""rbi_mpr_2025_04_p069_c004"": [], ""rbi_mpr_2025_04_p069_c005"": [], ""rbi_mpr_2025_04_p070_c000"": [], ""rbi_mpr_2025_04_p073_c001"": [], ""rbi_mpr_2025_04_p073_c004"": [], ""rbi_mpr_2025_04_p073_c005"": [], ""rbi_mpr_2025_04_p074_c000"": [], ""rbi_mpr_2025_04_p074_c003"": [], ""rbi_mpr_2025_04_p076_c000"": [], ""rbi_mpr_2025_04_p078_c000"": [], ""rbi_mpr_2025_04_p078_c001"": [], ""rbi_mpr_2025_04_p078_c002"": [], ""rbi_mpr_2025_04_p082_c001"": [], ""rbi_mpr_2025_04_p082_c002"": [], ""rbi_mpr_2025_04_p084_c000"": [], ""rbi_mpr_2025_04_p090_c001"": [], ""rbi_mpr_2025_04_p091_c002"": [], ""rbi_mpr_2025_04_p092_c000"": [], ""rbi_mpr_2025_04_p093_c002"": [], ""rbi_mpr_2025_04_p094_c000"": [], ""rbi_mpr_2025_04_p094_c001"": [], ""rbi_mpr_2025_04_p094_c002"": [], ""rbi_mpr_2025_04_p094_c003"": [], ""rbi_mpr_2025_04_p096_c000"": [], ""rbi_mpr_2025_04_p096_c001"": [], ""rbi_mpr_2025_04_p096_c002"": [], ""rbi_mpr_2025_04_p098_c000"": [], ""rbi_mpr_2025_04_p099_c001"": [], ""rbi_mpr_2025_04_p099_c002"": [], ""rbi_mpr_2025_04_p100_c000"": [], ""rbi_mpr_2025_04_p101_c002"": [], ""rbi_mpr_2025_04_p102_c001"": [], ""rbi_mpr_2025_04_p102_c002"": [], ""rbi_mpr_2025_04_p103_c002"": [], ""rbi_mpr_2025_04_p104_c000"": [], ""rbi_mpr_2025_04_p104_c003"": [], ""rbi_mpr_2025_04_p106_c000"": [], ""rbi_mpr_2025_04_p110_c001"": [], ""rbi_mpr_2025_04_p112_c000"": [], ""rbi_mpr_2025_04_p114_c000"": [], ""rbi_mpr_2025_04_p114_c001"": [], ""rbi_mpr_2026_04_p005_c001"": [], ""rbi_mpr_2026_04_p007_c000"": [], ""rbi_mpr_2026_04_p007_c001"": [], ""rbi_mpr_2026_04_p013_c003"": [], ""rbi_mpr_2026_04_p013_c004"": [], ""rbi_mpr_2026_04_p014_c000"": [], ""rbi_mpr_2026_04_p014_c004"": [], ""rbi_mpr_2026_04_p016_c000"": [], ""rbi_mpr_2026_04_p020_c000"": [], ""rbi_mpr_2026_04_p021_c000"": [], ""rbi_mpr_2026_04_p021_c001"": [], ""rbi_mpr_2026_04_p021_c002"": [], ""rbi_mpr_2026_04_p022_c000"": [], ""rbi_mpr_2026_04_p024_c000"": [], ""rbi_mpr_2026_04_p025_c001"": [], ""rbi_mpr_2026_04_p026_c000"": [], ""rbi_mpr_2026_04_p028_c000"": [], ""rbi_mpr_2026_04_p028_c002"": [], ""rbi_mpr_2026_04_p028_c003"": [], ""rbi_mpr_2026_04_p030_c000"": [], ""rbi_mpr_2026_04_p030_c002"": [], ""rbi_mpr_2026_04_p031_c000"": [], ""rbi_mpr_2026_04_p032_c000"": [], ""rbi_mpr_2026_04_p034_c000"": [], ""rbi_mpr_2026_04_p037_c001"": [], ""rbi_mpr_2026_04_p040_c000"": [], ""rbi_mpr_2026_04_p044_c002"": [], ""rbi_mpr_2026_04_p046_c000"": [], ""rbi_mpr_2026_04_p048_c000"": [], ""rbi_mpr_2026_04_p048_c003"": [], ""rbi_mpr_2026_04_p049_c003"": [], ""rbi_mpr_2026_04_p050_c000"": [], ""rbi_mpr_2026_04_p050_c003"": [], ""rbi_mpr_2026_04_p051_c000"": [], ""rbi_mpr_2026_04_p052_c000"": [], ""rbi_mpr_2026_04_p052_c003"": [], ""rbi_mpr_2026_04_p054_c000"": [], ""rbi_mpr_2026_04_p055_c003"": [], ""rbi_mpr_2026_04_p056_c000"": [], ""rbi_mpr_2026_04_p058_c000"": [], ""rbi_mpr_2026_04_p059_c000"": [], ""rbi_mpr_2026_04_p060_c000"": [], ""rbi_mpr_2026_04_p062_c000"": [], ""rbi_mpr_2026_04_p062_c001"": [], ""rbi_mpr_2026_04_p062_c002"": [], ""rbi_mpr_2026_04_p063_c000"": [], ""rbi_mpr_2026_04_p063_c001"": [], ""rbi_mpr_2026_04_p063_c002"": [], ""rbi_mpr_2026_04_p063_c003"": [], ""rbi_mpr_2026_04_p064_c001"": [], ""rbi_mpr_2026_04_p064_c002"": [], ""rbi_mpr_2026_04_p064_c003"": [], ""rbi_mpr_2026_04_p065_c000"": [], ""rbi_mpr_2026_04_p066_c000"": [], ""rbi_mpr_2026_04_p069_c000"": [], ""rbi_mpr_2026_04_p069_c001"": [], ""rbi_mpr_2026_04_p072_c000"": [], ""rbi_mpr_2026_04_p076_c000"": [], ""rbi_mpr_2026_04_p080_c000"": [], ""rbi_mpr_2026_04_p082_c000"": [], ""rbi_mpr_2026_04_p082_c002"": [], ""rbi_mpr_2026_04_p084_c000"": [], ""rbi_mpr_2026_04_p085_c000"": [], ""rbi_mpr_2026_04_p085_c002"": [], ""rbi_mpr_2026_04_p085_c003"": [], ""rbi_mpr_2026_04_p086_c000"": [], ""rbi_mpr_2026_04_p087_c000"": [], ""rbi_mpr_2026_04_p088_c000"": [], ""rbi_mpr_2026_04_p090_c000"": [], ""rbi_mpr_2026_04_p092_c000"": [], ""rbi_mpr_2026_04_p094_c000"": [], ""rbi_mpr_2026_04_p094_c004"": [], ""rbi_mpr_2026_04_p098_c002"": [], ""rbi_mpr_2026_04_p099_c002"": [], ""rbi_mpr_2026_04_p100_c000"": [], ""rbi_mpr_2026_04_p100_c004"": [], ""rbi_mpr_2026_04_p102_c000"": [], ""rbi_mpr_2026_04_p102_c002"": [], ""rbi_mpr_2026_04_p104_c003"": [], ""rbi_mpr_2026_04_p104_c005"": [], ""rbi_mpr_2026_04_p105_c003"": [], ""rbi_mpr_2026_04_p106_c000"": [], ""rbi_mpr_2026_04_p106_c001"": [], ""rbi_mpr_2026_04_p107_c003"": [], ""rbi_mpr_2026_04_p108_c000"": [], ""rbi_mpr_2026_04_p109_c003"": [], ""rbi_mpr_2026_04_p109_c004"": [], ""rbi_mpr_2026_04_p110_c000"": [], ""rbi_mpr_2026_04_p112_c000"": [], ""rbi_mpr_2026_04_p113_c004"": [], ""rbi_mpr_2026_04_p115_c003"": [], ""rbi_mpr_2026_04_p116_c000"": []}, ""candidate_source_query"": {""rbi_mpr_2025_04_p003_c000"": [""Compare central-government borrowing context in April 2025 and April 2026.""], ""rbi_mpr_2025_04_p011_c000"": [""Compare central-government borrowing context in April 2025 and April 2026.""], ""rbi_mpr_2025_04_p011_c001"": [""Compare central-government borrowing context in April 2025 and April 2026.""], ""rbi_mpr_2025_04_p012_c001"": [""Compare central-government borrowing context in April 2025 and April 2026.""], ""rbi_mpr_2025_04_p012_c002"": [""Compare central-government borrowing context in April 2025 and April 2026.""], ""rbi_mpr_2025_04_p013_c000"": [""Compare central-government borrowing context in April 2025 and April 2026.""], ""rbi_mpr_2025_04_p014_c000"": [""Compare central-government borrowing context in April 2025 and April 2026.""], ""rbi_mpr_2025_04_p014_c001"": [""Compare central-government borrowing context in April 2025 and April 2026.""], ""rbi_mpr_2025_04_p015_c001"": [""Compare central-government borrowing context in April 2025 and April 2026.""], ""rbi_mpr_2025_04_p015_c002"": [""Compare central-government borrowing context in April 2025 and April 2026.""], ""rbi_mpr_2025_04_p016_c000"": [""Compare central-government borrowing context in April 2025 and April 2026.""], ""rbi_mpr_2025_04_p017_c002"": [""Compare central-government borrowing context in April 2025 and April 2026.""], ""rbi_mpr_2025_04_p018_c000"": [""Compare central-government borrowing context in April 2025 and April 2026.""], ""rbi_mpr_2025_04_p018_c003"": [""Compare central-government borrowing context in April 2025 and April 2026.""], ""rbi_mpr_2025_04_p019_c000"": [""Compare central-government borrowing context in April 2025 and April 2026.""], ""rbi_mpr_2025_04_p019_c001"": [""Compare central-government borrowing context in April 2025 and April 2026.""], ""rbi_mpr_2025_04_p019_c002"": [""Compare central-government borrowing context in April 2025 and April 2026.""], ""rbi_mpr_2025_04_p020_c000"": [""Compare central-government borrowing context in April 2025 and April 2026.""], ""rbi_mpr_2025_04_p022_c000"": [""Compare central-government borrowing context in April 2025 and April 2026.""], ""rbi_mpr_2025_04_p023_c002"": [""Compare central-government borrowing context in April 2025 and April 2026.""], ""rbi_mpr_2025_04_p024_c000"": [""Compare central-government borrowing context in April 2025 and April 2026.""], ""rbi_mpr_2025_04_p028_c004"": [""Compare central-government borrowing context in April 2025 and April 2026.""], ""rbi_mpr_2025_04_p030_c000"": [""Compare central-government borrowing context in April 2025 and April 2026.""], ""rbi_mpr_2025_04_p032_c000"": [""Compare central-government borrowing context in April 2025 and April 2026.""], ""rbi_mpr_2025_04_p034_c000"": [""Compare central-government borrowing context in April 2025 and April 2026.""], ""rbi_mpr_2025_04_p035_c000"": [""Compare central-government borrowing context in April 2025 and April 2026.""], ""rbi_mpr_2025_04_p036_c000"": [""Compare central-government borrowing context in April 2025 and April 2026.""], ""rbi_mpr_2025_04_p038_c000"": [""Compare central-government borrowing context in April 2025 and April 2026.""], ""rbi_mpr_2025_04_p040_c000"": [""Compare central-government borrowing context in April 2025 and April 2026.""], ""rbi_mpr_2025_04_p042_c000"": [""Compare central-government borrowing context in April 2025 and April 2026.""], ""rbi_mpr_2025_04_p044_c000"": [""Compare central-government borrowing context in April 2025 and April 2026.""], ""rbi_mpr_2025_04_p046_c000"": [""Compare central-government borrowing context in April 2025 and April 2026.""], ""rbi_mpr_2025_04_p048_c000"": [""Compare central-government borrowing context in April 2025 and April 2026.""], ""rbi_mpr_2025_04_p052_c000"": [""Compare central-government borrowing context in April 2025 and April 2026.""], ""rbi_mpr_2025_04_p053_c001"": [""Compare central-government borrowing context in April 2025 and April 2026.""], ""rbi_mpr_2025_04_p054_c000"": [""Compare central-government borrowing context in April 2025 and April 2026.""], ""rbi_mpr_2025_04_p054_c001"": [""Compare central-government borrowing context in April 2025 and April 2026.""], ""rbi_mpr_2025_04_p055_c001"": [""Compare central-government borrowing context in April 2025 and April 2026.""], ""rbi_mpr_2025_04_p055_c002"": [""Compare central-government borrowing context in April 2025 and April 2026.""], ""rbi_mpr_2025_04_p056_c000"": [""Compare central-government borrowing context in April 2025 and April 2026.""], ""rbi_mpr_2025_04_p057_c000"": [""Compare central-government borrowing context in April 2025 and April 2026.""], ""rbi_mpr_2025_04_p057_c003"": [""Compare central-government borrowing context in April 2025 and April 2026.""], ""rbi_mpr_2025_04_p058_c000"": [""Compare central-government borrowing context in April 2025 and April 2026.""], ""rbi_mpr_2025_04_p059_c000"": [""Compare central-government borrowing context in April 2025 and April 2026.""], ""rbi_mpr_2025_04_p060_c000"": [""Compare central-government borrowing context in April 2025 and April 2026.""], ""rbi_mpr_2025_04_p066_c000"": [""Compare central-government borrowing context in April 2025 and April 2026.""], ""rbi_mpr_2025_04_p068_c000"": [""Compare central-government borrowing context in April 2025 and April 2026.""], ""rbi_mpr_2025_04_p068_c001"": [""Compare central-government borrowing context in April 2025 and April 2026.""], ""rbi_mpr_2025_04_p069_c000"": [""Compare central-government borrowing context in April 2025 and April 2026.""], ""rbi_mpr_2025_04_p069_c004"": [""Compare central-government borrowing context in April 2025 and April 2026.""], ""rbi_mpr_2025_04_p069_c005"": [""Compare central-government borrowing context in April 2025 and April 2026.""], ""rbi_mpr_2025_04_p070_c000"": [""Compare central-government borrowing context in April 2025 and April 2026.""], ""rbi_mpr_2025_04_p073_c001"": [""Compare central-government borrowing context in April 2025 and April 2026.""], ""rbi_mpr_2025_04_p073_c004"": [""Compare central-government borrowing context in April 2025 and April 2026.""], ""rbi_mpr_2025_04_p073_c005"": [""Compare central-government borrowing context in April 2025 and April 2026.""], ""rbi_mpr_2025_04_p074_c000"": [""Compare central-government borrowing context in April 2025 and April 2026.""], ""rbi_mpr_2025_04_p074_c003"": [""Compare central-government borrowing context in April 2025 and April 2026.""], ""rbi_mpr_2025_04_p076_c000"": [""Compare central-government borrowing context in April 2025 and April 2026.""], ""rbi_mpr_2025_04_p078_c000"": [""Compare central-government borrowing context in April 2025 and April 2026.""], ""rbi_mpr_2025_04_p078_c001"": [""Compare central-government borrowing context in April 2025 and April 2026.""], ""rbi_mpr_2025_04_p078_c002"": [""Compare central-government borrowing context in April 2025 and April 2026.""], ""rbi_mpr_2025_04_p082_c001"": [""Compare central-government borrowing context in April 2025 and April 2026.""], ""rbi_mpr_2025_04_p082_c002"": [""Compare central-government borrowing context in April 2025 and April 2026.""], ""rbi_mpr_2025_04_p084_c000"": [""Compare central-government borrowing context in April 2025 and April 2026.""], ""rbi_mpr_2025_04_p090_c001"": [""Compare central-government borrowing context in April 2025 and April 2026.""], ""rbi_mpr_2025_04_p091_c002"": [""Compare central-government borrowing context in April 2025 and April 2026.""], ""rbi_mpr_2025_04_p092_c000"": [""Compare central-government borrowing context in April 2025 and April 2026.""], ""rbi_mpr_2025_04_p093_c002"": [""Compare central-government borrowing context in April 2025 and April 2026.""], ""rbi_mpr_2025_04_p094_c000"": [""Compare central-government borrowing context in April 2025 and April 2026.""], ""rbi_mpr_2025_04_p094_c001"": [""Compare central-government borrowing context in April 2025 and April 2026.""], ""rbi_mpr_2025_04_p094_c002"": [""Compare central-government borrowing context in April 2025 and April 2026.""], ""rbi_mpr_2025_04_p094_c003"": [""Compare central-government borrowing context in April 2025 and April 2026.""], ""rbi_mpr_2025_04_p096_c000"": [""Compare central-government borrowing context in April 2025 and April 2026.""], ""rbi_mpr_2025_04_p096_c001"": [""Compare central-government borrowing context in April 2025 and April 2026.""], ""rbi_mpr_2025_04_p096_c002"": [""Compare central-government borrowing context in April 2025 and April 2026.""], ""rbi_mpr_2025_04_p098_c000"": [""Compare central-government borrowing context in April 2025 and April 2026.""], ""rbi_mpr_2025_04_p099_c001"": [""Compare central-government borrowing context in April 2025 and April 2026.""], ""rbi_mpr_2025_04_p099_c002"": [""Compare central-government borrowing context in April 2025 and April 2026.""], ""rbi_mpr_2025_04_p100_c000"": [""Compare central-government borrowing context in April 2025 and April 2026.""], ""rbi_mpr_2025_04_p101_c002"": [""Compare central-government borrowing context in April 2025 and April 2026.""], ""rbi_mpr_2025_04_p102_c001"": [""Compare central-government borrowing context in April 2025 and April 2026.""], ""rbi_mpr_2025_04_p102_c002"": [""Compare central-government borrowing context in April 2025 and April 2026.""], ""rbi_mpr_2025_04_p103_c002"": [""Compare central-government borrowing context in April 2025 and April 2026.""], ""rbi_mpr_2025_04_p104_c000"": [""Compare central-government borrowing context in April 2025 and April 2026.""], ""rbi_mpr_2025_04_p104_c003"": [""Compare central-government borrowing context in April 2025 and April 2026.""], ""rbi_mpr_2025_04_p106_c000"": [""Compare central-government borrowing context in April 2025 and April 2026.""], ""rbi_mpr_2025_04_p110_c001"": [""Compare central-government borrowing context in April 2025 and April 2026.""], ""rbi_mpr_2025_04_p112_c000"": [""Compare central-government borrowing context in April 2025 and April 2026.""], ""rbi_mpr_2025_04_p114_c000"": [""Compare central-government borrowing context in April 2025 and April 2026.""], ""rbi_mpr_2025_04_p114_c001"": [""Compare central-government borrowing context in April 2025 and April 2026.""], ""rbi_mpr_2026_04_p005_c001"": [""Compare central-government borrowing context in April 2025 and April 2026.""], ""rbi_mpr_2026_04_p007_c000"": [""Compare central-government borrowing context in April 2025 and April 2026.""], ""rbi_mpr_2026_04_p007_c001"": [""Compare central-government borrowing context in April 2025 and April 2026.""], ""rbi_mpr_2026_04_p013_c003"": [""Compare central-government borrowing context in April 2025 and April 2026.""], ""rbi_mpr_2026_04_p013_c004"": [""Compare central-government borrowing context in April 2025 and April 2026.""], ""rbi_mpr_2026_04_p014_c000"": [""Compare central-government borrowing context in April 2025 and April 2026.""], ""rbi_mpr_2026_04_p014_c004"": [""Compare central-government borrowing context in April 2025 and April 2026.""], ""rbi_mpr_2026_04_p016_c000"": [""Compare central-government borrowing context in April 2025 and April 2026.""], ""rbi_mpr_2026_04_p020_c000"": [""Compare central-government borrowing context in April 2025 and April 2026.""], ""rbi_mpr_2026_04_p021_c000"": [""Compare central-government borrowing context in April 2025 and April 2026.""], ""rbi_mpr_2026_04_p021_c001"": [""Compare central-government borrowing context in April 2025 and April 2026.""], ""rbi_mpr_2026_04_p021_c002"": [""Compare central-government borrowing context in April 2025 and April 2026.""], ""rbi_mpr_2026_04_p022_c000"": [""Compare central-government borrowing context in April 2025 and April 2026.""], ""rbi_mpr_2026_04_p024_c000"": [""Compare central-government borrowing context in April 2025 and April 2026.""], ""rbi_mpr_2026_04_p025_c001"": [""Compare central-government borrowing context in April 2025 and April 2026.""], ""rbi_mpr_2026_04_p026_c000"": [""Compare central-government borrowing context in April 2025 and April 2026.""], ""rbi_mpr_2026_04_p028_c000"": [""Compare central-government borrowing context in April 2025 and April 2026.""], ""rbi_mpr_2026_04_p028_c002"": [""Compare central-government borrowing context in April 2025 and April 2026.""], ""rbi_mpr_2026_04_p028_c003"": [""Compare central-government borrowing context in April 2025 and April 2026.""], ""rbi_mpr_2026_04_p030_c000"": [""Compare central-government borrowing context in April 2025 and April 2026.""], ""rbi_mpr_2026_04_p030_c002"": [""Compare central-government borrowing context in April 2025 and April 2026.""], ""rbi_mpr_2026_04_p031_c000"": [""Compare central-government borrowing context in April 2025 and April 2026.""], ""rbi_mpr_2026_04_p032_c000"": [""Compare central-government borrowing context in April 2025 and April 2026.""], ""rbi_mpr_2026_04_p034_c000"": [""Compare central-government borrowing context in April 2025 and April 2026.""], ""rbi_mpr_2026_04_p037_c001"": [""Compare central-government borrowing context in April 2025 and April 2026.""], ""rbi_mpr_2026_04_p040_c000"": [""Compare central-government borrowing context in April 2025 and April 2026.""], ""rbi_mpr_2026_04_p044_c002"": [""Compare central-government borrowing context in April 2025 and April 2026.""], ""rbi_mpr_2026_04_p046_c000"": [""Compare central-government borrowing context in April 2025 and April 2026.""], ""rbi_mpr_2026_04_p048_c000"": [""Compare central-government borrowing context in April 2025 and April 2026.""], ""rbi_mpr_2026_04_p048_c003"": [""Compare central-government borrowing context in April 2025 and April 2026.""], ""rbi_mpr_2026_04_p049_c003"": [""Compare central-government borrowing context in April 2025 and April 2026.""], ""rbi_mpr_2026_04_p050_c000"": [""Compare central-government borrowing context in April 2025 and April 2026.""], ""rbi_mpr_2026_04_p050_c003"": [""Compare central-government borrowing context in April 2025 and April 2026.""], ""rbi_mpr_2026_04_p051_c000"": [""Compare central-government borrowing context in April 2025 and April 2026.""], ""rbi_mpr_2026_04_p052_c000"": [""Compare central-government borrowing context in April 2025 and April 2026.""], ""rbi_mpr_2026_04_p052_c003"": [""Compare central-government borrowing context in April 2025 and April 2026.""], ""rbi_mpr_2026_04_p054_c000"": [""Compare central-government borrowing context in April 2025 and April 2026.""], ""rbi_mpr_2026_04_p055_c003"": [""Compare central-government borrowing context in April 2025 and April 2026.""], ""rbi_mpr_2026_04_p056_c000"": [""Compare central-government borrowing context in April 2025 and April 2026.""], ""rbi_mpr_2026_04_p058_c000"": [""Compare central-government borrowing context in April 2025 and April 2026.""], ""rbi_mpr_2026_04_p059_c000"": [""Compare central-government borrowing context in April 2025 and April 2026.""], ""rbi_mpr_2026_04_p060_c000"": [""Compare central-government borrowing context in April 2025 and April 2026.""], ""rbi_mpr_2026_04_p062_c000"": [""Compare central-government borrowing context in April 2025 and April 2026.""], ""rbi_mpr_2026_04_p062_c001"": [""Compare central-government borrowing context in April 2025 and April 2026.""], ""rbi_mpr_2026_04_p062_c002"": [""Compare central-government borrowing context in April 2025 and April 2026.""], ""rbi_mpr_2026_04_p063_c000"": [""Compare central-government borrowing context in April 2025 and April 2026.""], ""rbi_mpr_2026_04_p063_c001"": [""Compare central-government borrowing context in April 2025 and April 2026.""], ""rbi_mpr_2026_04_p063_c002"": [""Compare central-government borrowing context in April 2025 and April 2026.""], ""rbi_mpr_2026_04_p063_c003"": [""Compare central-government borrowing context in April 2025 and April 2026.""], ""rbi_mpr_2026_04_p064_c001"": [""Compare central-government borrowing context in April 2025 and April 2026.""], ""rbi_mpr_2026_04_p064_c002"": [""Compare central-government borrowing context in April 2025 and April 2026.""], ""rbi_mpr_2026_04_p064_c003"": [""Compare central-government borrowing context in April 2025 and April 2026.""], ""rbi_mpr_2026_04_p065_c000"": [""Compare central-government borrowing context in April 2025 and April 2026.""], ""rbi_mpr_2026_04_p066_c000"": [""Compare central-government borrowing context in April 2025 and April 2026.""], ""rbi_mpr_2026_04_p069_c000"": [""Compare central-government borrowing context in April 2025 and April 2026.""], ""rbi_mpr_2026_04_p069_c001"": [""Compare central-government borrowing context in April 2025 and April 2026.""], ""rbi_mpr_2026_04_p072_c000"": [""Compare central-government borrowing context in April 2025 and April 2026.""], ""rbi_mpr_2026_04_p076_c000"": [""Compare central-government borrowing context in April 2025 and April 2026.""], ""rbi_mpr_2026_04_p080_c000"": [""Compare central-government borrowing context in April 2025 and April 2026.""], ""rbi_mpr_2026_04_p082_c000"": [""Compare central-government borrowing context in April 2025 and April 2026.""], ""rbi_mpr_2026_04_p082_c002"": [""Compare central-government borrowing context in April 2025 and April 2026.""], ""rbi_mpr_2026_04_p084_c000"": [""Compare central-government borrowing context in April 2025 and April 2026.""], ""rbi_mpr_2026_04_p085_c000"": [""Compare central-government borrowing context in April 2025 and April 2026.""], ""rbi_mpr_2026_04_p085_c002"": [""Compare central-government borrowing context in April 2025 and April 2026.""], ""rbi_mpr_2026_04_p085_c003"": [""Compare central-government borrowing context in April 2025 and April 2026.""], ""rbi_mpr_2026_04_p086_c000"": [""Compare central-government borrowing context in April 2025 and April 2026.""], ""rbi_mpr_2026_04_p087_c000"": [""Compare central-government borrowing context in April 2025 and April 2026.""], ""rbi_mpr_2026_04_p088_c000"": [""Compare central-government borrowing context in April 2025 and April 2026.""], ""rbi_mpr_2026_04_p090_c000"": [""Compare central-government borrowing context in April 2025 and April 2026.""], ""rbi_mpr_2026_04_p092_c000"": [""Compare central-government borrowing context in April 2025 and April 2026.""], ""rbi_mpr_2026_04_p094_c000"": [""Compare central-government borrowing context in April 2025 and April 2026.""], ""rbi_mpr_2026_04_p094_c004"": [""Compare central-government borrowing context in April 2025 and April 2026.""], ""rbi_mpr_2026_04_p098_c002"": [""Compare central-government borrowing context in April 2025 and April 2026.""], ""rbi_mpr_2026_04_p099_c002"": [""Compare central-government borrowing context in April 2025 and April 2026.""], ""rbi_mpr_2026_04_p100_c000"": [""Compare central-government borrowing context in April 2025 and April 2026.""], ""rbi_mpr_2026_04_p100_c004"": [""Compare central-government borrowing context in April 2025 and April 2026.""], ""rbi_mpr_2026_04_p102_c000"": [""Compare central-government borrowing context in April 2025 and April 2026.""], ""rbi_mpr_2026_04_p102_c002"": [""Compare central-government borrowing context in April 2025 and April 2026.""], ""rbi_mpr_2026_04_p104_c003"": [""Compare central-government borrowing context in April 2025 and April 2026.""], ""rbi_mpr_2026_04_p104_c005"": [""Compare central-government borrowing context in April 2025 and April 2026.""], ""rbi_mpr_2026_04_p105_c003"": [""Compare central-government borrowing context in April 2025 and April 2026.""], ""rbi_mpr_2026_04_p106_c000"": [""Compare central-government borrowing context in April 2025 and April 2026.""], ""rbi_mpr_2026_04_p106_c001"": [""Compare central-government borrowing context in April 2025 and April 2026.""], ""rbi_mpr_2026_04_p107_c003"": [""Compare central-government borrowing context in April 2025 and April 2026.""], ""rbi_mpr_2026_04_p108_c000"": [""Compare central-government borrowing context in April 2025 and April 2026.""], ""rbi_mpr_2026_04_p109_c003"": [""Compare central-government borrowing context in April 2025 and April 2026.""], ""rbi_mpr_2026_04_p109_c004"": [""Compare central-government borrowing context in April 2025 and April 2026.""], ""rbi_mpr_2026_04_p110_c000"": [""Compare central-government borrowing context in April 2025 and April 2026.""], ""rbi_mpr_2026_04_p112_c000"": [""Compare central-government borrowing context in April 2025 and April 2026.""], ""rbi_mpr_2026_04_p113_c004"": [""Compare central-government borrowing context in April 2025 and April 2026.""], ""rbi_mpr_2026_04_p115_c003"": [""Compare central-government borrowing context in April 2025 and April 2026.""], ""rbi_mpr_2026_04_p116_c000"": [""Compare central-government borrowing context in April 2025 and April 2026.""]}, ""candidate_source_retriever"": {""rbi_mpr_2025_04_p003_c000"": [""dense""], ""rbi_mpr_2025_04_p011_c000"": [""dense""], ""rbi_mpr_2025_04_p011_c001"": [""dense""], ""rbi_mpr_2025_04_p012_c001"": [""dense""], ""rbi_mpr_2025_04_p012_c002"": [""dense""], ""rbi_mpr_2025_04_p013_c000"": [""dense""], ""rbi_mpr_2025_04_p014_c000"": [""bm25""], ""rbi_mpr_2025_04_p014_c001"": [""bm25""], ""rbi_mpr_2025_04_p015_c001"": [""bm25"", ""dense""], ""rbi_mpr_2025_04_p015_c002"": [""dense""], ""rbi_mpr_2025_04_p016_c000"": [""bm25""], ""rbi_mpr_2025_04_p017_c002"": [""dense""], ""rbi_mpr_2025_04_p018_c000"": [""bm25"", ""dense""], ""rbi_mpr_2025_04_p018_c003"": [""dense""], ""rbi_mpr_2025_04_p019_c000"": [""dense""], ""rbi_mpr_2025_04_p019_c001"": [""dense""], ""rbi_mpr_2025_04_p019_c002"": [""dense""], ""rbi_mpr_2025_04_p020_c000"": [""bm25"", ""dense""], ""rbi_mpr_2025_04_p022_c000"": [""bm25""], ""rbi_mpr_2025_04_p023_c002"": [""dense""], ""rbi_mpr_2025_04_p024_c000"": [""bm25"", ""dense""], ""rbi_mpr_2025_04_p028_c004"": [""bm25""], ""rbi_mpr_2025_04_p030_c000"": [""bm25""], ""rbi_mpr_2025_04_p032_c000"": [""bm25""], ""rbi_mpr_2025_04_p034_c000"": [""bm25""], ""rbi_mpr_2025_04_p035_c000"": [""bm25""], ""rbi_mpr_2025_04_p036_c000"": [""bm25""], ""rbi_mpr_2025_04_p038_c000"": [""bm25""], ""rbi_mpr_2025_04_p040_c000"": [""bm25"", ""dense""], ""rbi_mpr_2025_04_p042_c000"": [""bm25""], ""rbi_mpr_2025_04_p044_c000"": [""bm25""], ""rbi_mpr_2025_04_p046_c000"": [""bm25""], ""rbi_mpr_2025_04_p048_c000"": [""bm25""], ""rbi_mpr_2025_04_p052_c000"": [""dense""], ""rbi_mpr_2025_04_p053_c001"": [""dense""], ""rbi_mpr_2025_04_p054_c000"": [""dense""], ""rbi_mpr_2025_04_p054_c001"": [""dense""], ""rbi_mpr_2025_04_p055_c001"": [""dense""], ""rbi_mpr_2025_04_p055_c002"": [""dense""], ""rbi_mpr_2025_04_p056_c000"": [""bm25"", ""dense""], ""rbi_mpr_2025_04_p057_c000"": [""bm25"", ""dense""], ""rbi_mpr_2025_04_p057_c003"": [""dense""], ""rbi_mpr_2025_04_p058_c000"": [""bm25""], ""rbi_mpr_2025_04_p059_c000"": [""dense""], ""rbi_mpr_2025_04_p060_c000"": [""bm25"", ""dense""], ""rbi_mpr_2025_04_p066_c000"": [""bm25""], ""rbi_mpr_2025_04_p068_c000"": [""bm25""], ""rbi_mpr_2025_04_p068_c001"": [""bm25"", ""dense""], ""rbi_mpr_2025_04_p069_c000"": [""dense""], ""rbi_mpr_2025_04_p069_c004"": [""bm25""], ""rbi_mpr_2025_04_p069_c005"": [""bm25""], ""rbi_mpr_2025_04_p070_c000"": [""bm25""], ""rbi_mpr_2025_04_p073_c001"": [""dense""], ""rbi_mpr_2025_04_p073_c004"": [""dense""], ""rbi_mpr_2025_04_p073_c005"": [""dense""], ""rbi_mpr_2025_04_p074_c000"": [""bm25""], ""rbi_mpr_2025_04_p074_c003"": [""dense""], ""rbi_mpr_2025_04_p076_c000"": [""bm25""], ""rbi_mpr_2025_04_p078_c000"": [""bm25""], ""rbi_mpr_2025_04_p078_c001"": [""bm25""], ""rbi_mpr_2025_04_p078_c002"": [""bm25""], ""rbi_mpr_2025_04_p082_c001"": [""bm25""], ""rbi_mpr_2025_04_p082_c002"": [""dense""], ""rbi_mpr_2025_04_p084_c000"": [""bm25""], ""rbi_mpr_2025_04_p090_c001"": [""bm25""], ""rbi_mpr_2025_04_p091_c002"": [""dense""], ""rbi_mpr_2025_04_p092_c000"": [""bm25""], ""rbi_mpr_2025_04_p093_c002"": [""dense""], ""rbi_mpr_2025_04_p094_c000"": [""dense""], ""rbi_mpr_2025_04_p094_c001"": [""dense""], ""rbi_mpr_2025_04_p094_c002"": [""dense""], ""rbi_mpr_2025_04_p094_c003"": [""dense""], ""rbi_mpr_2025_04_p096_c000"": [""dense""], ""rbi_mpr_2025_04_p096_c001"": [""dense""], ""rbi_mpr_2025_04_p096_c002"": [""dense""], ""rbi_mpr_2025_04_p098_c000"": [""bm25"", ""dense""], ""rbi_mpr_2025_04_p099_c001"": [""bm25""], ""rbi_mpr_2025_04_p099_c002"": [""bm25""], ""rbi_mpr_2025_04_p100_c000"": [""bm25""], ""rbi_mpr_2025_04_p101_c002"": [""bm25""], ""rbi_mpr_2025_04_p102_c001"": [""dense""], ""rbi_mpr_2025_04_p102_c002"": [""dense""], ""rbi_mpr_2025_04_p103_c002"": [""bm25""], ""rbi_mpr_2025_04_p104_c000"": [""bm25""], ""rbi_mpr_2025_04_p104_c003"": [""bm25""], ""rbi_mpr_2025_04_p106_c000"": [""bm25""], ""rbi_mpr_2025_04_p110_c001"": [""dense""], ""rbi_mpr_2025_04_p112_c000"": [""bm25""], ""rbi_mpr_2025_04_p114_c000"": [""bm25""], ""rbi_mpr_2025_04_p114_c001"": [""dense""], ""rbi_mpr_2026_04_p005_c001"": [""dense""], ""rbi_mpr_2026_04_p007_c000"": [""dense""], ""rbi_mpr_2026_04_p007_c001"": [""dense""], ""rbi_mpr_2026_04_p013_c003"": [""dense""], ""rbi_mpr_2026_04_p013_c004"": [""dense""], ""rbi_mpr_2026_04_p014_c000"": [""bm25""], ""rbi_mpr_2026_04_p014_c004"": [""bm25""], ""rbi_mpr_2026_04_p016_c000"": [""bm25""], ""rbi_mpr_2026_04_p020_c000"": [""bm25""], ""rbi_mpr_2026_04_p021_c000"": [""dense""], ""rbi_mpr_2026_04_p021_c001"": [""dense""], ""rbi_mpr_2026_04_p021_c002"": [""bm25""], ""rbi_mpr_2026_04_p022_c000"": [""bm25""], ""rbi_mpr_2026_04_p024_c000"": [""bm25""], ""rbi_mpr_2026_04_p025_c001"": [""dense""], ""rbi_mpr_2026_04_p026_c000"": [""bm25""], ""rbi_mpr_2026_04_p028_c000"": [""bm25""], ""rbi_mpr_2026_04_p028_c002"": [""bm25""], ""rbi_mpr_2026_04_p028_c003"": [""bm25"", ""dense""], ""rbi_mpr_2026_04_p030_c000"": [""bm25"", ""dense""], ""rbi_mpr_2026_04_p030_c002"": [""bm25""], ""rbi_mpr_2026_04_p031_c000"": [""bm25""], ""rbi_mpr_2026_04_p032_c000"": [""bm25""], ""rbi_mpr_2026_04_p034_c000"": [""bm25""], ""rbi_mpr_2026_04_p037_c001"": [""bm25""], ""rbi_mpr_2026_04_p040_c000"": [""bm25""], ""rbi_mpr_2026_04_p044_c002"": [""dense""], ""rbi_mpr_2026_04_p046_c000"": [""bm25"", ""dense""], ""rbi_mpr_2026_04_p048_c000"": [""bm25""], ""rbi_mpr_2026_04_p048_c003"": [""dense""], ""rbi_mpr_2026_04_p049_c003"": [""dense""], ""rbi_mpr_2026_04_p050_c000"": [""dense""], ""rbi_mpr_2026_04_p050_c003"": [""dense""], ""rbi_mpr_2026_04_p051_c000"": [""dense""], ""rbi_mpr_2026_04_p052_c000"": [""dense""], ""rbi_mpr_2026_04_p052_c003"": [""dense""], ""rbi_mpr_2026_04_p054_c000"": [""bm25""], ""rbi_mpr_2026_04_p055_c003"": [""dense""], ""rbi_mpr_2026_04_p056_c000"": [""bm25""], ""rbi_mpr_2026_04_p058_c000"": [""bm25""], ""rbi_mpr_2026_04_p059_c000"": [""dense""], ""rbi_mpr_2026_04_p060_c000"": [""dense""], ""rbi_mpr_2026_04_p062_c000"": [""dense""], ""rbi_mpr_2026_04_p062_c001"": [""dense""], ""rbi_mpr_2026_04_p062_c002"": [""dense""], ""rbi_mpr_2026_04_p063_c000"": [""dense""], ""rbi_mpr_2026_04_p063_c001"": [""dense""], ""rbi_mpr_2026_04_p063_c002"": [""dense""], ""rbi_mpr_2026_04_p063_c003"": [""dense""], ""rbi_mpr_2026_04_p064_c001"": [""dense""], ""rbi_mpr_2026_04_p064_c002"": [""dense""], ""rbi_mpr_2026_04_p064_c003"": [""dense""], ""rbi_mpr_2026_04_p065_c000"": [""dense""], ""rbi_mpr_2026_04_p066_c000"": [""bm25""], ""rbi_mpr_2026_04_p069_c000"": [""bm25"", ""dense""], ""rbi_mpr_2026_04_p069_c001"": [""dense""], ""rbi_mpr_2026_04_p072_c000"": [""bm25""], ""rbi_mpr_2026_04_p076_c000"": [""bm25""], ""rbi_mpr_2026_04_p080_c000"": [""bm25""], ""rbi_mpr_2026_04_p082_c000"": [""bm25""], ""rbi_mpr_2026_04_p082_c002"": [""dense""], ""rbi_mpr_2026_04_p084_c000"": [""bm25""], ""rbi_mpr_2026_04_p085_c000"": [""bm25""], ""rbi_mpr_2026_04_p085_c002"": [""bm25""], ""rbi_mpr_2026_04_p085_c003"": [""bm25""], ""rbi_mpr_2026_04_p086_c000"": [""bm25""], ""rbi_mpr_2026_04_p087_c000"": [""bm25""], ""rbi_mpr_2026_04_p088_c000"": [""bm25""], ""rbi_mpr_2026_04_p090_c000"": [""bm25""], ""rbi_mpr_2026_04_p092_c000"": [""bm25""], ""rbi_mpr_2026_04_p094_c000"": [""bm25""], ""rbi_mpr_2026_04_p094_c004"": [""bm25""], ""rbi_mpr_2026_04_p098_c002"": [""bm25""], ""rbi_mpr_2026_04_p099_c002"": [""bm25""], ""rbi_mpr_2026_04_p100_c000"": [""bm25"", ""dense""], ""rbi_mpr_2026_04_p100_c004"": [""dense""], ""rbi_mpr_2026_04_p102_c000"": [""bm25"", ""dense""], ""rbi_mpr_2026_04_p102_c002"": [""dense""], ""rbi_mpr_2026_04_p104_c003"": [""dense""], ""rbi_mpr_2026_04_p104_c005"": [""dense""], ""rbi_mpr_2026_04_p105_c003"": [""bm25""], ""rbi_mpr_2026_04_p106_c000"": [""bm25""], ""rbi_mpr_2026_04_p106_c001"": [""dense""], ""rbi_mpr_2026_04_p107_c003"": [""dense""], ""rbi_mpr_2026_04_p108_c000"": [""bm25""], ""rbi_mpr_2026_04_p109_c003"": [""dense""], ""rbi_mpr_2026_04_p109_c004"": [""dense""], ""rbi_mpr_2026_04_p110_c000"": [""dense""], ""rbi_mpr_2026_04_p112_c000"": [""bm25"", ""dense""], ""rbi_mpr_2026_04_p113_c004"": [""bm25"", ""dense""], ""rbi_mpr_2026_04_p115_c003"": [""dense""], ""rbi_mpr_2026_04_p116_c000"": [""bm25""]}, ""candidate_union_ids"": [""rbi_mpr_2025_04_p054_c000"", ""rbi_mpr_2025_04_p102_c002"", ""rbi_mpr_2025_04_p082_c002"", ""rbi_mpr_2025_04_p073_c004"", ""rbi_mpr_2025_04_p057_c000"", ""rbi_mpr_2025_04_p056_c000"", ""rbi_mpr_2025_04_p091_c002"", ""rbi_mpr_2025_04_p055_c002"", ""rbi_mpr_2025_04_p073_c001"", ""rbi_mpr_2025_04_p057_c003"", ""rbi_mpr_2025_04_p073_c005"", ""rbi_mpr_2025_04_p017_c002"", ""rbi_mpr_2025_04_p074_c003"", ""rbi_mpr_2025_04_p011_c000"", ""rbi_mpr_2025_04_p015_c002"", ""rbi_mpr_2025_04_p096_c000"", ""rbi_mpr_2025_04_p052_c000"", ""rbi_mpr_2025_04_p096_c002"", ""rbi_mpr_2025_04_p019_c002"", ""rbi_mpr_2025_04_p015_c001"", ""rbi_mpr_2025_04_p102_c001"", ""rbi_mpr_2025_04_p096_c001"", ""rbi_mpr_2025_04_p012_c001"", ""rbi_mpr_2025_04_p093_c002"", ""rbi_mpr_2025_04_p110_c001"", ""rbi_mpr_2025_04_p020_c000"", ""rbi_mpr_2025_04_p024_c000"", ""rbi_mpr_2025_04_p013_c000"", ""rbi_mpr_2025_04_p054_c001"", ""rbi_mpr_2025_04_p098_c000"", ""rbi_mpr_2025_04_p069_c000"", ""rbi_mpr_2025_04_p060_c000"", ""rbi_mpr_2025_04_p011_c001"", ""rbi_mpr_2025_04_p094_c001"", ""rbi_mpr_2025_04_p018_c003"", ""rbi_mpr_2025_04_p055_c001"", ""rbi_mpr_2025_04_p018_c000"", ""rbi_mpr_2025_04_p059_c000"", ""rbi_mpr_2025_04_p019_c000"", ""rbi_mpr_2025_04_p003_c000"", ""rbi_mpr_2025_04_p094_c000"", ""rbi_mpr_2025_04_p023_c002"", ""rbi_mpr_2025_04_p040_c000"", ""rbi_mpr_2025_04_p019_c001"", ""rbi_mpr_2025_04_p094_c002"", ""rbi_mpr_2025_04_p012_c002"", ""rbi_mpr_2025_04_p068_c001"", ""rbi_mpr_2025_04_p094_c003"", ""rbi_mpr_2025_04_p114_c001"", ""rbi_mpr_2025_04_p053_c001"", ""rbi_mpr_2025_04_p104_c003"", ""rbi_mpr_2025_04_p076_c000"", ""rbi_mpr_2025_04_p068_c000"", ""rbi_mpr_2025_04_p099_c002"", ""rbi_mpr_2025_04_p092_c000"", ""rbi_mpr_2025_04_p069_c004"", ""rbi_mpr_2025_04_p082_c001"", ""rbi_mpr_2025_04_p038_c000"", ""rbi_mpr_2025_04_p078_c001"", ""rbi_mpr_2025_04_p078_c002"", ""rbi_mpr_2025_04_p035_c000"", ""rbi_mpr_2025_04_p032_c000"", ""rbi_mpr_2025_04_p066_c000"", ""rbi_mpr_2025_04_p014_c000"", ""rbi_mpr_2025_04_p048_c000"", ""rbi_mpr_2025_04_p069_c005"", ""rbi_mpr_2025_04_p070_c000"", ""rbi_mpr_2025_04_p044_c000"", ""rbi_mpr_2025_04_p104_c000"", ""rbi_mpr_2025_04_p101_c002"", ""rbi_mpr_2025_04_p112_c000"", ""rbi_mpr_2025_04_p036_c000"", ""rbi_mpr_2025_04_p016_c000"", ""rbi_mpr_2025_04_p046_c000"", ""rbi_mpr_2025_04_p034_c000"", ""rbi_mpr_2025_04_p030_c000"", ""rbi_mpr_2025_04_p014_c001"", ""rbi_mpr_2025_04_p106_c000"", ""rbi_mpr_2025_04_p078_c000"", ""rbi_mpr_2025_04_p074_c000"", ""rbi_mpr_2025_04_p090_c001"", ""rbi_mpr_2025_04_p058_c000"", ""rbi_mpr_2025_04_p114_c000"", ""rbi_mpr_2025_04_p042_c000"", ""rbi_mpr_2025_04_p100_c000"", ""rbi_mpr_2025_04_p084_c000"", ""rbi_mpr_2025_04_p103_c002"", ""rbi_mpr_2025_04_p022_c000"", ""rbi_mpr_2025_04_p099_c001"", ""rbi_mpr_2025_04_p028_c004""], ""candidate_union_pages"": [54, 102, 82, 73, 57, 56, 91, 55, 73, 57, 73, 17, 74, 11, 15, 96, 52, 96, 19, 15, 102, 96, 12, 93, 110, 20, 24, 13, 54, 98, 69, 60, 11, 94, 18, 55, 18, 59, 19, 3, 94, 23, 40, 19, 94, 12, 68, 94, 114, 53, 104, 76, 68, 99, 92, 69, 82, 38, 78, 78, 35, 32, 66, 14, 48, 69, 70, 44, 104, 101, 112, 36, 16, 46, 34, 30, 14, 106, 78, 74, 90, 58, 114, 42, 100, 84, 103, 22, 99, 28], ""dense_candidate_ids"": [""rbi_mpr_2025_04_p054_c000"", ""rbi_mpr_2025_04_p102_c002"", ""rbi_mpr_2025_04_p082_c002"", ""rbi_mpr_2025_04_p073_c004"", ""rbi_mpr_2025_04_p057_c000"", ""rbi_mpr_2025_04_p056_c000"", ""rbi_mpr_2025_04_p091_c002"", ""rbi_mpr_2025_04_p055_c002"", ""rbi_mpr_2025_04_p073_c001"", ""rbi_mpr_2025_04_p057_c003"", ""rbi_mpr_2025_04_p073_c005"", ""rbi_mpr_2025_04_p017_c002"", ""rbi_mpr_2025_04_p074_c003"", ""rbi_mpr_2025_04_p011_c000"", ""rbi_mpr_2025_04_p015_c002"", ""rbi_mpr_2025_04_p096_c000"", ""rbi_mpr_2025_04_p052_c000"", ""rbi_mpr_2025_04_p096_c002"", ""rbi_mpr_2025_04_p019_c002"", ""rbi_mpr_2025_04_p015_c001"", ""rbi_mpr_2025_04_p102_c001"", ""rbi_mpr_2025_04_p096_c001"", ""rbi_mpr_2025_04_p012_c001"", ""rbi_mpr_2025_04_p093_c002"", ""rbi_mpr_2025_04_p110_c001"", ""rbi_mpr_2025_04_p020_c000"", ""rbi_mpr_2025_04_p024_c000"", ""rbi_mpr_2025_04_p013_c000"", ""rbi_mpr_2025_04_p054_c001"", ""rbi_mpr_2025_04_p098_c000"", ""rbi_mpr_2025_04_p069_c000"", ""rbi_mpr_2025_04_p060_c000"", ""rbi_mpr_2025_04_p011_c001"", ""rbi_mpr_2025_04_p094_c001"", ""rbi_mpr_2025_04_p018_c003"", ""rbi_mpr_2025_04_p055_c001"", ""rbi_mpr_2025_04_p018_c000"", ""rbi_mpr_2025_04_p059_c000"", ""rbi_mpr_2025_04_p019_c000"", ""rbi_mpr_2025_04_p003_c000"", ""rbi_mpr_2025_04_p094_c000"", ""rbi_mpr_2025_04_p023_c002"", ""rbi_mpr_2025_04_p040_c000"", ""rbi_mpr_2025_04_p019_c001"", ""rbi_mpr_2025_04_p094_c002"", ""rbi_mpr_2025_04_p012_c002"", ""rbi_mpr_2025_04_p068_c001"", ""rbi_mpr_2025_04_p094_c003"", ""rbi_mpr_2025_04_p114_c001"", ""rbi_mpr_2025_04_p053_c001""], ""dense_candidate_pages"": [54, 102, 82, 73, 57, 56, 91, 55, 73, 57, 73, 17, 74, 11, 15, 96, 52, 96, 19, 15, 102, 96, 12, 93, 110, 20, 24, 13, 54, 98, 69, 60, 11, 94, 18, 55, 18, 59, 19, 3, 94, 23, 40, 19, 94, 12, 68, 94, 114, 53], ""dense_candidate_scores"": [0.36398053802914, 0.33886489382671015, 0.32101958099240957, 0.28158075179203745, 0.2724826801913849, 0.2719118432751533, 0.2666087582081186, 0.26357789403800314, 0.2612963165407144, 0.2522816957001134, 0.24767125194150663, 0.24674536997341934, 0.24598150049100787, 0.24339014365716405, 0.24245018464167412, 0.23909285098299327, 0.23758390951260633, 0.23591185973848205, 0.23426341219952407, 0.23359782916784, 0.23105679567111814, 0.22580108366180973, 0.2237138874298532, 0.2220484125640967, 0.22177125488828908, 0.21300251876190057, 0.21079967157763013, 0.2074784999149717, 0.20555761514723925, 0.20345971361576098, 0.20160516798758454, 0.19840655936039586, 0.19469106178306939, 0.1936352832278715, 0.19352713441459257, 0.1928656817740626, 0.19221569307632758, 0.19078556621265597, 0.1887557739883713, 0.1880144109230647, 0.18771820287173013, 0.18397783865378226, 0.18289306306680897, 0.1801238465322491, 0.1783751737875321, 0.1780427194464782, 0.17803125550368326, 0.17786064506091115, 0.17480196397077852, 0.17463826561116225], ""dense_first_evidence_rank"": 5, ""evidence_rank_after_reranking"": 11, ""evidence_rank_before_reranking"": 5, ""expected_evidence"": [""gross market borrowings amounted to \u20b914.01 lakh crore""], ""loss_stage"": ""lost_by_quota"", ""report_id"": ""rbi_mpr_2025_04"", ""reranker_input_ids"": [""rbi_mpr_2025_04_p015_c001"", ""rbi_mpr_2025_04_p060_c000"", ""rbi_mpr_2025_04_p024_c000"", ""rbi_mpr_2025_04_p056_c000"", ""rbi_mpr_2025_04_p057_c000"", ""rbi_mpr_2025_04_p040_c000"", ""rbi_mpr_2025_04_p018_c000"", ""rbi_mpr_2025_04_p098_c000"", ""rbi_mpr_2025_04_p020_c000"", ""rbi_mpr_2025_04_p068_c001"", ""rbi_mpr_2025_04_p054_c000"", ""rbi_mpr_2025_04_p104_c003"", ""rbi_mpr_2025_04_p102_c002"", ""rbi_mpr_2025_04_p082_c002"", ""rbi_mpr_2025_04_p076_c000"", ""rbi_mpr_2025_04_p073_c004"", ""rbi_mpr_2025_04_p068_c000"", ""rbi_mpr_2025_04_p099_c002"", ""rbi_mpr_2025_04_p091_c002"", ""rbi_mpr_2025_04_p092_c000"", ""rbi_mpr_2025_04_p055_c002"", ""rbi_mpr_2025_04_p069_c004"", ""rbi_mpr_2025_04_p073_c001"", ""rbi_mpr_2025_04_p057_c003"", ""rbi_mpr_2025_04_p082_c001"", ""rbi_mpr_2025_04_p073_c005"", ""rbi_mpr_2025_04_p038_c000"", ""rbi_mpr_2025_04_p017_c002"", ""rbi_mpr_2025_04_p074_c003"", ""rbi_mpr_2025_04_p078_c001""], ""reranker_input_pages"": [15, 60, 24, 56, 57, 40, 18, 98, 20, 68, 54, 104, 102, 82, 76, 73, 68, 99, 91, 92, 55, 69, 73, 57, 82, 73, 38, 17, 74, 78], ""reranker_input_ranks"": [1, 2, 3, 4, 5, 6, 7, 8, 9, 10, 11, 12, 13, 14, 15, 16, 17, 18, 19, 20, 21, 22, 23, 24, 25, 26, 27, 28, 29, 30], ""reranker_output_ids"": [""rbi_mpr_2025_04_p054_c000"", ""rbi_mpr_2025_04_p060_c000"", ""rbi_mpr_2025_04_p082_c002"", ""rbi_mpr_2025_04_p102_c002"", ""rbi_mpr_2025_04_p068_c000"", ""rbi_mpr_2025_04_p076_c000"", ""rbi_mpr_2025_04_p082_c001"", ""rbi_mpr_2025_04_p055_c002"", ""rbi_mpr_2025_04_p056_c000"", ""rbi_mpr_2025_04_p040_c000"", ""rbi_mpr_2025_04_p057_c000"", ""rbi_mpr_2025_04_p018_c000"", ""rbi_mpr_2025_04_p020_c000"", ""rbi_mpr_2025_04_p098_c000"", ""rbi_mpr_2025_04_p099_c002"", ""rbi_mpr_2025_04_p038_c000"", ""rbi_mpr_2025_04_p069_c004"", ""rbi_mpr_2025_04_p092_c000"", ""rbi_mpr_2025_04_p057_c003"", ""rbi_mpr_2025_04_p024_c000"", ""rbi_mpr_2025_04_p068_c001"", ""rbi_mpr_2025_04_p015_c001"", ""rbi_mpr_2025_04_p091_c002"", ""rbi_mpr_2025_04_p073_c001"", ""rbi_mpr_2025_04_p078_c001"", ""rbi_mpr_2025_04_p017_c002"", ""rbi_mpr_2025_04_p073_c005"", ""rbi_mpr_2025_04_p104_c003"", ""rbi_mpr_2025_04_p074_c003"", ""rbi_mpr_2025_04_p073_c004""], ""reranker_output_pages"": [54, 60, 82, 102, 68, 76, 82, 55, 56, 40, 57, 18, 20, 98, 99, 38, 69, 92, 57, 24, 68, 15, 91, 73, 78, 17, 73, 104, 74, 73], ""reranker_scores"": [4.686861991882324, 4.0089111328125, 3.2399182319641113, 2.731027841567993, 2.0441765785217285, 2.0359339714050293, 1.7225031852722168, 1.5538723468780518, 1.4945144653320312, 1.0286927223205566, 0.8214823007583618, 0.4540243148803711, 0.4491581320762634, 0.346512109041214, 0.2915465831756592, 0.19055287539958954, 0.007489323616027832, -0.22661304473876953, -0.822501003742218, -0.9429741501808167, -1.1594340801239014, -2.1169536113739014, -2.314829111099243, -3.173990249633789, -3.52988862991333, -6.303824424743652, -6.805690765380859, -7.884178638458252, -10.790630340576172, -10.913619041442871], ""rrf_candidate_ids"": [""rbi_mpr_2025_04_p015_c001"", ""rbi_mpr_2025_04_p060_c000"", ""rbi_mpr_2025_04_p024_c000"", ""rbi_mpr_2025_04_p056_c000"", ""rbi_mpr_2025_04_p057_c000"", ""rbi_mpr_2025_04_p040_c000"", ""rbi_mpr_2025_04_p018_c000"", ""rbi_mpr_2025_04_p098_c000"", ""rbi_mpr_2025_04_p020_c000"", ""rbi_mpr_2025_04_p068_c001"", ""rbi_mpr_2025_04_p054_c000"", ""rbi_mpr_2025_04_p104_c003"", ""rbi_mpr_2025_04_p102_c002"", ""rbi_mpr_2025_04_p082_c002"", ""rbi_mpr_2025_04_p076_c000"", ""rbi_mpr_2025_04_p073_c004"", ""rbi_mpr_2025_04_p068_c000"", ""rbi_mpr_2025_04_p099_c002"", ""rbi_mpr_2025_04_p091_c002"", ""rbi_mpr_2025_04_p092_c000"", ""rbi_mpr_2025_04_p055_c002"", ""rbi_mpr_2025_04_p069_c004"", ""rbi_mpr_2025_04_p073_c001"", ""rbi_mpr_2025_04_p057_c003"", ""rbi_mpr_2025_04_p082_c001"", ""rbi_mpr_2025_04_p073_c005"", ""rbi_mpr_2025_04_p038_c000"", ""rbi_mpr_2025_04_p017_c002"", ""rbi_mpr_2025_04_p074_c003"", ""rbi_mpr_2025_04_p078_c001""], ""rrf_candidate_pages"": [15, 60, 24, 56, 57, 40, 18, 98, 20, 68, 54, 104, 102, 82, 76, 73, 68, 99, 91, 92, 55, 69, 73, 57, 82, 73, 38, 17, 74, 78], ""rrf_first_evidence_rank"": 5, ""rrf_scores"": [0.028125, 0.02699859747545582, 0.025383141762452106, 0.025252525252525256, 0.025093353248693055, 0.024201491487266073, 0.023129791171028286, 0.022875816993464054, 0.021831988609397245, 0.018779756656674307, 0.01639344262295082, 0.01639344262295082, 0.016129032258064516, 0.015873015873015872, 0.015873015873015872, 0.015625, 0.015384615384615385, 0.015151515151515152, 0.014925373134328358, 0.014925373134328358, 0.014705882352941176, 0.014705882352941176, 0.014492753623188406, 0.014285714285714285, 0.014285714285714285, 0.014084507042253521, 0.014084507042253521, 0.013888888888888888, 0.0136986301369863, 0.0136986301369863], ""selected_chunk_ids_after_dedup"": [""rbi_mpr_2025_04_p054_c000"", ""rbi_mpr_2025_04_p060_c000"", ""rbi_mpr_2025_04_p082_c002""], ""selected_chunk_ids_before_dedup"": [""rbi_mpr_2025_04_p054_c000"", ""rbi_mpr_2025_04_p060_c000"", ""rbi_mpr_2025_04_p082_c002""], ""selected_pages"": [54, 60, 82]}, ""rbi_mpr_2026_04"": {""accepted_evidence_found"": true, ""accepted_pages"": [64], ""bm25_candidate_ids"": [""rbi_mpr_2026_04_p105_c003"", ""rbi_mpr_2026_04_p087_c000"", ""rbi_mpr_2026_04_p086_c000"", ""rbi_mpr_2026_04_p046_c000"", ""rbi_mpr_2026_04_p113_c004"", ""rbi_mpr_2026_04_p085_c003"", ""rbi_mpr_2026_04_p069_c000"", ""rbi_mpr_2026_04_p028_c003"", ""rbi_mpr_2026_04_p102_c000"", ""rbi_mpr_2026_04_p024_c000"", ""rbi_mpr_2026_04_p084_c000"", ""rbi_mpr_2026_04_p056_c000"", ""rbi_mpr_2026_04_p090_c000"", ""rbi_mpr_2026_04_p080_c000"", ""rbi_mpr_2026_04_p082_c000"", ""rbi_mpr_2026_04_p106_c000"", ""rbi_mpr_2026_04_p100_c000"", ""rbi_mpr_2026_04_p014_c004"", ""rbi_mpr_2026_04_p092_c000"", ""rbi_mpr_2026_04_p098_c002"", ""rbi_mpr_2026_04_p085_c000"", ""rbi_mpr_2026_04_p094_c000"", ""rbi_mpr_2026_04_p048_c000"", ""rbi_mpr_2026_04_p076_c000"", ""rbi_mpr_2026_04_p085_c002"", ""rbi_mpr_2026_04_p112_c000"", ""rbi_mpr_2026_04_p031_c000"", ""rbi_mpr_2026_04_p021_c002"", ""rbi_mpr_2026_04_p026_c000"", ""rbi_mpr_2026_04_p066_c000"", ""rbi_mpr_2026_04_p034_c000"", ""rbi_mpr_2026_04_p108_c000"", ""rbi_mpr_2026_04_p116_c000"", ""rbi_mpr_2026_04_p032_c000"", ""rbi_mpr_2026_04_p099_c002"", ""rbi_mpr_2026_04_p028_c002"", ""rbi_mpr_2026_04_p016_c000"", ""rbi_mpr_2026_04_p030_c000"", ""rbi_mpr_2026_04_p094_c004"", ""rbi_mpr_2026_04_p058_c000"", ""rbi_mpr_2026_04_p028_c000"", ""rbi_mpr_2026_04_p072_c000"", ""rbi_mpr_2026_04_p020_c000"", ""rbi_mpr_2026_04_p030_c002"", ""rbi_mpr_2026_04_p037_c001"", ""rbi_mpr_2026_04_p014_c000"", ""rbi_mpr_2026_04_p040_c000"", ""rbi_mpr_2026_04_p054_c000"", ""rbi_mpr_2026_04_p022_c000"", ""rbi_mpr_2026_04_p088_c000""], ""bm25_candidate_pages"": [105, 87, 86, 46, 113, 85, 69, 28, 102, 24, 84, 56, 90, 80, 82, 106, 100, 14, 92, 98, 85, 94, 48, 76, 85, 112, 31, 21, 26, 66, 34, 108, 116, 32, 99, 28, 16, 30, 94, 58, 28, 72, 20, 30, 37, 14, 40, 54, 22, 88], ""bm25_candidate_scores"": [null, null, null, null, null, null, null, null, null, null, null, null, null, null, null, null, null, null, null, null, null, null, null, null, null, null, null, null, null, null, null, null, null, null, null, null, null, null, null, null, null, null, null, null, null, null, null, null, null, null], ""bm25_first_evidence_rank"": null, ""candidate_source_expansion"": {""rbi_mpr_2025_04_p003_c000"": [], ""rbi_mpr_2025_04_p011_c000"": [], ""rbi_mpr_2025_04_p011_c001"": [], ""rbi_mpr_2025_04_p012_c001"": [], ""rbi_mpr_2025_04_p012_c002"": [], ""rbi_mpr_2025_04_p013_c000"": [], ""rbi_mpr_2025_04_p014_c000"": [], ""rbi_mpr_2025_04_p014_c001"": [], ""rbi_mpr_2025_04_p015_c001"": [], ""rbi_mpr_2025_04_p015_c002"": [], ""rbi_mpr_2025_04_p016_c000"": [], ""rbi_mpr_2025_04_p017_c002"": [], ""rbi_mpr_2025_04_p018_c000"": [], ""rbi_mpr_2025_04_p018_c003"": [], ""rbi_mpr_2025_04_p019_c000"": [], ""rbi_mpr_2025_04_p019_c001"": [], ""rbi_mpr_2025_04_p019_c002"": [], ""rbi_mpr_2025_04_p020_c000"": [], ""rbi_mpr_2025_04_p022_c000"": [], ""rbi_mpr_2025_04_p023_c002"": [], ""rbi_mpr_2025_04_p024_c000"": [], ""rbi_mpr_2025_04_p028_c004"": [], ""rbi_mpr_2025_04_p030_c000"": [], ""rbi_mpr_2025_04_p032_c000"": [], ""rbi_mpr_2025_04_p034_c000"": [], ""rbi_mpr_2025_04_p035_c000"": [], ""rbi_mpr_2025_04_p036_c000"": [], ""rbi_mpr_2025_04_p038_c000"": [], ""rbi_mpr_2025_04_p040_c000"": [], ""rbi_mpr_2025_04_p042_c000"": [], ""rbi_mpr_2025_04_p044_c000"": [], ""rbi_mpr_2025_04_p046_c000"": [], ""rbi_mpr_2025_04_p048_c000"": [], ""rbi_mpr_2025_04_p052_c000"": [], ""rbi_mpr_2025_04_p053_c001"": [], ""rbi_mpr_2025_04_p054_c000"": [], ""rbi_mpr_2025_04_p054_c001"": [], ""rbi_mpr_2025_04_p055_c001"": [], ""rbi_mpr_2025_04_p055_c002"": [], ""rbi_mpr_2025_04_p056_c000"": [], ""rbi_mpr_2025_04_p057_c000"": [], ""rbi_mpr_2025_04_p057_c003"": [], ""rbi_mpr_2025_04_p058_c000"": [], ""rbi_mpr_2025_04_p059_c000"": [], ""rbi_mpr_2025_04_p060_c000"": [], ""rbi_mpr_2025_04_p066_c000"": [], ""rbi_mpr_2025_04_p068_c000"": [], ""rbi_mpr_2025_04_p068_c001"": [], ""rbi_mpr_2025_04_p069_c000"": [], ""rbi_mpr_2025_04_p069_c004"": [], ""rbi_mpr_2025_04_p069_c005"": [], ""rbi_mpr_2025_04_p070_c000"": [], ""rbi_mpr_2025_04_p073_c001"": [], ""rbi_mpr_2025_04_p073_c004"": [], ""rbi_mpr_2025_04_p073_c005"": [], ""rbi_mpr_2025_04_p074_c000"": [], ""rbi_mpr_2025_04_p074_c003"": [], ""rbi_mpr_2025_04_p076_c000"": [], ""rbi_mpr_2025_04_p078_c000"": [], ""rbi_mpr_2025_04_p078_c001"": [], ""rbi_mpr_2025_04_p078_c002"": [], ""rbi_mpr_2025_04_p082_c001"": [], ""rbi_mpr_2025_04_p082_c002"": [], ""rbi_mpr_2025_04_p084_c000"": [], ""rbi_mpr_2025_04_p090_c001"": [], ""rbi_mpr_2025_04_p091_c002"": [], ""rbi_mpr_2025_04_p092_c000"": [], ""rbi_mpr_2025_04_p093_c002"": [], ""rbi_mpr_2025_04_p094_c000"": [], ""rbi_mpr_2025_04_p094_c001"": [], ""rbi_mpr_2025_04_p094_c002"": [], ""rbi_mpr_2025_04_p094_c003"": [], ""rbi_mpr_2025_04_p096_c000"": [], ""rbi_mpr_2025_04_p096_c001"": [], ""rbi_mpr_2025_04_p096_c002"": [], ""rbi_mpr_2025_04_p098_c000"": [], ""rbi_mpr_2025_04_p099_c001"": [], ""rbi_mpr_2025_04_p099_c002"": [], ""rbi_mpr_2025_04_p100_c000"": [], ""rbi_mpr_2025_04_p101_c002"": [], ""rbi_mpr_2025_04_p102_c001"": [], ""rbi_mpr_2025_04_p102_c002"": [], ""rbi_mpr_2025_04_p103_c002"": [], ""rbi_mpr_2025_04_p104_c000"": [], ""rbi_mpr_2025_04_p104_c003"": [], ""rbi_mpr_2025_04_p106_c000"": [], ""rbi_mpr_2025_04_p110_c001"": [], ""rbi_mpr_2025_04_p112_c000"": [], ""rbi_mpr_2025_04_p114_c000"": [], ""rbi_mpr_2025_04_p114_c001"": [], ""rbi_mpr_2026_04_p005_c001"": [], ""rbi_mpr_2026_04_p007_c000"": [], ""rbi_mpr_2026_04_p007_c001"": [], ""rbi_mpr_2026_04_p013_c003"": [], ""rbi_mpr_2026_04_p013_c004"": [], ""rbi_mpr_2026_04_p014_c000"": [], ""rbi_mpr_2026_04_p014_c004"": [], ""rbi_mpr_2026_04_p016_c000"": [], ""rbi_mpr_2026_04_p020_c000"": [], ""rbi_mpr_2026_04_p021_c000"": [], ""rbi_mpr_2026_04_p021_c001"": [], ""rbi_mpr_2026_04_p021_c002"": [], ""rbi_mpr_2026_04_p022_c000"": [], ""rbi_mpr_2026_04_p024_c000"": [], ""rbi_mpr_2026_04_p025_c001"": [], ""rbi_mpr_2026_04_p026_c000"": [], ""rbi_mpr_2026_04_p028_c000"": [], ""rbi_mpr_2026_04_p028_c002"": [], ""rbi_mpr_2026_04_p028_c003"": [], ""rbi_mpr_2026_04_p030_c000"": [], ""rbi_mpr_2026_04_p030_c002"": [], ""rbi_mpr_2026_04_p031_c000"": [], ""rbi_mpr_2026_04_p032_c000"": [], ""rbi_mpr_2026_04_p034_c000"": [], ""rbi_mpr_2026_04_p037_c001"": [], ""rbi_mpr_2026_04_p040_c000"": [], ""rbi_mpr_2026_04_p044_c002"": [], ""rbi_mpr_2026_04_p046_c000"": [], ""rbi_mpr_2026_04_p048_c000"": [], ""rbi_mpr_2026_04_p048_c003"": [], ""rbi_mpr_2026_04_p049_c003"": [], ""rbi_mpr_2026_04_p050_c000"": [], ""rbi_mpr_2026_04_p050_c003"": [], ""rbi_mpr_2026_04_p051_c000"": [], ""rbi_mpr_2026_04_p052_c000"": [], ""rbi_mpr_2026_04_p052_c003"": [], ""rbi_mpr_2026_04_p054_c000"": [], ""rbi_mpr_2026_04_p055_c003"": [], ""rbi_mpr_2026_04_p056_c000"": [], ""rbi_mpr_2026_04_p058_c000"": [], ""rbi_mpr_2026_04_p059_c000"": [], ""rbi_mpr_2026_04_p060_c000"": [], ""rbi_mpr_2026_04_p062_c000"": [], ""rbi_mpr_2026_04_p062_c001"": [], ""rbi_mpr_2026_04_p062_c002"": [], ""rbi_mpr_2026_04_p063_c000"": [], ""rbi_mpr_2026_04_p063_c001"": [], ""rbi_mpr_2026_04_p063_c002"": [], ""rbi_mpr_2026_04_p063_c003"": [], ""rbi_mpr_2026_04_p064_c001"": [], ""rbi_mpr_2026_04_p064_c002"": [], ""rbi_mpr_2026_04_p064_c003"": [], ""rbi_mpr_2026_04_p065_c000"": [], ""rbi_mpr_2026_04_p066_c000"": [], ""rbi_mpr_2026_04_p069_c000"": [], ""rbi_mpr_2026_04_p069_c001"": [], ""rbi_mpr_2026_04_p072_c000"": [], ""rbi_mpr_2026_04_p076_c000"": [], ""rbi_mpr_2026_04_p080_c000"": [], ""rbi_mpr_2026_04_p082_c000"": [], ""rbi_mpr_2026_04_p082_c002"": [], ""rbi_mpr_2026_04_p084_c000"": [], ""rbi_mpr_2026_04_p085_c000"": [], ""rbi_mpr_2026_04_p085_c002"": [], ""rbi_mpr_2026_04_p085_c003"": [], ""rbi_mpr_2026_04_p086_c000"": [], ""rbi_mpr_2026_04_p087_c000"": [], ""rbi_mpr_2026_04_p088_c000"": [], ""rbi_mpr_2026_04_p090_c000"": [], ""rbi_mpr_2026_04_p092_c000"": [], ""rbi_mpr_2026_04_p094_c000"": [], ""rbi_mpr_2026_04_p094_c004"": [], ""rbi_mpr_2026_04_p098_c002"": [], ""rbi_mpr_2026_04_p099_c002"": [], ""rbi_mpr_2026_04_p100_c000"": [], ""rbi_mpr_2026_04_p100_c004"": [], ""rbi_mpr_2026_04_p102_c000"": [], ""rbi_mpr_2026_04_p102_c002"": [], ""rbi_mpr_2026_04_p104_c003"": [], ""rbi_mpr_2026_04_p104_c005"": [], ""rbi_mpr_2026_04_p105_c003"": [], ""rbi_mpr_2026_04_p106_c000"": [], ""rbi_mpr_2026_04_p106_c001"": [], ""rbi_mpr_2026_04_p107_c003"": [], ""rbi_mpr_2026_04_p108_c000"": [], ""rbi_mpr_2026_04_p109_c003"": [], ""rbi_mpr_2026_04_p109_c004"": [], ""rbi_mpr_2026_04_p110_c000"": [], ""rbi_mpr_2026_04_p112_c000"": [], ""rbi_mpr_2026_04_p113_c004"": [], ""rbi_mpr_2026_04_p115_c003"": [], ""rbi_mpr_2026_04_p116_c000"": []}, ""candidate_source_facet"": {""rbi_mpr_2025_04_p003_c000"": [], ""rbi_mpr_2025_04_p011_c000"": [], ""rbi_mpr_2025_04_p011_c001"": [], ""rbi_mpr_2025_04_p012_c001"": [], ""rbi_mpr_2025_04_p012_c002"": [], ""rbi_mpr_2025_04_p013_c000"": [], ""rbi_mpr_2025_04_p014_c000"": [], ""rbi_mpr_2025_04_p014_c001"": [], ""rbi_mpr_2025_04_p015_c001"": [], ""rbi_mpr_2025_04_p015_c002"": [], ""rbi_mpr_2025_04_p016_c000"": [], ""rbi_mpr_2025_04_p017_c002"": [], ""rbi_mpr_2025_04_p018_c000"": [], ""rbi_mpr_2025_04_p018_c003"": [], ""rbi_mpr_2025_04_p019_c000"": [], ""rbi_mpr_2025_04_p019_c001"": [], ""rbi_mpr_2025_04_p019_c002"": [], ""rbi_mpr_2025_04_p020_c000"": [], ""rbi_mpr_2025_04_p022_c000"": [], ""rbi_mpr_2025_04_p023_c002"": [], ""rbi_mpr_2025_04_p024_c000"": [], ""rbi_mpr_2025_04_p028_c004"": [], ""rbi_mpr_2025_04_p030_c000"": [], ""rbi_mpr_2025_04_p032_c000"": [], ""rbi_mpr_2025_04_p034_c000"": [], ""rbi_mpr_2025_04_p035_c000"": [], ""rbi_mpr_2025_04_p036_c000"": [], ""rbi_mpr_2025_04_p038_c000"": [], ""rbi_mpr_2025_04_p040_c000"": [], ""rbi_mpr_2025_04_p042_c000"": [], ""rbi_mpr_2025_04_p044_c000"": [], ""rbi_mpr_2025_04_p046_c000"": [], ""rbi_mpr_2025_04_p048_c000"": [], ""rbi_mpr_2025_04_p052_c000"": [], ""rbi_mpr_2025_04_p053_c001"": [], ""rbi_mpr_2025_04_p054_c000"": [], ""rbi_mpr_2025_04_p054_c001"": [], ""rbi_mpr_2025_04_p055_c001"": [], ""rbi_mpr_2025_04_p055_c002"": [], ""rbi_mpr_2025_04_p056_c000"": [], ""rbi_mpr_2025_04_p057_c000"": [], ""rbi_mpr_2025_04_p057_c003"": [], ""rbi_mpr_2025_04_p058_c000"": [], ""rbi_mpr_2025_04_p059_c000"": [], ""rbi_mpr_2025_04_p060_c000"": [], ""rbi_mpr_2025_04_p066_c000"": [], ""rbi_mpr_2025_04_p068_c000"": [], ""rbi_mpr_2025_04_p068_c001"": [], ""rbi_mpr_2025_04_p069_c000"": [], ""rbi_mpr_2025_04_p069_c004"": [], ""rbi_mpr_2025_04_p069_c005"": [], ""rbi_mpr_2025_04_p070_c000"": [], ""rbi_mpr_2025_04_p073_c001"": [], ""rbi_mpr_2025_04_p073_c004"": [], ""rbi_mpr_2025_04_p073_c005"": [], ""rbi_mpr_2025_04_p074_c000"": [], ""rbi_mpr_2025_04_p074_c003"": [], ""rbi_mpr_2025_04_p076_c000"": [], ""rbi_mpr_2025_04_p078_c000"": [], ""rbi_mpr_2025_04_p078_c001"": [], ""rbi_mpr_2025_04_p078_c002"": [], ""rbi_mpr_2025_04_p082_c001"": [], ""rbi_mpr_2025_04_p082_c002"": [], ""rbi_mpr_2025_04_p084_c000"": [], ""rbi_mpr_2025_04_p090_c001"": [], ""rbi_mpr_2025_04_p091_c002"": [], ""rbi_mpr_2025_04_p092_c000"": [], ""rbi_mpr_2025_04_p093_c002"": [], ""rbi_mpr_2025_04_p094_c000"": [], ""rbi_mpr_2025_04_p094_c001"": [], ""rbi_mpr_2025_04_p094_c002"": [], ""rbi_mpr_2025_04_p094_c003"": [], ""rbi_mpr_2025_04_p096_c000"": [], ""rbi_mpr_2025_04_p096_c001"": [], ""rbi_mpr_2025_04_p096_c002"": [], ""rbi_mpr_2025_04_p098_c000"": [], ""rbi_mpr_2025_04_p099_c001"": [], ""rbi_mpr_2025_04_p099_c002"": [], ""rbi_mpr_2025_04_p100_c000"": [], ""rbi_mpr_2025_04_p101_c002"": [], ""rbi_mpr_2025_04_p102_c001"": [], ""rbi_mpr_2025_04_p102_c002"": [], ""rbi_mpr_2025_04_p103_c002"": [], ""rbi_mpr_2025_04_p104_c000"": [], ""rbi_mpr_2025_04_p104_c003"": [], ""rbi_mpr_2025_04_p106_c000"": [], ""rbi_mpr_2025_04_p110_c001"": [], ""rbi_mpr_2025_04_p112_c000"": [], ""rbi_mpr_2025_04_p114_c000"": [], ""rbi_mpr_2025_04_p114_c001"": [], ""rbi_mpr_2026_04_p005_c001"": [], ""rbi_mpr_2026_04_p007_c000"": [], ""rbi_mpr_2026_04_p007_c001"": [], ""rbi_mpr_2026_04_p013_c003"": [], ""rbi_mpr_2026_04_p013_c004"": [], ""rbi_mpr_2026_04_p014_c000"": [], ""rbi_mpr_2026_04_p014_c004"": [], ""rbi_mpr_2026_04_p016_c000"": [], ""rbi_mpr_2026_04_p020_c000"": [], ""rbi_mpr_2026_04_p021_c000"": [], ""rbi_mpr_2026_04_p021_c001"": [], ""rbi_mpr_2026_04_p021_c002"": [], ""rbi_mpr_2026_04_p022_c000"": [], ""rbi_mpr_2026_04_p024_c000"": [], ""rbi_mpr_2026_04_p025_c001"": [], ""rbi_mpr_2026_04_p026_c000"": [], ""rbi_mpr_2026_04_p028_c000"": [], ""rbi_mpr_2026_04_p028_c002"": [], ""rbi_mpr_2026_04_p028_c003"": [], ""rbi_mpr_2026_04_p030_c000"": [], ""rbi_mpr_2026_04_p030_c002"": [], ""rbi_mpr_2026_04_p031_c000"": [], ""rbi_mpr_2026_04_p032_c000"": [], ""rbi_mpr_2026_04_p034_c000"": [], ""rbi_mpr_2026_04_p037_c001"": [], ""rbi_mpr_2026_04_p040_c000"": [], ""rbi_mpr_2026_04_p044_c002"": [], ""rbi_mpr_2026_04_p046_c000"": [], ""rbi_mpr_2026_04_p048_c000"": [], ""rbi_mpr_2026_04_p048_c003"": [], ""rbi_mpr_2026_04_p049_c003"": [], ""rbi_mpr_2026_04_p050_c000"": [], ""rbi_mpr_2026_04_p050_c003"": [], ""rbi_mpr_2026_04_p051_c000"": [], ""rbi_mpr_2026_04_p052_c000"": [], ""rbi_mpr_2026_04_p052_c003"": [], ""rbi_mpr_2026_04_p054_c000"": [], ""rbi_mpr_2026_04_p055_c003"": [], ""rbi_mpr_2026_04_p056_c000"": [], ""rbi_mpr_2026_04_p058_c000"": [], ""rbi_mpr_2026_04_p059_c000"": [], ""rbi_mpr_2026_04_p060_c000"": [], ""rbi_mpr_2026_04_p062_c000"": [], ""rbi_mpr_2026_04_p062_c001"": [], ""rbi_mpr_2026_04_p062_c002"": [], ""rbi_mpr_2026_04_p063_c000"": [], ""rbi_mpr_2026_04_p063_c001"": [], ""rbi_mpr_2026_04_p063_c002"": [], ""rbi_mpr_2026_04_p063_c003"": [], ""rbi_mpr_2026_04_p064_c001"": [], ""rbi_mpr_2026_04_p064_c002"": [], ""rbi_mpr_2026_04_p064_c003"": [], ""rbi_mpr_2026_04_p065_c000"": [], ""rbi_mpr_2026_04_p066_c000"": [], ""rbi_mpr_2026_04_p069_c000"": [], ""rbi_mpr_2026_04_p069_c001"": [], ""rbi_mpr_2026_04_p072_c000"": [], ""rbi_mpr_2026_04_p076_c000"": [], ""rbi_mpr_2026_04_p080_c000"": [], ""rbi_mpr_2026_04_p082_c000"": [], ""rbi_mpr_2026_04_p082_c002"": [], ""rbi_mpr_2026_04_p084_c000"": [], ""rbi_mpr_2026_04_p085_c000"": [], ""rbi_mpr_2026_04_p085_c002"": [], ""rbi_mpr_2026_04_p085_c003"": [], ""rbi_mpr_2026_04_p086_c000"": [], ""rbi_mpr_2026_04_p087_c000"": [], ""rbi_mpr_2026_04_p088_c000"": [], ""rbi_mpr_2026_04_p090_c000"": [], ""rbi_mpr_2026_04_p092_c000"": [], ""rbi_mpr_2026_04_p094_c000"": [], ""rbi_mpr_2026_04_p094_c004"": [], ""rbi_mpr_2026_04_p098_c002"": [], ""rbi_mpr_2026_04_p099_c002"": [], ""rbi_mpr_2026_04_p100_c000"": [], ""rbi_mpr_2026_04_p100_c004"": [], ""rbi_mpr_2026_04_p102_c000"": [], ""rbi_mpr_2026_04_p102_c002"": [], ""rbi_mpr_2026_04_p104_c003"": [], ""rbi_mpr_2026_04_p104_c005"": [], ""rbi_mpr_2026_04_p105_c003"": [], ""rbi_mpr_2026_04_p106_c000"": [], ""rbi_mpr_2026_04_p106_c001"": [], ""rbi_mpr_2026_04_p107_c003"": [], ""rbi_mpr_2026_04_p108_c000"": [], ""rbi_mpr_2026_04_p109_c003"": [], ""rbi_mpr_2026_04_p109_c004"": [], ""rbi_mpr_2026_04_p110_c000"": [], ""rbi_mpr_2026_04_p112_c000"": [], ""rbi_mpr_2026_04_p113_c004"": [], ""rbi_mpr_2026_04_p115_c003"": [], ""rbi_mpr_2026_04_p116_c000"": []}, ""candidate_source_query"": {""rbi_mpr_2025_04_p003_c000"": [""Compare central-government borrowing context in April 2025 and April 2026.""], ""rbi_mpr_2025_04_p011_c000"": [""Compare central-government borrowing context in April 2025 and April 2026.""], ""rbi_mpr_2025_04_p011_c001"": [""Compare central-government borrowing context in April 2025 and April 2026.""], ""rbi_mpr_2025_04_p012_c001"": [""Compare central-government borrowing context in April 2025 and April 2026.""], ""rbi_mpr_2025_04_p012_c002"": [""Compare central-government borrowing context in April 2025 and April 2026.""], ""rbi_mpr_2025_04_p013_c000"": [""Compare central-government borrowing context in April 2025 and April 2026.""], ""rbi_mpr_2025_04_p014_c000"": [""Compare central-government borrowing context in April 2025 and April 2026.""], ""rbi_mpr_2025_04_p014_c001"": [""Compare central-government borrowing context in April 2025 and April 2026.""], ""rbi_mpr_2025_04_p015_c001"": [""Compare central-government borrowing context in April 2025 and April 2026.""], ""rbi_mpr_2025_04_p015_c002"": [""Compare central-government borrowing context in April 2025 and April 2026.""], ""rbi_mpr_2025_04_p016_c000"": [""Compare central-government borrowing context in April 2025 and April 2026.""], ""rbi_mpr_2025_04_p017_c002"": [""Compare central-government borrowing context in April 2025 and April 2026.""], ""rbi_mpr_2025_04_p018_c000"": [""Compare central-government borrowing context in April 2025 and April 2026.""], ""rbi_mpr_2025_04_p018_c003"": [""Compare central-government borrowing context in April 2025 and April 2026.""], ""rbi_mpr_2025_04_p019_c000"": [""Compare central-government borrowing context in April 2025 and April 2026.""], ""rbi_mpr_2025_04_p019_c001"": [""Compare central-government borrowing context in April 2025 and April 2026.""], ""rbi_mpr_2025_04_p019_c002"": [""Compare central-government borrowing context in April 2025 and April 2026.""], ""rbi_mpr_2025_04_p020_c000"": [""Compare central-government borrowing context in April 2025 and April 2026.""], ""rbi_mpr_2025_04_p022_c000"": [""Compare central-government borrowing context in April 2025 and April 2026.""], ""rbi_mpr_2025_04_p023_c002"": [""Compare central-government borrowing context in April 2025 and April 2026.""], ""rbi_mpr_2025_04_p024_c000"": [""Compare central-government borrowing context in April 2025 and April 2026.""], ""rbi_mpr_2025_04_p028_c004"": [""Compare central-government borrowing context in April 2025 and April 2026.""], ""rbi_mpr_2025_04_p030_c000"": [""Compare central-government borrowing context in April 2025 and April 2026.""], ""rbi_mpr_2025_04_p032_c000"": [""Compare central-government borrowing context in April 2025 and April 2026.""], ""rbi_mpr_2025_04_p034_c000"": [""Compare central-government borrowing context in April 2025 and April 2026.""], ""rbi_mpr_2025_04_p035_c000"": [""Compare central-government borrowing context in April 2025 and April 2026.""], ""rbi_mpr_2025_04_p036_c000"": [""Compare central-government borrowing context in April 2025 and April 2026.""], ""rbi_mpr_2025_04_p038_c000"": [""Compare central-government borrowing context in April 2025 and April 2026.""], ""rbi_mpr_2025_04_p040_c000"": [""Compare central-government borrowing context in April 2025 and April 2026.""], ""rbi_mpr_2025_04_p042_c000"": [""Compare central-government borrowing context in April 2025 and April 2026.""], ""rbi_mpr_2025_04_p044_c000"": [""Compare central-government borrowing context in April 2025 and April 2026.""], ""rbi_mpr_2025_04_p046_c000"": [""Compare central-government borrowing context in April 2025 and April 2026.""], ""rbi_mpr_2025_04_p048_c000"": [""Compare central-government borrowing context in April 2025 and April 2026.""], ""rbi_mpr_2025_04_p052_c000"": [""Compare central-government borrowing context in April 2025 and April 2026.""], ""rbi_mpr_2025_04_p053_c001"": [""Compare central-government borrowing context in April 2025 and April 2026.""], ""rbi_mpr_2025_04_p054_c000"": [""Compare central-government borrowing context in April 2025 and April 2026.""], ""rbi_mpr_2025_04_p054_c001"": [""Compare central-government borrowing context in April 2025 and April 2026.""], ""rbi_mpr_2025_04_p055_c001"": [""Compare central-government borrowing context in April 2025 and April 2026.""], ""rbi_mpr_2025_04_p055_c002"": [""Compare central-government borrowing context in April 2025 and April 2026.""], ""rbi_mpr_2025_04_p056_c000"": [""Compare central-government borrowing context in April 2025 and April 2026.""], ""rbi_mpr_2025_04_p057_c000"": [""Compare central-government borrowing context in April 2025 and April 2026.""], ""rbi_mpr_2025_04_p057_c003"": [""Compare central-government borrowing context in April 2025 and April 2026.""], ""rbi_mpr_2025_04_p058_c000"": [""Compare central-government borrowing context in April 2025 and April 2026.""], ""rbi_mpr_2025_04_p059_c000"": [""Compare central-government borrowing context in April 2025 and April 2026.""], ""rbi_mpr_2025_04_p060_c000"": [""Compare central-government borrowing context in April 2025 and April 2026.""], ""rbi_mpr_2025_04_p066_c000"": [""Compare central-government borrowing context in April 2025 and April 2026.""], ""rbi_mpr_2025_04_p068_c000"": [""Compare central-government borrowing context in April 2025 and April 2026.""], ""rbi_mpr_2025_04_p068_c001"": [""Compare central-government borrowing context in April 2025 and April 2026.""], ""rbi_mpr_2025_04_p069_c000"": [""Compare central-government borrowing context in April 2025 and April 2026.""], ""rbi_mpr_2025_04_p069_c004"": [""Compare central-government borrowing context in April 2025 and April 2026.""], ""rbi_mpr_2025_04_p069_c005"": [""Compare central-government borrowing context in April 2025 and April 2026.""], ""rbi_mpr_2025_04_p070_c000"": [""Compare central-government borrowing context in April 2025 and April 2026.""], ""rbi_mpr_2025_04_p073_c001"": [""Compare central-government borrowing context in April 2025 and April 2026.""], ""rbi_mpr_2025_04_p073_c004"": [""Compare central-government borrowing context in April 2025 and April 2026.""], ""rbi_mpr_2025_04_p073_c005"": [""Compare central-government borrowing context in April 2025 and April 2026.""], ""rbi_mpr_2025_04_p074_c000"": [""Compare central-government borrowing context in April 2025 and April 2026.""], ""rbi_mpr_2025_04_p074_c003"": [""Compare central-government borrowing context in April 2025 and April 2026.""], ""rbi_mpr_2025_04_p076_c000"": [""Compare central-government borrowing context in April 2025 and April 2026.""], ""rbi_mpr_2025_04_p078_c000"": [""Compare central-government borrowing context in April 2025 and April 2026.""], ""rbi_mpr_2025_04_p078_c001"": [""Compare central-government borrowing context in April 2025 and April 2026.""], ""rbi_mpr_2025_04_p078_c002"": [""Compare central-government borrowing context in April 2025 and April 2026.""], ""rbi_mpr_2025_04_p082_c001"": [""Compare central-government borrowing context in April 2025 and April 2026.""], ""rbi_mpr_2025_04_p082_c002"": [""Compare central-government borrowing context in April 2025 and April 2026.""], ""rbi_mpr_2025_04_p084_c000"": [""Compare central-government borrowing context in April 2025 and April 2026.""], ""rbi_mpr_2025_04_p090_c001"": [""Compare central-government borrowing context in April 2025 and April 2026.""], ""rbi_mpr_2025_04_p091_c002"": [""Compare central-government borrowing context in April 2025 and April 2026.""], ""rbi_mpr_2025_04_p092_c000"": [""Compare central-government borrowing context in April 2025 and April 2026.""], ""rbi_mpr_2025_04_p093_c002"": [""Compare central-government borrowing context in April 2025 and April 2026.""], ""rbi_mpr_2025_04_p094_c000"": [""Compare central-government borrowing context in April 2025 and April 2026.""], ""rbi_mpr_2025_04_p094_c001"": [""Compare central-government borrowing context in April 2025 and April 2026.""], ""rbi_mpr_2025_04_p094_c002"": [""Compare central-government borrowing context in April 2025 and April 2026.""], ""rbi_mpr_2025_04_p094_c003"": [""Compare central-government borrowing context in April 2025 and April 2026.""], ""rbi_mpr_2025_04_p096_c000"": [""Compare central-government borrowing context in April 2025 and April 2026.""], ""rbi_mpr_2025_04_p096_c001"": [""Compare central-government borrowing context in April 2025 and April 2026.""], ""rbi_mpr_2025_04_p096_c002"": [""Compare central-government borrowing context in April 2025 and April 2026.""], ""rbi_mpr_2025_04_p098_c000"": [""Compare central-government borrowing context in April 2025 and April 2026.""], ""rbi_mpr_2025_04_p099_c001"": [""Compare central-government borrowing context in April 2025 and April 2026.""], ""rbi_mpr_2025_04_p099_c002"": [""Compare central-government borrowing context in April 2025 and April 2026.""], ""rbi_mpr_2025_04_p100_c000"": [""Compare central-government borrowing context in April 2025 and April 2026.""], ""rbi_mpr_2025_04_p101_c002"": [""Compare central-government borrowing context in April 2025 and April 2026.""], ""rbi_mpr_2025_04_p102_c001"": [""Compare central-government borrowing context in April 2025 and April 2026.""], ""rbi_mpr_2025_04_p102_c002"": [""Compare central-government borrowing context in April 2025 and April 2026.""], ""rbi_mpr_2025_04_p103_c002"": [""Compare central-government borrowing context in April 2025 and April 2026.""], ""rbi_mpr_2025_04_p104_c000"": [""Compare central-government borrowing context in April 2025 and April 2026.""], ""rbi_mpr_2025_04_p104_c003"": [""Compare central-government borrowing context in April 2025 and April 2026.""], ""rbi_mpr_2025_04_p106_c000"": [""Compare central-government borrowing context in April 2025 and April 2026.""], ""rbi_mpr_2025_04_p110_c001"": [""Compare central-government borrowing context in April 2025 and April 2026.""], ""rbi_mpr_2025_04_p112_c000"": [""Compare central-government borrowing context in April 2025 and April 2026.""], ""rbi_mpr_2025_04_p114_c000"": [""Compare central-government borrowing context in April 2025 and April 2026.""], ""rbi_mpr_2025_04_p114_c001"": [""Compare central-government borrowing context in April 2025 and April 2026.""], ""rbi_mpr_2026_04_p005_c001"": [""Compare central-government borrowing context in April 2025 and April 2026.""], ""rbi_mpr_2026_04_p007_c000"": [""Compare central-government borrowing context in April 2025 and April 2026.""], ""rbi_mpr_2026_04_p007_c001"": [""Compare central-government borrowing context in April 2025 and April 2026.""], ""rbi_mpr_2026_04_p013_c003"": [""Compare central-government borrowing context in April 2025 and April 2026.""], ""rbi_mpr_2026_04_p013_c004"": [""Compare central-government borrowing context in April 2025 and April 2026.""], ""rbi_mpr_2026_04_p014_c000"": [""Compare central-government borrowing context in April 2025 and April 2026.""], ""rbi_mpr_2026_04_p014_c004"": [""Compare central-government borrowing context in April 2025 and April 2026.""], ""rbi_mpr_2026_04_p016_c000"": [""Compare central-government borrowing context in April 2025 and April 2026.""], ""rbi_mpr_2026_04_p020_c000"": [""Compare central-government borrowing context in April 2025 and April 2026.""], ""rbi_mpr_2026_04_p021_c000"": [""Compare central-government borrowing context in April 2025 and April 2026.""], ""rbi_mpr_2026_04_p021_c001"": [""Compare central-government borrowing context in April 2025 and April 2026.""], ""rbi_mpr_2026_04_p021_c002"": [""Compare central-government borrowing context in April 2025 and April 2026.""], ""rbi_mpr_2026_04_p022_c000"": [""Compare central-government borrowing context in April 2025 and April 2026.""], ""rbi_mpr_2026_04_p024_c000"": [""Compare central-government borrowing context in April 2025 and April 2026.""], ""rbi_mpr_2026_04_p025_c001"": [""Compare central-government borrowing context in April 2025 and April 2026.""], ""rbi_mpr_2026_04_p026_c000"": [""Compare central-government borrowing context in April 2025 and April 2026.""], ""rbi_mpr_2026_04_p028_c000"": [""Compare central-government borrowing context in April 2025 and April 2026.""], ""rbi_mpr_2026_04_p028_c002"": [""Compare central-government borrowing context in April 2025 and April 2026.""], ""rbi_mpr_2026_04_p028_c003"": [""Compare central-government borrowing context in April 2025 and April 2026.""], ""rbi_mpr_2026_04_p030_c000"": [""Compare central-government borrowing context in April 2025 and April 2026.""], ""rbi_mpr_2026_04_p030_c002"": [""Compare central-government borrowing context in April 2025 and April 2026.""], ""rbi_mpr_2026_04_p031_c000"": [""Compare central-government borrowing context in April 2025 and April 2026.""], ""rbi_mpr_2026_04_p032_c000"": [""Compare central-government borrowing context in April 2025 and April 2026.""], ""rbi_mpr_2026_04_p034_c000"": [""Compare central-government borrowing context in April 2025 and April 2026.""], ""rbi_mpr_2026_04_p037_c001"": [""Compare central-government borrowing context in April 2025 and April 2026.""], ""rbi_mpr_2026_04_p040_c000"": [""Compare central-government borrowing context in April 2025 and April 2026.""], ""rbi_mpr_2026_04_p044_c002"": [""Compare central-government borrowing context in April 2025 and April 2026.""], ""rbi_mpr_2026_04_p046_c000"": [""Compare central-government borrowing context in April 2025 and April 2026.""], ""rbi_mpr_2026_04_p048_c000"": [""Compare central-government borrowing context in April 2025 and April 2026.""], ""rbi_mpr_2026_04_p048_c003"": [""Compare central-government borrowing context in April 2025 and April 2026.""], ""rbi_mpr_2026_04_p049_c003"": [""Compare central-government borrowing context in April 2025 and April 2026.""], ""rbi_mpr_2026_04_p050_c000"": [""Compare central-government borrowing context in April 2025 and April 2026.""], ""rbi_mpr_2026_04_p050_c003"": [""Compare central-government borrowing context in April 2025 and April 2026.""], ""rbi_mpr_2026_04_p051_c000"": [""Compare central-government borrowing context in April 2025 and April 2026.""], ""rbi_mpr_2026_04_p052_c000"": [""Compare central-government borrowing context in April 2025 and April 2026.""], ""rbi_mpr_2026_04_p052_c003"": [""Compare central-government borrowing context in April 2025 and April 2026.""], ""rbi_mpr_2026_04_p054_c000"": [""Compare central-government borrowing context in April 2025 and April 2026.""], ""rbi_mpr_2026_04_p055_c003"": [""Compare central-government borrowing context in April 2025 and April 2026.""], ""rbi_mpr_2026_04_p056_c000"": [""Compare central-government borrowing context in April 2025 and April 2026.""], ""rbi_mpr_2026_04_p058_c000"": [""Compare central-government borrowing context in April 2025 and April 2026.""], ""rbi_mpr_2026_04_p059_c000"": [""Compare central-government borrowing context in April 2025 and April 2026.""], ""rbi_mpr_2026_04_p060_c000"": [""Compare central-government borrowing context in April 2025 and April 2026.""], ""rbi_mpr_2026_04_p062_c000"": [""Compare central-government borrowing context in April 2025 and April 2026.""], ""rbi_mpr_2026_04_p062_c001"": [""Compare central-government borrowing context in April 2025 and April 2026.""], ""rbi_mpr_2026_04_p062_c002"": [""Compare central-government borrowing context in April 2025 and April 2026.""], ""rbi_mpr_2026_04_p063_c000"": [""Compare central-government borrowing context in April 2025 and April 2026.""], ""rbi_mpr_2026_04_p063_c001"": [""Compare central-government borrowing context in April 2025 and April 2026.""], ""rbi_mpr_2026_04_p063_c002"": [""Compare central-government borrowing context in April 2025 and April 2026.""], ""rbi_mpr_2026_04_p063_c003"": [""Compare central-government borrowing context in April 2025 and April 2026.""], ""rbi_mpr_2026_04_p064_c001"": [""Compare central-government borrowing context in April 2025 and April 2026.""], ""rbi_mpr_2026_04_p064_c002"": [""Compare central-government borrowing context in April 2025 and April 2026.""], ""rbi_mpr_2026_04_p064_c003"": [""Compare central-government borrowing context in April 2025 and April 2026.""], ""rbi_mpr_2026_04_p065_c000"": [""Compare central-government borrowing context in April 2025 and April 2026.""], ""rbi_mpr_2026_04_p066_c000"": [""Compare central-government borrowing context in April 2025 and April 2026.""], ""rbi_mpr_2026_04_p069_c000"": [""Compare central-government borrowing context in April 2025 and April 2026.""], ""rbi_mpr_2026_04_p069_c001"": [""Compare central-government borrowing context in April 2025 and April 2026.""], ""rbi_mpr_2026_04_p072_c000"": [""Compare central-government borrowing context in April 2025 and April 2026.""], ""rbi_mpr_2026_04_p076_c000"": [""Compare central-government borrowing context in April 2025 and April 2026.""], ""rbi_mpr_2026_04_p080_c000"": [""Compare central-government borrowing context in April 2025 and April 2026.""], ""rbi_mpr_2026_04_p082_c000"": [""Compare central-government borrowing context in April 2025 and April 2026.""], ""rbi_mpr_2026_04_p082_c002"": [""Compare central-government borrowing context in April 2025 and April 2026.""], ""rbi_mpr_2026_04_p084_c000"": [""Compare central-government borrowing context in April 2025 and April 2026.""], ""rbi_mpr_2026_04_p085_c000"": [""Compare central-government borrowing context in April 2025 and April 2026.""], ""rbi_mpr_2026_04_p085_c002"": [""Compare central-government borrowing context in April 2025 and April 2026.""], ""rbi_mpr_2026_04_p085_c003"": [""Compare central-government borrowing context in April 2025 and April 2026.""], ""rbi_mpr_2026_04_p086_c000"": [""Compare central-government borrowing context in April 2025 and April 2026.""], ""rbi_mpr_2026_04_p087_c000"": [""Compare central-government borrowing context in April 2025 and April 2026.""], ""rbi_mpr_2026_04_p088_c000"": [""Compare central-government borrowing context in April 2025 and April 2026.""], ""rbi_mpr_2026_04_p090_c000"": [""Compare central-government borrowing context in April 2025 and April 2026.""], ""rbi_mpr_2026_04_p092_c000"": [""Compare central-government borrowing context in April 2025 and April 2026.""], ""rbi_mpr_2026_04_p094_c000"": [""Compare central-government borrowing context in April 2025 and April 2026.""], ""rbi_mpr_2026_04_p094_c004"": [""Compare central-government borrowing context in April 2025 and April 2026.""], ""rbi_mpr_2026_04_p098_c002"": [""Compare central-government borrowing context in April 2025 and April 2026.""], ""rbi_mpr_2026_04_p099_c002"": [""Compare central-government borrowing context in April 2025 and April 2026.""], ""rbi_mpr_2026_04_p100_c000"": [""Compare central-government borrowing context in April 2025 and April 2026.""], ""rbi_mpr_2026_04_p100_c004"": [""Compare central-government borrowing context in April 2025 and April 2026.""], ""rbi_mpr_2026_04_p102_c000"": [""Compare central-government borrowing context in April 2025 and April 2026.""], ""rbi_mpr_2026_04_p102_c002"": [""Compare central-government borrowing context in April 2025 and April 2026.""], ""rbi_mpr_2026_04_p104_c003"": [""Compare central-government borrowing context in April 2025 and April 2026.""], ""rbi_mpr_2026_04_p104_c005"": [""Compare central-government borrowing context in April 2025 and April 2026.""], ""rbi_mpr_2026_04_p105_c003"": [""Compare central-government borrowing context in April 2025 and April 2026.""], ""rbi_mpr_2026_04_p106_c000"": [""Compare central-government borrowing context in April 2025 and April 2026.""], ""rbi_mpr_2026_04_p106_c001"": [""Compare central-government borrowing context in April 2025 and April 2026.""], ""rbi_mpr_2026_04_p107_c003"": [""Compare central-government borrowing context in April 2025 and April 2026.""], ""rbi_mpr_2026_04_p108_c000"": [""Compare central-government borrowing context in April 2025 and April 2026.""], ""rbi_mpr_2026_04_p109_c003"": [""Compare central-government borrowing context in April 2025 and April 2026.""], ""rbi_mpr_2026_04_p109_c004"": [""Compare central-government borrowing context in April 2025 and April 2026.""], ""rbi_mpr_2026_04_p110_c000"": [""Compare central-government borrowing context in April 2025 and April 2026.""], ""rbi_mpr_2026_04_p112_c000"": [""Compare central-government borrowing context in April 2025 and April 2026.""], ""rbi_mpr_2026_04_p113_c004"": [""Compare central-government borrowing context in April 2025 and April 2026.""], ""rbi_mpr_2026_04_p115_c003"": [""Compare central-government borrowing context in April 2025 and April 2026.""], ""rbi_mpr_2026_04_p116_c000"": [""Compare central-government borrowing context in April 2025 and April 2026.""]}, ""candidate_source_retriever"": {""rbi_mpr_2025_04_p003_c000"": [""dense""], ""rbi_mpr_2025_04_p011_c000"": [""dense""], ""rbi_mpr_2025_04_p011_c001"": [""dense""], ""rbi_mpr_2025_04_p012_c001"": [""dense""], ""rbi_mpr_2025_04_p012_c002"": [""dense""], ""rbi_mpr_2025_04_p013_c000"": [""dense""], ""rbi_mpr_2025_04_p014_c000"": [""bm25""], ""rbi_mpr_2025_04_p014_c001"": [""bm25""], ""rbi_mpr_2025_04_p015_c001"": [""bm25"", ""dense""], ""rbi_mpr_2025_04_p015_c002"": [""dense""], ""rbi_mpr_2025_04_p016_c000"": [""bm25""], ""rbi_mpr_2025_04_p017_c002"": [""dense""], ""rbi_mpr_2025_04_p018_c000"": [""bm25"", ""dense""], ""rbi_mpr_2025_04_p018_c003"": [""dense""], ""rbi_mpr_2025_04_p019_c000"": [""dense""], ""rbi_mpr_2025_04_p019_c001"": [""dense""], ""rbi_mpr_2025_04_p019_c002"": [""dense""], ""rbi_mpr_2025_04_p020_c000"": [""bm25"", ""dense""], ""rbi_mpr_2025_04_p022_c000"": [""bm25""], ""rbi_mpr_2025_04_p023_c002"": [""dense""], ""rbi_mpr_2025_04_p024_c000"": [""bm25"", ""dense""], ""rbi_mpr_2025_04_p028_c004"": [""bm25""], ""rbi_mpr_2025_04_p030_c000"": [""bm25""], ""rbi_mpr_2025_04_p032_c000"": [""bm25""], ""rbi_mpr_2025_04_p034_c000"": [""bm25""], ""rbi_mpr_2025_04_p035_c000"": [""bm25""], ""rbi_mpr_2025_04_p036_c000"": [""bm25""], ""rbi_mpr_2025_04_p038_c000"": [""bm25""], ""rbi_mpr_2025_04_p040_c000"": [""bm25"", ""dense""], ""rbi_mpr_2025_04_p042_c000"": [""bm25""], ""rbi_mpr_2025_04_p044_c000"": [""bm25""], ""rbi_mpr_2025_04_p046_c000"": [""bm25""], ""rbi_mpr_2025_04_p048_c000"": [""bm25""], ""rbi_mpr_2025_04_p052_c000"": [""dense""], ""rbi_mpr_2025_04_p053_c001"": [""dense""], ""rbi_mpr_2025_04_p054_c000"": [""dense""], ""rbi_mpr_2025_04_p054_c001"": [""dense""], ""rbi_mpr_2025_04_p055_c001"": [""dense""], ""rbi_mpr_2025_04_p055_c002"": [""dense""], ""rbi_mpr_2025_04_p056_c000"": [""bm25"", ""dense""], ""rbi_mpr_2025_04_p057_c000"": [""bm25"", ""dense""], ""rbi_mpr_2025_04_p057_c003"": [""dense""], ""rbi_mpr_2025_04_p058_c000"": [""bm25""], ""rbi_mpr_2025_04_p059_c000"": [""dense""], ""rbi_mpr_2025_04_p060_c000"": [""bm25"", ""dense""], ""rbi_mpr_2025_04_p066_c000"": [""bm25""], ""rbi_mpr_2025_04_p068_c000"": [""bm25""], ""rbi_mpr_2025_04_p068_c001"": [""bm25"", ""dense""], ""rbi_mpr_2025_04_p069_c000"": [""dense""], ""rbi_mpr_2025_04_p069_c004"": [""bm25""], ""rbi_mpr_2025_04_p069_c005"": [""bm25""], ""rbi_mpr_2025_04_p070_c000"": [""bm25""], ""rbi_mpr_2025_04_p073_c001"": [""dense""], ""rbi_mpr_2025_04_p073_c004"": [""dense""], ""rbi_mpr_2025_04_p073_c005"": [""dense""], ""rbi_mpr_2025_04_p074_c000"": [""bm25""], ""rbi_mpr_2025_04_p074_c003"": [""dense""], ""rbi_mpr_2025_04_p076_c000"": [""bm25""], ""rbi_mpr_2025_04_p078_c000"": [""bm25""], ""rbi_mpr_2025_04_p078_c001"": [""bm25""], ""rbi_mpr_2025_04_p078_c002"": [""bm25""], ""rbi_mpr_2025_04_p082_c001"": [""bm25""], ""rbi_mpr_2025_04_p082_c002"": [""dense""], ""rbi_mpr_2025_04_p084_c000"": [""bm25""], ""rbi_mpr_2025_04_p090_c001"": [""bm25""], ""rbi_mpr_2025_04_p091_c002"": [""dense""], ""rbi_mpr_2025_04_p092_c000"": [""bm25""], ""rbi_mpr_2025_04_p093_c002"": [""dense""], ""rbi_mpr_2025_04_p094_c000"": [""dense""], ""rbi_mpr_2025_04_p094_c001"": [""dense""], ""rbi_mpr_2025_04_p094_c002"": [""dense""], ""rbi_mpr_2025_04_p094_c003"": [""dense""], ""rbi_mpr_2025_04_p096_c000"": [""dense""], ""rbi_mpr_2025_04_p096_c001"": [""dense""], ""rbi_mpr_2025_04_p096_c002"": [""dense""], ""rbi_mpr_2025_04_p098_c000"": [""bm25"", ""dense""], ""rbi_mpr_2025_04_p099_c001"": [""bm25""], ""rbi_mpr_2025_04_p099_c002"": [""bm25""], ""rbi_mpr_2025_04_p100_c000"": [""bm25""], ""rbi_mpr_2025_04_p101_c002"": [""bm25""], ""rbi_mpr_2025_04_p102_c001"": [""dense""], ""rbi_mpr_2025_04_p102_c002"": [""dense""], ""rbi_mpr_2025_04_p103_c002"": [""bm25""], ""rbi_mpr_2025_04_p104_c000"": [""bm25""], ""rbi_mpr_2025_04_p104_c003"": [""bm25""], ""rbi_mpr_2025_04_p106_c000"": [""bm25""], ""rbi_mpr_2025_04_p110_c001"": [""dense""], ""rbi_mpr_2025_04_p112_c000"": [""bm25""], ""rbi_mpr_2025_04_p114_c000"": [""bm25""], ""rbi_mpr_2025_04_p114_c001"": [""dense""], ""rbi_mpr_2026_04_p005_c001"": [""dense""], ""rbi_mpr_2026_04_p007_c000"": [""dense""], ""rbi_mpr_2026_04_p007_c001"": [""dense""], ""rbi_mpr_2026_04_p013_c003"": [""dense""], ""rbi_mpr_2026_04_p013_c004"": [""dense""], ""rbi_mpr_2026_04_p014_c000"": [""bm25""], ""rbi_mpr_2026_04_p014_c004"": [""bm25""], ""rbi_mpr_2026_04_p016_c000"": [""bm25""], ""rbi_mpr_2026_04_p020_c000"": [""bm25""], ""rbi_mpr_2026_04_p021_c000"": [""dense""], ""rbi_mpr_2026_04_p021_c001"": [""dense""], ""rbi_mpr_2026_04_p021_c002"": [""bm25""], ""rbi_mpr_2026_04_p022_c000"": [""bm25""], ""rbi_mpr_2026_04_p024_c000"": [""bm25""], ""rbi_mpr_2026_04_p025_c001"": [""dense""], ""rbi_mpr_2026_04_p026_c000"": [""bm25""], ""rbi_mpr_2026_04_p028_c000"": [""bm25""], ""rbi_mpr_2026_04_p028_c002"": [""bm25""], ""rbi_mpr_2026_04_p028_c003"": [""bm25"", ""dense""], ""rbi_mpr_2026_04_p030_c000"": [""bm25"", ""dense""], ""rbi_mpr_2026_04_p030_c002"": [""bm25""], ""rbi_mpr_2026_04_p031_c000"": [""bm25""], ""rbi_mpr_2026_04_p032_c000"": [""bm25""], ""rbi_mpr_2026_04_p034_c000"": [""bm25""], ""rbi_mpr_2026_04_p037_c001"": [""bm25""], ""rbi_mpr_2026_04_p040_c000"": [""bm25""], ""rbi_mpr_2026_04_p044_c002"": [""dense""], ""rbi_mpr_2026_04_p046_c000"": [""bm25"", ""dense""], ""rbi_mpr_2026_04_p048_c000"": [""bm25""], ""rbi_mpr_2026_04_p048_c003"": [""dense""], ""rbi_mpr_2026_04_p049_c003"": [""dense""], ""rbi_mpr_2026_04_p050_c000"": [""dense""], ""rbi_mpr_2026_04_p050_c003"": [""dense""], ""rbi_mpr_2026_04_p051_c000"": [""dense""], ""rbi_mpr_2026_04_p052_c000"": [""dense""], ""rbi_mpr_2026_04_p052_c003"": [""dense""], ""rbi_mpr_2026_04_p054_c000"": [""bm25""], ""rbi_mpr_2026_04_p055_c003"": [""dense""], ""rbi_mpr_2026_04_p056_c000"": [""bm25""], ""rbi_mpr_2026_04_p058_c000"": [""bm25""], ""rbi_mpr_2026_04_p059_c000"": [""dense""], ""rbi_mpr_2026_04_p060_c000"": [""dense""], ""rbi_mpr_2026_04_p062_c000"": [""dense""], ""rbi_mpr_2026_04_p062_c001"": [""dense""], ""rbi_mpr_2026_04_p062_c002"": [""dense""], ""rbi_mpr_2026_04_p063_c000"": [""dense""], ""rbi_mpr_2026_04_p063_c001"": [""dense""], ""rbi_mpr_2026_04_p063_c002"": [""dense""], ""rbi_mpr_2026_04_p063_c003"": [""dense""], ""rbi_mpr_2026_04_p064_c001"": [""dense""], ""rbi_mpr_2026_04_p064_c002"": [""dense""], ""rbi_mpr_2026_04_p064_c003"": [""dense""], ""rbi_mpr_2026_04_p065_c000"": [""dense""], ""rbi_mpr_2026_04_p066_c000"": [""bm25""], ""rbi_mpr_2026_04_p069_c000"": [""bm25"", ""dense""], ""rbi_mpr_2026_04_p069_c001"": [""dense""], ""rbi_mpr_2026_04_p072_c000"": [""bm25""], ""rbi_mpr_2026_04_p076_c000"": [""bm25""], ""rbi_mpr_2026_04_p080_c000"": [""bm25""], ""rbi_mpr_2026_04_p082_c000"": [""bm25""], ""rbi_mpr_2026_04_p082_c002"": [""dense""], ""rbi_mpr_2026_04_p084_c000"": [""bm25""], ""rbi_mpr_2026_04_p085_c000"": [""bm25""], ""rbi_mpr_2026_04_p085_c002"": [""bm25""], ""rbi_mpr_2026_04_p085_c003"": [""bm25""], ""rbi_mpr_2026_04_p086_c000"": [""bm25""], ""rbi_mpr_2026_04_p087_c000"": [""bm25""], ""rbi_mpr_2026_04_p088_c000"": [""bm25""], ""rbi_mpr_2026_04_p090_c000"": [""bm25""], ""rbi_mpr_2026_04_p092_c000"": [""bm25""], ""rbi_mpr_2026_04_p094_c000"": [""bm25""], ""rbi_mpr_2026_04_p094_c004"": [""bm25""], ""rbi_mpr_2026_04_p098_c002"": [""bm25""], ""rbi_mpr_2026_04_p099_c002"": [""bm25""], ""rbi_mpr_2026_04_p100_c000"": [""bm25"", ""dense""], ""rbi_mpr_2026_04_p100_c004"": [""dense""], ""rbi_mpr_2026_04_p102_c000"": [""bm25"", ""dense""], ""rbi_mpr_2026_04_p102_c002"": [""dense""], ""rbi_mpr_2026_04_p104_c003"": [""dense""], ""rbi_mpr_2026_04_p104_c005"": [""dense""], ""rbi_mpr_2026_04_p105_c003"": [""bm25""], ""rbi_mpr_2026_04_p106_c000"": [""bm25""], ""rbi_mpr_2026_04_p106_c001"": [""dense""], ""rbi_mpr_2026_04_p107_c003"": [""dense""], ""rbi_mpr_2026_04_p108_c000"": [""bm25""], ""rbi_mpr_2026_04_p109_c003"": [""dense""], ""rbi_mpr_2026_04_p109_c004"": [""dense""], ""rbi_mpr_2026_04_p110_c000"": [""dense""], ""rbi_mpr_2026_04_p112_c000"": [""bm25"", ""dense""], ""rbi_mpr_2026_04_p113_c004"": [""bm25"", ""dense""], ""rbi_mpr_2026_04_p115_c003"": [""dense""], ""rbi_mpr_2026_04_p116_c000"": [""bm25""]}, ""candidate_union_ids"": [""rbi_mpr_2026_04_p064_c002"", ""rbi_mpr_2026_04_p062_c001"", ""rbi_mpr_2026_04_p063_c000"", ""rbi_mpr_2026_04_p069_c000"", ""rbi_mpr_2026_04_p005_c001"", ""rbi_mpr_2026_04_p065_c000"", ""rbi_mpr_2026_04_p100_c004"", ""rbi_mpr_2026_04_p110_c000"", ""rbi_mpr_2026_04_p102_c000"", ""rbi_mpr_2026_04_p063_c001"", ""rbi_mpr_2026_04_p063_c002"", ""rbi_mpr_2026_04_p028_c003"", ""rbi_mpr_2026_04_p109_c004"", ""rbi_mpr_2026_04_p021_c001"", ""rbi_mpr_2026_04_p060_c000"", ""rbi_mpr_2026_04_p044_c002"", ""rbi_mpr_2026_04_p062_c000"", ""rbi_mpr_2026_04_p051_c000"", ""rbi_mpr_2026_04_p025_c001"", ""rbi_mpr_2026_04_p059_c000"", ""rbi_mpr_2026_04_p115_c003"", ""rbi_mpr_2026_04_p064_c001"", ""rbi_mpr_2026_04_p021_c000"", ""rbi_mpr_2026_04_p046_c000"", ""rbi_mpr_2026_04_p063_c003"", ""rbi_mpr_2026_04_p100_c000"", ""rbi_mpr_2026_04_p082_c002"", ""rbi_mpr_2026_04_p052_c000"", ""rbi_mpr_2026_04_p109_c003"", ""rbi_mpr_2026_04_p104_c003"", ""rbi_mpr_2026_04_p050_c003"", ""rbi_mpr_2026_04_p050_c000"", ""rbi_mpr_2026_04_p049_c003"", ""rbi_mpr_2026_04_p062_c002"", ""rbi_mpr_2026_04_p113_c004"", ""rbi_mpr_2026_04_p030_c000"", ""rbi_mpr_2026_04_p112_c000"", ""rbi_mpr_2026_04_p048_c003"", ""rbi_mpr_2026_04_p055_c003"", ""rbi_mpr_2026_04_p007_c001"", ""rbi_mpr_2026_04_p104_c005"", ""rbi_mpr_2026_04_p013_c003"", ""rbi_mpr_2026_04_p007_c000"", ""rbi_mpr_2026_04_p106_c001"", ""rbi_mpr_2026_04_p064_c003"", ""rbi_mpr_2026_04_p102_c002"", ""rbi_mpr_2026_04_p013_c004"", ""rbi_mpr_2026_04_p069_c001"", ""rbi_mpr_2026_04_p107_c003"", ""rbi_mpr_2026_04_p052_c003"", ""rbi_mpr_2026_04_p105_c003"", ""rbi_mpr_2026_04_p087_c000"", ""rbi_mpr_2026_04_p086_c000"", ""rbi_mpr_2026_04_p085_c003"", ""rbi_mpr_2026_04_p024_c000"", ""rbi_mpr_2026_04_p084_c000"", ""rbi_mpr_2026_04_p056_c000"", ""rbi_mpr_2026_04_p090_c000"", ""rbi_mpr_2026_04_p080_c000"", ""rbi_mpr_2026_04_p082_c000"", ""rbi_mpr_2026_04_p106_c000"", ""rbi_mpr_2026_04_p014_c004"", ""rbi_mpr_2026_04_p092_c000"", ""rbi_mpr_2026_04_p098_c002"", ""rbi_mpr_2026_04_p085_c000"", ""rbi_mpr_2026_04_p094_c000"", ""rbi_mpr_2026_04_p048_c000"", ""rbi_mpr_2026_04_p076_c000"", ""rbi_mpr_2026_04_p085_c002"", ""rbi_mpr_2026_04_p031_c000"", ""rbi_mpr_2026_04_p021_c002"", ""rbi_mpr_2026_04_p026_c000"", ""rbi_mpr_2026_04_p066_c000"", ""rbi_mpr_2026_04_p034_c000"", ""rbi_mpr_2026_04_p108_c000"", ""rbi_mpr_2026_04_p116_c000"", ""rbi_mpr_2026_04_p032_c000"", ""rbi_mpr_2026_04_p099_c002"", ""rbi_mpr_2026_04_p028_c002"", ""rbi_mpr_2026_04_p016_c000"", ""rbi_mpr_2026_04_p094_c004"", ""rbi_mpr_2026_04_p058_c000"", ""rbi_mpr_2026_04_p028_c000"", ""rbi_mpr_2026_04_p072_c000"", ""rbi_mpr_2026_04_p020_c000"", ""rbi_mpr_2026_04_p030_c002"", ""rbi_mpr_2026_04_p037_c001"", ""rbi_mpr_2026_04_p014_c000"", ""rbi_mpr_2026_04_p040_c000"", ""rbi_mpr_2026_04_p054_c000"", ""rbi_mpr_2026_04_p022_c000"", ""rbi_mpr_2026_04_p088_c000""], ""candidate_union_pages"": [64, 62, 63, 69, 5, 65, 100, 110, 102, 63, 63, 28, 109, 21, 60, 44, 62, 51, 25, 59, 115, 64, 21, 46, 63, 100, 82, 52, 109, 104, 50, 50, 49, 62, 113, 30, 112, 48, 55, 7, 104, 13, 7, 106, 64, 102, 13, 69, 107, 52, 105, 87, 86, 85, 24, 84, 56, 90, 80, 82, 106, 14, 92, 98, 85, 94, 48, 76, 85, 31, 21, 26, 66, 34, 108, 116, 32, 99, 28, 16, 94, 58, 28, 72, 20, 30, 37, 14, 40, 54, 22, 88], ""dense_candidate_ids"": [""rbi_mpr_2026_04_p064_c002"", ""rbi_mpr_2026_04_p062_c001"", ""rbi_mpr_2026_04_p063_c000"", ""rbi_mpr_2026_04_p069_c000"", ""rbi_mpr_2026_04_p005_c001"", ""rbi_mpr_2026_04_p065_c000"", ""rbi_mpr_2026_04_p100_c004"", ""rbi_mpr_2026_04_p110_c000"", ""rbi_mpr_2026_04_p102_c000"", ""rbi_mpr_2026_04_p063_c001"", ""rbi_mpr_2026_04_p063_c002"", ""rbi_mpr_2026_04_p028_c003"", ""rbi_mpr_2026_04_p109_c004"", ""rbi_mpr_2026_04_p021_c001"", ""rbi_mpr_2026_04_p060_c000"", ""rbi_mpr_2026_04_p044_c002"", ""rbi_mpr_2026_04_p062_c000"", ""rbi_mpr_2026_04_p051_c000"", ""rbi_mpr_2026_04_p025_c001"", ""rbi_mpr_2026_04_p059_c000"", ""rbi_mpr_2026_04_p115_c003"", ""rbi_mpr_2026_04_p064_c001"", ""rbi_mpr_2026_04_p021_c000"", ""rbi_mpr_2026_04_p046_c000"", ""rbi_mpr_2026_04_p063_c003"", ""rbi_mpr_2026_04_p100_c000"", ""rbi_mpr_2026_04_p082_c002"", ""rbi_mpr_2026_04_p052_c000"", ""rbi_mpr_2026_04_p109_c003"", ""rbi_mpr_2026_04_p104_c003"", ""rbi_mpr_2026_04_p050_c003"", ""rbi_mpr_2026_04_p050_c000"", ""rbi_mpr_2026_04_p049_c003"", ""rbi_mpr_2026_04_p062_c002"", ""rbi_mpr_2026_04_p113_c004"", ""rbi_mpr_2026_04_p030_c000"", ""rbi_mpr_2026_04_p112_c000"", ""rbi_mpr_2026_04_p048_c003"", ""rbi_mpr_2026_04_p055_c003"", ""rbi_mpr_2026_04_p007_c001"", ""rbi_mpr_2026_04_p104_c005"", ""rbi_mpr_2026_04_p013_c003"", ""rbi_mpr_2026_04_p007_c000"", ""rbi_mpr_2026_04_p106_c001"", ""rbi_mpr_2026_04_p064_c003"", ""rbi_mpr_2026_04_p102_c002"", ""rbi_mpr_2026_04_p013_c004"", ""rbi_mpr_2026_04_p069_c001"", ""rbi_mpr_2026_04_p107_c003"", ""rbi_mpr_2026_04_p052_c003""], ""dense_candidate_pages"": [64, 62, 63, 69, 5, 65, 100, 110, 102, 63, 63, 28, 109, 21, 60, 44, 62, 51, 25, 59, 115, 64, 21, 46, 63, 100, 82, 52, 109, 104, 50, 50, 49, 62, 113, 30, 112, 48, 55, 7, 104, 13, 7, 106, 64, 102, 13, 69, 107, 52], ""dense_candidate_scores"": [0.34968087097266687, 0.3376249756903682, 0.32566635533443267, 0.3213057580937986, 0.2984788142060558, 0.2971925766832003, 0.2932611186541041, 0.2905034925028849, 0.2832283563940253, 0.2817228709652162, 0.27650239372126284, 0.27287607887538556, 0.2696704738713439, 0.26315743707725847, 0.26260649347352405, 0.246094201163926, 0.2453870613396102, 0.24104804328541374, 0.24073607231273608, 0.23621228247466775, 0.23605423179275187, 0.23249391891164262, 0.2265457341813002, 0.22466674338098747, 0.22183666679717795, 0.21984109781388417, 0.215770555184702, 0.2157585011860279, 0.21562725589976495, 0.2124706255336931, 0.2101319812035206, 0.2091142191056795, 0.20805599603326796, 0.20718010022751454, 0.206733006458511, 0.20659468050169827, 0.20645466867094509, 0.20441459261562378, 0.20285743515054022, 0.2026378500697985, 0.20170834347273925, 0.20121370805861538, 0.1997483464295886, 0.19689584772237134, 0.19641191760776922, 0.19617623243089632, 0.1961253190378952, 0.1956433276783246, 0.19546926119397456, 0.194066445488138], ""dense_first_evidence_rank"": 1, ""evidence_rank_after_reranking"": 1, ""evidence_rank_before_reranking"": 9, ""expected_evidence"": [""gross market borrowings through issuance of dated securities amounted to \u20b914.61 lakh crore""], ""loss_stage"": ""evidence_found"", ""report_id"": ""rbi_mpr_2026_04"", ""reranker_input_ids"": [""rbi_mpr_2026_04_p069_c000"", ""rbi_mpr_2026_04_p102_c000"", ""rbi_mpr_2026_04_p028_c003"", ""rbi_mpr_2026_04_p046_c000"", ""rbi_mpr_2026_04_p113_c004"", ""rbi_mpr_2026_04_p100_c000"", ""rbi_mpr_2026_04_p112_c000"", ""rbi_mpr_2026_04_p030_c000"", ""rbi_mpr_2026_04_p064_c002"", ""rbi_mpr_2026_04_p105_c003"", ""rbi_mpr_2026_04_p062_c001"", ""rbi_mpr_2026_04_p087_c000"", ""rbi_mpr_2026_04_p063_c000"", ""rbi_mpr_2026_04_p086_c000"", ""rbi_mpr_2026_04_p005_c001"", ""rbi_mpr_2026_04_p065_c000"", ""rbi_mpr_2026_04_p085_c003"", ""rbi_mpr_2026_04_p100_c004"", ""rbi_mpr_2026_04_p110_c000"", ""rbi_mpr_2026_04_p063_c001"", ""rbi_mpr_2026_04_p024_c000"", ""rbi_mpr_2026_04_p063_c002"", ""rbi_mpr_2026_04_p084_c000"", ""rbi_mpr_2026_04_p056_c000"", ""rbi_mpr_2026_04_p109_c004"", ""rbi_mpr_2026_04_p090_c000"", ""rbi_mpr_2026_04_p021_c001"", ""rbi_mpr_2026_04_p080_c000"", ""rbi_mpr_2026_04_p060_c000"", ""rbi_mpr_2026_04_p082_c000""], ""reranker_input_pages"": [69, 102, 28, 46, 113, 100, 112, 30, 64, 105, 62, 87, 63, 86, 5, 65, 85, 100, 110, 63, 24, 63, 84, 56, 109, 90, 21, 80, 60, 82], ""reranker_input_ranks"": [1, 2, 3, 4, 5, 6, 7, 8, 9, 10, 11, 12, 13, 14, 15, 16, 17, 18, 19, 20, 21, 22, 23, 24, 25, 26, 27, 28, 29, 30], ""reranker_output_ids"": [""rbi_mpr_2026_04_p064_c002"", ""rbi_mpr_2026_04_p069_c000"", ""rbi_mpr_2026_04_p060_c000"", ""rbi_mpr_2026_04_p065_c000"", ""rbi_mpr_2026_04_p046_c000"", ""rbi_mpr_2026_04_p024_c000"", ""rbi_mpr_2026_04_p063_c001"", ""rbi_mpr_2026_04_p102_c000"", ""rbi_mpr_2026_04_p090_c000"", ""rbi_mpr_2026_04_p109_c004"", ""rbi_mpr_2026_04_p030_c000"", ""rbi_mpr_2026_04_p110_c000"", ""rbi_mpr_2026_04_p056_c000"", ""rbi_mpr_2026_04_p100_c000"", ""rbi_mpr_2026_04_p082_c000"", ""rbi_mpr_2026_04_p084_c000"", ""rbi_mpr_2026_04_p080_c000"", ""rbi_mpr_2026_04_p086_c000"", ""rbi_mpr_2026_04_p105_c003"", ""rbi_mpr_2026_04_p063_c000"", ""rbi_mpr_2026_04_p112_c000"", ""rbi_mpr_2026_04_p085_c003"", ""rbi_mpr_2026_04_p021_c001"", ""rbi_mpr_2026_04_p113_c004"", ""rbi_mpr_2026_04_p087_c000"", ""rbi_mpr_2026_04_p063_c002"", ""rbi_mpr_2026_04_p062_c001"", ""rbi_mpr_2026_04_p028_c003"", ""rbi_mpr_2026_04_p100_c004"", ""rbi_mpr_2026_04_p005_c001""], ""reranker_output_pages"": [64, 69, 60, 65, 46, 24, 63, 102, 90, 109, 30, 110, 56, 100, 82, 84, 80, 86, 105, 63, 112, 85, 21, 113, 87, 63, 62, 28, 100, 5], ""reranker_scores"": [3.8185038566589355, 3.494029998779297, 2.766420364379883, 2.7526936531066895, 2.3839588165283203, 2.097208023071289, 1.8998994827270508, 1.7323914766311646, 1.6812756061553955, 1.0709441900253296, 0.8437386751174927, 0.6010972261428833, 0.2499701976776123, 0.07965701073408127, -0.11294586211442947, -0.30497103929519653, -0.3704734146595001, -0.7646341919898987, -0.856798529624939, -1.110418677330017, -1.2770150899887085, -1.3322372436523438, -1.4305285215377808, -1.6990399360656738, -1.8738510608673096, -2.4017903804779053, -2.5907797813415527, -3.201535701751709, -5.753461837768555, -8.448057174682617], ""rrf_candidate_ids"": [""rbi_mpr_2026_04_p069_c000"", ""rbi_mpr_2026_04_p102_c000"", ""rbi_mpr_2026_04_p028_c003"", ""rbi_mpr_2026_04_p046_c000"", ""rbi_mpr_2026_04_p113_c004"", ""rbi_mpr_2026_04_p100_c000"", ""rbi_mpr_2026_04_p112_c000"", ""rbi_mpr_2026_04_p030_c000"", ""rbi_mpr_2026_04_p064_c002"", ""rbi_mpr_2026_04_p105_c003"", ""rbi_mpr_2026_04_p062_c001"", ""rbi_mpr_2026_04_p087_c000"", ""rbi_mpr_2026_04_p063_c000"", ""rbi_mpr_2026_04_p086_c000"", ""rbi_mpr_2026_04_p005_c001"", ""rbi_mpr_2026_04_p065_c000"", ""rbi_mpr_2026_04_p085_c003"", ""rbi_mpr_2026_04_p100_c004"", ""rbi_mpr_2026_04_p110_c000"", ""rbi_mpr_2026_04_p063_c001"", ""rbi_mpr_2026_04_p024_c000"", ""rbi_mpr_2026_04_p063_c002"", ""rbi_mpr_2026_04_p084_c000"", ""rbi_mpr_2026_04_p056_c000"", ""rbi_mpr_2026_04_p109_c004"", ""rbi_mpr_2026_04_p090_c000"", ""rbi_mpr_2026_04_p021_c001"", ""rbi_mpr_2026_04_p080_c000"", ""rbi_mpr_2026_04_p060_c000"", ""rbi_mpr_2026_04_p082_c000""], ""rrf_candidate_pages"": [69, 102, 28, 46, 113, 100, 112, 30, 64, 105, 62, 87, 63, 86, 5, 65, 85, 100, 110, 63, 24, 63, 84, 56, 109, 90, 21, 80, 60, 82], ""rrf_first_evidence_rank"": 9, ""rrf_scores"": [0.03055037313432836, 0.028985507246376812, 0.028594771241830064, 0.027529761904761904, 0.025910931174089068, 0.024614919963757174, 0.021937185327259648, 0.020620748299319726, 0.01639344262295082, 0.01639344262295082, 0.016129032258064516, 0.016129032258064516, 0.015873015873015872, 0.015873015873015872, 0.015384615384615385, 0.015151515151515152, 0.015151515151515152, 0.014925373134328358, 0.014705882352941176, 0.014285714285714285, 0.014285714285714285, 0.014084507042253521, 0.014084507042253521, 0.013888888888888888, 0.0136986301369863, 0.0136986301369863, 0.013513513513513514, 0.013513513513513514, 0.013333333333333334, 0.013333333333333334], ""selected_chunk_ids_after_dedup"": [""rbi_mpr_2026_04_p064_c002"", ""rbi_mpr_2026_04_p069_c000"", ""rbi_mpr_2026_04_p060_c000""], ""selected_chunk_ids_before_dedup"": [""rbi_mpr_2026_04_p064_c002"", ""rbi_mpr_2026_04_p069_c000"", ""rbi_mpr_2026_04_p060_c000""], ""selected_pages"": [64, 69, 60]}}","{""rbi_mpr_2025_04"": false, ""rbi_mpr_2026_04"": true}","{""rbi_mpr_2025_04"": 0.0, ""rbi_mpr_2026_04"": 1.0}",[],"[""2025"", ""2026""]",0.13129999570082873,pairwise_comparison,cmp_dev_012,"[""Compare""]",0.0,"{""rbi_mpr_2025_04"": 3, ""rbi_mpr_2026_04"": 3}",1.0,"[""rbi_mpr_2025_04"", ""rbi_mpr_2026_04""]",3464.9361000047065,0.15100000018719584,5806,6,0.0048000074457377195,dev,3543.0603999993764,6
False,6.963799998629838,0.4006999952252954,False,04a5ce7716e7f739c55089569953118657c56d931da37da67b3f680d0125b949,0,0.03509999078232795,bf7cf18e02abb87a6e22fe9b686d8f93fa34ceb3f67abc575741c0a63080b56d,0.2570000069681555,99.5524000027217,0,1468,0.0,[],RRF_K60,[],0.32619999547023326,d063b65fcefc1858e3315b9e67356a80310b8ae9b4d0864e98dd7c18d8553c1a,0.0,How did food-inflation conditions evolve across all three reports?,How did food-inflation conditions evolve across all three reports?,"{""rbi_mpr_2025_04"": {""accepted_evidence_found"": false, ""accepted_pages"": [12], ""bm25_candidate_ids"": [""rbi_mpr_2025_04_p074_c000"", ""rbi_mpr_2025_04_p085_c000"", ""rbi_mpr_2025_04_p085_c001"", ""rbi_mpr_2025_04_p088_c000"", ""rbi_mpr_2025_04_p111_c001"", ""rbi_mpr_2025_04_p060_c000"", ""rbi_mpr_2025_04_p073_c004"", ""rbi_mpr_2025_04_p087_c000"", ""rbi_mpr_2025_04_p073_c003"", ""rbi_mpr_2025_04_p028_c002"", ""rbi_mpr_2025_04_p041_c000"", ""rbi_mpr_2025_04_p028_c001"", ""rbi_mpr_2025_04_p069_c001"", ""rbi_mpr_2025_04_p078_c002"", ""rbi_mpr_2025_04_p034_c001"", ""rbi_mpr_2025_04_p087_c001"", ""rbi_mpr_2025_04_p074_c001"", ""rbi_mpr_2025_04_p073_c006"", ""rbi_mpr_2025_04_p019_c001"", ""rbi_mpr_2025_04_p067_c002"", ""rbi_mpr_2025_04_p073_c005"", ""rbi_mpr_2025_04_p101_c000"", ""rbi_mpr_2025_04_p091_c000"", ""rbi_mpr_2025_04_p041_c001"", ""rbi_mpr_2025_04_p037_c000"", ""rbi_mpr_2025_04_p088_c002"", ""rbi_mpr_2025_04_p044_c002"", ""rbi_mpr_2025_04_p038_c002"", ""rbi_mpr_2025_04_p067_c001"", ""rbi_mpr_2025_04_p055_c000"", ""rbi_mpr_2025_04_p044_c001"", ""rbi_mpr_2025_04_p015_c001"", ""rbi_mpr_2025_04_p015_c002"", ""rbi_mpr_2025_04_p027_c000"", ""rbi_mpr_2025_04_p098_c000"", ""rbi_mpr_2025_04_p035_c001"", ""rbi_mpr_2025_04_p033_c000"", ""rbi_mpr_2025_04_p047_c004"", ""rbi_mpr_2025_04_p092_c003"", ""rbi_mpr_2025_04_p027_c002"", ""rbi_mpr_2025_04_p027_c001"", ""rbi_mpr_2025_04_p038_c000"", ""rbi_mpr_2025_04_p039_c002"", ""rbi_mpr_2025_04_p028_c003"", ""rbi_mpr_2025_04_p098_c003"", ""rbi_mpr_2025_04_p011_c000"", ""rbi_mpr_2025_04_p068_c001"", ""rbi_mpr_2025_04_p071_c004"", ""rbi_mpr_2025_04_p047_c001"", ""rbi_mpr_2025_04_p069_c000""], ""bm25_candidate_pages"": [74, 85, 85, 88, 111, 60, 73, 87, 73, 28, 41, 28, 69, 78, 34, 87, 74, 73, 19, 67, 73, 101, 91, 41, 37, 88, 44, 38, 67, 55, 44, 15, 15, 27, 98, 35, 33, 47, 92, 27, 27, 38, 39, 28, 98, 11, 68, 71, 47, 69], ""bm25_candidate_scores"": [null, null, null, null, null, null, null, null, null, null, null, null, null, null, null, null, null, null, null, null, null, null, null, null, null, null, null, null, null, null, null, null, null, null, null, null, null, null, null, null, null, null, null, null, null, null, null, null, null, null], ""bm25_first_evidence_rank"": null, ""candidate_source_expansion"": {""rbi_mpr_2025_04_p011_c000"": [], ""rbi_mpr_2025_04_p011_c005"": [], ""rbi_mpr_2025_04_p013_c001"": [], ""rbi_mpr_2025_04_p013_c002"": [], ""rbi_mpr_2025_04_p015_c001"": [], ""rbi_mpr_2025_04_p015_c002"": [], ""rbi_mpr_2025_04_p017_c001"": [], ""rbi_mpr_2025_04_p019_c001"": [], ""rbi_mpr_2025_04_p023_c000"": [], ""rbi_mpr_2025_04_p023_c001"": [], ""rbi_mpr_2025_04_p025_c000"": [], ""rbi_mpr_2025_04_p025_c001"": [], ""rbi_mpr_2025_04_p025_c002"": [], ""rbi_mpr_2025_04_p025_c003"": [], ""rbi_mpr_2025_04_p025_c004"": [], ""rbi_mpr_2025_04_p026_c000"": [], ""rbi_mpr_2025_04_p026_c001"": [], ""rbi_mpr_2025_04_p027_c000"": [], ""rbi_mpr_2025_04_p027_c001"": [], ""rbi_mpr_2025_04_p027_c002"": [], ""rbi_mpr_2025_04_p027_c003"": [], ""rbi_mpr_2025_04_p028_c001"": [], ""rbi_mpr_2025_04_p028_c002"": [], ""rbi_mpr_2025_04_p028_c003"": [], ""rbi_mpr_2025_04_p030_c000"": [], ""rbi_mpr_2025_04_p030_c001"": [], ""rbi_mpr_2025_04_p030_c002"": [], ""rbi_mpr_2025_04_p031_c000"": [], ""rbi_mpr_2025_04_p031_c001"": [], ""rbi_mpr_2025_04_p032_c000"": [], ""rbi_mpr_2025_04_p032_c002"": [], ""rbi_mpr_2025_04_p033_c000"": [], ""rbi_mpr_2025_04_p033_c001"": [], ""rbi_mpr_2025_04_p033_c004"": [], ""rbi_mpr_2025_04_p034_c000"": [], ""rbi_mpr_2025_04_p034_c001"": [], ""rbi_mpr_2025_04_p035_c001"": [], ""rbi_mpr_2025_04_p035_c002"": [], ""rbi_mpr_2025_04_p035_c003"": [], ""rbi_mpr_2025_04_p036_c000"": [], ""rbi_mpr_2025_04_p037_c000"": [], ""rbi_mpr_2025_04_p037_c001"": [], ""rbi_mpr_2025_04_p038_c000"": [], ""rbi_mpr_2025_04_p038_c002"": [], ""rbi_mpr_2025_04_p039_c001"": [], ""rbi_mpr_2025_04_p039_c002"": [], ""rbi_mpr_2025_04_p039_c003"": [], ""rbi_mpr_2025_04_p040_c000"": [], ""rbi_mpr_2025_04_p040_c001"": [], ""rbi_mpr_2025_04_p040_c002"": [], ""rbi_mpr_2025_04_p041_c000"": [], ""rbi_mpr_2025_04_p041_c001"": [], ""rbi_mpr_2025_04_p041_c002"": [], ""rbi_mpr_2025_04_p042_c000"": [], ""rbi_mpr_2025_04_p042_c001"": [], ""rbi_mpr_2025_04_p042_c002"": [], ""rbi_mpr_2025_04_p044_c001"": [], ""rbi_mpr_2025_04_p044_c002"": [], ""rbi_mpr_2025_04_p046_c000"": [], ""rbi_mpr_2025_04_p047_c001"": [], ""rbi_mpr_2025_04_p047_c004"": [], ""rbi_mpr_2025_04_p055_c000"": [], ""rbi_mpr_2025_04_p060_c000"": [], ""rbi_mpr_2025_04_p067_c001"": [], ""rbi_mpr_2025_04_p067_c002"": [], ""rbi_mpr_2025_04_p068_c001"": [], ""rbi_mpr_2025_04_p069_c000"": [], ""rbi_mpr_2025_04_p069_c001"": [], ""rbi_mpr_2025_04_p071_c004"": [], ""rbi_mpr_2025_04_p073_c003"": [], ""rbi_mpr_2025_04_p073_c004"": [], ""rbi_mpr_2025_04_p073_c005"": [], ""rbi_mpr_2025_04_p073_c006"": [], ""rbi_mpr_2025_04_p074_c000"": [], ""rbi_mpr_2025_04_p074_c001"": [], ""rbi_mpr_2025_04_p078_c002"": [], ""rbi_mpr_2025_04_p085_c000"": [], ""rbi_mpr_2025_04_p085_c001"": [], ""rbi_mpr_2025_04_p087_c000"": [], ""rbi_mpr_2025_04_p087_c001"": [], ""rbi_mpr_2025_04_p088_c000"": [], ""rbi_mpr_2025_04_p088_c002"": [], ""rbi_mpr_2025_04_p091_c000"": [], ""rbi_mpr_2025_04_p092_c003"": [], ""rbi_mpr_2025_04_p098_c000"": [], ""rbi_mpr_2025_04_p098_c003"": [], ""rbi_mpr_2025_04_p101_c000"": [], ""rbi_mpr_2025_04_p105_c001"": [], ""rbi_mpr_2025_04_p105_c003"": [], ""rbi_mpr_2025_04_p106_c002"": [], ""rbi_mpr_2025_04_p111_c001"": [], ""rbi_mpr_2025_10_p005_c000"": [], ""rbi_mpr_2025_10_p009_c005"": [], ""rbi_mpr_2025_10_p010_c000"": [], ""rbi_mpr_2025_10_p010_c003"": [], ""rbi_mpr_2025_10_p011_c000"": [], ""rbi_mpr_2025_10_p014_c000"": [], ""rbi_mpr_2025_10_p014_c001"": [], ""rbi_mpr_2025_10_p014_c003"": [], ""rbi_mpr_2025_10_p015_c001"": [], ""rbi_mpr_2025_10_p016_c004"": [], ""rbi_mpr_2025_10_p017_c001"": [], ""rbi_mpr_2025_10_p017_c002"": [], ""rbi_mpr_2025_10_p017_c003"": [], ""rbi_mpr_2025_10_p017_c005"": [], ""rbi_mpr_2025_10_p019_c002"": [], ""rbi_mpr_2025_10_p019_c003"": [], ""rbi_mpr_2025_10_p022_c001"": [], ""rbi_mpr_2025_10_p023_c000"": [], ""rbi_mpr_2025_10_p023_c001"": [], ""rbi_mpr_2025_10_p024_c000"": [], ""rbi_mpr_2025_10_p024_c001"": [], ""rbi_mpr_2025_10_p024_c002"": [], ""rbi_mpr_2025_10_p024_c003"": [], ""rbi_mpr_2025_10_p025_c000"": [], ""rbi_mpr_2025_10_p025_c001"": [], ""rbi_mpr_2025_10_p025_c002"": [], ""rbi_mpr_2025_10_p026_c000"": [], ""rbi_mpr_2025_10_p026_c001"": [], ""rbi_mpr_2025_10_p026_c002"": [], ""rbi_mpr_2025_10_p026_c003"": [], ""rbi_mpr_2025_10_p027_c000"": [], ""rbi_mpr_2025_10_p027_c002"": [], ""rbi_mpr_2025_10_p027_c003"": [], ""rbi_mpr_2025_10_p028_c000"": [], ""rbi_mpr_2025_10_p028_c001"": [], ""rbi_mpr_2025_10_p028_c002"": [], ""rbi_mpr_2025_10_p029_c000"": [], ""rbi_mpr_2025_10_p029_c002"": [], ""rbi_mpr_2025_10_p030_c000"": [], ""rbi_mpr_2025_10_p030_c001"": [], ""rbi_mpr_2025_10_p030_c002"": [], ""rbi_mpr_2025_10_p031_c000"": [], ""rbi_mpr_2025_10_p031_c001"": [], ""rbi_mpr_2025_10_p031_c003"": [], ""rbi_mpr_2025_10_p032_c000"": [], ""rbi_mpr_2025_10_p032_c003"": [], ""rbi_mpr_2025_10_p033_c001"": [], ""rbi_mpr_2025_10_p033_c003"": [], ""rbi_mpr_2025_10_p033_c004"": [], ""rbi_mpr_2025_10_p034_c001"": [], ""rbi_mpr_2025_10_p034_c002"": [], ""rbi_mpr_2025_10_p034_c003"": [], ""rbi_mpr_2025_10_p034_c005"": [], ""rbi_mpr_2025_10_p035_c000"": [], ""rbi_mpr_2025_10_p035_c002"": [], ""rbi_mpr_2025_10_p035_c003"": [], ""rbi_mpr_2025_10_p036_c003"": [], ""rbi_mpr_2025_10_p036_c004"": [], ""rbi_mpr_2025_10_p037_c001"": [], ""rbi_mpr_2025_10_p037_c002"": [], ""rbi_mpr_2025_10_p041_c003"": [], ""rbi_mpr_2025_10_p041_c004"": [], ""rbi_mpr_2025_10_p042_c002"": [], ""rbi_mpr_2025_10_p042_c004"": [], ""rbi_mpr_2025_10_p044_c002"": [], ""rbi_mpr_2025_10_p044_c003"": [], ""rbi_mpr_2025_10_p045_c000"": [], ""rbi_mpr_2025_10_p045_c001"": [], ""rbi_mpr_2025_10_p045_c004"": [], ""rbi_mpr_2025_10_p047_c002"": [], ""rbi_mpr_2025_10_p049_c002"": [], ""rbi_mpr_2025_10_p055_c002"": [], ""rbi_mpr_2025_10_p055_c003"": [], ""rbi_mpr_2025_10_p055_c004"": [], ""rbi_mpr_2025_10_p059_c000"": [], ""rbi_mpr_2025_10_p065_c004"": [], ""rbi_mpr_2025_10_p069_c003"": [], ""rbi_mpr_2025_10_p069_c004"": [], ""rbi_mpr_2025_10_p076_c000"": [], ""rbi_mpr_2025_10_p076_c001"": [], ""rbi_mpr_2025_10_p082_c000"": [], ""rbi_mpr_2025_10_p083_c000"": [], ""rbi_mpr_2025_10_p083_c001"": [], ""rbi_mpr_2025_10_p083_c002"": [], ""rbi_mpr_2025_10_p084_c002"": [], ""rbi_mpr_2025_10_p084_c003"": [], ""rbi_mpr_2025_10_p086_c002"": [], ""rbi_mpr_2025_10_p088_c003"": [], ""rbi_mpr_2025_10_p091_c000"": [], ""rbi_mpr_2025_10_p101_c001"": [], ""rbi_mpr_2025_10_p101_c002"": [], ""rbi_mpr_2025_10_p102_c003"": [], ""rbi_mpr_2026_04_p005_c003"": [], ""rbi_mpr_2026_04_p013_c000"": [], ""rbi_mpr_2026_04_p014_c000"": [], ""rbi_mpr_2026_04_p018_c002"": [], ""rbi_mpr_2026_04_p018_c003"": [], ""rbi_mpr_2026_04_p020_c001"": [], ""rbi_mpr_2026_04_p020_c002"": [], ""rbi_mpr_2026_04_p020_c003"": [], ""rbi_mpr_2026_04_p023_c000"": [], ""rbi_mpr_2026_04_p023_c001"": [], ""rbi_mpr_2026_04_p027_c000"": [], ""rbi_mpr_2026_04_p028_c000"": [], ""rbi_mpr_2026_04_p028_c003"": [], ""rbi_mpr_2026_04_p035_c003"": [], ""rbi_mpr_2026_04_p038_c002"": [], ""rbi_mpr_2026_04_p041_c000"": [], ""rbi_mpr_2026_04_p041_c001"": [], ""rbi_mpr_2026_04_p042_c001"": [], ""rbi_mpr_2026_04_p042_c002"": [], ""rbi_mpr_2026_04_p043_c000"": [], ""rbi_mpr_2026_04_p044_c000"": [], ""rbi_mpr_2026_04_p047_c004"": [], ""rbi_mpr_2026_04_p055_c001"": [], ""rbi_mpr_2026_04_p056_c002"": [], ""rbi_mpr_2026_04_p058_c001"": [], ""rbi_mpr_2026_04_p059_c000"": [], ""rbi_mpr_2026_04_p066_c000"": [], ""rbi_mpr_2026_04_p067_c002"": [], ""rbi_mpr_2026_04_p069_c003"": [], ""rbi_mpr_2026_04_p070_c000"": [], ""rbi_mpr_2026_04_p071_c000"": [], ""rbi_mpr_2026_04_p071_c001"": [], ""rbi_mpr_2026_04_p073_c000"": [], ""rbi_mpr_2026_04_p077_c000"": [], ""rbi_mpr_2026_04_p078_c000"": [], ""rbi_mpr_2026_04_p079_c000"": [], ""rbi_mpr_2026_04_p080_c000"": [], ""rbi_mpr_2026_04_p081_c000"": [], ""rbi_mpr_2026_04_p081_c001"": [], ""rbi_mpr_2026_04_p081_c002"": [], ""rbi_mpr_2026_04_p081_c005"": [], ""rbi_mpr_2026_04_p081_c006"": [], ""rbi_mpr_2026_04_p082_c000"": [], ""rbi_mpr_2026_04_p082_c001"": [], ""rbi_mpr_2026_04_p082_c003"": [], ""rbi_mpr_2026_04_p082_c004"": [], ""rbi_mpr_2026_04_p083_c000"": [], ""rbi_mpr_2026_04_p083_c001"": [], ""rbi_mpr_2026_04_p083_c002"": [], ""rbi_mpr_2026_04_p083_c003"": [], ""rbi_mpr_2026_04_p083_c004"": [], ""rbi_mpr_2026_04_p084_c000"": [], ""rbi_mpr_2026_04_p084_c001"": [], ""rbi_mpr_2026_04_p084_c002"": [], ""rbi_mpr_2026_04_p085_c000"": [], ""rbi_mpr_2026_04_p085_c005"": [], ""rbi_mpr_2026_04_p086_c002"": [], ""rbi_mpr_2026_04_p087_c000"": [], ""rbi_mpr_2026_04_p087_c004"": [], ""rbi_mpr_2026_04_p088_c000"": [], ""rbi_mpr_2026_04_p089_c002"": [], ""rbi_mpr_2026_04_p089_c003"": [], ""rbi_mpr_2026_04_p090_c002"": [], ""rbi_mpr_2026_04_p091_c000"": [], ""rbi_mpr_2026_04_p091_c005"": [], ""rbi_mpr_2026_04_p092_c001"": [], ""rbi_mpr_2026_04_p092_c002"": [], ""rbi_mpr_2026_04_p092_c004"": [], ""rbi_mpr_2026_04_p094_c000"": [], ""rbi_mpr_2026_04_p094_c002"": [], ""rbi_mpr_2026_04_p094_c003"": [], ""rbi_mpr_2026_04_p094_c004"": [], ""rbi_mpr_2026_04_p095_c000"": [], ""rbi_mpr_2026_04_p095_c003"": [], ""rbi_mpr_2026_04_p095_c004"": [], ""rbi_mpr_2026_04_p096_c003"": [], ""rbi_mpr_2026_04_p096_c004"": [], ""rbi_mpr_2026_04_p099_c001"": [], ""rbi_mpr_2026_04_p099_c002"": [], ""rbi_mpr_2026_04_p099_c003"": [], ""rbi_mpr_2026_04_p101_c001"": [], ""rbi_mpr_2026_04_p101_c002"": [], ""rbi_mpr_2026_04_p102_c001"": [], ""rbi_mpr_2026_04_p102_c003"": [], ""rbi_mpr_2026_04_p102_c004"": [], ""rbi_mpr_2026_04_p103_c000"": [], ""rbi_mpr_2026_04_p104_c004"": [], ""rbi_mpr_2026_04_p105_c000"": [], ""rbi_mpr_2026_04_p107_c000"": [], ""rbi_mpr_2026_04_p107_c001"": [], ""rbi_mpr_2026_04_p107_c004"": [], ""rbi_mpr_2026_04_p108_c001"": [], ""rbi_mpr_2026_04_p110_c003"": [], ""rbi_mpr_2026_04_p115_c000"": [], ""rbi_mpr_2026_04_p115_c001"": [], ""rbi_mpr_2026_04_p115_c002"": [], ""rbi_mpr_2026_04_p115_c003"": []}, ""candidate_source_facet"": {""rbi_mpr_2025_04_p011_c000"": [], ""rbi_mpr_2025_04_p011_c005"": [], ""rbi_mpr_2025_04_p013_c001"": [], ""rbi_mpr_2025_04_p013_c002"": [], ""rbi_mpr_2025_04_p015_c001"": [], ""rbi_mpr_2025_04_p015_c002"": [], ""rbi_mpr_2025_04_p017_c001"": [], ""rbi_mpr_2025_04_p019_c001"": [], ""rbi_mpr_2025_04_p023_c000"": [], ""rbi_mpr_2025_04_p023_c001"": [], ""rbi_mpr_2025_04_p025_c000"": [], ""rbi_mpr_2025_04_p025_c001"": [], ""rbi_mpr_2025_04_p025_c002"": [], ""rbi_mpr_2025_04_p025_c003"": [], ""rbi_mpr_2025_04_p025_c004"": [], ""rbi_mpr_2025_04_p026_c000"": [], ""rbi_mpr_2025_04_p026_c001"": [], ""rbi_mpr_2025_04_p027_c000"": [], ""rbi_mpr_2025_04_p027_c001"": [], ""rbi_mpr_2025_04_p027_c002"": [], ""rbi_mpr_2025_04_p027_c003"": [], ""rbi_mpr_2025_04_p028_c001"": [], ""rbi_mpr_2025_04_p028_c002"": [], ""rbi_mpr_2025_04_p028_c003"": [], ""rbi_mpr_2025_04_p030_c000"": [], ""rbi_mpr_2025_04_p030_c001"": [], ""rbi_mpr_2025_04_p030_c002"": [], ""rbi_mpr_2025_04_p031_c000"": [], ""rbi_mpr_2025_04_p031_c001"": [], ""rbi_mpr_2025_04_p032_c000"": [], ""rbi_mpr_2025_04_p032_c002"": [], ""rbi_mpr_2025_04_p033_c000"": [], ""rbi_mpr_2025_04_p033_c001"": [], ""rbi_mpr_2025_04_p033_c004"": [], ""rbi_mpr_2025_04_p034_c000"": [], ""rbi_mpr_2025_04_p034_c001"": [], ""rbi_mpr_2025_04_p035_c001"": [], ""rbi_mpr_2025_04_p035_c002"": [], ""rbi_mpr_2025_04_p035_c003"": [], ""rbi_mpr_2025_04_p036_c000"": [], ""rbi_mpr_2025_04_p037_c000"": [], ""rbi_mpr_2025_04_p037_c001"": [], ""rbi_mpr_2025_04_p038_c000"": [], ""rbi_mpr_2025_04_p038_c002"": [], ""rbi_mpr_2025_04_p039_c001"": [], ""rbi_mpr_2025_04_p039_c002"": [], ""rbi_mpr_2025_04_p039_c003"": [], ""rbi_mpr_2025_04_p040_c000"": [], ""rbi_mpr_2025_04_p040_c001"": [], ""rbi_mpr_2025_04_p040_c002"": [], ""rbi_mpr_2025_04_p041_c000"": [], ""rbi_mpr_2025_04_p041_c001"": [], ""rbi_mpr_2025_04_p041_c002"": [], ""rbi_mpr_2025_04_p042_c000"": [], ""rbi_mpr_2025_04_p042_c001"": [], ""rbi_mpr_2025_04_p042_c002"": [], ""rbi_mpr_2025_04_p044_c001"": [], ""rbi_mpr_2025_04_p044_c002"": [], ""rbi_mpr_2025_04_p046_c000"": [], ""rbi_mpr_2025_04_p047_c001"": [], ""rbi_mpr_2025_04_p047_c004"": [], ""rbi_mpr_2025_04_p055_c000"": [], ""rbi_mpr_2025_04_p060_c000"": [], ""rbi_mpr_2025_04_p067_c001"": [], ""rbi_mpr_2025_04_p067_c002"": [], ""rbi_mpr_2025_04_p068_c001"": [], ""rbi_mpr_2025_04_p069_c000"": [], ""rbi_mpr_2025_04_p069_c001"": [], ""rbi_mpr_2025_04_p071_c004"": [], ""rbi_mpr_2025_04_p073_c003"": [], ""rbi_mpr_2025_04_p073_c004"": [], ""rbi_mpr_2025_04_p073_c005"": [], ""rbi_mpr_2025_04_p073_c006"": [], ""rbi_mpr_2025_04_p074_c000"": [], ""rbi_mpr_2025_04_p074_c001"": [], ""rbi_mpr_2025_04_p078_c002"": [], ""rbi_mpr_2025_04_p085_c000"": [], ""rbi_mpr_2025_04_p085_c001"": [], ""rbi_mpr_2025_04_p087_c000"": [], ""rbi_mpr_2025_04_p087_c001"": [], ""rbi_mpr_2025_04_p088_c000"": [], ""rbi_mpr_2025_04_p088_c002"": [], ""rbi_mpr_2025_04_p091_c000"": [], ""rbi_mpr_2025_04_p092_c003"": [], ""rbi_mpr_2025_04_p098_c000"": [], ""rbi_mpr_2025_04_p098_c003"": [], ""rbi_mpr_2025_04_p101_c000"": [], ""rbi_mpr_2025_04_p105_c001"": [], ""rbi_mpr_2025_04_p105_c003"": [], ""rbi_mpr_2025_04_p106_c002"": [], ""rbi_mpr_2025_04_p111_c001"": [], ""rbi_mpr_2025_10_p005_c000"": [], ""rbi_mpr_2025_10_p009_c005"": [], ""rbi_mpr_2025_10_p010_c000"": [], ""rbi_mpr_2025_10_p010_c003"": [], ""rbi_mpr_2025_10_p011_c000"": [], ""rbi_mpr_2025_10_p014_c000"": [], ""rbi_mpr_2025_10_p014_c001"": [], ""rbi_mpr_2025_10_p014_c003"": [], ""rbi_mpr_2025_10_p015_c001"": [], ""rbi_mpr_2025_10_p016_c004"": [], ""rbi_mpr_2025_10_p017_c001"": [], ""rbi_mpr_2025_10_p017_c002"": [], ""rbi_mpr_2025_10_p017_c003"": [], ""rbi_mpr_2025_10_p017_c005"": [], ""rbi_mpr_2025_10_p019_c002"": [], ""rbi_mpr_2025_10_p019_c003"": [], ""rbi_mpr_2025_10_p022_c001"": [], ""rbi_mpr_2025_10_p023_c000"": [], ""rbi_mpr_2025_10_p023_c001"": [], ""rbi_mpr_2025_10_p024_c000"": [], ""rbi_mpr_2025_10_p024_c001"": [], ""rbi_mpr_2025_10_p024_c002"": [], ""rbi_mpr_2025_10_p024_c003"": [], ""rbi_mpr_2025_10_p025_c000"": [], ""rbi_mpr_2025_10_p025_c001"": [], ""rbi_mpr_2025_10_p025_c002"": [], ""rbi_mpr_2025_10_p026_c000"": [], ""rbi_mpr_2025_10_p026_c001"": [], ""rbi_mpr_2025_10_p026_c002"": [], ""rbi_mpr_2025_10_p026_c003"": [], ""rbi_mpr_2025_10_p027_c000"": [], ""rbi_mpr_2025_10_p027_c002"": [], ""rbi_mpr_2025_10_p027_c003"": [], ""rbi_mpr_2025_10_p028_c000"": [], ""rbi_mpr_2025_10_p028_c001"": [], ""rbi_mpr_2025_10_p028_c002"": [], ""rbi_mpr_2025_10_p029_c000"": [], ""rbi_mpr_2025_10_p029_c002"": [], ""rbi_mpr_2025_10_p030_c000"": [], ""rbi_mpr_2025_10_p030_c001"": [], ""rbi_mpr_2025_10_p030_c002"": [], ""rbi_mpr_2025_10_p031_c000"": [], ""rbi_mpr_2025_10_p031_c001"": [], ""rbi_mpr_2025_10_p031_c003"": [], ""rbi_mpr_2025_10_p032_c000"": [], ""rbi_mpr_2025_10_p032_c003"": [], ""rbi_mpr_2025_10_p033_c001"": [], ""rbi_mpr_2025_10_p033_c003"": [], ""rbi_mpr_2025_10_p033_c004"": [], ""rbi_mpr_2025_10_p034_c001"": [], ""rbi_mpr_2025_10_p034_c002"": [], ""rbi_mpr_2025_10_p034_c003"": [], ""rbi_mpr_2025_10_p034_c005"": [], ""rbi_mpr_2025_10_p035_c000"": [], ""rbi_mpr_2025_10_p035_c002"": [], ""rbi_mpr_2025_10_p035_c003"": [], ""rbi_mpr_2025_10_p036_c003"": [], ""rbi_mpr_2025_10_p036_c004"": [], ""rbi_mpr_2025_10_p037_c001"": [], ""rbi_mpr_2025_10_p037_c002"": [], ""rbi_mpr_2025_10_p041_c003"": [], ""rbi_mpr_2025_10_p041_c004"": [], ""rbi_mpr_2025_10_p042_c002"": [], ""rbi_mpr_2025_10_p042_c004"": [], ""rbi_mpr_2025_10_p044_c002"": [], ""rbi_mpr_2025_10_p044_c003"": [], ""rbi_mpr_2025_10_p045_c000"": [], ""rbi_mpr_2025_10_p045_c001"": [], ""rbi_mpr_2025_10_p045_c004"": [], ""rbi_mpr_2025_10_p047_c002"": [], ""rbi_mpr_2025_10_p049_c002"": [], ""rbi_mpr_2025_10_p055_c002"": [], ""rbi_mpr_2025_10_p055_c003"": [], ""rbi_mpr_2025_10_p055_c004"": [], ""rbi_mpr_2025_10_p059_c000"": [], ""rbi_mpr_2025_10_p065_c004"": [], ""rbi_mpr_2025_10_p069_c003"": [], ""rbi_mpr_2025_10_p069_c004"": [], ""rbi_mpr_2025_10_p076_c000"": [], ""rbi_mpr_2025_10_p076_c001"": [], ""rbi_mpr_2025_10_p082_c000"": [], ""rbi_mpr_2025_10_p083_c000"": [], ""rbi_mpr_2025_10_p083_c001"": [], ""rbi_mpr_2025_10_p083_c002"": [], ""rbi_mpr_2025_10_p084_c002"": [], ""rbi_mpr_2025_10_p084_c003"": [], ""rbi_mpr_2025_10_p086_c002"": [], ""rbi_mpr_2025_10_p088_c003"": [], ""rbi_mpr_2025_10_p091_c000"": [], ""rbi_mpr_2025_10_p101_c001"": [], ""rbi_mpr_2025_10_p101_c002"": [], ""rbi_mpr_2025_10_p102_c003"": [], ""rbi_mpr_2026_04_p005_c003"": [], ""rbi_mpr_2026_04_p013_c000"": [], ""rbi_mpr_2026_04_p014_c000"": [], ""rbi_mpr_2026_04_p018_c002"": [], ""rbi_mpr_2026_04_p018_c003"": [], ""rbi_mpr_2026_04_p020_c001"": [], ""rbi_mpr_2026_04_p020_c002"": [], ""rbi_mpr_2026_04_p020_c003"": [], ""rbi_mpr_2026_04_p023_c000"": [], ""rbi_mpr_2026_04_p023_c001"": [], ""rbi_mpr_2026_04_p027_c000"": [], ""rbi_mpr_2026_04_p028_c000"": [], ""rbi_mpr_2026_04_p028_c003"": [], ""rbi_mpr_2026_04_p035_c003"": [], ""rbi_mpr_2026_04_p038_c002"": [], ""rbi_mpr_2026_04_p041_c000"": [], ""rbi_mpr_2026_04_p041_c001"": [], ""rbi_mpr_2026_04_p042_c001"": [], ""rbi_mpr_2026_04_p042_c002"": [], ""rbi_mpr_2026_04_p043_c000"": [], ""rbi_mpr_2026_04_p044_c000"": [], ""rbi_mpr_2026_04_p047_c004"": [], ""rbi_mpr_2026_04_p055_c001"": [], ""rbi_mpr_2026_04_p056_c002"": [], ""rbi_mpr_2026_04_p058_c001"": [], ""rbi_mpr_2026_04_p059_c000"": [], ""rbi_mpr_2026_04_p066_c000"": [], ""rbi_mpr_2026_04_p067_c002"": [], ""rbi_mpr_2026_04_p069_c003"": [], ""rbi_mpr_2026_04_p070_c000"": [], ""rbi_mpr_2026_04_p071_c000"": [], ""rbi_mpr_2026_04_p071_c001"": [], ""rbi_mpr_2026_04_p073_c000"": [], ""rbi_mpr_2026_04_p077_c000"": [], ""rbi_mpr_2026_04_p078_c000"": [], ""rbi_mpr_2026_04_p079_c000"": [], ""rbi_mpr_2026_04_p080_c000"": [], ""rbi_mpr_2026_04_p081_c000"": [], ""rbi_mpr_2026_04_p081_c001"": [], ""rbi_mpr_2026_04_p081_c002"": [], ""rbi_mpr_2026_04_p081_c005"": [], ""rbi_mpr_2026_04_p081_c006"": [], ""rbi_mpr_2026_04_p082_c000"": [], ""rbi_mpr_2026_04_p082_c001"": [], ""rbi_mpr_2026_04_p082_c003"": [], ""rbi_mpr_2026_04_p082_c004"": [], ""rbi_mpr_2026_04_p083_c000"": [], ""rbi_mpr_2026_04_p083_c001"": [], ""rbi_mpr_2026_04_p083_c002"": [], ""rbi_mpr_2026_04_p083_c003"": [], ""rbi_mpr_2026_04_p083_c004"": [], ""rbi_mpr_2026_04_p084_c000"": [], ""rbi_mpr_2026_04_p084_c001"": [], ""rbi_mpr_2026_04_p084_c002"": [], ""rbi_mpr_2026_04_p085_c000"": [], ""rbi_mpr_2026_04_p085_c005"": [], ""rbi_mpr_2026_04_p086_c002"": [], ""rbi_mpr_2026_04_p087_c000"": [], ""rbi_mpr_2026_04_p087_c004"": [], ""rbi_mpr_2026_04_p088_c000"": [], ""rbi_mpr_2026_04_p089_c002"": [], ""rbi_mpr_2026_04_p089_c003"": [], ""rbi_mpr_2026_04_p090_c002"": [], ""rbi_mpr_2026_04_p091_c000"": [], ""rbi_mpr_2026_04_p091_c005"": [], ""rbi_mpr_2026_04_p092_c001"": [], ""rbi_mpr_2026_04_p092_c002"": [], ""rbi_mpr_2026_04_p092_c004"": [], ""rbi_mpr_2026_04_p094_c000"": [], ""rbi_mpr_2026_04_p094_c002"": [], ""rbi_mpr_2026_04_p094_c003"": [], ""rbi_mpr_2026_04_p094_c004"": [], ""rbi_mpr_2026_04_p095_c000"": [], ""rbi_mpr_2026_04_p095_c003"": [], ""rbi_mpr_2026_04_p095_c004"": [], ""rbi_mpr_2026_04_p096_c003"": [], ""rbi_mpr_2026_04_p096_c004"": [], ""rbi_mpr_2026_04_p099_c001"": [], ""rbi_mpr_2026_04_p099_c002"": [], ""rbi_mpr_2026_04_p099_c003"": [], ""rbi_mpr_2026_04_p101_c001"": [], ""rbi_mpr_2026_04_p101_c002"": [], ""rbi_mpr_2026_04_p102_c001"": [], ""rbi_mpr_2026_04_p102_c003"": [], ""rbi_mpr_2026_04_p102_c004"": [], ""rbi_mpr_2026_04_p103_c000"": [], ""rbi_mpr_2026_04_p104_c004"": [], ""rbi_mpr_2026_04_p105_c000"": [], ""rbi_mpr_2026_04_p107_c000"": [], ""rbi_mpr_2026_04_p107_c001"": [], ""rbi_mpr_2026_04_p107_c004"": [], ""rbi_mpr_2026_04_p108_c001"": [], ""rbi_mpr_2026_04_p110_c003"": [], ""rbi_mpr_2026_04_p115_c000"": [], ""rbi_mpr_2026_04_p115_c001"": [], ""rbi_mpr_2026_04_p115_c002"": [], ""rbi_mpr_2026_04_p115_c003"": []}, ""candidate_source_query"": {""rbi_mpr_2025_04_p011_c000"": [""How did food-inflation conditions evolve across all three reports?""], ""rbi_mpr_2025_04_p011_c005"": [""How did food-inflation conditions evolve across all three reports?""], ""rbi_mpr_2025_04_p013_c001"": [""How did food-inflation conditions evolve across all three reports?""], ""rbi_mpr_2025_04_p013_c002"": [""How did food-inflation conditions evolve across all three reports?""], ""rbi_mpr_2025_04_p015_c001"": [""How did food-inflation conditions evolve across all three reports?""], ""rbi_mpr_2025_04_p015_c002"": [""How did food-inflation conditions evolve across all three reports?""], ""rbi_mpr_2025_04_p017_c001"": [""How did food-inflation conditions evolve across all three reports?""], ""rbi_mpr_2025_04_p019_c001"": [""How did food-inflation conditions evolve across all three reports?""], ""rbi_mpr_2025_04_p023_c000"": [""How did food-inflation conditions evolve across all three reports?""], ""rbi_mpr_2025_04_p023_c001"": [""How did food-inflation conditions evolve across all three reports?""], ""rbi_mpr_2025_04_p025_c000"": [""How did food-inflation conditions evolve across all three reports?""], ""rbi_mpr_2025_04_p025_c001"": [""How did food-inflation conditions evolve across all three reports?""], ""rbi_mpr_2025_04_p025_c002"": [""How did food-inflation conditions evolve across all three reports?""], ""rbi_mpr_2025_04_p025_c003"": [""How did food-inflation conditions evolve across all three reports?""], ""rbi_mpr_2025_04_p025_c004"": [""How did food-inflation conditions evolve across all three reports?""], ""rbi_mpr_2025_04_p026_c000"": [""How did food-inflation conditions evolve across all three reports?""], ""rbi_mpr_2025_04_p026_c001"": [""How did food-inflation conditions evolve across all three reports?""], ""rbi_mpr_2025_04_p027_c000"": [""How did food-inflation conditions evolve across all three reports?""], ""rbi_mpr_2025_04_p027_c001"": [""How did food-inflation conditions evolve across all three reports?""], ""rbi_mpr_2025_04_p027_c002"": [""How did food-inflation conditions evolve across all three reports?""], ""rbi_mpr_2025_04_p027_c003"": [""How did food-inflation conditions evolve across all three reports?""], ""rbi_mpr_2025_04_p028_c001"": [""How did food-inflation conditions evolve across all three reports?""], ""rbi_mpr_2025_04_p028_c002"": [""How did food-inflation conditions evolve across all three reports?""], ""rbi_mpr_2025_04_p028_c003"": [""How did food-inflation conditions evolve across all three reports?""], ""rbi_mpr_2025_04_p030_c000"": [""How did food-inflation conditions evolve across all three reports?""], ""rbi_mpr_2025_04_p030_c001"": [""How did food-inflation conditions evolve across all three reports?""], ""rbi_mpr_2025_04_p030_c002"": [""How did food-inflation conditions evolve across all three reports?""], ""rbi_mpr_2025_04_p031_c000"": [""How did food-inflation conditions evolve across all three reports?""], ""rbi_mpr_2025_04_p031_c001"": [""How did food-inflation conditions evolve across all three reports?""], ""rbi_mpr_2025_04_p032_c000"": [""How did food-inflation conditions evolve across all three reports?""], ""rbi_mpr_2025_04_p032_c002"": [""How did food-inflation conditions evolve across all three reports?""], ""rbi_mpr_2025_04_p033_c000"": [""How did food-inflation conditions evolve across all three reports?""], ""rbi_mpr_2025_04_p033_c001"": [""How did food-inflation conditions evolve across all three reports?""], ""rbi_mpr_2025_04_p033_c004"": [""How did food-inflation conditions evolve across all three reports?""], ""rbi_mpr_2025_04_p034_c000"": [""How did food-inflation conditions evolve across all three reports?""], ""rbi_mpr_2025_04_p034_c001"": [""How did food-inflation conditions evolve across all three reports?""], ""rbi_mpr_2025_04_p035_c001"": [""How did food-inflation conditions evolve across all three reports?""], ""rbi_mpr_2025_04_p035_c002"": [""How did food-inflation conditions evolve across all three reports?""], ""rbi_mpr_2025_04_p035_c003"": [""How did food-inflation conditions evolve across all three reports?""], ""rbi_mpr_2025_04_p036_c000"": [""How did food-inflation conditions evolve across all three reports?""], ""rbi_mpr_2025_04_p037_c000"": [""How did food-inflation conditions evolve across all three reports?""], ""rbi_mpr_2025_04_p037_c001"": [""How did food-inflation conditions evolve across all three reports?""], ""rbi_mpr_2025_04_p038_c000"": [""How did food-inflation conditions evolve across all three reports?""], ""rbi_mpr_2025_04_p038_c002"": [""How did food-inflation conditions evolve across all three reports?""], ""rbi_mpr_2025_04_p039_c001"": [""How did food-inflation conditions evolve across all three reports?""], ""rbi_mpr_2025_04_p039_c002"": [""How did food-inflation conditions evolve across all three reports?""], ""rbi_mpr_2025_04_p039_c003"": [""How did food-inflation conditions evolve across all three reports?""], ""rbi_mpr_2025_04_p040_c000"": [""How did food-inflation conditions evolve across all three reports?""], ""rbi_mpr_2025_04_p040_c001"": [""How did food-inflation conditions evolve across all three reports?""], ""rbi_mpr_2025_04_p040_c002"": [""How did food-inflation conditions evolve across all three reports?""], ""rbi_mpr_2025_04_p041_c000"": [""How did food-inflation conditions evolve across all three reports?""], ""rbi_mpr_2025_04_p041_c001"": [""How did food-inflation conditions evolve across all three reports?""], ""rbi_mpr_2025_04_p041_c002"": [""How did food-inflation conditions evolve across all three reports?""], ""rbi_mpr_2025_04_p042_c000"": [""How did food-inflation conditions evolve across all three reports?""], ""rbi_mpr_2025_04_p042_c001"": [""How did food-inflation conditions evolve across all three reports?""], ""rbi_mpr_2025_04_p042_c002"": [""How did food-inflation conditions evolve across all three reports?""], ""rbi_mpr_2025_04_p044_c001"": [""How did food-inflation conditions evolve across all three reports?""], ""rbi_mpr_2025_04_p044_c002"": [""How did food-inflation conditions evolve across all three reports?""], ""rbi_mpr_2025_04_p046_c000"": [""How did food-inflation conditions evolve across all three reports?""], ""rbi_mpr_2025_04_p047_c001"": [""How did food-inflation conditions evolve across all three reports?""], ""rbi_mpr_2025_04_p047_c004"": [""How did food-inflation conditions evolve across all three reports?""], ""rbi_mpr_2025_04_p055_c000"": [""How did food-inflation conditions evolve across all three reports?""], ""rbi_mpr_2025_04_p060_c000"": [""How did food-inflation conditions evolve across all three reports?""], ""rbi_mpr_2025_04_p067_c001"": [""How did food-inflation conditions evolve across all three reports?""], ""rbi_mpr_2025_04_p067_c002"": [""How did food-inflation conditions evolve across all three reports?""], ""rbi_mpr_2025_04_p068_c001"": [""How did food-inflation conditions evolve across all three reports?""], ""rbi_mpr_2025_04_p069_c000"": [""How did food-inflation conditions evolve across all three reports?""], ""rbi_mpr_2025_04_p069_c001"": [""How did food-inflation conditions evolve across all three reports?""], ""rbi_mpr_2025_04_p071_c004"": [""How did food-inflation conditions evolve across all three reports?""], ""rbi_mpr_2025_04_p073_c003"": [""How did food-inflation conditions evolve across all three reports?""], ""rbi_mpr_2025_04_p073_c004"": [""How did food-inflation conditions evolve across all three reports?""], ""rbi_mpr_2025_04_p073_c005"": [""How did food-inflation conditions evolve across all three reports?""], ""rbi_mpr_2025_04_p073_c006"": [""How did food-inflation conditions evolve across all three reports?""], ""rbi_mpr_2025_04_p074_c000"": [""How did food-inflation conditions evolve across all three reports?""], ""rbi_mpr_2025_04_p074_c001"": [""How did food-inflation conditions evolve across all three reports?""], ""rbi_mpr_2025_04_p078_c002"": [""How did food-inflation conditions evolve across all three reports?""], ""rbi_mpr_2025_04_p085_c000"": [""How did food-inflation conditions evolve across all three reports?""], ""rbi_mpr_2025_04_p085_c001"": [""How did food-inflation conditions evolve across all three reports?""], ""rbi_mpr_2025_04_p087_c000"": [""How did food-inflation conditions evolve across all three reports?""], ""rbi_mpr_2025_04_p087_c001"": [""How did food-inflation conditions evolve across all three reports?""], ""rbi_mpr_2025_04_p088_c000"": [""How did food-inflation conditions evolve across all three reports?""], ""rbi_mpr_2025_04_p088_c002"": [""How did food-inflation conditions evolve across all three reports?""], ""rbi_mpr_2025_04_p091_c000"": [""How did food-inflation conditions evolve across all three reports?""], ""rbi_mpr_2025_04_p092_c003"": [""How did food-inflation conditions evolve across all three reports?""], ""rbi_mpr_2025_04_p098_c000"": [""How did food-inflation conditions evolve across all three reports?""], ""rbi_mpr_2025_04_p098_c003"": [""How did food-inflation conditions evolve across all three reports?""], ""rbi_mpr_2025_04_p101_c000"": [""How did food-inflation conditions evolve across all three reports?""], ""rbi_mpr_2025_04_p105_c001"": [""How did food-inflation conditions evolve across all three reports?""], ""rbi_mpr_2025_04_p105_c003"": [""How did food-inflation conditions evolve across all three reports?""], ""rbi_mpr_2025_04_p106_c002"": [""How did food-inflation conditions evolve across all three reports?""], ""rbi_mpr_2025_04_p111_c001"": [""How did food-inflation conditions evolve across all three reports?""], ""rbi_mpr_2025_10_p005_c000"": [""How did food-inflation conditions evolve across all three reports?""], ""rbi_mpr_2025_10_p009_c005"": [""How did food-inflation conditions evolve across all three reports?""], ""rbi_mpr_2025_10_p010_c000"": [""How did food-inflation conditions evolve across all three reports?""], ""rbi_mpr_2025_10_p010_c003"": [""How did food-inflation conditions evolve across all three reports?""], ""rbi_mpr_2025_10_p011_c000"": [""How did food-inflation conditions evolve across all three reports?""], ""rbi_mpr_2025_10_p014_c000"": [""How did food-inflation conditions evolve across all three reports?""], ""rbi_mpr_2025_10_p014_c001"": [""How did food-inflation conditions evolve across all three reports?""], ""rbi_mpr_2025_10_p014_c003"": [""How did food-inflation conditions evolve across all three reports?""], ""rbi_mpr_2025_10_p015_c001"": [""How did food-inflation conditions evolve across all three reports?""], ""rbi_mpr_2025_10_p016_c004"": [""How did food-inflation conditions evolve across all three reports?""], ""rbi_mpr_2025_10_p017_c001"": [""How did food-inflation conditions evolve across all three reports?""], ""rbi_mpr_2025_10_p017_c002"": [""How did food-inflation conditions evolve across all three reports?""], ""rbi_mpr_2025_10_p017_c003"": [""How did food-inflation conditions evolve across all three reports?""], ""rbi_mpr_2025_10_p017_c005"": [""How did food-inflation conditions evolve across all three reports?""], ""rbi_mpr_2025_10_p019_c002"": [""How did food-inflation conditions evolve across all three reports?""], ""rbi_mpr_2025_10_p019_c003"": [""How did food-inflation conditions evolve across all three reports?""], ""rbi_mpr_2025_10_p022_c001"": [""How did food-inflation conditions evolve across all three reports?""], ""rbi_mpr_2025_10_p023_c000"": [""How did food-inflation conditions evolve across all three reports?""], ""rbi_mpr_2025_10_p023_c001"": [""How did food-inflation conditions evolve across all three reports?""], ""rbi_mpr_2025_10_p024_c000"": [""How did food-inflation conditions evolve across all three reports?""], ""rbi_mpr_2025_10_p024_c001"": [""How did food-inflation conditions evolve across all three reports?""], ""rbi_mpr_2025_10_p024_c002"": [""How did food-inflation conditions evolve across all three reports?""], ""rbi_mpr_2025_10_p024_c003"": [""How did food-inflation conditions evolve across all three reports?""], ""rbi_mpr_2025_10_p025_c000"": [""How did food-inflation conditions evolve across all three reports?""], ""rbi_mpr_2025_10_p025_c001"": [""How did food-inflation conditions evolve across all three reports?""], ""rbi_mpr_2025_10_p025_c002"": [""How did food-inflation conditions evolve across all three reports?""], ""rbi_mpr_2025_10_p026_c000"": [""How did food-inflation conditions evolve across all three reports?""], ""rbi_mpr_2025_10_p026_c001"": [""How did food-inflation conditions evolve across all three reports?""], ""rbi_mpr_2025_10_p026_c002"": [""How did food-inflation conditions evolve across all three reports?""], ""rbi_mpr_2025_10_p026_c003"": [""How did food-inflation conditions evolve across all three reports?""], ""rbi_mpr_2025_10_p027_c000"": [""How did food-inflation conditions evolve across all three reports?""], ""rbi_mpr_2025_10_p027_c002"": [""How did food-inflation conditions evolve across all three reports?""], ""rbi_mpr_2025_10_p027_c003"": [""How did food-inflation conditions evolve across all three reports?""], ""rbi_mpr_2025_10_p028_c000"": [""How did food-inflation conditions evolve across all three reports?""], ""rbi_mpr_2025_10_p028_c001"": [""How did food-inflation conditions evolve across all three reports?""], ""rbi_mpr_2025_10_p028_c002"": [""How did food-inflation conditions evolve across all three reports?""], ""rbi_mpr_2025_10_p029_c000"": [""How did food-inflation conditions evolve across all three reports?""], ""rbi_mpr_2025_10_p029_c002"": [""How did food-inflation conditions evolve across all three reports?""], ""rbi_mpr_2025_10_p030_c000"": [""How did food-inflation conditions evolve across all three reports?""], ""rbi_mpr_2025_10_p030_c001"": [""How did food-inflation conditions evolve across all three reports?""], ""rbi_mpr_2025_10_p030_c002"": [""How did food-inflation conditions evolve across all three reports?""], ""rbi_mpr_2025_10_p031_c000"": [""How did food-inflation conditions evolve across all three reports?""], ""rbi_mpr_2025_10_p031_c001"": [""How did food-inflation conditions evolve across all three reports?""], ""rbi_mpr_2025_10_p031_c003"": [""How did food-inflation conditions evolve across all three reports?""], ""rbi_mpr_2025_10_p032_c000"": [""How did food-inflation conditions evolve across all three reports?""], ""rbi_mpr_2025_10_p032_c003"": [""How did food-inflation conditions evolve across all three reports?""], ""rbi_mpr_2025_10_p033_c001"": [""How did food-inflation conditions evolve across all three reports?""], ""rbi_mpr_2025_10_p033_c003"": [""How did food-inflation conditions evolve across all three reports?""], ""rbi_mpr_2025_10_p033_c004"": [""How did food-inflation conditions evolve across all three reports?""], ""rbi_mpr_2025_10_p034_c001"": [""How did food-inflation conditions evolve across all three reports?""], ""rbi_mpr_2025_10_p034_c002"": [""How did food-inflation conditions evolve across all three reports?""], ""rbi_mpr_2025_10_p034_c003"": [""How did food-inflation conditions evolve across all three reports?""], ""rbi_mpr_2025_10_p034_c005"": [""How did food-inflation conditions evolve across all three reports?""], ""rbi_mpr_2025_10_p035_c000"": [""How did food-inflation conditions evolve across all three reports?""], ""rbi_mpr_2025_10_p035_c002"": [""How did food-inflation conditions evolve across all three reports?""], ""rbi_mpr_2025_10_p035_c003"": [""How did food-inflation conditions evolve across all three reports?""], ""rbi_mpr_2025_10_p036_c003"": [""How did food-inflation conditions evolve across all three reports?""], ""rbi_mpr_2025_10_p036_c004"": [""How did food-inflation conditions evolve across all three reports?""], ""rbi_mpr_2025_10_p037_c001"": [""How did food-inflation conditions evolve across all three reports?""], ""rbi_mpr_2025_10_p037_c002"": [""How did food-inflation conditions evolve across all three reports?""], ""rbi_mpr_2025_10_p041_c003"": [""How did food-inflation conditions evolve across all three reports?""], ""rbi_mpr_2025_10_p041_c004"": [""How did food-inflation conditions evolve across all three reports?""], ""rbi_mpr_2025_10_p042_c002"": [""How did food-inflation conditions evolve across all three reports?""], ""rbi_mpr_2025_10_p042_c004"": [""How did food-inflation conditions evolve across all three reports?""], ""rbi_mpr_2025_10_p044_c002"": [""How did food-inflation conditions evolve across all three reports?""], ""rbi_mpr_2025_10_p044_c003"": [""How did food-inflation conditions evolve across all three reports?""], ""rbi_mpr_2025_10_p045_c000"": [""How did food-inflation conditions evolve across all three reports?""], ""rbi_mpr_2025_10_p045_c001"": [""How did food-inflation conditions evolve across all three reports?""], ""rbi_mpr_2025_10_p045_c004"": [""How did food-inflation conditions evolve across all three reports?""], ""rbi_mpr_2025_10_p047_c002"": [""How did food-inflation conditions evolve across all three reports?""], ""rbi_mpr_2025_10_p049_c002"": [""How did food-inflation conditions evolve across all three reports?""], ""rbi_mpr_2025_10_p055_c002"": [""How did food-inflation conditions evolve across all three reports?""], ""rbi_mpr_2025_10_p055_c003"": [""How did food-inflation conditions evolve across all three reports?""], ""rbi_mpr_2025_10_p055_c004"": [""How did food-inflation conditions evolve across all three reports?""], ""rbi_mpr_2025_10_p059_c000"": [""How did food-inflation conditions evolve across all three reports?""], ""rbi_mpr_2025_10_p065_c004"": [""How did food-inflation conditions evolve across all three reports?""], ""rbi_mpr_2025_10_p069_c003"": [""How did food-inflation conditions evolve across all three reports?""], ""rbi_mpr_2025_10_p069_c004"": [""How did food-inflation conditions evolve across all three reports?""], ""rbi_mpr_2025_10_p076_c000"": [""How did food-inflation conditions evolve across all three reports?""], ""rbi_mpr_2025_10_p076_c001"": [""How did food-inflation conditions evolve across all three reports?""], ""rbi_mpr_2025_10_p082_c000"": [""How did food-inflation conditions evolve across all three reports?""], ""rbi_mpr_2025_10_p083_c000"": [""How did food-inflation conditions evolve across all three reports?""], ""rbi_mpr_2025_10_p083_c001"": [""How did food-inflation conditions evolve across all three reports?""], ""rbi_mpr_2025_10_p083_c002"": [""How did food-inflation conditions evolve across all three reports?""], ""rbi_mpr_2025_10_p084_c002"": [""How did food-inflation conditions evolve across all three reports?""], ""rbi_mpr_2025_10_p084_c003"": [""How did food-inflation conditions evolve across all three reports?""], ""rbi_mpr_2025_10_p086_c002"": [""How did food-inflation conditions evolve across all three reports?""], ""rbi_mpr_2025_10_p088_c003"": [""How did food-inflation conditions evolve across all three reports?""], ""rbi_mpr_2025_10_p091_c000"": [""How did food-inflation conditions evolve across all three reports?""], ""rbi_mpr_2025_10_p101_c001"": [""How did food-inflation conditions evolve across all three reports?""], ""rbi_mpr_2025_10_p101_c002"": [""How did food-inflation conditions evolve across all three reports?""], ""rbi_mpr_2025_10_p102_c003"": [""How did food-inflation conditions evolve across all three reports?""], ""rbi_mpr_2026_04_p005_c003"": [""How did food-inflation conditions evolve across all three reports?""], ""rbi_mpr_2026_04_p013_c000"": [""How did food-inflation conditions evolve across all three reports?""], ""rbi_mpr_2026_04_p014_c000"": [""How did food-inflation conditions evolve across all three reports?""], ""rbi_mpr_2026_04_p018_c002"": [""How did food-inflation conditions evolve across all three reports?""], ""rbi_mpr_2026_04_p018_c003"": [""How did food-inflation conditions evolve across all three reports?""], ""rbi_mpr_2026_04_p020_c001"": [""How did food-inflation conditions evolve across all three reports?""], ""rbi_mpr_2026_04_p020_c002"": [""How did food-inflation conditions evolve across all three reports?""], ""rbi_mpr_2026_04_p020_c003"": [""How did food-inflation conditions evolve across all three reports?""], ""rbi_mpr_2026_04_p023_c000"": [""How did food-inflation conditions evolve across all three reports?""], ""rbi_mpr_2026_04_p023_c001"": [""How did food-inflation conditions evolve across all three reports?""], ""rbi_mpr_2026_04_p027_c000"": [""How did food-inflation conditions evolve across all three reports?""], ""rbi_mpr_2026_04_p028_c000"": [""How did food-inflation conditions evolve across all three reports?""], ""rbi_mpr_2026_04_p028_c003"": [""How did food-inflation conditions evolve across all three reports?""], ""rbi_mpr_2026_04_p035_c003"": [""How did food-inflation conditions evolve across all three reports?""], ""rbi_mpr_2026_04_p038_c002"": [""How did food-inflation conditions evolve across all three reports?""], ""rbi_mpr_2026_04_p041_c000"": [""How did food-inflation conditions evolve across all three reports?""], ""rbi_mpr_2026_04_p041_c001"": [""How did food-inflation conditions evolve across all three reports?""], ""rbi_mpr_2026_04_p042_c001"": [""How did food-inflation conditions evolve across all three reports?""], ""rbi_mpr_2026_04_p042_c002"": [""How did food-inflation conditions evolve across all three reports?""], ""rbi_mpr_2026_04_p043_c000"": [""How did food-inflation conditions evolve across all three reports?""], ""rbi_mpr_2026_04_p044_c000"": [""How did food-inflation conditions evolve across all three reports?""], ""rbi_mpr_2026_04_p047_c004"": [""How did food-inflation conditions evolve across all three reports?""], ""rbi_mpr_2026_04_p055_c001"": [""How did food-inflation conditions evolve across all three reports?""], ""rbi_mpr_2026_04_p056_c002"": [""How did food-inflation conditions evolve across all three reports?""], ""rbi_mpr_2026_04_p058_c001"": [""How did food-inflation conditions evolve across all three reports?""], ""rbi_mpr_2026_04_p059_c000"": [""How did food-inflation conditions evolve across all three reports?""], ""rbi_mpr_2026_04_p066_c000"": [""How did food-inflation conditions evolve across all three reports?""], ""rbi_mpr_2026_04_p067_c002"": [""How did food-inflation conditions evolve across all three reports?""], ""rbi_mpr_2026_04_p069_c003"": [""How did food-inflation conditions evolve across all three reports?""], ""rbi_mpr_2026_04_p070_c000"": [""How did food-inflation conditions evolve across all three reports?""], ""rbi_mpr_2026_04_p071_c000"": [""How did food-inflation conditions evolve across all three reports?""], ""rbi_mpr_2026_04_p071_c001"": [""How did food-inflation conditions evolve across all three reports?""], ""rbi_mpr_2026_04_p073_c000"": [""How did food-inflation conditions evolve across all three reports?""], ""rbi_mpr_2026_04_p077_c000"": [""How did food-inflation conditions evolve across all three reports?""], ""rbi_mpr_2026_04_p078_c000"": [""How did food-inflation conditions evolve across all three reports?""], ""rbi_mpr_2026_04_p079_c000"": [""How did food-inflation conditions evolve across all three reports?""], ""rbi_mpr_2026_04_p080_c000"": [""How did food-inflation conditions evolve across all three reports?""], ""rbi_mpr_2026_04_p081_c000"": [""How did food-inflation conditions evolve across all three reports?""], ""rbi_mpr_2026_04_p081_c001"": [""How did food-inflation conditions evolve across all three reports?""], ""rbi_mpr_2026_04_p081_c002"": [""How did food-inflation conditions evolve across all three reports?""], ""rbi_mpr_2026_04_p081_c005"": [""How did food-inflation conditions evolve across all three reports?""], ""rbi_mpr_2026_04_p081_c006"": [""How did food-inflation conditions evolve across all three reports?""], ""rbi_mpr_2026_04_p082_c000"": [""How did food-inflation conditions evolve across all three reports?""], ""rbi_mpr_2026_04_p082_c001"": [""How did food-inflation conditions evolve across all three reports?""], ""rbi_mpr_2026_04_p082_c003"": [""How did food-inflation conditions evolve across all three reports?""], ""rbi_mpr_2026_04_p082_c004"": [""How did food-inflation conditions evolve across all three reports?""], ""rbi_mpr_2026_04_p083_c000"": [""How did food-inflation conditions evolve across all three reports?""], ""rbi_mpr_2026_04_p083_c001"": [""How did food-inflation conditions evolve across all three reports?""], ""rbi_mpr_2026_04_p083_c002"": [""How did food-inflation conditions evolve across all three reports?""], ""rbi_mpr_2026_04_p083_c003"": [""How did food-inflation conditions evolve across all three reports?""], ""rbi_mpr_2026_04_p083_c004"": [""How did food-inflation conditions evolve across all three reports?""], ""rbi_mpr_2026_04_p084_c000"": [""How did food-inflation conditions evolve across all three reports?""], ""rbi_mpr_2026_04_p084_c001"": [""How did food-inflation conditions evolve across all three reports?""], ""rbi_mpr_2026_04_p084_c002"": [""How did food-inflation conditions evolve across all three reports?""], ""rbi_mpr_2026_04_p085_c000"": [""How did food-inflation conditions evolve across all three reports?""], ""rbi_mpr_2026_04_p085_c005"": [""How did food-inflation conditions evolve across all three reports?""], ""rbi_mpr_2026_04_p086_c002"": [""How did food-inflation conditions evolve across all three reports?""], ""rbi_mpr_2026_04_p087_c000"": [""How did food-inflation conditions evolve across all three reports?""], ""rbi_mpr_2026_04_p087_c004"": [""How did food-inflation conditions evolve across all three reports?""], ""rbi_mpr_2026_04_p088_c000"": [""How did food-inflation conditions evolve across all three reports?""], ""rbi_mpr_2026_04_p089_c002"": [""How did food-inflation conditions evolve across all three reports?""], ""rbi_mpr_2026_04_p089_c003"": [""How did food-inflation conditions evolve across all three reports?""], ""rbi_mpr_2026_04_p090_c002"": [""How did food-inflation conditions evolve across all three reports?""], ""rbi_mpr_2026_04_p091_c000"": [""How did food-inflation conditions evolve across all three reports?""], ""rbi_mpr_2026_04_p091_c005"": [""How did food-inflation conditions evolve across all three reports?""], ""rbi_mpr_2026_04_p092_c001"": [""How did food-inflation conditions evolve across all three reports?""], ""rbi_mpr_2026_04_p092_c002"": [""How did food-inflation conditions evolve across all three reports?""], ""rbi_mpr_2026_04_p092_c004"": [""How did food-inflation conditions evolve across all three reports?""], ""rbi_mpr_2026_04_p094_c000"": [""How did food-inflation conditions evolve across all three reports?""], ""rbi_mpr_2026_04_p094_c002"": [""How did food-inflation conditions evolve across all three reports?""], ""rbi_mpr_2026_04_p094_c003"": [""How did food-inflation conditions evolve across all three reports?""], ""rbi_mpr_2026_04_p094_c004"": [""How did food-inflation conditions evolve across all three reports?""], ""rbi_mpr_2026_04_p095_c000"": [""How did food-inflation conditions evolve across all three reports?""], ""rbi_mpr_2026_04_p095_c003"": [""How did food-inflation conditions evolve across all three reports?""], ""rbi_mpr_2026_04_p095_c004"": [""How did food-inflation conditions evolve across all three reports?""], ""rbi_mpr_2026_04_p096_c003"": [""How did food-inflation conditions evolve across all three reports?""], ""rbi_mpr_2026_04_p096_c004"": [""How did food-inflation conditions evolve across all three reports?""], ""rbi_mpr_2026_04_p099_c001"": [""How did food-inflation conditions evolve across all three reports?""], ""rbi_mpr_2026_04_p099_c002"": [""How did food-inflation conditions evolve across all three reports?""], ""rbi_mpr_2026_04_p099_c003"": [""How did food-inflation conditions evolve across all three reports?""], ""rbi_mpr_2026_04_p101_c001"": [""How did food-inflation conditions evolve across all three reports?""], ""rbi_mpr_2026_04_p101_c002"": [""How did food-inflation conditions evolve across all three reports?""], ""rbi_mpr_2026_04_p102_c001"": [""How did food-inflation conditions evolve across all three reports?""], ""rbi_mpr_2026_04_p102_c003"": [""How did food-inflation conditions evolve across all three reports?""], ""rbi_mpr_2026_04_p102_c004"": [""How did food-inflation conditions evolve across all three reports?""], ""rbi_mpr_2026_04_p103_c000"": [""How did food-inflation conditions evolve across all three reports?""], ""rbi_mpr_2026_04_p104_c004"": [""How did food-inflation conditions evolve across all three reports?""], ""rbi_mpr_2026_04_p105_c000"": [""How did food-inflation conditions evolve across all three reports?""], ""rbi_mpr_2026_04_p107_c000"": [""How did food-inflation conditions evolve across all three reports?""], ""rbi_mpr_2026_04_p107_c001"": [""How did food-inflation conditions evolve across all three reports?""], ""rbi_mpr_2026_04_p107_c004"": [""How did food-inflation conditions evolve across all three reports?""], ""rbi_mpr_2026_04_p108_c001"": [""How did food-inflation conditions evolve across all three reports?""], ""rbi_mpr_2026_04_p110_c003"": [""How did food-inflation conditions evolve across all three reports?""], ""rbi_mpr_2026_04_p115_c000"": [""How did food-inflation conditions evolve across all three reports?""], ""rbi_mpr_2026_04_p115_c001"": [""How did food-inflation conditions evolve across all three reports?""], ""rbi_mpr_2026_04_p115_c002"": [""How did food-inflation conditions evolve across all three reports?""], ""rbi_mpr_2026_04_p115_c003"": [""How did food-inflation conditions evolve across all three reports?""]}, ""candidate_source_retriever"": {""rbi_mpr_2025_04_p011_c000"": [""bm25"", ""dense""], ""rbi_mpr_2025_04_p011_c005"": [""dense""], ""rbi_mpr_2025_04_p013_c001"": [""dense""], ""rbi_mpr_2025_04_p013_c002"": [""dense""], ""rbi_mpr_2025_04_p015_c001"": [""bm25""], ""rbi_mpr_2025_04_p015_c002"": [""bm25"", ""dense""], ""rbi_mpr_2025_04_p017_c001"": [""dense""], ""rbi_mpr_2025_04_p019_c001"": [""bm25""], ""rbi_mpr_2025_04_p023_c000"": [""dense""], ""rbi_mpr_2025_04_p023_c001"": [""dense""], ""rbi_mpr_2025_04_p025_c000"": [""dense""], ""rbi_mpr_2025_04_p025_c001"": [""dense""], ""rbi_mpr_2025_04_p025_c002"": [""dense""], ""rbi_mpr_2025_04_p025_c003"": [""dense""], ""rbi_mpr_2025_04_p025_c004"": [""dense""], ""rbi_mpr_2025_04_p026_c000"": [""dense""], ""rbi_mpr_2025_04_p026_c001"": [""dense""], ""rbi_mpr_2025_04_p027_c000"": [""bm25"", ""dense""], ""rbi_mpr_2025_04_p027_c001"": [""bm25""], ""rbi_mpr_2025_04_p027_c002"": [""bm25""], ""rbi_mpr_2025_04_p027_c003"": [""dense""], ""rbi_mpr_2025_04_p028_c001"": [""bm25""], ""rbi_mpr_2025_04_p028_c002"": [""bm25""], ""rbi_mpr_2025_04_p028_c003"": [""bm25""], ""rbi_mpr_2025_04_p030_c000"": [""dense""], ""rbi_mpr_2025_04_p030_c001"": [""dense""], ""rbi_mpr_2025_04_p030_c002"": [""dense""], ""rbi_mpr_2025_04_p031_c000"": [""dense""], ""rbi_mpr_2025_04_p031_c001"": [""dense""], ""rbi_mpr_2025_04_p032_c000"": [""dense""], ""rbi_mpr_2025_04_p032_c002"": [""dense""], ""rbi_mpr_2025_04_p033_c000"": [""bm25""], ""rbi_mpr_2025_04_p033_c001"": [""dense""], ""rbi_mpr_2025_04_p033_c004"": [""dense""], ""rbi_mpr_2025_04_p034_c000"": [""dense""], ""rbi_mpr_2025_04_p034_c001"": [""bm25"", ""dense""], ""rbi_mpr_2025_04_p035_c001"": [""bm25""], ""rbi_mpr_2025_04_p035_c002"": [""dense""], ""rbi_mpr_2025_04_p035_c003"": [""dense""], ""rbi_mpr_2025_04_p036_c000"": [""dense""], ""rbi_mpr_2025_04_p037_c000"": [""bm25"", ""dense""], ""rbi_mpr_2025_04_p037_c001"": [""dense""], ""rbi_mpr_2025_04_p038_c000"": [""bm25"", ""dense""], ""rbi_mpr_2025_04_p038_c002"": [""bm25""], ""rbi_mpr_2025_04_p039_c001"": [""dense""], ""rbi_mpr_2025_04_p039_c002"": [""bm25"", ""dense""], ""rbi_mpr_2025_04_p039_c003"": [""dense""], ""rbi_mpr_2025_04_p040_c000"": [""dense""], ""rbi_mpr_2025_04_p040_c001"": [""dense""], ""rbi_mpr_2025_04_p040_c002"": [""dense""], ""rbi_mpr_2025_04_p041_c000"": [""bm25"", ""dense""], ""rbi_mpr_2025_04_p041_c001"": [""bm25"", ""dense""], ""rbi_mpr_2025_04_p041_c002"": [""dense""], ""rbi_mpr_2025_04_p042_c000"": [""dense""], ""rbi_mpr_2025_04_p042_c001"": [""dense""], ""rbi_mpr_2025_04_p042_c002"": [""dense""], ""rbi_mpr_2025_04_p044_c001"": [""bm25""], ""rbi_mpr_2025_04_p044_c002"": [""bm25""], ""rbi_mpr_2025_04_p046_c000"": [""dense""], ""rbi_mpr_2025_04_p047_c001"": [""bm25""], ""rbi_mpr_2025_04_p047_c004"": [""bm25""], ""rbi_mpr_2025_04_p055_c000"": [""bm25""], ""rbi_mpr_2025_04_p060_c000"": [""bm25""], ""rbi_mpr_2025_04_p067_c001"": [""bm25""], ""rbi_mpr_2025_04_p067_c002"": [""bm25""], ""rbi_mpr_2025_04_p068_c001"": [""bm25""], ""rbi_mpr_2025_04_p069_c000"": [""bm25""], ""rbi_mpr_2025_04_p069_c001"": [""bm25""], ""rbi_mpr_2025_04_p071_c004"": [""bm25""], ""rbi_mpr_2025_04_p073_c003"": [""bm25""], ""rbi_mpr_2025_04_p073_c004"": [""bm25""], ""rbi_mpr_2025_04_p073_c005"": [""bm25""], ""rbi_mpr_2025_04_p073_c006"": [""bm25""], ""rbi_mpr_2025_04_p074_c000"": [""bm25""], ""rbi_mpr_2025_04_p074_c001"": [""bm25""], ""rbi_mpr_2025_04_p078_c002"": [""bm25""], ""rbi_mpr_2025_04_p085_c000"": [""bm25""], ""rbi_mpr_2025_04_p085_c001"": [""bm25""], ""rbi_mpr_2025_04_p087_c000"": [""bm25""], ""rbi_mpr_2025_04_p087_c001"": [""bm25""], ""rbi_mpr_2025_04_p088_c000"": [""bm25""], ""rbi_mpr_2025_04_p088_c002"": [""bm25""], ""rbi_mpr_2025_04_p091_c000"": [""bm25""], ""rbi_mpr_2025_04_p092_c003"": [""bm25""], ""rbi_mpr_2025_04_p098_c000"": [""bm25""], ""rbi_mpr_2025_04_p098_c003"": [""bm25""], ""rbi_mpr_2025_04_p101_c000"": [""bm25""], ""rbi_mpr_2025_04_p105_c001"": [""dense""], ""rbi_mpr_2025_04_p105_c003"": [""dense""], ""rbi_mpr_2025_04_p106_c002"": [""dense""], ""rbi_mpr_2025_04_p111_c001"": [""bm25""], ""rbi_mpr_2025_10_p005_c000"": [""dense""], ""rbi_mpr_2025_10_p009_c005"": [""bm25""], ""rbi_mpr_2025_10_p010_c000"": [""dense""], ""rbi_mpr_2025_10_p010_c003"": [""dense""], ""rbi_mpr_2025_10_p011_c000"": [""dense""], ""rbi_mpr_2025_10_p014_c000"": [""bm25"", ""dense""], ""rbi_mpr_2025_10_p014_c001"": [""bm25""], ""rbi_mpr_2025_10_p014_c003"": [""bm25""], ""rbi_mpr_2025_10_p015_c001"": [""dense""], ""rbi_mpr_2025_10_p016_c004"": [""dense""], ""rbi_mpr_2025_10_p017_c001"": [""bm25""], ""rbi_mpr_2025_10_p017_c002"": [""bm25""], ""rbi_mpr_2025_10_p017_c003"": [""bm25""], ""rbi_mpr_2025_10_p017_c005"": [""bm25""], ""rbi_mpr_2025_10_p019_c002"": [""bm25""], ""rbi_mpr_2025_10_p019_c003"": [""bm25""], ""rbi_mpr_2025_10_p022_c001"": [""dense""], ""rbi_mpr_2025_10_p023_c000"": [""dense""], ""rbi_mpr_2025_10_p023_c001"": [""dense""], ""rbi_mpr_2025_10_p024_c000"": [""dense""], ""rbi_mpr_2025_10_p024_c001"": [""dense""], ""rbi_mpr_2025_10_p024_c002"": [""bm25"", ""dense""], ""rbi_mpr_2025_10_p024_c003"": [""dense""], ""rbi_mpr_2025_10_p025_c000"": [""dense""], ""rbi_mpr_2025_10_p025_c001"": [""dense""], ""rbi_mpr_2025_10_p025_c002"": [""dense""], ""rbi_mpr_2025_10_p026_c000"": [""dense""], ""rbi_mpr_2025_10_p026_c001"": [""dense""], ""rbi_mpr_2025_10_p026_c002"": [""dense""], ""rbi_mpr_2025_10_p026_c003"": [""dense""], ""rbi_mpr_2025_10_p027_c000"": [""dense""], ""rbi_mpr_2025_10_p027_c002"": [""bm25""], ""rbi_mpr_2025_10_p027_c003"": [""dense""], ""rbi_mpr_2025_10_p028_c000"": [""bm25"", ""dense""], ""rbi_mpr_2025_10_p028_c001"": [""dense""], ""rbi_mpr_2025_10_p028_c002"": [""dense""], ""rbi_mpr_2025_10_p029_c000"": [""dense""], ""rbi_mpr_2025_10_p029_c002"": [""dense""], ""rbi_mpr_2025_10_p030_c000"": [""dense""], ""rbi_mpr_2025_10_p030_c001"": [""dense""], ""rbi_mpr_2025_10_p030_c002"": [""dense""], ""rbi_mpr_2025_10_p031_c000"": [""bm25"", ""dense""], ""rbi_mpr_2025_10_p031_c001"": [""dense""], ""rbi_mpr_2025_10_p031_c003"": [""dense""], ""rbi_mpr_2025_10_p032_c000"": [""dense""], ""rbi_mpr_2025_10_p032_c003"": [""bm25""], ""rbi_mpr_2025_10_p033_c001"": [""bm25"", ""dense""], ""rbi_mpr_2025_10_p033_c003"": [""dense""], ""rbi_mpr_2025_10_p033_c004"": [""dense""], ""rbi_mpr_2025_10_p034_c001"": [""dense""], ""rbi_mpr_2025_10_p034_c002"": [""dense""], ""rbi_mpr_2025_10_p034_c003"": [""bm25"", ""dense""], ""rbi_mpr_2025_10_p034_c005"": [""bm25""], ""rbi_mpr_2025_10_p035_c000"": [""bm25""], ""rbi_mpr_2025_10_p035_c002"": [""bm25"", ""dense""], ""rbi_mpr_2025_10_p035_c003"": [""dense""], ""rbi_mpr_2025_10_p036_c003"": [""dense""], ""rbi_mpr_2025_10_p036_c004"": [""dense""], ""rbi_mpr_2025_10_p037_c001"": [""dense""], ""rbi_mpr_2025_10_p037_c002"": [""bm25""], ""rbi_mpr_2025_10_p041_c003"": [""dense""], ""rbi_mpr_2025_10_p041_c004"": [""bm25"", ""dense""], ""rbi_mpr_2025_10_p042_c002"": [""bm25""], ""rbi_mpr_2025_10_p042_c004"": [""bm25""], ""rbi_mpr_2025_10_p044_c002"": [""bm25""], ""rbi_mpr_2025_10_p044_c003"": [""bm25""], ""rbi_mpr_2025_10_p045_c000"": [""bm25""], ""rbi_mpr_2025_10_p045_c001"": [""bm25""], ""rbi_mpr_2025_10_p045_c004"": [""bm25""], ""rbi_mpr_2025_10_p047_c002"": [""bm25""], ""rbi_mpr_2025_10_p049_c002"": [""bm25""], ""rbi_mpr_2025_10_p055_c002"": [""bm25""], ""rbi_mpr_2025_10_p055_c003"": [""bm25""], ""rbi_mpr_2025_10_p055_c004"": [""bm25""], ""rbi_mpr_2025_10_p059_c000"": [""bm25""], ""rbi_mpr_2025_10_p065_c004"": [""bm25""], ""rbi_mpr_2025_10_p069_c003"": [""bm25""], ""rbi_mpr_2025_10_p069_c004"": [""bm25""], ""rbi_mpr_2025_10_p076_c000"": [""bm25""], ""rbi_mpr_2025_10_p076_c001"": [""bm25""], ""rbi_mpr_2025_10_p082_c000"": [""bm25""], ""rbi_mpr_2025_10_p083_c000"": [""bm25""], ""rbi_mpr_2025_10_p083_c001"": [""bm25""], ""rbi_mpr_2025_10_p083_c002"": [""bm25""], ""rbi_mpr_2025_10_p084_c002"": [""bm25""], ""rbi_mpr_2025_10_p084_c003"": [""bm25""], ""rbi_mpr_2025_10_p086_c002"": [""bm25""], ""rbi_mpr_2025_10_p088_c003"": [""bm25""], ""rbi_mpr_2025_10_p091_c000"": [""bm25""], ""rbi_mpr_2025_10_p101_c001"": [""dense""], ""rbi_mpr_2025_10_p101_c002"": [""dense""], ""rbi_mpr_2025_10_p102_c003"": [""bm25""], ""rbi_mpr_2026_04_p005_c003"": [""dense""], ""rbi_mpr_2026_04_p013_c000"": [""bm25""], ""rbi_mpr_2026_04_p014_c000"": [""bm25""], ""rbi_mpr_2026_04_p018_c002"": [""bm25""], ""rbi_mpr_2026_04_p018_c003"": [""bm25""], ""rbi_mpr_2026_04_p020_c001"": [""bm25""], ""rbi_mpr_2026_04_p020_c002"": [""bm25""], ""rbi_mpr_2026_04_p020_c003"": [""bm25""], ""rbi_mpr_2026_04_p023_c000"": [""bm25""], ""rbi_mpr_2026_04_p023_c001"": [""bm25""], ""rbi_mpr_2026_04_p027_c000"": [""bm25""], ""rbi_mpr_2026_04_p028_c000"": [""bm25""], ""rbi_mpr_2026_04_p028_c003"": [""bm25""], ""rbi_mpr_2026_04_p035_c003"": [""bm25""], ""rbi_mpr_2026_04_p038_c002"": [""bm25""], ""rbi_mpr_2026_04_p041_c000"": [""bm25""], ""rbi_mpr_2026_04_p041_c001"": [""bm25""], ""rbi_mpr_2026_04_p042_c001"": [""bm25""], ""rbi_mpr_2026_04_p042_c002"": [""bm25""], ""rbi_mpr_2026_04_p043_c000"": [""bm25""], ""rbi_mpr_2026_04_p044_c000"": [""bm25""], ""rbi_mpr_2026_04_p047_c004"": [""bm25""], ""rbi_mpr_2026_04_p055_c001"": [""bm25""], ""rbi_mpr_2026_04_p056_c002"": [""bm25""], ""rbi_mpr_2026_04_p058_c001"": [""bm25""], ""rbi_mpr_2026_04_p059_c000"": [""bm25""], ""rbi_mpr_2026_04_p066_c000"": [""bm25""], ""rbi_mpr_2026_04_p067_c002"": [""bm25""], ""rbi_mpr_2026_04_p069_c003"": [""bm25""], ""rbi_mpr_2026_04_p070_c000"": [""bm25""], ""rbi_mpr_2026_04_p071_c000"": [""bm25""], ""rbi_mpr_2026_04_p071_c001"": [""bm25""], ""rbi_mpr_2026_04_p073_c000"": [""bm25""], ""rbi_mpr_2026_04_p077_c000"": [""bm25""], ""rbi_mpr_2026_04_p078_c000"": [""bm25""], ""rbi_mpr_2026_04_p079_c000"": [""dense""], ""rbi_mpr_2026_04_p080_c000"": [""dense""], ""rbi_mpr_2026_04_p081_c000"": [""dense""], ""rbi_mpr_2026_04_p081_c001"": [""bm25""], ""rbi_mpr_2026_04_p081_c002"": [""bm25""], ""rbi_mpr_2026_04_p081_c005"": [""dense""], ""rbi_mpr_2026_04_p081_c006"": [""dense""], ""rbi_mpr_2026_04_p082_c000"": [""dense""], ""rbi_mpr_2026_04_p082_c001"": [""dense""], ""rbi_mpr_2026_04_p082_c003"": [""dense""], ""rbi_mpr_2026_04_p082_c004"": [""dense""], ""rbi_mpr_2026_04_p083_c000"": [""dense""], ""rbi_mpr_2026_04_p083_c001"": [""dense""], ""rbi_mpr_2026_04_p083_c002"": [""dense""], ""rbi_mpr_2026_04_p083_c003"": [""dense""], ""rbi_mpr_2026_04_p083_c004"": [""dense""], ""rbi_mpr_2026_04_p084_c000"": [""dense""], ""rbi_mpr_2026_04_p084_c001"": [""dense""], ""rbi_mpr_2026_04_p084_c002"": [""dense""], ""rbi_mpr_2026_04_p085_c000"": [""dense""], ""rbi_mpr_2026_04_p085_c005"": [""dense""], ""rbi_mpr_2026_04_p086_c002"": [""dense""], ""rbi_mpr_2026_04_p087_c000"": [""dense""], ""rbi_mpr_2026_04_p087_c004"": [""dense""], ""rbi_mpr_2026_04_p088_c000"": [""bm25""], ""rbi_mpr_2026_04_p089_c002"": [""bm25""], ""rbi_mpr_2026_04_p089_c003"": [""bm25""], ""rbi_mpr_2026_04_p090_c002"": [""dense""], ""rbi_mpr_2026_04_p091_c000"": [""dense""], ""rbi_mpr_2026_04_p091_c005"": [""dense""], ""rbi_mpr_2026_04_p092_c001"": [""dense""], ""rbi_mpr_2026_04_p092_c002"": [""dense""], ""rbi_mpr_2026_04_p092_c004"": [""dense""], ""rbi_mpr_2026_04_p094_c000"": [""dense""], ""rbi_mpr_2026_04_p094_c002"": [""dense""], ""rbi_mpr_2026_04_p094_c003"": [""dense""], ""rbi_mpr_2026_04_p094_c004"": [""dense""], ""rbi_mpr_2026_04_p095_c000"": [""dense""], ""rbi_mpr_2026_04_p095_c003"": [""dense""], ""rbi_mpr_2026_04_p095_c004"": [""dense""], ""rbi_mpr_2026_04_p096_c003"": [""bm25""], ""rbi_mpr_2026_04_p096_c004"": [""bm25""], ""rbi_mpr_2026_04_p099_c001"": [""dense""], ""rbi_mpr_2026_04_p099_c002"": [""dense""], ""rbi_mpr_2026_04_p099_c003"": [""bm25""], ""rbi_mpr_2026_04_p101_c001"": [""dense""], ""rbi_mpr_2026_04_p101_c002"": [""dense""], ""rbi_mpr_2026_04_p102_c001"": [""dense""], ""rbi_mpr_2026_04_p102_c003"": [""bm25"", ""dense""], ""rbi_mpr_2026_04_p102_c004"": [""bm25"", ""dense""], ""rbi_mpr_2026_04_p103_c000"": [""bm25""], ""rbi_mpr_2026_04_p104_c004"": [""bm25""], ""rbi_mpr_2026_04_p105_c000"": [""bm25""], ""rbi_mpr_2026_04_p107_c000"": [""dense""], ""rbi_mpr_2026_04_p107_c001"": [""bm25"", ""dense""], ""rbi_mpr_2026_04_p107_c004"": [""bm25""], ""rbi_mpr_2026_04_p108_c001"": [""dense""], ""rbi_mpr_2026_04_p110_c003"": [""bm25""], ""rbi_mpr_2026_04_p115_c000"": [""dense""], ""rbi_mpr_2026_04_p115_c001"": [""dense""], ""rbi_mpr_2026_04_p115_c002"": [""dense""], ""rbi_mpr_2026_04_p115_c003"": [""dense""]}, ""candidate_union_ids"": [""rbi_mpr_2025_04_p031_c001"", ""rbi_mpr_2025_04_p031_c000"", ""rbi_mpr_2025_04_p023_c001"", ""rbi_mpr_2025_04_p025_c000"", ""rbi_mpr_2025_04_p042_c001"", ""rbi_mpr_2025_04_p030_c001"", ""rbi_mpr_2025_04_p030_c000"", ""rbi_mpr_2025_04_p025_c003"", ""rbi_mpr_2025_04_p038_c000"", ""rbi_mpr_2025_04_p025_c004"", ""rbi_mpr_2025_04_p032_c002"", ""rbi_mpr_2025_04_p042_c000"", ""rbi_mpr_2025_04_p037_c001"", ""rbi_mpr_2025_04_p035_c002"", ""rbi_mpr_2025_04_p025_c001"", ""rbi_mpr_2025_04_p033_c004"", ""rbi_mpr_2025_04_p035_c003"", ""rbi_mpr_2025_04_p046_c000"", ""rbi_mpr_2025_04_p042_c002"", ""rbi_mpr_2025_04_p039_c003"", ""rbi_mpr_2025_04_p026_c001"", ""rbi_mpr_2025_04_p105_c003"", ""rbi_mpr_2025_04_p032_c000"", ""rbi_mpr_2025_04_p040_c001"", ""rbi_mpr_2025_04_p037_c000"", ""rbi_mpr_2025_04_p017_c001"", ""rbi_mpr_2025_04_p013_c001"", ""rbi_mpr_2025_04_p026_c000"", ""rbi_mpr_2025_04_p034_c000"", ""rbi_mpr_2025_04_p036_c000"", ""rbi_mpr_2025_04_p041_c000"", ""rbi_mpr_2025_04_p027_c000"", ""rbi_mpr_2025_04_p015_c002"", ""rbi_mpr_2025_04_p025_c002"", ""rbi_mpr_2025_04_p023_c000"", ""rbi_mpr_2025_04_p040_c002"", ""rbi_mpr_2025_04_p041_c001"", ""rbi_mpr_2025_04_p033_c001"", ""rbi_mpr_2025_04_p030_c002"", ""rbi_mpr_2025_04_p034_c001"", ""rbi_mpr_2025_04_p040_c000"", ""rbi_mpr_2025_04_p027_c003"", ""rbi_mpr_2025_04_p106_c002"", ""rbi_mpr_2025_04_p039_c001"", ""rbi_mpr_2025_04_p013_c002"", ""rbi_mpr_2025_04_p039_c002"", ""rbi_mpr_2025_04_p011_c005"", ""rbi_mpr_2025_04_p041_c002"", ""rbi_mpr_2025_04_p105_c001"", ""rbi_mpr_2025_04_p011_c000"", ""rbi_mpr_2025_04_p074_c000"", ""rbi_mpr_2025_04_p085_c000"", ""rbi_mpr_2025_04_p085_c001"", ""rbi_mpr_2025_04_p088_c000"", ""rbi_mpr_2025_04_p111_c001"", ""rbi_mpr_2025_04_p060_c000"", ""rbi_mpr_2025_04_p073_c004"", ""rbi_mpr_2025_04_p087_c000"", ""rbi_mpr_2025_04_p073_c003"", ""rbi_mpr_2025_04_p028_c002"", ""rbi_mpr_2025_04_p028_c001"", ""rbi_mpr_2025_04_p069_c001"", ""rbi_mpr_2025_04_p078_c002"", ""rbi_mpr_2025_04_p087_c001"", ""rbi_mpr_2025_04_p074_c001"", ""rbi_mpr_2025_04_p073_c006"", ""rbi_mpr_2025_04_p019_c001"", ""rbi_mpr_2025_04_p067_c002"", ""rbi_mpr_2025_04_p073_c005"", ""rbi_mpr_2025_04_p101_c000"", ""rbi_mpr_2025_04_p091_c000"", ""rbi_mpr_2025_04_p088_c002"", ""rbi_mpr_2025_04_p044_c002"", ""rbi_mpr_2025_04_p038_c002"", ""rbi_mpr_2025_04_p067_c001"", ""rbi_mpr_2025_04_p055_c000"", ""rbi_mpr_2025_04_p044_c001"", ""rbi_mpr_2025_04_p015_c001"", ""rbi_mpr_2025_04_p098_c000"", ""rbi_mpr_2025_04_p035_c001"", ""rbi_mpr_2025_04_p033_c000"", ""rbi_mpr_2025_04_p047_c004"", ""rbi_mpr_2025_04_p092_c003"", ""rbi_mpr_2025_04_p027_c002"", ""rbi_mpr_2025_04_p027_c001"", ""rbi_mpr_2025_04_p028_c003"", ""rbi_mpr_2025_04_p098_c003"", ""rbi_mpr_2025_04_p068_c001"", ""rbi_mpr_2025_04_p071_c004"", ""rbi_mpr_2025_04_p047_c001"", ""rbi_mpr_2025_04_p069_c000""], ""candidate_union_pages"": [31, 31, 23, 25, 42, 30, 30, 25, 38, 25, 32, 42, 37, 35, 25, 33, 35, 46, 42, 39, 26, 105, 32, 40, 37, 17, 13, 26, 34, 36, 41, 27, 15, 25, 23, 40, 41, 33, 30, 34, 40, 27, 106, 39, 13, 39, 11, 41, 105, 11, 74, 85, 85, 88, 111, 60, 73, 87, 73, 28, 28, 69, 78, 87, 74, 73, 19, 67, 73, 101, 91, 88, 44, 38, 67, 55, 44, 15, 98, 35, 33, 47, 92, 27, 27, 28, 98, 68, 71, 47, 69], ""dense_candidate_ids"": [""rbi_mpr_2025_04_p031_c001"", ""rbi_mpr_2025_04_p031_c000"", ""rbi_mpr_2025_04_p023_c001"", ""rbi_mpr_2025_04_p025_c000"", ""rbi_mpr_2025_04_p042_c001"", ""rbi_mpr_2025_04_p030_c001"", ""rbi_mpr_2025_04_p030_c000"", ""rbi_mpr_2025_04_p025_c003"", ""rbi_mpr_2025_04_p038_c000"", ""rbi_mpr_2025_04_p025_c004"", ""rbi_mpr_2025_04_p032_c002"", ""rbi_mpr_2025_04_p042_c000"", ""rbi_mpr_2025_04_p037_c001"", ""rbi_mpr_2025_04_p035_c002"", ""rbi_mpr_2025_04_p025_c001"", ""rbi_mpr_2025_04_p033_c004"", ""rbi_mpr_2025_04_p035_c003"", ""rbi_mpr_2025_04_p046_c000"", ""rbi_mpr_2025_04_p042_c002"", ""rbi_mpr_2025_04_p039_c003"", ""rbi_mpr_2025_04_p026_c001"", ""rbi_mpr_2025_04_p105_c003"", ""rbi_mpr_2025_04_p032_c000"", ""rbi_mpr_2025_04_p040_c001"", ""rbi_mpr_2025_04_p037_c000"", ""rbi_mpr_2025_04_p017_c001"", ""rbi_mpr_2025_04_p013_c001"", ""rbi_mpr_2025_04_p026_c000"", ""rbi_mpr_2025_04_p034_c000"", ""rbi_mpr_2025_04_p036_c000"", ""rbi_mpr_2025_04_p041_c000"", ""rbi_mpr_2025_04_p027_c000"", ""rbi_mpr_2025_04_p015_c002"", ""rbi_mpr_2025_04_p025_c002"", ""rbi_mpr_2025_04_p023_c000"", ""rbi_mpr_2025_04_p040_c002"", ""rbi_mpr_2025_04_p041_c001"", ""rbi_mpr_2025_04_p033_c001"", ""rbi_mpr_2025_04_p030_c002"", ""rbi_mpr_2025_04_p034_c001"", ""rbi_mpr_2025_04_p040_c000"", ""rbi_mpr_2025_04_p027_c003"", ""rbi_mpr_2025_04_p106_c002"", ""rbi_mpr_2025_04_p039_c001"", ""rbi_mpr_2025_04_p013_c002"", ""rbi_mpr_2025_04_p039_c002"", ""rbi_mpr_2025_04_p011_c005"", ""rbi_mpr_2025_04_p041_c002"", ""rbi_mpr_2025_04_p105_c001"", ""rbi_mpr_2025_04_p011_c000""], ""dense_candidate_pages"": [31, 31, 23, 25, 42, 30, 30, 25, 38, 25, 32, 42, 37, 35, 25, 33, 35, 46, 42, 39, 26, 105, 32, 40, 37, 17, 13, 26, 34, 36, 41, 27, 15, 25, 23, 40, 41, 33, 30, 34, 40, 27, 106, 39, 13, 39, 11, 41, 105, 11], ""dense_candidate_scores"": [0.51212848071257, 0.5040351478335685, 0.48386960884189467, 0.48374135598187606, 0.4803174724493966, 0.47868579935614575, 0.47029162227247356, 0.46824071447708493, 0.4670732467733332, 0.46511169029678767, 0.45846568019565037, 0.4492275967642445, 0.4439555739245623, 0.4430367726270248, 0.4347999718756923, 0.4257375565088799, 0.41832755048478554, 0.41624823571350056, 0.4038303411493418, 0.4037957807335629, 0.39919262837974856, 0.3956024755298936, 0.3939342611189839, 0.3896727089723504, 0.38550876892686814, 0.3845254829511089, 0.38334541333965244, 0.37731487366731964, 0.3762855211861381, 0.37392285315231444, 0.37256808485378023, 0.37064863307889706, 0.3693042329050966, 0.3494772174006623, 0.34883570021947796, 0.3439173737324991, 0.34344204157499325, 0.3398284972242147, 0.3343629360561705, 0.33142917822502427, 0.33099869031433393, 0.329770489001878, 0.3232957215462404, 0.32201053769459775, 0.32177084856711624, 0.31737059114203336, 0.3153532743849079, 0.3147878744121343, 0.3136674847381692, 0.3114190768106585], ""dense_first_evidence_rank"": null, ""evidence_rank_after_reranking"": null, ""evidence_rank_before_reranking"": null, ""expected_evidence"": [""food inflation which remained elevated at an average of 8.5 per cent during October- December 2024, decelerated to 3.8 per cent in February 2025""], ""loss_stage"": ""not_in_candidate_union"", ""report_id"": ""rbi_mpr_2025_04"", ""reranker_input_ids"": [""rbi_mpr_2025_04_p041_c000"", ""rbi_mpr_2025_04_p038_c000"", ""rbi_mpr_2025_04_p037_c000"", ""rbi_mpr_2025_04_p034_c001"", ""rbi_mpr_2025_04_p041_c001"", ""rbi_mpr_2025_04_p027_c000"", ""rbi_mpr_2025_04_p015_c002"", ""rbi_mpr_2025_04_p039_c002"", ""rbi_mpr_2025_04_p011_c000"", ""rbi_mpr_2025_04_p031_c001"", ""rbi_mpr_2025_04_p074_c000"", ""rbi_mpr_2025_04_p031_c000"", ""rbi_mpr_2025_04_p085_c000"", ""rbi_mpr_2025_04_p023_c001"", ""rbi_mpr_2025_04_p085_c001"", ""rbi_mpr_2025_04_p025_c000"", ""rbi_mpr_2025_04_p088_c000"", ""rbi_mpr_2025_04_p042_c001"", ""rbi_mpr_2025_04_p111_c001"", ""rbi_mpr_2025_04_p030_c001"", ""rbi_mpr_2025_04_p060_c000"", ""rbi_mpr_2025_04_p030_c000"", ""rbi_mpr_2025_04_p073_c004"", ""rbi_mpr_2025_04_p025_c003"", ""rbi_mpr_2025_04_p087_c000"", ""rbi_mpr_2025_04_p073_c003"", ""rbi_mpr_2025_04_p025_c004"", ""rbi_mpr_2025_04_p028_c002"", ""rbi_mpr_2025_04_p032_c002"", ""rbi_mpr_2025_04_p042_c000""], ""reranker_input_pages"": [41, 38, 37, 34, 41, 27, 15, 39, 11, 31, 74, 31, 85, 23, 85, 25, 88, 42, 111, 30, 60, 30, 73, 25, 87, 73, 25, 28, 32, 42], ""reranker_input_ranks"": [1, 2, 3, 4, 5, 6, 7, 8, 9, 10, 11, 12, 13, 14, 15, 16, 17, 18, 19, 20, 21, 22, 23, 24, 25, 26, 27, 28, 29, 30], ""reranker_output_ids"": [""rbi_mpr_2025_04_p023_c001"", ""rbi_mpr_2025_04_p038_c000"", ""rbi_mpr_2025_04_p030_c001"", ""rbi_mpr_2025_04_p031_c000"", ""rbi_mpr_2025_04_p030_c000"", ""rbi_mpr_2025_04_p042_c000"", ""rbi_mpr_2025_04_p025_c000"", ""rbi_mpr_2025_04_p031_c001"", ""rbi_mpr_2025_04_p042_c001"", ""rbi_mpr_2025_04_p011_c000"", ""rbi_mpr_2025_04_p015_c002"", ""rbi_mpr_2025_04_p025_c004"", ""rbi_mpr_2025_04_p041_c001"", ""rbi_mpr_2025_04_p039_c002"", ""rbi_mpr_2025_04_p027_c000"", ""rbi_mpr_2025_04_p032_c002"", ""rbi_mpr_2025_04_p034_c001"", ""rbi_mpr_2025_04_p088_c000"", ""rbi_mpr_2025_04_p037_c000"", ""rbi_mpr_2025_04_p025_c003"", ""rbi_mpr_2025_04_p074_c000"", ""rbi_mpr_2025_04_p041_c000"", ""rbi_mpr_2025_04_p028_c002"", ""rbi_mpr_2025_04_p111_c001"", ""rbi_mpr_2025_04_p087_c000"", ""rbi_mpr_2025_04_p085_c001"", ""rbi_mpr_2025_04_p085_c000"", ""rbi_mpr_2025_04_p073_c004"", ""rbi_mpr_2025_04_p060_c000"", ""rbi_mpr_2025_04_p073_c003""], ""reranker_output_pages"": [23, 38, 30, 31, 30, 42, 25, 31, 42, 11, 15, 25, 41, 39, 27, 32, 34, 88, 37, 25, 74, 41, 28, 111, 87, 85, 85, 73, 60, 73], ""reranker_scores"": [-0.7911199331283569, -1.5858649015426636, -3.1320388317108154, -3.537518262863159, -3.5721254348754883, -3.6542696952819824, -3.6816298961639404, -3.756009340286255, -4.034726142883301, -4.1436872482299805, -4.809481620788574, -4.8323469161987305, -5.014705657958984, -5.9700188636779785, -6.780661582946777, -7.085303783416748, -7.283851623535156, -7.331342697143555, -7.412500381469727, -7.531747817993164, -7.722572326660156, -7.780552864074707, -8.047791481018066, -8.578325271606445, -8.60112190246582, -8.987873077392578, -9.539536476135254, -10.112110137939453, -10.642337799072266, -10.838079452514648], ""rrf_candidate_ids"": [""rbi_mpr_2025_04_p041_c000"", ""rbi_mpr_2025_04_p038_c000"", ""rbi_mpr_2025_04_p037_c000"", ""rbi_mpr_2025_04_p034_c001"", ""rbi_mpr_2025_04_p041_c001"", ""rbi_mpr_2025_04_p027_c000"", ""rbi_mpr_2025_04_p015_c002"", ""rbi_mpr_2025_04_p039_c002"", ""rbi_mpr_2025_04_p011_c000"", ""rbi_mpr_2025_04_p031_c001"", ""rbi_mpr_2025_04_p074_c000"", ""rbi_mpr_2025_04_p031_c000"", ""rbi_mpr_2025_04_p085_c000"", ""rbi_mpr_2025_04_p023_c001"", ""rbi_mpr_2025_04_p085_c001"", ""rbi_mpr_2025_04_p025_c000"", ""rbi_mpr_2025_04_p088_c000"", ""rbi_mpr_2025_04_p042_c001"", ""rbi_mpr_2025_04_p111_c001"", ""rbi_mpr_2025_04_p030_c001"", ""rbi_mpr_2025_04_p060_c000"", ""rbi_mpr_2025_04_p030_c000"", ""rbi_mpr_2025_04_p073_c004"", ""rbi_mpr_2025_04_p025_c003"", ""rbi_mpr_2025_04_p087_c000"", ""rbi_mpr_2025_04_p073_c003"", ""rbi_mpr_2025_04_p025_c004"", ""rbi_mpr_2025_04_p028_c002"", ""rbi_mpr_2025_04_p032_c002"", ""rbi_mpr_2025_04_p042_c000""], ""rrf_candidate_pages"": [41, 38, 37, 34, 41, 27, 15, 39, 11, 31, 74, 31, 85, 23, 85, 25, 88, 42, 111, 30, 60, 30, 73, 25, 87, 73, 25, 28, 32, 42], ""rrf_first_evidence_rank"": null, ""rrf_scores"": [0.02507351803126451, 0.02429667519181586, 0.023529411764705882, 0.023333333333333334, 0.022214040255277366, 0.02150786308973173, 0.021505376344086023, 0.019142700128228614, 0.018524871355060035, 0.01639344262295082, 0.01639344262295082, 0.016129032258064516, 0.016129032258064516, 0.015873015873015872, 0.015873015873015872, 0.015625, 0.015625, 0.015384615384615385, 0.015384615384615385, 0.015151515151515152, 0.015151515151515152, 0.014925373134328358, 0.014925373134328358, 0.014705882352941176, 0.014705882352941176, 0.014492753623188406, 0.014285714285714285, 0.014285714285714285, 0.014084507042253521, 0.013888888888888888], ""selected_chunk_ids_after_dedup"": [""rbi_mpr_2025_04_p023_c001"", ""rbi_mpr_2025_04_p038_c000""], ""selected_chunk_ids_before_dedup"": [""rbi_mpr_2025_04_p023_c001"", ""rbi_mpr_2025_04_p038_c000""], ""selected_pages"": [23, 38]}, ""rbi_mpr_2025_10"": {""accepted_evidence_found"": false, ""accepted_pages"": [10], ""bm25_candidate_ids"": [""rbi_mpr_2025_10_p019_c003"", ""rbi_mpr_2025_10_p083_c001"", ""rbi_mpr_2025_10_p042_c002"", ""rbi_mpr_2025_10_p019_c002"", ""rbi_mpr_2025_10_p014_c003"", ""rbi_mpr_2025_10_p082_c000"", ""rbi_mpr_2025_10_p027_c002"", ""rbi_mpr_2025_10_p069_c004"", ""rbi_mpr_2025_10_p014_c000"", ""rbi_mpr_2025_10_p031_c000"", ""rbi_mpr_2025_10_p083_c002"", ""rbi_mpr_2025_10_p028_c000"", ""rbi_mpr_2025_10_p059_c000"", ""rbi_mpr_2025_10_p024_c002"", ""rbi_mpr_2025_10_p076_c000"", ""rbi_mpr_2025_10_p076_c001"", ""rbi_mpr_2025_10_p069_c003"", ""rbi_mpr_2025_10_p041_c004"", ""rbi_mpr_2025_10_p047_c002"", ""rbi_mpr_2025_10_p035_c000"", ""rbi_mpr_2025_10_p045_c000"", ""rbi_mpr_2025_10_p033_c001"", ""rbi_mpr_2025_10_p055_c003"", ""rbi_mpr_2025_10_p055_c004"", ""rbi_mpr_2025_10_p083_c000"", ""rbi_mpr_2025_10_p017_c002"", ""rbi_mpr_2025_10_p084_c003"", ""rbi_mpr_2025_10_p032_c003"", ""rbi_mpr_2025_10_p044_c003"", ""rbi_mpr_2025_10_p014_c001"", ""rbi_mpr_2025_10_p049_c002"", ""rbi_mpr_2025_10_p017_c005"", ""rbi_mpr_2025_10_p088_c003"", ""rbi_mpr_2025_10_p044_c002"", ""rbi_mpr_2025_10_p086_c002"", ""rbi_mpr_2025_10_p017_c003"", ""rbi_mpr_2025_10_p009_c005"", ""rbi_mpr_2025_10_p091_c000"", ""rbi_mpr_2025_10_p034_c003"", ""rbi_mpr_2025_10_p037_c002"", ""rbi_mpr_2025_10_p035_c002"", ""rbi_mpr_2025_10_p034_c005"", ""rbi_mpr_2025_10_p042_c004"", ""rbi_mpr_2025_10_p065_c004"", ""rbi_mpr_2025_10_p045_c004"", ""rbi_mpr_2025_10_p102_c003"", ""rbi_mpr_2025_10_p084_c002"", ""rbi_mpr_2025_10_p055_c002"", ""rbi_mpr_2025_10_p045_c001"", ""rbi_mpr_2025_10_p017_c001""], ""bm25_candidate_pages"": [19, 83, 42, 19, 14, 82, 27, 69, 14, 31, 83, 28, 59, 24, 76, 76, 69, 41, 47, 35, 45, 33, 55, 55, 83, 17, 84, 32, 44, 14, 49, 17, 88, 44, 86, 17, 9, 91, 34, 37, 35, 34, 42, 65, 45, 102, 84, 55, 45, 17], ""bm25_candidate_scores"": [null, null, null, null, null, null, null, null, null, null, null, null, null, null, null, null, null, null, null, null, null, null, null, null, null, null, null, null, null, null, null, null, null, null, null, null, null, null, null, null, null, null, null, null, null, null, null, null, null, null], ""bm25_first_evidence_rank"": null, ""candidate_source_expansion"": {""rbi_mpr_2025_04_p011_c000"": [], ""rbi_mpr_2025_04_p011_c005"": [], ""rbi_mpr_2025_04_p013_c001"": [], ""rbi_mpr_2025_04_p013_c002"": [], ""rbi_mpr_2025_04_p015_c001"": [], ""rbi_mpr_2025_04_p015_c002"": [], ""rbi_mpr_2025_04_p017_c001"": [], ""rbi_mpr_2025_04_p019_c001"": [], ""rbi_mpr_2025_04_p023_c000"": [], ""rbi_mpr_2025_04_p023_c001"": [], ""rbi_mpr_2025_04_p025_c000"": [], ""rbi_mpr_2025_04_p025_c001"": [], ""rbi_mpr_2025_04_p025_c002"": [], ""rbi_mpr_2025_04_p025_c003"": [], ""rbi_mpr_2025_04_p025_c004"": [], ""rbi_mpr_2025_04_p026_c000"": [], ""rbi_mpr_2025_04_p026_c001"": [], ""rbi_mpr_2025_04_p027_c000"": [], ""rbi_mpr_2025_04_p027_c001"": [], ""rbi_mpr_2025_04_p027_c002"": [], ""rbi_mpr_2025_04_p027_c003"": [], ""rbi_mpr_2025_04_p028_c001"": [], ""rbi_mpr_2025_04_p028_c002"": [], ""rbi_mpr_2025_04_p028_c003"": [], ""rbi_mpr_2025_04_p030_c000"": [], ""rbi_mpr_2025_04_p030_c001"": [], ""rbi_mpr_2025_04_p030_c002"": [], ""rbi_mpr_2025_04_p031_c000"": [], ""rbi_mpr_2025_04_p031_c001"": [], ""rbi_mpr_2025_04_p032_c000"": [], ""rbi_mpr_2025_04_p032_c002"": [], ""rbi_mpr_2025_04_p033_c000"": [], ""rbi_mpr_2025_04_p033_c001"": [], ""rbi_mpr_2025_04_p033_c004"": [], ""rbi_mpr_2025_04_p034_c000"": [], ""rbi_mpr_2025_04_p034_c001"": [], ""rbi_mpr_2025_04_p035_c001"": [], ""rbi_mpr_2025_04_p035_c002"": [], ""rbi_mpr_2025_04_p035_c003"": [], ""rbi_mpr_2025_04_p036_c000"": [], ""rbi_mpr_2025_04_p037_c000"": [], ""rbi_mpr_2025_04_p037_c001"": [], ""rbi_mpr_2025_04_p038_c000"": [], ""rbi_mpr_2025_04_p038_c002"": [], ""rbi_mpr_2025_04_p039_c001"": [], ""rbi_mpr_2025_04_p039_c002"": [], ""rbi_mpr_2025_04_p039_c003"": [], ""rbi_mpr_2025_04_p040_c000"": [], ""rbi_mpr_2025_04_p040_c001"": [], ""rbi_mpr_2025_04_p040_c002"": [], ""rbi_mpr_2025_04_p041_c000"": [], ""rbi_mpr_2025_04_p041_c001"": [], ""rbi_mpr_2025_04_p041_c002"": [], ""rbi_mpr_2025_04_p042_c000"": [], ""rbi_mpr_2025_04_p042_c001"": [], ""rbi_mpr_2025_04_p042_c002"": [], ""rbi_mpr_2025_04_p044_c001"": [], ""rbi_mpr_2025_04_p044_c002"": [], ""rbi_mpr_2025_04_p046_c000"": [], ""rbi_mpr_2025_04_p047_c001"": [], ""rbi_mpr_2025_04_p047_c004"": [], ""rbi_mpr_2025_04_p055_c000"": [], ""rbi_mpr_2025_04_p060_c000"": [], ""rbi_mpr_2025_04_p067_c001"": [], ""rbi_mpr_2025_04_p067_c002"": [], ""rbi_mpr_2025_04_p068_c001"": [], ""rbi_mpr_2025_04_p069_c000"": [], ""rbi_mpr_2025_04_p069_c001"": [], ""rbi_mpr_2025_04_p071_c004"": [], ""rbi_mpr_2025_04_p073_c003"": [], ""rbi_mpr_2025_04_p073_c004"": [], ""rbi_mpr_2025_04_p073_c005"": [], ""rbi_mpr_2025_04_p073_c006"": [], ""rbi_mpr_2025_04_p074_c000"": [], ""rbi_mpr_2025_04_p074_c001"": [], ""rbi_mpr_2025_04_p078_c002"": [], ""rbi_mpr_2025_04_p085_c000"": [], ""rbi_mpr_2025_04_p085_c001"": [], ""rbi_mpr_2025_04_p087_c000"": [], ""rbi_mpr_2025_04_p087_c001"": [], ""rbi_mpr_2025_04_p088_c000"": [], ""rbi_mpr_2025_04_p088_c002"": [], ""rbi_mpr_2025_04_p091_c000"": [], ""rbi_mpr_2025_04_p092_c003"": [], ""rbi_mpr_2025_04_p098_c000"": [], ""rbi_mpr_2025_04_p098_c003"": [], ""rbi_mpr_2025_04_p101_c000"": [], ""rbi_mpr_2025_04_p105_c001"": [], ""rbi_mpr_2025_04_p105_c003"": [], ""rbi_mpr_2025_04_p106_c002"": [], ""rbi_mpr_2025_04_p111_c001"": [], ""rbi_mpr_2025_10_p005_c000"": [], ""rbi_mpr_2025_10_p009_c005"": [], ""rbi_mpr_2025_10_p010_c000"": [], ""rbi_mpr_2025_10_p010_c003"": [], ""rbi_mpr_2025_10_p011_c000"": [], ""rbi_mpr_2025_10_p014_c000"": [], ""rbi_mpr_2025_10_p014_c001"": [], ""rbi_mpr_2025_10_p014_c003"": [], ""rbi_mpr_2025_10_p015_c001"": [], ""rbi_mpr_2025_10_p016_c004"": [], ""rbi_mpr_2025_10_p017_c001"": [], ""rbi_mpr_2025_10_p017_c002"": [], ""rbi_mpr_2025_10_p017_c003"": [], ""rbi_mpr_2025_10_p017_c005"": [], ""rbi_mpr_2025_10_p019_c002"": [], ""rbi_mpr_2025_10_p019_c003"": [], ""rbi_mpr_2025_10_p022_c001"": [], ""rbi_mpr_2025_10_p023_c000"": [], ""rbi_mpr_2025_10_p023_c001"": [], ""rbi_mpr_2025_10_p024_c000"": [], ""rbi_mpr_2025_10_p024_c001"": [], ""rbi_mpr_2025_10_p024_c002"": [], ""rbi_mpr_2025_10_p024_c003"": [], ""rbi_mpr_2025_10_p025_c000"": [], ""rbi_mpr_2025_10_p025_c001"": [], ""rbi_mpr_2025_10_p025_c002"": [], ""rbi_mpr_2025_10_p026_c000"": [], ""rbi_mpr_2025_10_p026_c001"": [], ""rbi_mpr_2025_10_p026_c002"": [], ""rbi_mpr_2025_10_p026_c003"": [], ""rbi_mpr_2025_10_p027_c000"": [], ""rbi_mpr_2025_10_p027_c002"": [], ""rbi_mpr_2025_10_p027_c003"": [], ""rbi_mpr_2025_10_p028_c000"": [], ""rbi_mpr_2025_10_p028_c001"": [], ""rbi_mpr_2025_10_p028_c002"": [], ""rbi_mpr_2025_10_p029_c000"": [], ""rbi_mpr_2025_10_p029_c002"": [], ""rbi_mpr_2025_10_p030_c000"": [], ""rbi_mpr_2025_10_p030_c001"": [], ""rbi_mpr_2025_10_p030_c002"": [], ""rbi_mpr_2025_10_p031_c000"": [], ""rbi_mpr_2025_10_p031_c001"": [], ""rbi_mpr_2025_10_p031_c003"": [], ""rbi_mpr_2025_10_p032_c000"": [], ""rbi_mpr_2025_10_p032_c003"": [], ""rbi_mpr_2025_10_p033_c001"": [], ""rbi_mpr_2025_10_p033_c003"": [], ""rbi_mpr_2025_10_p033_c004"": [], ""rbi_mpr_2025_10_p034_c001"": [], ""rbi_mpr_2025_10_p034_c002"": [], ""rbi_mpr_2025_10_p034_c003"": [], ""rbi_mpr_2025_10_p034_c005"": [], ""rbi_mpr_2025_10_p035_c000"": [], ""rbi_mpr_2025_10_p035_c002"": [], ""rbi_mpr_2025_10_p035_c003"": [], ""rbi_mpr_2025_10_p036_c003"": [], ""rbi_mpr_2025_10_p036_c004"": [], ""rbi_mpr_2025_10_p037_c001"": [], ""rbi_mpr_2025_10_p037_c002"": [], ""rbi_mpr_2025_10_p041_c003"": [], ""rbi_mpr_2025_10_p041_c004"": [], ""rbi_mpr_2025_10_p042_c002"": [], ""rbi_mpr_2025_10_p042_c004"": [], ""rbi_mpr_2025_10_p044_c002"": [], ""rbi_mpr_2025_10_p044_c003"": [], ""rbi_mpr_2025_10_p045_c000"": [], ""rbi_mpr_2025_10_p045_c001"": [], ""rbi_mpr_2025_10_p045_c004"": [], ""rbi_mpr_2025_10_p047_c002"": [], ""rbi_mpr_2025_10_p049_c002"": [], ""rbi_mpr_2025_10_p055_c002"": [], ""rbi_mpr_2025_10_p055_c003"": [], ""rbi_mpr_2025_10_p055_c004"": [], ""rbi_mpr_2025_10_p059_c000"": [], ""rbi_mpr_2025_10_p065_c004"": [], ""rbi_mpr_2025_10_p069_c003"": [], ""rbi_mpr_2025_10_p069_c004"": [], ""rbi_mpr_2025_10_p076_c000"": [], ""rbi_mpr_2025_10_p076_c001"": [], ""rbi_mpr_2025_10_p082_c000"": [], ""rbi_mpr_2025_10_p083_c000"": [], ""rbi_mpr_2025_10_p083_c001"": [], ""rbi_mpr_2025_10_p083_c002"": [], ""rbi_mpr_2025_10_p084_c002"": [], ""rbi_mpr_2025_10_p084_c003"": [], ""rbi_mpr_2025_10_p086_c002"": [], ""rbi_mpr_2025_10_p088_c003"": [], ""rbi_mpr_2025_10_p091_c000"": [], ""rbi_mpr_2025_10_p101_c001"": [], ""rbi_mpr_2025_10_p101_c002"": [], ""rbi_mpr_2025_10_p102_c003"": [], ""rbi_mpr_2026_04_p005_c003"": [], ""rbi_mpr_2026_04_p013_c000"": [], ""rbi_mpr_2026_04_p014_c000"": [], ""rbi_mpr_2026_04_p018_c002"": [], ""rbi_mpr_2026_04_p018_c003"": [], ""rbi_mpr_2026_04_p020_c001"": [], ""rbi_mpr_2026_04_p020_c002"": [], ""rbi_mpr_2026_04_p020_c003"": [], ""rbi_mpr_2026_04_p023_c000"": [], ""rbi_mpr_2026_04_p023_c001"": [], ""rbi_mpr_2026_04_p027_c000"": [], ""rbi_mpr_2026_04_p028_c000"": [], ""rbi_mpr_2026_04_p028_c003"": [], ""rbi_mpr_2026_04_p035_c003"": [], ""rbi_mpr_2026_04_p038_c002"": [], ""rbi_mpr_2026_04_p041_c000"": [], ""rbi_mpr_2026_04_p041_c001"": [], ""rbi_mpr_2026_04_p042_c001"": [], ""rbi_mpr_2026_04_p042_c002"": [], ""rbi_mpr_2026_04_p043_c000"": [], ""rbi_mpr_2026_04_p044_c000"": [], ""rbi_mpr_2026_04_p047_c004"": [], ""rbi_mpr_2026_04_p055_c001"": [], ""rbi_mpr_2026_04_p056_c002"": [], ""rbi_mpr_2026_04_p058_c001"": [], ""rbi_mpr_2026_04_p059_c000"": [], ""rbi_mpr_2026_04_p066_c000"": [], ""rbi_mpr_2026_04_p067_c002"": [], ""rbi_mpr_2026_04_p069_c003"": [], ""rbi_mpr_2026_04_p070_c000"": [], ""rbi_mpr_2026_04_p071_c000"": [], ""rbi_mpr_2026_04_p071_c001"": [], ""rbi_mpr_2026_04_p073_c000"": [], ""rbi_mpr_2026_04_p077_c000"": [], ""rbi_mpr_2026_04_p078_c000"": [], ""rbi_mpr_2026_04_p079_c000"": [], ""rbi_mpr_2026_04_p080_c000"": [], ""rbi_mpr_2026_04_p081_c000"": [], ""rbi_mpr_2026_04_p081_c001"": [], ""rbi_mpr_2026_04_p081_c002"": [], ""rbi_mpr_2026_04_p081_c005"": [], ""rbi_mpr_2026_04_p081_c006"": [], ""rbi_mpr_2026_04_p082_c000"": [], ""rbi_mpr_2026_04_p082_c001"": [], ""rbi_mpr_2026_04_p082_c003"": [], ""rbi_mpr_2026_04_p082_c004"": [], ""rbi_mpr_2026_04_p083_c000"": [], ""rbi_mpr_2026_04_p083_c001"": [], ""rbi_mpr_2026_04_p083_c002"": [], ""rbi_mpr_2026_04_p083_c003"": [], ""rbi_mpr_2026_04_p083_c004"": [], ""rbi_mpr_2026_04_p084_c000"": [], ""rbi_mpr_2026_04_p084_c001"": [], ""rbi_mpr_2026_04_p084_c002"": [], ""rbi_mpr_2026_04_p085_c000"": [], ""rbi_mpr_2026_04_p085_c005"": [], ""rbi_mpr_2026_04_p086_c002"": [], ""rbi_mpr_2026_04_p087_c000"": [], ""rbi_mpr_2026_04_p087_c004"": [], ""rbi_mpr_2026_04_p088_c000"": [], ""rbi_mpr_2026_04_p089_c002"": [], ""rbi_mpr_2026_04_p089_c003"": [], ""rbi_mpr_2026_04_p090_c002"": [], ""rbi_mpr_2026_04_p091_c000"": [], ""rbi_mpr_2026_04_p091_c005"": [], ""rbi_mpr_2026_04_p092_c001"": [], ""rbi_mpr_2026_04_p092_c002"": [], ""rbi_mpr_2026_04_p092_c004"": [], ""rbi_mpr_2026_04_p094_c000"": [], ""rbi_mpr_2026_04_p094_c002"": [], ""rbi_mpr_2026_04_p094_c003"": [], ""rbi_mpr_2026_04_p094_c004"": [], ""rbi_mpr_2026_04_p095_c000"": [], ""rbi_mpr_2026_04_p095_c003"": [], ""rbi_mpr_2026_04_p095_c004"": [], ""rbi_mpr_2026_04_p096_c003"": [], ""rbi_mpr_2026_04_p096_c004"": [], ""rbi_mpr_2026_04_p099_c001"": [], ""rbi_mpr_2026_04_p099_c002"": [], ""rbi_mpr_2026_04_p099_c003"": [], ""rbi_mpr_2026_04_p101_c001"": [], ""rbi_mpr_2026_04_p101_c002"": [], ""rbi_mpr_2026_04_p102_c001"": [], ""rbi_mpr_2026_04_p102_c003"": [], ""rbi_mpr_2026_04_p102_c004"": [], ""rbi_mpr_2026_04_p103_c000"": [], ""rbi_mpr_2026_04_p104_c004"": [], ""rbi_mpr_2026_04_p105_c000"": [], ""rbi_mpr_2026_04_p107_c000"": [], ""rbi_mpr_2026_04_p107_c001"": [], ""rbi_mpr_2026_04_p107_c004"": [], ""rbi_mpr_2026_04_p108_c001"": [], ""rbi_mpr_2026_04_p110_c003"": [], ""rbi_mpr_2026_04_p115_c000"": [], ""rbi_mpr_2026_04_p115_c001"": [], ""rbi_mpr_2026_04_p115_c002"": [], ""rbi_mpr_2026_04_p115_c003"": []}, ""candidate_source_facet"": {""rbi_mpr_2025_04_p011_c000"": [], ""rbi_mpr_2025_04_p011_c005"": [], ""rbi_mpr_2025_04_p013_c001"": [], ""rbi_mpr_2025_04_p013_c002"": [], ""rbi_mpr_2025_04_p015_c001"": [], ""rbi_mpr_2025_04_p015_c002"": [], ""rbi_mpr_2025_04_p017_c001"": [], ""rbi_mpr_2025_04_p019_c001"": [], ""rbi_mpr_2025_04_p023_c000"": [], ""rbi_mpr_2025_04_p023_c001"": [], ""rbi_mpr_2025_04_p025_c000"": [], ""rbi_mpr_2025_04_p025_c001"": [], ""rbi_mpr_2025_04_p025_c002"": [], ""rbi_mpr_2025_04_p025_c003"": [], ""rbi_mpr_2025_04_p025_c004"": [], ""rbi_mpr_2025_04_p026_c000"": [], ""rbi_mpr_2025_04_p026_c001"": [], ""rbi_mpr_2025_04_p027_c000"": [], ""rbi_mpr_2025_04_p027_c001"": [], ""rbi_mpr_2025_04_p027_c002"": [], ""rbi_mpr_2025_04_p027_c003"": [], ""rbi_mpr_2025_04_p028_c001"": [], ""rbi_mpr_2025_04_p028_c002"": [], ""rbi_mpr_2025_04_p028_c003"": [], ""rbi_mpr_2025_04_p030_c000"": [], ""rbi_mpr_2025_04_p030_c001"": [], ""rbi_mpr_2025_04_p030_c002"": [], ""rbi_mpr_2025_04_p031_c000"": [], ""rbi_mpr_2025_04_p031_c001"": [], ""rbi_mpr_2025_04_p032_c000"": [], ""rbi_mpr_2025_04_p032_c002"": [], ""rbi_mpr_2025_04_p033_c000"": [], ""rbi_mpr_2025_04_p033_c001"": [], ""rbi_mpr_2025_04_p033_c004"": [], ""rbi_mpr_2025_04_p034_c000"": [], ""rbi_mpr_2025_04_p034_c001"": [], ""rbi_mpr_2025_04_p035_c001"": [], ""rbi_mpr_2025_04_p035_c002"": [], ""rbi_mpr_2025_04_p035_c003"": [], ""rbi_mpr_2025_04_p036_c000"": [], ""rbi_mpr_2025_04_p037_c000"": [], ""rbi_mpr_2025_04_p037_c001"": [], ""rbi_mpr_2025_04_p038_c000"": [], ""rbi_mpr_2025_04_p038_c002"": [], ""rbi_mpr_2025_04_p039_c001"": [], ""rbi_mpr_2025_04_p039_c002"": [], ""rbi_mpr_2025_04_p039_c003"": [], ""rbi_mpr_2025_04_p040_c000"": [], ""rbi_mpr_2025_04_p040_c001"": [], ""rbi_mpr_2025_04_p040_c002"": [], ""rbi_mpr_2025_04_p041_c000"": [], ""rbi_mpr_2025_04_p041_c001"": [], ""rbi_mpr_2025_04_p041_c002"": [], ""rbi_mpr_2025_04_p042_c000"": [], ""rbi_mpr_2025_04_p042_c001"": [], ""rbi_mpr_2025_04_p042_c002"": [], ""rbi_mpr_2025_04_p044_c001"": [], ""rbi_mpr_2025_04_p044_c002"": [], ""rbi_mpr_2025_04_p046_c000"": [], ""rbi_mpr_2025_04_p047_c001"": [], ""rbi_mpr_2025_04_p047_c004"": [], ""rbi_mpr_2025_04_p055_c000"": [], ""rbi_mpr_2025_04_p060_c000"": [], ""rbi_mpr_2025_04_p067_c001"": [], ""rbi_mpr_2025_04_p067_c002"": [], ""rbi_mpr_2025_04_p068_c001"": [], ""rbi_mpr_2025_04_p069_c000"": [], ""rbi_mpr_2025_04_p069_c001"": [], ""rbi_mpr_2025_04_p071_c004"": [], ""rbi_mpr_2025_04_p073_c003"": [], ""rbi_mpr_2025_04_p073_c004"": [], ""rbi_mpr_2025_04_p073_c005"": [], ""rbi_mpr_2025_04_p073_c006"": [], ""rbi_mpr_2025_04_p074_c000"": [], ""rbi_mpr_2025_04_p074_c001"": [], ""rbi_mpr_2025_04_p078_c002"": [], ""rbi_mpr_2025_04_p085_c000"": [], ""rbi_mpr_2025_04_p085_c001"": [], ""rbi_mpr_2025_04_p087_c000"": [], ""rbi_mpr_2025_04_p087_c001"": [], ""rbi_mpr_2025_04_p088_c000"": [], ""rbi_mpr_2025_04_p088_c002"": [], ""rbi_mpr_2025_04_p091_c000"": [], ""rbi_mpr_2025_04_p092_c003"": [], ""rbi_mpr_2025_04_p098_c000"": [], ""rbi_mpr_2025_04_p098_c003"": [], ""rbi_mpr_2025_04_p101_c000"": [], ""rbi_mpr_2025_04_p105_c001"": [], ""rbi_mpr_2025_04_p105_c003"": [], ""rbi_mpr_2025_04_p106_c002"": [], ""rbi_mpr_2025_04_p111_c001"": [], ""rbi_mpr_2025_10_p005_c000"": [], ""rbi_mpr_2025_10_p009_c005"": [], ""rbi_mpr_2025_10_p010_c000"": [], ""rbi_mpr_2025_10_p010_c003"": [], ""rbi_mpr_2025_10_p011_c000"": [], ""rbi_mpr_2025_10_p014_c000"": [], ""rbi_mpr_2025_10_p014_c001"": [], ""rbi_mpr_2025_10_p014_c003"": [], ""rbi_mpr_2025_10_p015_c001"": [], ""rbi_mpr_2025_10_p016_c004"": [], ""rbi_mpr_2025_10_p017_c001"": [], ""rbi_mpr_2025_10_p017_c002"": [], ""rbi_mpr_2025_10_p017_c003"": [], ""rbi_mpr_2025_10_p017_c005"": [], ""rbi_mpr_2025_10_p019_c002"": [], ""rbi_mpr_2025_10_p019_c003"": [], ""rbi_mpr_2025_10_p022_c001"": [], ""rbi_mpr_2025_10_p023_c000"": [], ""rbi_mpr_2025_10_p023_c001"": [], ""rbi_mpr_2025_10_p024_c000"": [], ""rbi_mpr_2025_10_p024_c001"": [], ""rbi_mpr_2025_10_p024_c002"": [], ""rbi_mpr_2025_10_p024_c003"": [], ""rbi_mpr_2025_10_p025_c000"": [], ""rbi_mpr_2025_10_p025_c001"": [], ""rbi_mpr_2025_10_p025_c002"": [], ""rbi_mpr_2025_10_p026_c000"": [], ""rbi_mpr_2025_10_p026_c001"": [], ""rbi_mpr_2025_10_p026_c002"": [], ""rbi_mpr_2025_10_p026_c003"": [], ""rbi_mpr_2025_10_p027_c000"": [], ""rbi_mpr_2025_10_p027_c002"": [], ""rbi_mpr_2025_10_p027_c003"": [], ""rbi_mpr_2025_10_p028_c000"": [], ""rbi_mpr_2025_10_p028_c001"": [], ""rbi_mpr_2025_10_p028_c002"": [], ""rbi_mpr_2025_10_p029_c000"": [], ""rbi_mpr_2025_10_p029_c002"": [], ""rbi_mpr_2025_10_p030_c000"": [], ""rbi_mpr_2025_10_p030_c001"": [], ""rbi_mpr_2025_10_p030_c002"": [], ""rbi_mpr_2025_10_p031_c000"": [], ""rbi_mpr_2025_10_p031_c001"": [], ""rbi_mpr_2025_10_p031_c003"": [], ""rbi_mpr_2025_10_p032_c000"": [], ""rbi_mpr_2025_10_p032_c003"": [], ""rbi_mpr_2025_10_p033_c001"": [], ""rbi_mpr_2025_10_p033_c003"": [], ""rbi_mpr_2025_10_p033_c004"": [], ""rbi_mpr_2025_10_p034_c001"": [], ""rbi_mpr_2025_10_p034_c002"": [], ""rbi_mpr_2025_10_p034_c003"": [], ""rbi_mpr_2025_10_p034_c005"": [], ""rbi_mpr_2025_10_p035_c000"": [], ""rbi_mpr_2025_10_p035_c002"": [], ""rbi_mpr_2025_10_p035_c003"": [], ""rbi_mpr_2025_10_p036_c003"": [], ""rbi_mpr_2025_10_p036_c004"": [], ""rbi_mpr_2025_10_p037_c001"": [], ""rbi_mpr_2025_10_p037_c002"": [], ""rbi_mpr_2025_10_p041_c003"": [], ""rbi_mpr_2025_10_p041_c004"": [], ""rbi_mpr_2025_10_p042_c002"": [], ""rbi_mpr_2025_10_p042_c004"": [], ""rbi_mpr_2025_10_p044_c002"": [], ""rbi_mpr_2025_10_p044_c003"": [], ""rbi_mpr_2025_10_p045_c000"": [], ""rbi_mpr_2025_10_p045_c001"": [], ""rbi_mpr_2025_10_p045_c004"": [], ""rbi_mpr_2025_10_p047_c002"": [], ""rbi_mpr_2025_10_p049_c002"": [], ""rbi_mpr_2025_10_p055_c002"": [], ""rbi_mpr_2025_10_p055_c003"": [], ""rbi_mpr_2025_10_p055_c004"": [], ""rbi_mpr_2025_10_p059_c000"": [], ""rbi_mpr_2025_10_p065_c004"": [], ""rbi_mpr_2025_10_p069_c003"": [], ""rbi_mpr_2025_10_p069_c004"": [], ""rbi_mpr_2025_10_p076_c000"": [], ""rbi_mpr_2025_10_p076_c001"": [], ""rbi_mpr_2025_10_p082_c000"": [], ""rbi_mpr_2025_10_p083_c000"": [], ""rbi_mpr_2025_10_p083_c001"": [], ""rbi_mpr_2025_10_p083_c002"": [], ""rbi_mpr_2025_10_p084_c002"": [], ""rbi_mpr_2025_10_p084_c003"": [], ""rbi_mpr_2025_10_p086_c002"": [], ""rbi_mpr_2025_10_p088_c003"": [], ""rbi_mpr_2025_10_p091_c000"": [], ""rbi_mpr_2025_10_p101_c001"": [], ""rbi_mpr_2025_10_p101_c002"": [], ""rbi_mpr_2025_10_p102_c003"": [], ""rbi_mpr_2026_04_p005_c003"": [], ""rbi_mpr_2026_04_p013_c000"": [], ""rbi_mpr_2026_04_p014_c000"": [], ""rbi_mpr_2026_04_p018_c002"": [], ""rbi_mpr_2026_04_p018_c003"": [], ""rbi_mpr_2026_04_p020_c001"": [], ""rbi_mpr_2026_04_p020_c002"": [], ""rbi_mpr_2026_04_p020_c003"": [], ""rbi_mpr_2026_04_p023_c000"": [], ""rbi_mpr_2026_04_p023_c001"": [], ""rbi_mpr_2026_04_p027_c000"": [], ""rbi_mpr_2026_04_p028_c000"": [], ""rbi_mpr_2026_04_p028_c003"": [], ""rbi_mpr_2026_04_p035_c003"": [], ""rbi_mpr_2026_04_p038_c002"": [], ""rbi_mpr_2026_04_p041_c000"": [], ""rbi_mpr_2026_04_p041_c001"": [], ""rbi_mpr_2026_04_p042_c001"": [], ""rbi_mpr_2026_04_p042_c002"": [], ""rbi_mpr_2026_04_p043_c000"": [], ""rbi_mpr_2026_04_p044_c000"": [], ""rbi_mpr_2026_04_p047_c004"": [], ""rbi_mpr_2026_04_p055_c001"": [], ""rbi_mpr_2026_04_p056_c002"": [], ""rbi_mpr_2026_04_p058_c001"": [], ""rbi_mpr_2026_04_p059_c000"": [], ""rbi_mpr_2026_04_p066_c000"": [], ""rbi_mpr_2026_04_p067_c002"": [], ""rbi_mpr_2026_04_p069_c003"": [], ""rbi_mpr_2026_04_p070_c000"": [], ""rbi_mpr_2026_04_p071_c000"": [], ""rbi_mpr_2026_04_p071_c001"": [], ""rbi_mpr_2026_04_p073_c000"": [], ""rbi_mpr_2026_04_p077_c000"": [], ""rbi_mpr_2026_04_p078_c000"": [], ""rbi_mpr_2026_04_p079_c000"": [], ""rbi_mpr_2026_04_p080_c000"": [], ""rbi_mpr_2026_04_p081_c000"": [], ""rbi_mpr_2026_04_p081_c001"": [], ""rbi_mpr_2026_04_p081_c002"": [], ""rbi_mpr_2026_04_p081_c005"": [], ""rbi_mpr_2026_04_p081_c006"": [], ""rbi_mpr_2026_04_p082_c000"": [], ""rbi_mpr_2026_04_p082_c001"": [], ""rbi_mpr_2026_04_p082_c003"": [], ""rbi_mpr_2026_04_p082_c004"": [], ""rbi_mpr_2026_04_p083_c000"": [], ""rbi_mpr_2026_04_p083_c001"": [], ""rbi_mpr_2026_04_p083_c002"": [], ""rbi_mpr_2026_04_p083_c003"": [], ""rbi_mpr_2026_04_p083_c004"": [], ""rbi_mpr_2026_04_p084_c000"": [], ""rbi_mpr_2026_04_p084_c001"": [], ""rbi_mpr_2026_04_p084_c002"": [], ""rbi_mpr_2026_04_p085_c000"": [], ""rbi_mpr_2026_04_p085_c005"": [], ""rbi_mpr_2026_04_p086_c002"": [], ""rbi_mpr_2026_04_p087_c000"": [], ""rbi_mpr_2026_04_p087_c004"": [], ""rbi_mpr_2026_04_p088_c000"": [], ""rbi_mpr_2026_04_p089_c002"": [], ""rbi_mpr_2026_04_p089_c003"": [], ""rbi_mpr_2026_04_p090_c002"": [], ""rbi_mpr_2026_04_p091_c000"": [], ""rbi_mpr_2026_04_p091_c005"": [], ""rbi_mpr_2026_04_p092_c001"": [], ""rbi_mpr_2026_04_p092_c002"": [], ""rbi_mpr_2026_04_p092_c004"": [], ""rbi_mpr_2026_04_p094_c000"": [], ""rbi_mpr_2026_04_p094_c002"": [], ""rbi_mpr_2026_04_p094_c003"": [], ""rbi_mpr_2026_04_p094_c004"": [], ""rbi_mpr_2026_04_p095_c000"": [], ""rbi_mpr_2026_04_p095_c003"": [], ""rbi_mpr_2026_04_p095_c004"": [], ""rbi_mpr_2026_04_p096_c003"": [], ""rbi_mpr_2026_04_p096_c004"": [], ""rbi_mpr_2026_04_p099_c001"": [], ""rbi_mpr_2026_04_p099_c002"": [], ""rbi_mpr_2026_04_p099_c003"": [], ""rbi_mpr_2026_04_p101_c001"": [], ""rbi_mpr_2026_04_p101_c002"": [], ""rbi_mpr_2026_04_p102_c001"": [], ""rbi_mpr_2026_04_p102_c003"": [], ""rbi_mpr_2026_04_p102_c004"": [], ""rbi_mpr_2026_04_p103_c000"": [], ""rbi_mpr_2026_04_p104_c004"": [], ""rbi_mpr_2026_04_p105_c000"": [], ""rbi_mpr_2026_04_p107_c000"": [], ""rbi_mpr_2026_04_p107_c001"": [], ""rbi_mpr_2026_04_p107_c004"": [], ""rbi_mpr_2026_04_p108_c001"": [], ""rbi_mpr_2026_04_p110_c003"": [], ""rbi_mpr_2026_04_p115_c000"": [], ""rbi_mpr_2026_04_p115_c001"": [], ""rbi_mpr_2026_04_p115_c002"": [], ""rbi_mpr_2026_04_p115_c003"": []}, ""candidate_source_query"": {""rbi_mpr_2025_04_p011_c000"": [""How did food-inflation conditions evolve across all three reports?""], ""rbi_mpr_2025_04_p011_c005"": [""How did food-inflation conditions evolve across all three reports?""], ""rbi_mpr_2025_04_p013_c001"": [""How did food-inflation conditions evolve across all three reports?""], ""rbi_mpr_2025_04_p013_c002"": [""How did food-inflation conditions evolve across all three reports?""], ""rbi_mpr_2025_04_p015_c001"": [""How did food-inflation conditions evolve across all three reports?""], ""rbi_mpr_2025_04_p015_c002"": [""How did food-inflation conditions evolve across all three reports?""], ""rbi_mpr_2025_04_p017_c001"": [""How did food-inflation conditions evolve across all three reports?""], ""rbi_mpr_2025_04_p019_c001"": [""How did food-inflation conditions evolve across all three reports?""], ""rbi_mpr_2025_04_p023_c000"": [""How did food-inflation conditions evolve across all three reports?""], ""rbi_mpr_2025_04_p023_c001"": [""How did food-inflation conditions evolve across all three reports?""], ""rbi_mpr_2025_04_p025_c000"": [""How did food-inflation conditions evolve across all three reports?""], ""rbi_mpr_2025_04_p025_c001"": [""How did food-inflation conditions evolve across all three reports?""], ""rbi_mpr_2025_04_p025_c002"": [""How did food-inflation conditions evolve across all three reports?""], ""rbi_mpr_2025_04_p025_c003"": [""How did food-inflation conditions evolve across all three reports?""], ""rbi_mpr_2025_04_p025_c004"": [""How did food-inflation conditions evolve across all three reports?""], ""rbi_mpr_2025_04_p026_c000"": [""How did food-inflation conditions evolve across all three reports?""], ""rbi_mpr_2025_04_p026_c001"": [""How did food-inflation conditions evolve across all three reports?""], ""rbi_mpr_2025_04_p027_c000"": [""How did food-inflation conditions evolve across all three reports?""], ""rbi_mpr_2025_04_p027_c001"": [""How did food-inflation conditions evolve across all three reports?""], ""rbi_mpr_2025_04_p027_c002"": [""How did food-inflation conditions evolve across all three reports?""], ""rbi_mpr_2025_04_p027_c003"": [""How did food-inflation conditions evolve across all three reports?""], ""rbi_mpr_2025_04_p028_c001"": [""How did food-inflation conditions evolve across all three reports?""], ""rbi_mpr_2025_04_p028_c002"": [""How did food-inflation conditions evolve across all three reports?""], ""rbi_mpr_2025_04_p028_c003"": [""How did food-inflation conditions evolve across all three reports?""], ""rbi_mpr_2025_04_p030_c000"": [""How did food-inflation conditions evolve across all three reports?""], ""rbi_mpr_2025_04_p030_c001"": [""How did food-inflation conditions evolve across all three reports?""], ""rbi_mpr_2025_04_p030_c002"": [""How did food-inflation conditions evolve across all three reports?""], ""rbi_mpr_2025_04_p031_c000"": [""How did food-inflation conditions evolve across all three reports?""], ""rbi_mpr_2025_04_p031_c001"": [""How did food-inflation conditions evolve across all three reports?""], ""rbi_mpr_2025_04_p032_c000"": [""How did food-inflation conditions evolve across all three reports?""], ""rbi_mpr_2025_04_p032_c002"": [""How did food-inflation conditions evolve across all three reports?""], ""rbi_mpr_2025_04_p033_c000"": [""How did food-inflation conditions evolve across all three reports?""], ""rbi_mpr_2025_04_p033_c001"": [""How did food-inflation conditions evolve across all three reports?""], ""rbi_mpr_2025_04_p033_c004"": [""How did food-inflation conditions evolve across all three reports?""], ""rbi_mpr_2025_04_p034_c000"": [""How did food-inflation conditions evolve across all three reports?""], ""rbi_mpr_2025_04_p034_c001"": [""How did food-inflation conditions evolve across all three reports?""], ""rbi_mpr_2025_04_p035_c001"": [""How did food-inflation conditions evolve across all three reports?""], ""rbi_mpr_2025_04_p035_c002"": [""How did food-inflation conditions evolve across all three reports?""], ""rbi_mpr_2025_04_p035_c003"": [""How did food-inflation conditions evolve across all three reports?""], ""rbi_mpr_2025_04_p036_c000"": [""How did food-inflation conditions evolve across all three reports?""], ""rbi_mpr_2025_04_p037_c000"": [""How did food-inflation conditions evolve across all three reports?""], ""rbi_mpr_2025_04_p037_c001"": [""How did food-inflation conditions evolve across all three reports?""], ""rbi_mpr_2025_04_p038_c000"": [""How did food-inflation conditions evolve across all three reports?""], ""rbi_mpr_2025_04_p038_c002"": [""How did food-inflation conditions evolve across all three reports?""], ""rbi_mpr_2025_04_p039_c001"": [""How did food-inflation conditions evolve across all three reports?""], ""rbi_mpr_2025_04_p039_c002"": [""How did food-inflation conditions evolve across all three reports?""], ""rbi_mpr_2025_04_p039_c003"": [""How did food-inflation conditions evolve across all three reports?""], ""rbi_mpr_2025_04_p040_c000"": [""How did food-inflation conditions evolve across all three reports?""], ""rbi_mpr_2025_04_p040_c001"": [""How did food-inflation conditions evolve across all three reports?""], ""rbi_mpr_2025_04_p040_c002"": [""How did food-inflation conditions evolve across all three reports?""], ""rbi_mpr_2025_04_p041_c000"": [""How did food-inflation conditions evolve across all three reports?""], ""rbi_mpr_2025_04_p041_c001"": [""How did food-inflation conditions evolve across all three reports?""], ""rbi_mpr_2025_04_p041_c002"": [""How did food-inflation conditions evolve across all three reports?""], ""rbi_mpr_2025_04_p042_c000"": [""How did food-inflation conditions evolve across all three reports?""], ""rbi_mpr_2025_04_p042_c001"": [""How did food-inflation conditions evolve across all three reports?""], ""rbi_mpr_2025_04_p042_c002"": [""How did food-inflation conditions evolve across all three reports?""], ""rbi_mpr_2025_04_p044_c001"": [""How did food-inflation conditions evolve across all three reports?""], ""rbi_mpr_2025_04_p044_c002"": [""How did food-inflation conditions evolve across all three reports?""], ""rbi_mpr_2025_04_p046_c000"": [""How did food-inflation conditions evolve across all three reports?""], ""rbi_mpr_2025_04_p047_c001"": [""How did food-inflation conditions evolve across all three reports?""], ""rbi_mpr_2025_04_p047_c004"": [""How did food-inflation conditions evolve across all three reports?""], ""rbi_mpr_2025_04_p055_c000"": [""How did food-inflation conditions evolve across all three reports?""], ""rbi_mpr_2025_04_p060_c000"": [""How did food-inflation conditions evolve across all three reports?""], ""rbi_mpr_2025_04_p067_c001"": [""How did food-inflation conditions evolve across all three reports?""], ""rbi_mpr_2025_04_p067_c002"": [""How did food-inflation conditions evolve across all three reports?""], ""rbi_mpr_2025_04_p068_c001"": [""How did food-inflation conditions evolve across all three reports?""], ""rbi_mpr_2025_04_p069_c000"": [""How did food-inflation conditions evolve across all three reports?""], ""rbi_mpr_2025_04_p069_c001"": [""How did food-inflation conditions evolve across all three reports?""], ""rbi_mpr_2025_04_p071_c004"": [""How did food-inflation conditions evolve across all three reports?""], ""rbi_mpr_2025_04_p073_c003"": [""How did food-inflation conditions evolve across all three reports?""], ""rbi_mpr_2025_04_p073_c004"": [""How did food-inflation conditions evolve across all three reports?""], ""rbi_mpr_2025_04_p073_c005"": [""How did food-inflation conditions evolve across all three reports?""], ""rbi_mpr_2025_04_p073_c006"": [""How did food-inflation conditions evolve across all three reports?""], ""rbi_mpr_2025_04_p074_c000"": [""How did food-inflation conditions evolve across all three reports?""], ""rbi_mpr_2025_04_p074_c001"": [""How did food-inflation conditions evolve across all three reports?""], ""rbi_mpr_2025_04_p078_c002"": [""How did food-inflation conditions evolve across all three reports?""], ""rbi_mpr_2025_04_p085_c000"": [""How did food-inflation conditions evolve across all three reports?""], ""rbi_mpr_2025_04_p085_c001"": [""How did food-inflation conditions evolve across all three reports?""], ""rbi_mpr_2025_04_p087_c000"": [""How did food-inflation conditions evolve across all three reports?""], ""rbi_mpr_2025_04_p087_c001"": [""How did food-inflation conditions evolve across all three reports?""], ""rbi_mpr_2025_04_p088_c000"": [""How did food-inflation conditions evolve across all three reports?""], ""rbi_mpr_2025_04_p088_c002"": [""How did food-inflation conditions evolve across all three reports?""], ""rbi_mpr_2025_04_p091_c000"": [""How did food-inflation conditions evolve across all three reports?""], ""rbi_mpr_2025_04_p092_c003"": [""How did food-inflation conditions evolve across all three reports?""], ""rbi_mpr_2025_04_p098_c000"": [""How did food-inflation conditions evolve across all three reports?""], ""rbi_mpr_2025_04_p098_c003"": [""How did food-inflation conditions evolve across all three reports?""], ""rbi_mpr_2025_04_p101_c000"": [""How did food-inflation conditions evolve across all three reports?""], ""rbi_mpr_2025_04_p105_c001"": [""How did food-inflation conditions evolve across all three reports?""], ""rbi_mpr_2025_04_p105_c003"": [""How did food-inflation conditions evolve across all three reports?""], ""rbi_mpr_2025_04_p106_c002"": [""How did food-inflation conditions evolve across all three reports?""], ""rbi_mpr_2025_04_p111_c001"": [""How did food-inflation conditions evolve across all three reports?""], ""rbi_mpr_2025_10_p005_c000"": [""How did food-inflation conditions evolve across all three reports?""], ""rbi_mpr_2025_10_p009_c005"": [""How did food-inflation conditions evolve across all three reports?""], ""rbi_mpr_2025_10_p010_c000"": [""How did food-inflation conditions evolve across all three reports?""], ""rbi_mpr_2025_10_p010_c003"": [""How did food-inflation conditions evolve across all three reports?""], ""rbi_mpr_2025_10_p011_c000"": [""How did food-inflation conditions evolve across all three reports?""], ""rbi_mpr_2025_10_p014_c000"": [""How did food-inflation conditions evolve across all three reports?""], ""rbi_mpr_2025_10_p014_c001"": [""How did food-inflation conditions evolve across all three reports?""], ""rbi_mpr_2025_10_p014_c003"": [""How did food-inflation conditions evolve across all three reports?""], ""rbi_mpr_2025_10_p015_c001"": [""How did food-inflation conditions evolve across all three reports?""], ""rbi_mpr_2025_10_p016_c004"": [""How did food-inflation conditions evolve across all three reports?""], ""rbi_mpr_2025_10_p017_c001"": [""How did food-inflation conditions evolve across all three reports?""], ""rbi_mpr_2025_10_p017_c002"": [""How did food-inflation conditions evolve across all three reports?""], ""rbi_mpr_2025_10_p017_c003"": [""How did food-inflation conditions evolve across all three reports?""], ""rbi_mpr_2025_10_p017_c005"": [""How did food-inflation conditions evolve across all three reports?""], ""rbi_mpr_2025_10_p019_c002"": [""How did food-inflation conditions evolve across all three reports?""], ""rbi_mpr_2025_10_p019_c003"": [""How did food-inflation conditions evolve across all three reports?""], ""rbi_mpr_2025_10_p022_c001"": [""How did food-inflation conditions evolve across all three reports?""], ""rbi_mpr_2025_10_p023_c000"": [""How did food-inflation conditions evolve across all three reports?""], ""rbi_mpr_2025_10_p023_c001"": [""How did food-inflation conditions evolve across all three reports?""], ""rbi_mpr_2025_10_p024_c000"": [""How did food-inflation conditions evolve across all three reports?""], ""rbi_mpr_2025_10_p024_c001"": [""How did food-inflation conditions evolve across all three reports?""], ""rbi_mpr_2025_10_p024_c002"": [""How did food-inflation conditions evolve across all three reports?""], ""rbi_mpr_2025_10_p024_c003"": [""How did food-inflation conditions evolve across all three reports?""], ""rbi_mpr_2025_10_p025_c000"": [""How did food-inflation conditions evolve across all three reports?""], ""rbi_mpr_2025_10_p025_c001"": [""How did food-inflation conditions evolve across all three reports?""], ""rbi_mpr_2025_10_p025_c002"": [""How did food-inflation conditions evolve across all three reports?""], ""rbi_mpr_2025_10_p026_c000"": [""How did food-inflation conditions evolve across all three reports?""], ""rbi_mpr_2025_10_p026_c001"": [""How did food-inflation conditions evolve across all three reports?""], ""rbi_mpr_2025_10_p026_c002"": [""How did food-inflation conditions evolve across all three reports?""], ""rbi_mpr_2025_10_p026_c003"": [""How did food-inflation conditions evolve across all three reports?""], ""rbi_mpr_2025_10_p027_c000"": [""How did food-inflation conditions evolve across all three reports?""], ""rbi_mpr_2025_10_p027_c002"": [""How did food-inflation conditions evolve across all three reports?""], ""rbi_mpr_2025_10_p027_c003"": [""How did food-inflation conditions evolve across all three reports?""], ""rbi_mpr_2025_10_p028_c000"": [""How did food-inflation conditions evolve across all three reports?""], ""rbi_mpr_2025_10_p028_c001"": [""How did food-inflation conditions evolve across all three reports?""], ""rbi_mpr_2025_10_p028_c002"": [""How did food-inflation conditions evolve across all three reports?""], ""rbi_mpr_2025_10_p029_c000"": [""How did food-inflation conditions evolve across all three reports?""], ""rbi_mpr_2025_10_p029_c002"": [""How did food-inflation conditions evolve across all three reports?""], ""rbi_mpr_2025_10_p030_c000"": [""How did food-inflation conditions evolve across all three reports?""], ""rbi_mpr_2025_10_p030_c001"": [""How did food-inflation conditions evolve across all three reports?""], ""rbi_mpr_2025_10_p030_c002"": [""How did food-inflation conditions evolve across all three reports?""], ""rbi_mpr_2025_10_p031_c000"": [""How did food-inflation conditions evolve across all three reports?""], ""rbi_mpr_2025_10_p031_c001"": [""How did food-inflation conditions evolve across all three reports?""], ""rbi_mpr_2025_10_p031_c003"": [""How did food-inflation conditions evolve across all three reports?""], ""rbi_mpr_2025_10_p032_c000"": [""How did food-inflation conditions evolve across all three reports?""], ""rbi_mpr_2025_10_p032_c003"": [""How did food-inflation conditions evolve across all three reports?""], ""rbi_mpr_2025_10_p033_c001"": [""How did food-inflation conditions evolve across all three reports?""], ""rbi_mpr_2025_10_p033_c003"": [""How did food-inflation conditions evolve across all three reports?""], ""rbi_mpr_2025_10_p033_c004"": [""How did food-inflation conditions evolve across all three reports?""], ""rbi_mpr_2025_10_p034_c001"": [""How did food-inflation conditions evolve across all three reports?""], ""rbi_mpr_2025_10_p034_c002"": [""How did food-inflation conditions evolve across all three reports?""], ""rbi_mpr_2025_10_p034_c003"": [""How did food-inflation conditions evolve across all three reports?""], ""rbi_mpr_2025_10_p034_c005"": [""How did food-inflation conditions evolve across all three reports?""], ""rbi_mpr_2025_10_p035_c000"": [""How did food-inflation conditions evolve across all three reports?""], ""rbi_mpr_2025_10_p035_c002"": [""How did food-inflation conditions evolve across all three reports?""], ""rbi_mpr_2025_10_p035_c003"": [""How did food-inflation conditions evolve across all three reports?""], ""rbi_mpr_2025_10_p036_c003"": [""How did food-inflation conditions evolve across all three reports?""], ""rbi_mpr_2025_10_p036_c004"": [""How did food-inflation conditions evolve across all three reports?""], ""rbi_mpr_2025_10_p037_c001"": [""How did food-inflation conditions evolve across all three reports?""], ""rbi_mpr_2025_10_p037_c002"": [""How did food-inflation conditions evolve across all three reports?""], ""rbi_mpr_2025_10_p041_c003"": [""How did food-inflation conditions evolve across all three reports?""], ""rbi_mpr_2025_10_p041_c004"": [""How did food-inflation conditions evolve across all three reports?""], ""rbi_mpr_2025_10_p042_c002"": [""How did food-inflation conditions evolve across all three reports?""], ""rbi_mpr_2025_10_p042_c004"": [""How did food-inflation conditions evolve across all three reports?""], ""rbi_mpr_2025_10_p044_c002"": [""How did food-inflation conditions evolve across all three reports?""], ""rbi_mpr_2025_10_p044_c003"": [""How did food-inflation conditions evolve across all three reports?""], ""rbi_mpr_2025_10_p045_c000"": [""How did food-inflation conditions evolve across all three reports?""], ""rbi_mpr_2025_10_p045_c001"": [""How did food-inflation conditions evolve across all three reports?""], ""rbi_mpr_2025_10_p045_c004"": [""How did food-inflation conditions evolve across all three reports?""], ""rbi_mpr_2025_10_p047_c002"": [""How did food-inflation conditions evolve across all three reports?""], ""rbi_mpr_2025_10_p049_c002"": [""How did food-inflation conditions evolve across all three reports?""], ""rbi_mpr_2025_10_p055_c002"": [""How did food-inflation conditions evolve across all three reports?""], ""rbi_mpr_2025_10_p055_c003"": [""How did food-inflation conditions evolve across all three reports?""], ""rbi_mpr_2025_10_p055_c004"": [""How did food-inflation conditions evolve across all three reports?""], ""rbi_mpr_2025_10_p059_c000"": [""How did food-inflation conditions evolve across all three reports?""], ""rbi_mpr_2025_10_p065_c004"": [""How did food-inflation conditions evolve across all three reports?""], ""rbi_mpr_2025_10_p069_c003"": [""How did food-inflation conditions evolve across all three reports?""], ""rbi_mpr_2025_10_p069_c004"": [""How did food-inflation conditions evolve across all three reports?""], ""rbi_mpr_2025_10_p076_c000"": [""How did food-inflation conditions evolve across all three reports?""], ""rbi_mpr_2025_10_p076_c001"": [""How did food-inflation conditions evolve across all three reports?""], ""rbi_mpr_2025_10_p082_c000"": [""How did food-inflation conditions evolve across all three reports?""], ""rbi_mpr_2025_10_p083_c000"": [""How did food-inflation conditions evolve across all three reports?""], ""rbi_mpr_2025_10_p083_c001"": [""How did food-inflation conditions evolve across all three reports?""], ""rbi_mpr_2025_10_p083_c002"": [""How did food-inflation conditions evolve across all three reports?""], ""rbi_mpr_2025_10_p084_c002"": [""How did food-inflation conditions evolve across all three reports?""], ""rbi_mpr_2025_10_p084_c003"": [""How did food-inflation conditions evolve across all three reports?""], ""rbi_mpr_2025_10_p086_c002"": [""How did food-inflation conditions evolve across all three reports?""], ""rbi_mpr_2025_10_p088_c003"": [""How did food-inflation conditions evolve across all three reports?""], ""rbi_mpr_2025_10_p091_c000"": [""How did food-inflation conditions evolve across all three reports?""], ""rbi_mpr_2025_10_p101_c001"": [""How did food-inflation conditions evolve across all three reports?""], ""rbi_mpr_2025_10_p101_c002"": [""How did food-inflation conditions evolve across all three reports?""], ""rbi_mpr_2025_10_p102_c003"": [""How did food-inflation conditions evolve across all three reports?""], ""rbi_mpr_2026_04_p005_c003"": [""How did food-inflation conditions evolve across all three reports?""], ""rbi_mpr_2026_04_p013_c000"": [""How did food-inflation conditions evolve across all three reports?""], ""rbi_mpr_2026_04_p014_c000"": [""How did food-inflation conditions evolve across all three reports?""], ""rbi_mpr_2026_04_p018_c002"": [""How did food-inflation conditions evolve across all three reports?""], ""rbi_mpr_2026_04_p018_c003"": [""How did food-inflation conditions evolve across all three reports?""], ""rbi_mpr_2026_04_p020_c001"": [""How did food-inflation conditions evolve across all three reports?""], ""rbi_mpr_2026_04_p020_c002"": [""How did food-inflation conditions evolve across all three reports?""], ""rbi_mpr_2026_04_p020_c003"": [""How did food-inflation conditions evolve across all three reports?""], ""rbi_mpr_2026_04_p023_c000"": [""How did food-inflation conditions evolve across all three reports?""], ""rbi_mpr_2026_04_p023_c001"": [""How did food-inflation conditions evolve across all three reports?""], ""rbi_mpr_2026_04_p027_c000"": [""How did food-inflation conditions evolve across all three reports?""], ""rbi_mpr_2026_04_p028_c000"": [""How did food-inflation conditions evolve across all three reports?""], ""rbi_mpr_2026_04_p028_c003"": [""How did food-inflation conditions evolve across all three reports?""], ""rbi_mpr_2026_04_p035_c003"": [""How did food-inflation conditions evolve across all three reports?""], ""rbi_mpr_2026_04_p038_c002"": [""How did food-inflation conditions evolve across all three reports?""], ""rbi_mpr_2026_04_p041_c000"": [""How did food-inflation conditions evolve across all three reports?""], ""rbi_mpr_2026_04_p041_c001"": [""How did food-inflation conditions evolve across all three reports?""], ""rbi_mpr_2026_04_p042_c001"": [""How did food-inflation conditions evolve across all three reports?""], ""rbi_mpr_2026_04_p042_c002"": [""How did food-inflation conditions evolve across all three reports?""], ""rbi_mpr_2026_04_p043_c000"": [""How did food-inflation conditions evolve across all three reports?""], ""rbi_mpr_2026_04_p044_c000"": [""How did food-inflation conditions evolve across all three reports?""], ""rbi_mpr_2026_04_p047_c004"": [""How did food-inflation conditions evolve across all three reports?""], ""rbi_mpr_2026_04_p055_c001"": [""How did food-inflation conditions evolve across all three reports?""], ""rbi_mpr_2026_04_p056_c002"": [""How did food-inflation conditions evolve across all three reports?""], ""rbi_mpr_2026_04_p058_c001"": [""How did food-inflation conditions evolve across all three reports?""], ""rbi_mpr_2026_04_p059_c000"": [""How did food-inflation conditions evolve across all three reports?""], ""rbi_mpr_2026_04_p066_c000"": [""How did food-inflation conditions evolve across all three reports?""], ""rbi_mpr_2026_04_p067_c002"": [""How did food-inflation conditions evolve across all three reports?""], ""rbi_mpr_2026_04_p069_c003"": [""How did food-inflation conditions evolve across all three reports?""], ""rbi_mpr_2026_04_p070_c000"": [""How did food-inflation conditions evolve across all three reports?""], ""rbi_mpr_2026_04_p071_c000"": [""How did food-inflation conditions evolve across all three reports?""], ""rbi_mpr_2026_04_p071_c001"": [""How did food-inflation conditions evolve across all three reports?""], ""rbi_mpr_2026_04_p073_c000"": [""How did food-inflation conditions evolve across all three reports?""], ""rbi_mpr_2026_04_p077_c000"": [""How did food-inflation conditions evolve across all three reports?""], ""rbi_mpr_2026_04_p078_c000"": [""How did food-inflation conditions evolve across all three reports?""], ""rbi_mpr_2026_04_p079_c000"": [""How did food-inflation conditions evolve across all three reports?""], ""rbi_mpr_2026_04_p080_c000"": [""How did food-inflation conditions evolve across all three reports?""], ""rbi_mpr_2026_04_p081_c000"": [""How did food-inflation conditions evolve across all three reports?""], ""rbi_mpr_2026_04_p081_c001"": [""How did food-inflation conditions evolve across all three reports?""], ""rbi_mpr_2026_04_p081_c002"": [""How did food-inflation conditions evolve across all three reports?""], ""rbi_mpr_2026_04_p081_c005"": [""How did food-inflation conditions evolve across all three reports?""], ""rbi_mpr_2026_04_p081_c006"": [""How did food-inflation conditions evolve across all three reports?""], ""rbi_mpr_2026_04_p082_c000"": [""How did food-inflation conditions evolve across all three reports?""], ""rbi_mpr_2026_04_p082_c001"": [""How did food-inflation conditions evolve across all three reports?""], ""rbi_mpr_2026_04_p082_c003"": [""How did food-inflation conditions evolve across all three reports?""], ""rbi_mpr_2026_04_p082_c004"": [""How did food-inflation conditions evolve across all three reports?""], ""rbi_mpr_2026_04_p083_c000"": [""How did food-inflation conditions evolve across all three reports?""], ""rbi_mpr_2026_04_p083_c001"": [""How did food-inflation conditions evolve across all three reports?""], ""rbi_mpr_2026_04_p083_c002"": [""How did food-inflation conditions evolve across all three reports?""], ""rbi_mpr_2026_04_p083_c003"": [""How did food-inflation conditions evolve across all three reports?""], ""rbi_mpr_2026_04_p083_c004"": [""How did food-inflation conditions evolve across all three reports?""], ""rbi_mpr_2026_04_p084_c000"": [""How did food-inflation conditions evolve across all three reports?""], ""rbi_mpr_2026_04_p084_c001"": [""How did food-inflation conditions evolve across all three reports?""], ""rbi_mpr_2026_04_p084_c002"": [""How did food-inflation conditions evolve across all three reports?""], ""rbi_mpr_2026_04_p085_c000"": [""How did food-inflation conditions evolve across all three reports?""], ""rbi_mpr_2026_04_p085_c005"": [""How did food-inflation conditions evolve across all three reports?""], ""rbi_mpr_2026_04_p086_c002"": [""How did food-inflation conditions evolve across all three reports?""], ""rbi_mpr_2026_04_p087_c000"": [""How did food-inflation conditions evolve across all three reports?""], ""rbi_mpr_2026_04_p087_c004"": [""How did food-inflation conditions evolve across all three reports?""], ""rbi_mpr_2026_04_p088_c000"": [""How did food-inflation conditions evolve across all three reports?""], ""rbi_mpr_2026_04_p089_c002"": [""How did food-inflation conditions evolve across all three reports?""], ""rbi_mpr_2026_04_p089_c003"": [""How did food-inflation conditions evolve across all three reports?""], ""rbi_mpr_2026_04_p090_c002"": [""How did food-inflation conditions evolve across all three reports?""], ""rbi_mpr_2026_04_p091_c000"": [""How did food-inflation conditions evolve across all three reports?""], ""rbi_mpr_2026_04_p091_c005"": [""How did food-inflation conditions evolve across all three reports?""], ""rbi_mpr_2026_04_p092_c001"": [""How did food-inflation conditions evolve across all three reports?""], ""rbi_mpr_2026_04_p092_c002"": [""How did food-inflation conditions evolve across all three reports?""], ""rbi_mpr_2026_04_p092_c004"": [""How did food-inflation conditions evolve across all three reports?""], ""rbi_mpr_2026_04_p094_c000"": [""How did food-inflation conditions evolve across all three reports?""], ""rbi_mpr_2026_04_p094_c002"": [""How did food-inflation conditions evolve across all three reports?""], ""rbi_mpr_2026_04_p094_c003"": [""How did food-inflation conditions evolve across all three reports?""], ""rbi_mpr_2026_04_p094_c004"": [""How did food-inflation conditions evolve across all three reports?""], ""rbi_mpr_2026_04_p095_c000"": [""How did food-inflation conditions evolve across all three reports?""], ""rbi_mpr_2026_04_p095_c003"": [""How did food-inflation conditions evolve across all three reports?""], ""rbi_mpr_2026_04_p095_c004"": [""How did food-inflation conditions evolve across all three reports?""], ""rbi_mpr_2026_04_p096_c003"": [""How did food-inflation conditions evolve across all three reports?""], ""rbi_mpr_2026_04_p096_c004"": [""How did food-inflation conditions evolve across all three reports?""], ""rbi_mpr_2026_04_p099_c001"": [""How did food-inflation conditions evolve across all three reports?""], ""rbi_mpr_2026_04_p099_c002"": [""How did food-inflation conditions evolve across all three reports?""], ""rbi_mpr_2026_04_p099_c003"": [""How did food-inflation conditions evolve across all three reports?""], ""rbi_mpr_2026_04_p101_c001"": [""How did food-inflation conditions evolve across all three reports?""], ""rbi_mpr_2026_04_p101_c002"": [""How did food-inflation conditions evolve across all three reports?""], ""rbi_mpr_2026_04_p102_c001"": [""How did food-inflation conditions evolve across all three reports?""], ""rbi_mpr_2026_04_p102_c003"": [""How did food-inflation conditions evolve across all three reports?""], ""rbi_mpr_2026_04_p102_c004"": [""How did food-inflation conditions evolve across all three reports?""], ""rbi_mpr_2026_04_p103_c000"": [""How did food-inflation conditions evolve across all three reports?""], ""rbi_mpr_2026_04_p104_c004"": [""How did food-inflation conditions evolve across all three reports?""], ""rbi_mpr_2026_04_p105_c000"": [""How did food-inflation conditions evolve across all three reports?""], ""rbi_mpr_2026_04_p107_c000"": [""How did food-inflation conditions evolve across all three reports?""], ""rbi_mpr_2026_04_p107_c001"": [""How did food-inflation conditions evolve across all three reports?""], ""rbi_mpr_2026_04_p107_c004"": [""How did food-inflation conditions evolve across all three reports?""], ""rbi_mpr_2026_04_p108_c001"": [""How did food-inflation conditions evolve across all three reports?""], ""rbi_mpr_2026_04_p110_c003"": [""How did food-inflation conditions evolve across all three reports?""], ""rbi_mpr_2026_04_p115_c000"": [""How did food-inflation conditions evolve across all three reports?""], ""rbi_mpr_2026_04_p115_c001"": [""How did food-inflation conditions evolve across all three reports?""], ""rbi_mpr_2026_04_p115_c002"": [""How did food-inflation conditions evolve across all three reports?""], ""rbi_mpr_2026_04_p115_c003"": [""How did food-inflation conditions evolve across all three reports?""]}, ""candidate_source_retriever"": {""rbi_mpr_2025_04_p011_c000"": [""bm25"", ""dense""], ""rbi_mpr_2025_04_p011_c005"": [""dense""], ""rbi_mpr_2025_04_p013_c001"": [""dense""], ""rbi_mpr_2025_04_p013_c002"": [""dense""], ""rbi_mpr_2025_04_p015_c001"": [""bm25""], ""rbi_mpr_2025_04_p015_c002"": [""bm25"", ""dense""], ""rbi_mpr_2025_04_p017_c001"": [""dense""], ""rbi_mpr_2025_04_p019_c001"": [""bm25""], ""rbi_mpr_2025_04_p023_c000"": [""dense""], ""rbi_mpr_2025_04_p023_c001"": [""dense""], ""rbi_mpr_2025_04_p025_c000"": [""dense""], ""rbi_mpr_2025_04_p025_c001"": [""dense""], ""rbi_mpr_2025_04_p025_c002"": [""dense""], ""rbi_mpr_2025_04_p025_c003"": [""dense""], ""rbi_mpr_2025_04_p025_c004"": [""dense""], ""rbi_mpr_2025_04_p026_c000"": [""dense""], ""rbi_mpr_2025_04_p026_c001"": [""dense""], ""rbi_mpr_2025_04_p027_c000"": [""bm25"", ""dense""], ""rbi_mpr_2025_04_p027_c001"": [""bm25""], ""rbi_mpr_2025_04_p027_c002"": [""bm25""], ""rbi_mpr_2025_04_p027_c003"": [""dense""], ""rbi_mpr_2025_04_p028_c001"": [""bm25""], ""rbi_mpr_2025_04_p028_c002"": [""bm25""], ""rbi_mpr_2025_04_p028_c003"": [""bm25""], ""rbi_mpr_2025_04_p030_c000"": [""dense""], ""rbi_mpr_2025_04_p030_c001"": [""dense""], ""rbi_mpr_2025_04_p030_c002"": [""dense""], ""rbi_mpr_2025_04_p031_c000"": [""dense""], ""rbi_mpr_2025_04_p031_c001"": [""dense""], ""rbi_mpr_2025_04_p032_c000"": [""dense""], ""rbi_mpr_2025_04_p032_c002"": [""dense""], ""rbi_mpr_2025_04_p033_c000"": [""bm25""], ""rbi_mpr_2025_04_p033_c001"": [""dense""], ""rbi_mpr_2025_04_p033_c004"": [""dense""], ""rbi_mpr_2025_04_p034_c000"": [""dense""], ""rbi_mpr_2025_04_p034_c001"": [""bm25"", ""dense""], ""rbi_mpr_2025_04_p035_c001"": [""bm25""], ""rbi_mpr_2025_04_p035_c002"": [""dense""], ""rbi_mpr_2025_04_p035_c003"": [""dense""], ""rbi_mpr_2025_04_p036_c000"": [""dense""], ""rbi_mpr_2025_04_p037_c000"": [""bm25"", ""dense""], ""rbi_mpr_2025_04_p037_c001"": [""dense""], ""rbi_mpr_2025_04_p038_c000"": [""bm25"", ""dense""], ""rbi_mpr_2025_04_p038_c002"": [""bm25""], ""rbi_mpr_2025_04_p039_c001"": [""dense""], ""rbi_mpr_2025_04_p039_c002"": [""bm25"", ""dense""], ""rbi_mpr_2025_04_p039_c003"": [""dense""], ""rbi_mpr_2025_04_p040_c000"": [""dense""], ""rbi_mpr_2025_04_p040_c001"": [""dense""], ""rbi_mpr_2025_04_p040_c002"": [""dense""], ""rbi_mpr_2025_04_p041_c000"": [""bm25"", ""dense""], ""rbi_mpr_2025_04_p041_c001"": [""bm25"", ""dense""], ""rbi_mpr_2025_04_p041_c002"": [""dense""], ""rbi_mpr_2025_04_p042_c000"": [""dense""], ""rbi_mpr_2025_04_p042_c001"": [""dense""], ""rbi_mpr_2025_04_p042_c002"": [""dense""], ""rbi_mpr_2025_04_p044_c001"": [""bm25""], ""rbi_mpr_2025_04_p044_c002"": [""bm25""], ""rbi_mpr_2025_04_p046_c000"": [""dense""], ""rbi_mpr_2025_04_p047_c001"": [""bm25""], ""rbi_mpr_2025_04_p047_c004"": [""bm25""], ""rbi_mpr_2025_04_p055_c000"": [""bm25""], ""rbi_mpr_2025_04_p060_c000"": [""bm25""], ""rbi_mpr_2025_04_p067_c001"": [""bm25""], ""rbi_mpr_2025_04_p067_c002"": [""bm25""], ""rbi_mpr_2025_04_p068_c001"": [""bm25""], ""rbi_mpr_2025_04_p069_c000"": [""bm25""], ""rbi_mpr_2025_04_p069_c001"": [""bm25""], ""rbi_mpr_2025_04_p071_c004"": [""bm25""], ""rbi_mpr_2025_04_p073_c003"": [""bm25""], ""rbi_mpr_2025_04_p073_c004"": [""bm25""], ""rbi_mpr_2025_04_p073_c005"": [""bm25""], ""rbi_mpr_2025_04_p073_c006"": [""bm25""], ""rbi_mpr_2025_04_p074_c000"": [""bm25""], ""rbi_mpr_2025_04_p074_c001"": [""bm25""], ""rbi_mpr_2025_04_p078_c002"": [""bm25""], ""rbi_mpr_2025_04_p085_c000"": [""bm25""], ""rbi_mpr_2025_04_p085_c001"": [""bm25""], ""rbi_mpr_2025_04_p087_c000"": [""bm25""], ""rbi_mpr_2025_04_p087_c001"": [""bm25""], ""rbi_mpr_2025_04_p088_c000"": [""bm25""], ""rbi_mpr_2025_04_p088_c002"": [""bm25""], ""rbi_mpr_2025_04_p091_c000"": [""bm25""], ""rbi_mpr_2025_04_p092_c003"": [""bm25""], ""rbi_mpr_2025_04_p098_c000"": [""bm25""], ""rbi_mpr_2025_04_p098_c003"": [""bm25""], ""rbi_mpr_2025_04_p101_c000"": [""bm25""], ""rbi_mpr_2025_04_p105_c001"": [""dense""], ""rbi_mpr_2025_04_p105_c003"": [""dense""], ""rbi_mpr_2025_04_p106_c002"": [""dense""], ""rbi_mpr_2025_04_p111_c001"": [""bm25""], ""rbi_mpr_2025_10_p005_c000"": [""dense""], ""rbi_mpr_2025_10_p009_c005"": [""bm25""], ""rbi_mpr_2025_10_p010_c000"": [""dense""], ""rbi_mpr_2025_10_p010_c003"": [""dense""], ""rbi_mpr_2025_10_p011_c000"": [""dense""], ""rbi_mpr_2025_10_p014_c000"": [""bm25"", ""dense""], ""rbi_mpr_2025_10_p014_c001"": [""bm25""], ""rbi_mpr_2025_10_p014_c003"": [""bm25""], ""rbi_mpr_2025_10_p015_c001"": [""dense""], ""rbi_mpr_2025_10_p016_c004"": [""dense""], ""rbi_mpr_2025_10_p017_c001"": [""bm25""], ""rbi_mpr_2025_10_p017_c002"": [""bm25""], ""rbi_mpr_2025_10_p017_c003"": [""bm25""], ""rbi_mpr_2025_10_p017_c005"": [""bm25""], ""rbi_mpr_2025_10_p019_c002"": [""bm25""], ""rbi_mpr_2025_10_p019_c003"": [""bm25""], ""rbi_mpr_2025_10_p022_c001"": [""dense""], ""rbi_mpr_2025_10_p023_c000"": [""dense""], ""rbi_mpr_2025_10_p023_c001"": [""dense""], ""rbi_mpr_2025_10_p024_c000"": [""dense""], ""rbi_mpr_2025_10_p024_c001"": [""dense""], ""rbi_mpr_2025_10_p024_c002"": [""bm25"", ""dense""], ""rbi_mpr_2025_10_p024_c003"": [""dense""], ""rbi_mpr_2025_10_p025_c000"": [""dense""], ""rbi_mpr_2025_10_p025_c001"": [""dense""], ""rbi_mpr_2025_10_p025_c002"": [""dense""], ""rbi_mpr_2025_10_p026_c000"": [""dense""], ""rbi_mpr_2025_10_p026_c001"": [""dense""], ""rbi_mpr_2025_10_p026_c002"": [""dense""], ""rbi_mpr_2025_10_p026_c003"": [""dense""], ""rbi_mpr_2025_10_p027_c000"": [""dense""], ""rbi_mpr_2025_10_p027_c002"": [""bm25""], ""rbi_mpr_2025_10_p027_c003"": [""dense""], ""rbi_mpr_2025_10_p028_c000"": [""bm25"", ""dense""], ""rbi_mpr_2025_10_p028_c001"": [""dense""], ""rbi_mpr_2025_10_p028_c002"": [""dense""], ""rbi_mpr_2025_10_p029_c000"": [""dense""], ""rbi_mpr_2025_10_p029_c002"": [""dense""], ""rbi_mpr_2025_10_p030_c000"": [""dense""], ""rbi_mpr_2025_10_p030_c001"": [""dense""], ""rbi_mpr_2025_10_p030_c002"": [""dense""], ""rbi_mpr_2025_10_p031_c000"": [""bm25"", ""dense""], ""rbi_mpr_2025_10_p031_c001"": [""dense""], ""rbi_mpr_2025_10_p031_c003"": [""dense""], ""rbi_mpr_2025_10_p032_c000"": [""dense""], ""rbi_mpr_2025_10_p032_c003"": [""bm25""], ""rbi_mpr_2025_10_p033_c001"": [""bm25"", ""dense""], ""rbi_mpr_2025_10_p033_c003"": [""dense""], ""rbi_mpr_2025_10_p033_c004"": [""dense""], ""rbi_mpr_2025_10_p034_c001"": [""dense""], ""rbi_mpr_2025_10_p034_c002"": [""dense""], ""rbi_mpr_2025_10_p034_c003"": [""bm25"", ""dense""], ""rbi_mpr_2025_10_p034_c005"": [""bm25""], ""rbi_mpr_2025_10_p035_c000"": [""bm25""], ""rbi_mpr_2025_10_p035_c002"": [""bm25"", ""dense""], ""rbi_mpr_2025_10_p035_c003"": [""dense""], ""rbi_mpr_2025_10_p036_c003"": [""dense""], ""rbi_mpr_2025_10_p036_c004"": [""dense""], ""rbi_mpr_2025_10_p037_c001"": [""dense""], ""rbi_mpr_2025_10_p037_c002"": [""bm25""], ""rbi_mpr_2025_10_p041_c003"": [""dense""], ""rbi_mpr_2025_10_p041_c004"": [""bm25"", ""dense""], ""rbi_mpr_2025_10_p042_c002"": [""bm25""], ""rbi_mpr_2025_10_p042_c004"": [""bm25""], ""rbi_mpr_2025_10_p044_c002"": [""bm25""], ""rbi_mpr_2025_10_p044_c003"": [""bm25""], ""rbi_mpr_2025_10_p045_c000"": [""bm25""], ""rbi_mpr_2025_10_p045_c001"": [""bm25""], ""rbi_mpr_2025_10_p045_c004"": [""bm25""], ""rbi_mpr_2025_10_p047_c002"": [""bm25""], ""rbi_mpr_2025_10_p049_c002"": [""bm25""], ""rbi_mpr_2025_10_p055_c002"": [""bm25""], ""rbi_mpr_2025_10_p055_c003"": [""bm25""], ""rbi_mpr_2025_10_p055_c004"": [""bm25""], ""rbi_mpr_2025_10_p059_c000"": [""bm25""], ""rbi_mpr_2025_10_p065_c004"": [""bm25""], ""rbi_mpr_2025_10_p069_c003"": [""bm25""], ""rbi_mpr_2025_10_p069_c004"": [""bm25""], ""rbi_mpr_2025_10_p076_c000"": [""bm25""], ""rbi_mpr_2025_10_p076_c001"": [""bm25""], ""rbi_mpr_2025_10_p082_c000"": [""bm25""], ""rbi_mpr_2025_10_p083_c000"": [""bm25""], ""rbi_mpr_2025_10_p083_c001"": [""bm25""], ""rbi_mpr_2025_10_p083_c002"": [""bm25""], ""rbi_mpr_2025_10_p084_c002"": [""bm25""], ""rbi_mpr_2025_10_p084_c003"": [""bm25""], ""rbi_mpr_2025_10_p086_c002"": [""bm25""], ""rbi_mpr_2025_10_p088_c003"": [""bm25""], ""rbi_mpr_2025_10_p091_c000"": [""bm25""], ""rbi_mpr_2025_10_p101_c001"": [""dense""], ""rbi_mpr_2025_10_p101_c002"": [""dense""], ""rbi_mpr_2025_10_p102_c003"": [""bm25""], ""rbi_mpr_2026_04_p005_c003"": [""dense""], ""rbi_mpr_2026_04_p013_c000"": [""bm25""], ""rbi_mpr_2026_04_p014_c000"": [""bm25""], ""rbi_mpr_2026_04_p018_c002"": [""bm25""], ""rbi_mpr_2026_04_p018_c003"": [""bm25""], ""rbi_mpr_2026_04_p020_c001"": [""bm25""], ""rbi_mpr_2026_04_p020_c002"": [""bm25""], ""rbi_mpr_2026_04_p020_c003"": [""bm25""], ""rbi_mpr_2026_04_p023_c000"": [""bm25""], ""rbi_mpr_2026_04_p023_c001"": [""bm25""], ""rbi_mpr_2026_04_p027_c000"": [""bm25""], ""rbi_mpr_2026_04_p028_c000"": [""bm25""], ""rbi_mpr_2026_04_p028_c003"": [""bm25""], ""rbi_mpr_2026_04_p035_c003"": [""bm25""], ""rbi_mpr_2026_04_p038_c002"": [""bm25""], ""rbi_mpr_2026_04_p041_c000"": [""bm25""], ""rbi_mpr_2026_04_p041_c001"": [""bm25""], ""rbi_mpr_2026_04_p042_c001"": [""bm25""], ""rbi_mpr_2026_04_p042_c002"": [""bm25""], ""rbi_mpr_2026_04_p043_c000"": [""bm25""], ""rbi_mpr_2026_04_p044_c000"": [""bm25""], ""rbi_mpr_2026_04_p047_c004"": [""bm25""], ""rbi_mpr_2026_04_p055_c001"": [""bm25""], ""rbi_mpr_2026_04_p056_c002"": [""bm25""], ""rbi_mpr_2026_04_p058_c001"": [""bm25""], ""rbi_mpr_2026_04_p059_c000"": [""bm25""], ""rbi_mpr_2026_04_p066_c000"": [""bm25""], ""rbi_mpr_2026_04_p067_c002"": [""bm25""], ""rbi_mpr_2026_04_p069_c003"": [""bm25""], ""rbi_mpr_2026_04_p070_c000"": [""bm25""], ""rbi_mpr_2026_04_p071_c000"": [""bm25""], ""rbi_mpr_2026_04_p071_c001"": [""bm25""], ""rbi_mpr_2026_04_p073_c000"": [""bm25""], ""rbi_mpr_2026_04_p077_c000"": [""bm25""], ""rbi_mpr_2026_04_p078_c000"": [""bm25""], ""rbi_mpr_2026_04_p079_c000"": [""dense""], ""rbi_mpr_2026_04_p080_c000"": [""dense""], ""rbi_mpr_2026_04_p081_c000"": [""dense""], ""rbi_mpr_2026_04_p081_c001"": [""bm25""], ""rbi_mpr_2026_04_p081_c002"": [""bm25""], ""rbi_mpr_2026_04_p081_c005"": [""dense""], ""rbi_mpr_2026_04_p081_c006"": [""dense""], ""rbi_mpr_2026_04_p082_c000"": [""dense""], ""rbi_mpr_2026_04_p082_c001"": [""dense""], ""rbi_mpr_2026_04_p082_c003"": [""dense""], ""rbi_mpr_2026_04_p082_c004"": [""dense""], ""rbi_mpr_2026_04_p083_c000"": [""dense""], ""rbi_mpr_2026_04_p083_c001"": [""dense""], ""rbi_mpr_2026_04_p083_c002"": [""dense""], ""rbi_mpr_2026_04_p083_c003"": [""dense""], ""rbi_mpr_2026_04_p083_c004"": [""dense""], ""rbi_mpr_2026_04_p084_c000"": [""dense""], ""rbi_mpr_2026_04_p084_c001"": [""dense""], ""rbi_mpr_2026_04_p084_c002"": [""dense""], ""rbi_mpr_2026_04_p085_c000"": [""dense""], ""rbi_mpr_2026_04_p085_c005"": [""dense""], ""rbi_mpr_2026_04_p086_c002"": [""dense""], ""rbi_mpr_2026_04_p087_c000"": [""dense""], ""rbi_mpr_2026_04_p087_c004"": [""dense""], ""rbi_mpr_2026_04_p088_c000"": [""bm25""], ""rbi_mpr_2026_04_p089_c002"": [""bm25""], ""rbi_mpr_2026_04_p089_c003"": [""bm25""], ""rbi_mpr_2026_04_p090_c002"": [""dense""], ""rbi_mpr_2026_04_p091_c000"": [""dense""], ""rbi_mpr_2026_04_p091_c005"": [""dense""], ""rbi_mpr_2026_04_p092_c001"": [""dense""], ""rbi_mpr_2026_04_p092_c002"": [""dense""], ""rbi_mpr_2026_04_p092_c004"": [""dense""], ""rbi_mpr_2026_04_p094_c000"": [""dense""], ""rbi_mpr_2026_04_p094_c002"": [""dense""], ""rbi_mpr_2026_04_p094_c003"": [""dense""], ""rbi_mpr_2026_04_p094_c004"": [""dense""], ""rbi_mpr_2026_04_p095_c000"": [""dense""], ""rbi_mpr_2026_04_p095_c003"": [""dense""], ""rbi_mpr_2026_04_p095_c004"": [""dense""], ""rbi_mpr_2026_04_p096_c003"": [""bm25""], ""rbi_mpr_2026_04_p096_c004"": [""bm25""], ""rbi_mpr_2026_04_p099_c001"": [""dense""], ""rbi_mpr_2026_04_p099_c002"": [""dense""], ""rbi_mpr_2026_04_p099_c003"": [""bm25""], ""rbi_mpr_2026_04_p101_c001"": [""dense""], ""rbi_mpr_2026_04_p101_c002"": [""dense""], ""rbi_mpr_2026_04_p102_c001"": [""dense""], ""rbi_mpr_2026_04_p102_c003"": [""bm25"", ""dense""], ""rbi_mpr_2026_04_p102_c004"": [""bm25"", ""dense""], ""rbi_mpr_2026_04_p103_c000"": [""bm25""], ""rbi_mpr_2026_04_p104_c004"": [""bm25""], ""rbi_mpr_2026_04_p105_c000"": [""bm25""], ""rbi_mpr_2026_04_p107_c000"": [""dense""], ""rbi_mpr_2026_04_p107_c001"": [""bm25"", ""dense""], ""rbi_mpr_2026_04_p107_c004"": [""bm25""], ""rbi_mpr_2026_04_p108_c001"": [""dense""], ""rbi_mpr_2026_04_p110_c003"": [""bm25""], ""rbi_mpr_2026_04_p115_c000"": [""dense""], ""rbi_mpr_2026_04_p115_c001"": [""dense""], ""rbi_mpr_2026_04_p115_c002"": [""dense""], ""rbi_mpr_2026_04_p115_c003"": [""dense""]}, ""candidate_union_ids"": [""rbi_mpr_2025_10_p025_c001"", ""rbi_mpr_2025_10_p025_c002"", ""rbi_mpr_2025_10_p023_c001"", ""rbi_mpr_2025_10_p025_c000"", ""rbi_mpr_2025_10_p027_c003"", ""rbi_mpr_2025_10_p024_c002"", ""rbi_mpr_2025_10_p026_c000"", ""rbi_mpr_2025_10_p026_c002"", ""rbi_mpr_2025_10_p035_c003"", ""rbi_mpr_2025_10_p028_c001"", ""rbi_mpr_2025_10_p035_c002"", ""rbi_mpr_2025_10_p027_c000"", ""rbi_mpr_2025_10_p029_c002"", ""rbi_mpr_2025_10_p030_c001"", ""rbi_mpr_2025_10_p010_c003"", ""rbi_mpr_2025_10_p031_c001"", ""rbi_mpr_2025_10_p026_c001"", ""rbi_mpr_2025_10_p028_c002"", ""rbi_mpr_2025_10_p015_c001"", ""rbi_mpr_2025_10_p011_c000"", ""rbi_mpr_2025_10_p032_c000"", ""rbi_mpr_2025_10_p028_c000"", ""rbi_mpr_2025_10_p010_c000"", ""rbi_mpr_2025_10_p033_c003"", ""rbi_mpr_2025_10_p041_c003"", ""rbi_mpr_2025_10_p030_c002"", ""rbi_mpr_2025_10_p029_c000"", ""rbi_mpr_2025_10_p041_c004"", ""rbi_mpr_2025_10_p033_c001"", ""rbi_mpr_2025_10_p005_c000"", ""rbi_mpr_2025_10_p016_c004"", ""rbi_mpr_2025_10_p024_c003"", ""rbi_mpr_2025_10_p036_c004"", ""rbi_mpr_2025_10_p024_c001"", ""rbi_mpr_2025_10_p024_c000"", ""rbi_mpr_2025_10_p023_c000"", ""rbi_mpr_2025_10_p036_c003"", ""rbi_mpr_2025_10_p101_c001"", ""rbi_mpr_2025_10_p026_c003"", ""rbi_mpr_2025_10_p034_c002"", ""rbi_mpr_2025_10_p014_c000"", ""rbi_mpr_2025_10_p037_c001"", ""rbi_mpr_2025_10_p034_c003"", ""rbi_mpr_2025_10_p033_c004"", ""rbi_mpr_2025_10_p101_c002"", ""rbi_mpr_2025_10_p022_c001"", ""rbi_mpr_2025_10_p030_c000"", ""rbi_mpr_2025_10_p031_c000"", ""rbi_mpr_2025_10_p031_c003"", ""rbi_mpr_2025_10_p034_c001"", ""rbi_mpr_2025_10_p019_c003"", ""rbi_mpr_2025_10_p083_c001"", ""rbi_mpr_2025_10_p042_c002"", ""rbi_mpr_2025_10_p019_c002"", ""rbi_mpr_2025_10_p014_c003"", ""rbi_mpr_2025_10_p082_c000"", ""rbi_mpr_2025_10_p027_c002"", ""rbi_mpr_2025_10_p069_c004"", ""rbi_mpr_2025_10_p083_c002"", ""rbi_mpr_2025_10_p059_c000"", ""rbi_mpr_2025_10_p076_c000"", ""rbi_mpr_2025_10_p076_c001"", ""rbi_mpr_2025_10_p069_c003"", ""rbi_mpr_2025_10_p047_c002"", ""rbi_mpr_2025_10_p035_c000"", ""rbi_mpr_2025_10_p045_c000"", ""rbi_mpr_2025_10_p055_c003"", ""rbi_mpr_2025_10_p055_c004"", ""rbi_mpr_2025_10_p083_c000"", ""rbi_mpr_2025_10_p017_c002"", ""rbi_mpr_2025_10_p084_c003"", ""rbi_mpr_2025_10_p032_c003"", ""rbi_mpr_2025_10_p044_c003"", ""rbi_mpr_2025_10_p014_c001"", ""rbi_mpr_2025_10_p049_c002"", ""rbi_mpr_2025_10_p017_c005"", ""rbi_mpr_2025_10_p088_c003"", ""rbi_mpr_2025_10_p044_c002"", ""rbi_mpr_2025_10_p086_c002"", ""rbi_mpr_2025_10_p017_c003"", ""rbi_mpr_2025_10_p009_c005"", ""rbi_mpr_2025_10_p091_c000"", ""rbi_mpr_2025_10_p037_c002"", ""rbi_mpr_2025_10_p034_c005"", ""rbi_mpr_2025_10_p042_c004"", ""rbi_mpr_2025_10_p065_c004"", ""rbi_mpr_2025_10_p045_c004"", ""rbi_mpr_2025_10_p102_c003"", ""rbi_mpr_2025_10_p084_c002"", ""rbi_mpr_2025_10_p055_c002"", ""rbi_mpr_2025_10_p045_c001"", ""rbi_mpr_2025_10_p017_c001""], ""candidate_union_pages"": [25, 25, 23, 25, 27, 24, 26, 26, 35, 28, 35, 27, 29, 30, 10, 31, 26, 28, 15, 11, 32, 28, 10, 33, 41, 30, 29, 41, 33, 5, 16, 24, 36, 24, 24, 23, 36, 101, 26, 34, 14, 37, 34, 33, 101, 22, 30, 31, 31, 34, 19, 83, 42, 19, 14, 82, 27, 69, 83, 59, 76, 76, 69, 47, 35, 45, 55, 55, 83, 17, 84, 32, 44, 14, 49, 17, 88, 44, 86, 17, 9, 91, 37, 34, 42, 65, 45, 102, 84, 55, 45, 17], ""dense_candidate_ids"": [""rbi_mpr_2025_10_p025_c001"", ""rbi_mpr_2025_10_p025_c002"", ""rbi_mpr_2025_10_p023_c001"", ""rbi_mpr_2025_10_p025_c000"", ""rbi_mpr_2025_10_p027_c003"", ""rbi_mpr_2025_10_p024_c002"", ""rbi_mpr_2025_10_p026_c000"", ""rbi_mpr_2025_10_p026_c002"", ""rbi_mpr_2025_10_p035_c003"", ""rbi_mpr_2025_10_p028_c001"", ""rbi_mpr_2025_10_p035_c002"", ""rbi_mpr_2025_10_p027_c000"", ""rbi_mpr_2025_10_p029_c002"", ""rbi_mpr_2025_10_p030_c001"", ""rbi_mpr_2025_10_p010_c003"", ""rbi_mpr_2025_10_p031_c001"", ""rbi_mpr_2025_10_p026_c001"", ""rbi_mpr_2025_10_p028_c002"", ""rbi_mpr_2025_10_p015_c001"", ""rbi_mpr_2025_10_p011_c000"", ""rbi_mpr_2025_10_p032_c000"", ""rbi_mpr_2025_10_p028_c000"", ""rbi_mpr_2025_10_p010_c000"", ""rbi_mpr_2025_10_p033_c003"", ""rbi_mpr_2025_10_p041_c003"", ""rbi_mpr_2025_10_p030_c002"", ""rbi_mpr_2025_10_p029_c000"", ""rbi_mpr_2025_10_p041_c004"", ""rbi_mpr_2025_10_p033_c001"", ""rbi_mpr_2025_10_p005_c000"", ""rbi_mpr_2025_10_p016_c004"", ""rbi_mpr_2025_10_p024_c003"", ""rbi_mpr_2025_10_p036_c004"", ""rbi_mpr_2025_10_p024_c001"", ""rbi_mpr_2025_10_p024_c000"", ""rbi_mpr_2025_10_p023_c000"", ""rbi_mpr_2025_10_p036_c003"", ""rbi_mpr_2025_10_p101_c001"", ""rbi_mpr_2025_10_p026_c003"", ""rbi_mpr_2025_10_p034_c002"", ""rbi_mpr_2025_10_p014_c000"", ""rbi_mpr_2025_10_p037_c001"", ""rbi_mpr_2025_10_p034_c003"", ""rbi_mpr_2025_10_p033_c004"", ""rbi_mpr_2025_10_p101_c002"", ""rbi_mpr_2025_10_p022_c001"", ""rbi_mpr_2025_10_p030_c000"", ""rbi_mpr_2025_10_p031_c000"", ""rbi_mpr_2025_10_p031_c003"", ""rbi_mpr_2025_10_p034_c001""], ""dense_candidate_pages"": [25, 25, 23, 25, 27, 24, 26, 26, 35, 28, 35, 27, 29, 30, 10, 31, 26, 28, 15, 11, 32, 28, 10, 33, 41, 30, 29, 41, 33, 5, 16, 24, 36, 24, 24, 23, 36, 101, 26, 34, 14, 37, 34, 33, 101, 22, 30, 31, 31, 34], ""dense_candidate_scores"": [0.533762879521697, 0.5166738918839244, 0.5045537648044951, 0.4811275770246245, 0.46596234014028304, 0.45711710748384726, 0.4540228123067229, 0.43866622873014216, 0.4360596990308344, 0.42043843324560515, 0.41506778678040746, 0.4082815119674259, 0.3999375317803301, 0.39726103831249426, 0.39094314142701425, 0.38944566389942215, 0.38752039585944453, 0.38309885427586365, 0.3769374064920561, 0.37127965569480215, 0.36604800953599337, 0.3647979340091603, 0.36425407107597574, 0.3569345121887858, 0.3560192512265232, 0.34689715592221937, 0.34516610056017993, 0.3331555552868789, 0.33009974018244503, 0.3258731277732271, 0.31753926282977396, 0.3172614308043902, 0.3109211960891993, 0.31051127584058236, 0.3077021040936343, 0.3058973760403978, 0.30539709294857353, 0.29732614004613134, 0.29698390763622284, 0.295368882548134, 0.29454162420556207, 0.2917095667198726, 0.29139548840476936, 0.29135772482850364, 0.28901908049833114, 0.2872677946490064, 0.28592558611132857, 0.28559262600809243, 0.28449807235226454, 0.28203737074880453], ""dense_first_evidence_rank"": 15, ""evidence_rank_after_reranking"": null, ""evidence_rank_before_reranking"": null, ""expected_evidence"": [""food inflation turned negative in June and July 2025""], ""loss_stage"": ""lost_in_fusion"", ""report_id"": ""rbi_mpr_2025_10"", ""reranker_input_ids"": [""rbi_mpr_2025_10_p024_c002"", ""rbi_mpr_2025_10_p028_c000"", ""rbi_mpr_2025_10_p014_c000"", ""rbi_mpr_2025_10_p041_c004"", ""rbi_mpr_2025_10_p035_c002"", ""rbi_mpr_2025_10_p031_c000"", ""rbi_mpr_2025_10_p033_c001"", ""rbi_mpr_2025_10_p034_c003"", ""rbi_mpr_2025_10_p025_c001"", ""rbi_mpr_2025_10_p019_c003"", ""rbi_mpr_2025_10_p025_c002"", ""rbi_mpr_2025_10_p083_c001"", ""rbi_mpr_2025_10_p023_c001"", ""rbi_mpr_2025_10_p042_c002"", ""rbi_mpr_2025_10_p025_c000"", ""rbi_mpr_2025_10_p019_c002"", ""rbi_mpr_2025_10_p027_c003"", ""rbi_mpr_2025_10_p014_c003"", ""rbi_mpr_2025_10_p082_c000"", ""rbi_mpr_2025_10_p026_c000"", ""rbi_mpr_2025_10_p027_c002"", ""rbi_mpr_2025_10_p026_c002"", ""rbi_mpr_2025_10_p069_c004"", ""rbi_mpr_2025_10_p035_c003"", ""rbi_mpr_2025_10_p028_c001"", ""rbi_mpr_2025_10_p083_c002"", ""rbi_mpr_2025_10_p027_c000"", ""rbi_mpr_2025_10_p029_c002"", ""rbi_mpr_2025_10_p059_c000"", ""rbi_mpr_2025_10_p030_c001""], ""reranker_input_pages"": [24, 28, 14, 41, 35, 31, 33, 34, 25, 19, 25, 83, 23, 42, 25, 19, 27, 14, 82, 26, 27, 26, 69, 35, 28, 83, 27, 29, 59, 30], ""reranker_input_ranks"": [1, 2, 3, 4, 5, 6, 7, 8, 9, 10, 11, 12, 13, 14, 15, 16, 17, 18, 19, 20, 21, 22, 23, 24, 25, 26, 27, 28, 29, 30], ""reranker_output_ids"": [""rbi_mpr_2025_10_p023_c001"", ""rbi_mpr_2025_10_p026_c000"", ""rbi_mpr_2025_10_p025_c001"", ""rbi_mpr_2025_10_p024_c002"", ""rbi_mpr_2025_10_p014_c000"", ""rbi_mpr_2025_10_p034_c003"", ""rbi_mpr_2025_10_p041_c004"", ""rbi_mpr_2025_10_p025_c002"", ""rbi_mpr_2025_10_p027_c003"", ""rbi_mpr_2025_10_p028_c001"", ""rbi_mpr_2025_10_p030_c001"", ""rbi_mpr_2025_10_p031_c000"", ""rbi_mpr_2025_10_p027_c000"", ""rbi_mpr_2025_10_p026_c002"", ""rbi_mpr_2025_10_p025_c000"", ""rbi_mpr_2025_10_p028_c000"", ""rbi_mpr_2025_10_p035_c003"", ""rbi_mpr_2025_10_p035_c002"", ""rbi_mpr_2025_10_p029_c002"", ""rbi_mpr_2025_10_p082_c000"", ""rbi_mpr_2025_10_p033_c001"", ""rbi_mpr_2025_10_p014_c003"", ""rbi_mpr_2025_10_p042_c002"", ""rbi_mpr_2025_10_p027_c002"", ""rbi_mpr_2025_10_p083_c001"", ""rbi_mpr_2025_10_p019_c003"", ""rbi_mpr_2025_10_p059_c000"", ""rbi_mpr_2025_10_p069_c004"", ""rbi_mpr_2025_10_p019_c002"", ""rbi_mpr_2025_10_p083_c002""], ""reranker_output_pages"": [23, 26, 25, 24, 14, 34, 41, 25, 27, 28, 30, 31, 27, 26, 25, 28, 35, 35, 29, 82, 33, 14, 42, 27, 83, 19, 59, 69, 19, 83], ""reranker_scores"": [-0.3538287281990051, -1.027127742767334, -1.2777748107910156, -1.5861632823944092, -2.659776449203491, -3.0050675868988037, -3.531428575515747, -4.247658729553223, -4.558457374572754, -4.671990394592285, -4.715028285980225, -4.821288108825684, -5.11554479598999, -5.267838954925537, -5.317831993103027, -5.748088359832764, -5.902735710144043, -6.200179576873779, -7.92201042175293, -8.327291488647461, -8.394600868225098, -8.430926322937012, -8.548490524291992, -8.829679489135742, -9.046043395996094, -9.182449340820312, -9.872851371765137, -10.139217376708984, -10.809595108032227, -11.12353515625], ""rrf_candidate_ids"": [""rbi_mpr_2025_10_p024_c002"", ""rbi_mpr_2025_10_p028_c000"", ""rbi_mpr_2025_10_p014_c000"", ""rbi_mpr_2025_10_p041_c004"", ""rbi_mpr_2025_10_p035_c002"", ""rbi_mpr_2025_10_p031_c000"", ""rbi_mpr_2025_10_p033_c001"", ""rbi_mpr_2025_10_p034_c003"", ""rbi_mpr_2025_10_p025_c001"", ""rbi_mpr_2025_10_p019_c003"", ""rbi_mpr_2025_10_p025_c002"", ""rbi_mpr_2025_10_p083_c001"", ""rbi_mpr_2025_10_p023_c001"", ""rbi_mpr_2025_10_p042_c002"", ""rbi_mpr_2025_10_p025_c000"", ""rbi_mpr_2025_10_p019_c002"", ""rbi_mpr_2025_10_p027_c003"", ""rbi_mpr_2025_10_p014_c003"", ""rbi_mpr_2025_10_p082_c000"", ""rbi_mpr_2025_10_p026_c000"", ""rbi_mpr_2025_10_p027_c002"", ""rbi_mpr_2025_10_p026_c002"", ""rbi_mpr_2025_10_p069_c004"", ""rbi_mpr_2025_10_p035_c003"", ""rbi_mpr_2025_10_p028_c001"", ""rbi_mpr_2025_10_p083_c002"", ""rbi_mpr_2025_10_p027_c000"", ""rbi_mpr_2025_10_p029_c002"", ""rbi_mpr_2025_10_p059_c000"", ""rbi_mpr_2025_10_p030_c001""], ""rrf_candidate_pages"": [24, 28, 14, 41, 35, 31, 33, 34, 25, 19, 25, 83, 23, 42, 25, 19, 27, 14, 82, 26, 27, 26, 69, 35, 28, 83, 27, 29, 59, 30], ""rrf_first_evidence_rank"": null, ""rrf_scores"": [0.028665028665028666, 0.0260840108401084, 0.024393743722198307, 0.024184149184149184, 0.023985497141263423, 0.023544973544973542, 0.023431077007399288, 0.01980974796508777, 0.01639344262295082, 0.01639344262295082, 0.016129032258064516, 0.016129032258064516, 0.015873015873015872, 0.015873015873015872, 0.015625, 0.015625, 0.015384615384615385, 0.015384615384615385, 0.015151515151515152, 0.014925373134328358, 0.014925373134328358, 0.014705882352941176, 0.014705882352941176, 0.014492753623188406, 0.014285714285714285, 0.014084507042253521, 0.013888888888888888, 0.0136986301369863, 0.0136986301369863, 0.013513513513513514], ""selected_chunk_ids_after_dedup"": [""rbi_mpr_2025_10_p023_c001"", ""rbi_mpr_2025_10_p026_c000""], ""selected_chunk_ids_before_dedup"": [""rbi_mpr_2025_10_p023_c001"", ""rbi_mpr_2025_10_p026_c000""], ""selected_pages"": [23, 26]}, ""rbi_mpr_2026_04"": {""accepted_evidence_found"": false, ""accepted_pages"": [5], ""bm25_candidate_ids"": [""rbi_mpr_2026_04_p107_c004"", ""rbi_mpr_2026_04_p042_c001"", ""rbi_mpr_2026_04_p018_c002"", ""rbi_mpr_2026_04_p059_c000"", ""rbi_mpr_2026_04_p105_c000"", ""rbi_mpr_2026_04_p020_c002"", ""rbi_mpr_2026_04_p102_c003"", ""rbi_mpr_2026_04_p089_c003"", ""rbi_mpr_2026_04_p042_c002"", ""rbi_mpr_2026_04_p110_c003"", ""rbi_mpr_2026_04_p103_c000"", ""rbi_mpr_2026_04_p041_c001"", ""rbi_mpr_2026_04_p069_c003"", ""rbi_mpr_2026_04_p044_c000"", ""rbi_mpr_2026_04_p089_c002"", ""rbi_mpr_2026_04_p043_c000"", ""rbi_mpr_2026_04_p077_c000"", ""rbi_mpr_2026_04_p018_c003"", ""rbi_mpr_2026_04_p081_c002"", ""rbi_mpr_2026_04_p096_c004"", ""rbi_mpr_2026_04_p047_c004"", ""rbi_mpr_2026_04_p066_c000"", ""rbi_mpr_2026_04_p104_c004"", ""rbi_mpr_2026_04_p028_c003"", ""rbi_mpr_2026_04_p014_c000"", ""rbi_mpr_2026_04_p020_c001"", ""rbi_mpr_2026_04_p107_c001"", ""rbi_mpr_2026_04_p088_c000"", ""rbi_mpr_2026_04_p020_c003"", ""rbi_mpr_2026_04_p099_c003"", ""rbi_mpr_2026_04_p041_c000"", ""rbi_mpr_2026_04_p027_c000"", ""rbi_mpr_2026_04_p028_c000"", ""rbi_mpr_2026_04_p073_c000"", ""rbi_mpr_2026_04_p067_c002"", ""rbi_mpr_2026_04_p096_c003"", ""rbi_mpr_2026_04_p071_c000"", ""rbi_mpr_2026_04_p102_c004"", ""rbi_mpr_2026_04_p081_c001"", ""rbi_mpr_2026_04_p038_c002"", ""rbi_mpr_2026_04_p071_c001"", ""rbi_mpr_2026_04_p070_c000"", ""rbi_mpr_2026_04_p056_c002"", ""rbi_mpr_2026_04_p035_c003"", ""rbi_mpr_2026_04_p058_c001"", ""rbi_mpr_2026_04_p023_c001"", ""rbi_mpr_2026_04_p055_c001"", ""rbi_mpr_2026_04_p023_c000"", ""rbi_mpr_2026_04_p078_c000"", ""rbi_mpr_2026_04_p013_c000""], ""bm25_candidate_pages"": [107, 42, 18, 59, 105, 20, 102, 89, 42, 110, 103, 41, 69, 44, 89, 43, 77, 18, 81, 96, 47, 66, 104, 28, 14, 20, 107, 88, 20, 99, 41, 27, 28, 73, 67, 96, 71, 102, 81, 38, 71, 70, 56, 35, 58, 23, 55, 23, 78, 13], ""bm25_candidate_scores"": [null, null, null, null, null, null, null, null, null, null, null, null, null, null, null, null, null, null, null, null, null, null, null, null, null, null, null, null, null, null, null, null, null, null, null, null, null, null, null, null, null, null, null, null, null, null, null, null, null, null], ""bm25_first_evidence_rank"": null, ""candidate_source_expansion"": {""rbi_mpr_2025_04_p011_c000"": [], ""rbi_mpr_2025_04_p011_c005"": [], ""rbi_mpr_2025_04_p013_c001"": [], ""rbi_mpr_2025_04_p013_c002"": [], ""rbi_mpr_2025_04_p015_c001"": [], ""rbi_mpr_2025_04_p015_c002"": [], ""rbi_mpr_2025_04_p017_c001"": [], ""rbi_mpr_2025_04_p019_c001"": [], ""rbi_mpr_2025_04_p023_c000"": [], ""rbi_mpr_2025_04_p023_c001"": [], ""rbi_mpr_2025_04_p025_c000"": [], ""rbi_mpr_2025_04_p025_c001"": [], ""rbi_mpr_2025_04_p025_c002"": [], ""rbi_mpr_2025_04_p025_c003"": [], ""rbi_mpr_2025_04_p025_c004"": [], ""rbi_mpr_2025_04_p026_c000"": [], ""rbi_mpr_2025_04_p026_c001"": [], ""rbi_mpr_2025_04_p027_c000"": [], ""rbi_mpr_2025_04_p027_c001"": [], ""rbi_mpr_2025_04_p027_c002"": [], ""rbi_mpr_2025_04_p027_c003"": [], ""rbi_mpr_2025_04_p028_c001"": [], ""rbi_mpr_2025_04_p028_c002"": [], ""rbi_mpr_2025_04_p028_c003"": [], ""rbi_mpr_2025_04_p030_c000"": [], ""rbi_mpr_2025_04_p030_c001"": [], ""rbi_mpr_2025_04_p030_c002"": [], ""rbi_mpr_2025_04_p031_c000"": [], ""rbi_mpr_2025_04_p031_c001"": [], ""rbi_mpr_2025_04_p032_c000"": [], ""rbi_mpr_2025_04_p032_c002"": [], ""rbi_mpr_2025_04_p033_c000"": [], ""rbi_mpr_2025_04_p033_c001"": [], ""rbi_mpr_2025_04_p033_c004"": [], ""rbi_mpr_2025_04_p034_c000"": [], ""rbi_mpr_2025_04_p034_c001"": [], ""rbi_mpr_2025_04_p035_c001"": [], ""rbi_mpr_2025_04_p035_c002"": [], ""rbi_mpr_2025_04_p035_c003"": [], ""rbi_mpr_2025_04_p036_c000"": [], ""rbi_mpr_2025_04_p037_c000"": [], ""rbi_mpr_2025_04_p037_c001"": [], ""rbi_mpr_2025_04_p038_c000"": [], ""rbi_mpr_2025_04_p038_c002"": [], ""rbi_mpr_2025_04_p039_c001"": [], ""rbi_mpr_2025_04_p039_c002"": [], ""rbi_mpr_2025_04_p039_c003"": [], ""rbi_mpr_2025_04_p040_c000"": [], ""rbi_mpr_2025_04_p040_c001"": [], ""rbi_mpr_2025_04_p040_c002"": [], ""rbi_mpr_2025_04_p041_c000"": [], ""rbi_mpr_2025_04_p041_c001"": [], ""rbi_mpr_2025_04_p041_c002"": [], ""rbi_mpr_2025_04_p042_c000"": [], ""rbi_mpr_2025_04_p042_c001"": [], ""rbi_mpr_2025_04_p042_c002"": [], ""rbi_mpr_2025_04_p044_c001"": [], ""rbi_mpr_2025_04_p044_c002"": [], ""rbi_mpr_2025_04_p046_c000"": [], ""rbi_mpr_2025_04_p047_c001"": [], ""rbi_mpr_2025_04_p047_c004"": [], ""rbi_mpr_2025_04_p055_c000"": [], ""rbi_mpr_2025_04_p060_c000"": [], ""rbi_mpr_2025_04_p067_c001"": [], ""rbi_mpr_2025_04_p067_c002"": [], ""rbi_mpr_2025_04_p068_c001"": [], ""rbi_mpr_2025_04_p069_c000"": [], ""rbi_mpr_2025_04_p069_c001"": [], ""rbi_mpr_2025_04_p071_c004"": [], ""rbi_mpr_2025_04_p073_c003"": [], ""rbi_mpr_2025_04_p073_c004"": [], ""rbi_mpr_2025_04_p073_c005"": [], ""rbi_mpr_2025_04_p073_c006"": [], ""rbi_mpr_2025_04_p074_c000"": [], ""rbi_mpr_2025_04_p074_c001"": [], ""rbi_mpr_2025_04_p078_c002"": [], ""rbi_mpr_2025_04_p085_c000"": [], ""rbi_mpr_2025_04_p085_c001"": [], ""rbi_mpr_2025_04_p087_c000"": [], ""rbi_mpr_2025_04_p087_c001"": [], ""rbi_mpr_2025_04_p088_c000"": [], ""rbi_mpr_2025_04_p088_c002"": [], ""rbi_mpr_2025_04_p091_c000"": [], ""rbi_mpr_2025_04_p092_c003"": [], ""rbi_mpr_2025_04_p098_c000"": [], ""rbi_mpr_2025_04_p098_c003"": [], ""rbi_mpr_2025_04_p101_c000"": [], ""rbi_mpr_2025_04_p105_c001"": [], ""rbi_mpr_2025_04_p105_c003"": [], ""rbi_mpr_2025_04_p106_c002"": [], ""rbi_mpr_2025_04_p111_c001"": [], ""rbi_mpr_2025_10_p005_c000"": [], ""rbi_mpr_2025_10_p009_c005"": [], ""rbi_mpr_2025_10_p010_c000"": [], ""rbi_mpr_2025_10_p010_c003"": [], ""rbi_mpr_2025_10_p011_c000"": [], ""rbi_mpr_2025_10_p014_c000"": [], ""rbi_mpr_2025_10_p014_c001"": [], ""rbi_mpr_2025_10_p014_c003"": [], ""rbi_mpr_2025_10_p015_c001"": [], ""rbi_mpr_2025_10_p016_c004"": [], ""rbi_mpr_2025_10_p017_c001"": [], ""rbi_mpr_2025_10_p017_c002"": [], ""rbi_mpr_2025_10_p017_c003"": [], ""rbi_mpr_2025_10_p017_c005"": [], ""rbi_mpr_2025_10_p019_c002"": [], ""rbi_mpr_2025_10_p019_c003"": [], ""rbi_mpr_2025_10_p022_c001"": [], ""rbi_mpr_2025_10_p023_c000"": [], ""rbi_mpr_2025_10_p023_c001"": [], ""rbi_mpr_2025_10_p024_c000"": [], ""rbi_mpr_2025_10_p024_c001"": [], ""rbi_mpr_2025_10_p024_c002"": [], ""rbi_mpr_2025_10_p024_c003"": [], ""rbi_mpr_2025_10_p025_c000"": [], ""rbi_mpr_2025_10_p025_c001"": [], ""rbi_mpr_2025_10_p025_c002"": [], ""rbi_mpr_2025_10_p026_c000"": [], ""rbi_mpr_2025_10_p026_c001"": [], ""rbi_mpr_2025_10_p026_c002"": [], ""rbi_mpr_2025_10_p026_c003"": [], ""rbi_mpr_2025_10_p027_c000"": [], ""rbi_mpr_2025_10_p027_c002"": [], ""rbi_mpr_2025_10_p027_c003"": [], ""rbi_mpr_2025_10_p028_c000"": [], ""rbi_mpr_2025_10_p028_c001"": [], ""rbi_mpr_2025_10_p028_c002"": [], ""rbi_mpr_2025_10_p029_c000"": [], ""rbi_mpr_2025_10_p029_c002"": [], ""rbi_mpr_2025_10_p030_c000"": [], ""rbi_mpr_2025_10_p030_c001"": [], ""rbi_mpr_2025_10_p030_c002"": [], ""rbi_mpr_2025_10_p031_c000"": [], ""rbi_mpr_2025_10_p031_c001"": [], ""rbi_mpr_2025_10_p031_c003"": [], ""rbi_mpr_2025_10_p032_c000"": [], ""rbi_mpr_2025_10_p032_c003"": [], ""rbi_mpr_2025_10_p033_c001"": [], ""rbi_mpr_2025_10_p033_c003"": [], ""rbi_mpr_2025_10_p033_c004"": [], ""rbi_mpr_2025_10_p034_c001"": [], ""rbi_mpr_2025_10_p034_c002"": [], ""rbi_mpr_2025_10_p034_c003"": [], ""rbi_mpr_2025_10_p034_c005"": [], ""rbi_mpr_2025_10_p035_c000"": [], ""rbi_mpr_2025_10_p035_c002"": [], ""rbi_mpr_2025_10_p035_c003"": [], ""rbi_mpr_2025_10_p036_c003"": [], ""rbi_mpr_2025_10_p036_c004"": [], ""rbi_mpr_2025_10_p037_c001"": [], ""rbi_mpr_2025_10_p037_c002"": [], ""rbi_mpr_2025_10_p041_c003"": [], ""rbi_mpr_2025_10_p041_c004"": [], ""rbi_mpr_2025_10_p042_c002"": [], ""rbi_mpr_2025_10_p042_c004"": [], ""rbi_mpr_2025_10_p044_c002"": [], ""rbi_mpr_2025_10_p044_c003"": [], ""rbi_mpr_2025_10_p045_c000"": [], ""rbi_mpr_2025_10_p045_c001"": [], ""rbi_mpr_2025_10_p045_c004"": [], ""rbi_mpr_2025_10_p047_c002"": [], ""rbi_mpr_2025_10_p049_c002"": [], ""rbi_mpr_2025_10_p055_c002"": [], ""rbi_mpr_2025_10_p055_c003"": [], ""rbi_mpr_2025_10_p055_c004"": [], ""rbi_mpr_2025_10_p059_c000"": [], ""rbi_mpr_2025_10_p065_c004"": [], ""rbi_mpr_2025_10_p069_c003"": [], ""rbi_mpr_2025_10_p069_c004"": [], ""rbi_mpr_2025_10_p076_c000"": [], ""rbi_mpr_2025_10_p076_c001"": [], ""rbi_mpr_2025_10_p082_c000"": [], ""rbi_mpr_2025_10_p083_c000"": [], ""rbi_mpr_2025_10_p083_c001"": [], ""rbi_mpr_2025_10_p083_c002"": [], ""rbi_mpr_2025_10_p084_c002"": [], ""rbi_mpr_2025_10_p084_c003"": [], ""rbi_mpr_2025_10_p086_c002"": [], ""rbi_mpr_2025_10_p088_c003"": [], ""rbi_mpr_2025_10_p091_c000"": [], ""rbi_mpr_2025_10_p101_c001"": [], ""rbi_mpr_2025_10_p101_c002"": [], ""rbi_mpr_2025_10_p102_c003"": [], ""rbi_mpr_2026_04_p005_c003"": [], ""rbi_mpr_2026_04_p013_c000"": [], ""rbi_mpr_2026_04_p014_c000"": [], ""rbi_mpr_2026_04_p018_c002"": [], ""rbi_mpr_2026_04_p018_c003"": [], ""rbi_mpr_2026_04_p020_c001"": [], ""rbi_mpr_2026_04_p020_c002"": [], ""rbi_mpr_2026_04_p020_c003"": [], ""rbi_mpr_2026_04_p023_c000"": [], ""rbi_mpr_2026_04_p023_c001"": [], ""rbi_mpr_2026_04_p027_c000"": [], ""rbi_mpr_2026_04_p028_c000"": [], ""rbi_mpr_2026_04_p028_c003"": [], ""rbi_mpr_2026_04_p035_c003"": [], ""rbi_mpr_2026_04_p038_c002"": [], ""rbi_mpr_2026_04_p041_c000"": [], ""rbi_mpr_2026_04_p041_c001"": [], ""rbi_mpr_2026_04_p042_c001"": [], ""rbi_mpr_2026_04_p042_c002"": [], ""rbi_mpr_2026_04_p043_c000"": [], ""rbi_mpr_2026_04_p044_c000"": [], ""rbi_mpr_2026_04_p047_c004"": [], ""rbi_mpr_2026_04_p055_c001"": [], ""rbi_mpr_2026_04_p056_c002"": [], ""rbi_mpr_2026_04_p058_c001"": [], ""rbi_mpr_2026_04_p059_c000"": [], ""rbi_mpr_2026_04_p066_c000"": [], ""rbi_mpr_2026_04_p067_c002"": [], ""rbi_mpr_2026_04_p069_c003"": [], ""rbi_mpr_2026_04_p070_c000"": [], ""rbi_mpr_2026_04_p071_c000"": [], ""rbi_mpr_2026_04_p071_c001"": [], ""rbi_mpr_2026_04_p073_c000"": [], ""rbi_mpr_2026_04_p077_c000"": [], ""rbi_mpr_2026_04_p078_c000"": [], ""rbi_mpr_2026_04_p079_c000"": [], ""rbi_mpr_2026_04_p080_c000"": [], ""rbi_mpr_2026_04_p081_c000"": [], ""rbi_mpr_2026_04_p081_c001"": [], ""rbi_mpr_2026_04_p081_c002"": [], ""rbi_mpr_2026_04_p081_c005"": [], ""rbi_mpr_2026_04_p081_c006"": [], ""rbi_mpr_2026_04_p082_c000"": [], ""rbi_mpr_2026_04_p082_c001"": [], ""rbi_mpr_2026_04_p082_c003"": [], ""rbi_mpr_2026_04_p082_c004"": [], ""rbi_mpr_2026_04_p083_c000"": [], ""rbi_mpr_2026_04_p083_c001"": [], ""rbi_mpr_2026_04_p083_c002"": [], ""rbi_mpr_2026_04_p083_c003"": [], ""rbi_mpr_2026_04_p083_c004"": [], ""rbi_mpr_2026_04_p084_c000"": [], ""rbi_mpr_2026_04_p084_c001"": [], ""rbi_mpr_2026_04_p084_c002"": [], ""rbi_mpr_2026_04_p085_c000"": [], ""rbi_mpr_2026_04_p085_c005"": [], ""rbi_mpr_2026_04_p086_c002"": [], ""rbi_mpr_2026_04_p087_c000"": [], ""rbi_mpr_2026_04_p087_c004"": [], ""rbi_mpr_2026_04_p088_c000"": [], ""rbi_mpr_2026_04_p089_c002"": [], ""rbi_mpr_2026_04_p089_c003"": [], ""rbi_mpr_2026_04_p090_c002"": [], ""rbi_mpr_2026_04_p091_c000"": [], ""rbi_mpr_2026_04_p091_c005"": [], ""rbi_mpr_2026_04_p092_c001"": [], ""rbi_mpr_2026_04_p092_c002"": [], ""rbi_mpr_2026_04_p092_c004"": [], ""rbi_mpr_2026_04_p094_c000"": [], ""rbi_mpr_2026_04_p094_c002"": [], ""rbi_mpr_2026_04_p094_c003"": [], ""rbi_mpr_2026_04_p094_c004"": [], ""rbi_mpr_2026_04_p095_c000"": [], ""rbi_mpr_2026_04_p095_c003"": [], ""rbi_mpr_2026_04_p095_c004"": [], ""rbi_mpr_2026_04_p096_c003"": [], ""rbi_mpr_2026_04_p096_c004"": [], ""rbi_mpr_2026_04_p099_c001"": [], ""rbi_mpr_2026_04_p099_c002"": [], ""rbi_mpr_2026_04_p099_c003"": [], ""rbi_mpr_2026_04_p101_c001"": [], ""rbi_mpr_2026_04_p101_c002"": [], ""rbi_mpr_2026_04_p102_c001"": [], ""rbi_mpr_2026_04_p102_c003"": [], ""rbi_mpr_2026_04_p102_c004"": [], ""rbi_mpr_2026_04_p103_c000"": [], ""rbi_mpr_2026_04_p104_c004"": [], ""rbi_mpr_2026_04_p105_c000"": [], ""rbi_mpr_2026_04_p107_c000"": [], ""rbi_mpr_2026_04_p107_c001"": [], ""rbi_mpr_2026_04_p107_c004"": [], ""rbi_mpr_2026_04_p108_c001"": [], ""rbi_mpr_2026_04_p110_c003"": [], ""rbi_mpr_2026_04_p115_c000"": [], ""rbi_mpr_2026_04_p115_c001"": [], ""rbi_mpr_2026_04_p115_c002"": [], ""rbi_mpr_2026_04_p115_c003"": []}, ""candidate_source_facet"": {""rbi_mpr_2025_04_p011_c000"": [], ""rbi_mpr_2025_04_p011_c005"": [], ""rbi_mpr_2025_04_p013_c001"": [], ""rbi_mpr_2025_04_p013_c002"": [], ""rbi_mpr_2025_04_p015_c001"": [], ""rbi_mpr_2025_04_p015_c002"": [], ""rbi_mpr_2025_04_p017_c001"": [], ""rbi_mpr_2025_04_p019_c001"": [], ""rbi_mpr_2025_04_p023_c000"": [], ""rbi_mpr_2025_04_p023_c001"": [], ""rbi_mpr_2025_04_p025_c000"": [], ""rbi_mpr_2025_04_p025_c001"": [], ""rbi_mpr_2025_04_p025_c002"": [], ""rbi_mpr_2025_04_p025_c003"": [], ""rbi_mpr_2025_04_p025_c004"": [], ""rbi_mpr_2025_04_p026_c000"": [], ""rbi_mpr_2025_04_p026_c001"": [], ""rbi_mpr_2025_04_p027_c000"": [], ""rbi_mpr_2025_04_p027_c001"": [], ""rbi_mpr_2025_04_p027_c002"": [], ""rbi_mpr_2025_04_p027_c003"": [], ""rbi_mpr_2025_04_p028_c001"": [], ""rbi_mpr_2025_04_p028_c002"": [], ""rbi_mpr_2025_04_p028_c003"": [], ""rbi_mpr_2025_04_p030_c000"": [], ""rbi_mpr_2025_04_p030_c001"": [], ""rbi_mpr_2025_04_p030_c002"": [], ""rbi_mpr_2025_04_p031_c000"": [], ""rbi_mpr_2025_04_p031_c001"": [], ""rbi_mpr_2025_04_p032_c000"": [], ""rbi_mpr_2025_04_p032_c002"": [], ""rbi_mpr_2025_04_p033_c000"": [], ""rbi_mpr_2025_04_p033_c001"": [], ""rbi_mpr_2025_04_p033_c004"": [], ""rbi_mpr_2025_04_p034_c000"": [], ""rbi_mpr_2025_04_p034_c001"": [], ""rbi_mpr_2025_04_p035_c001"": [], ""rbi_mpr_2025_04_p035_c002"": [], ""rbi_mpr_2025_04_p035_c003"": [], ""rbi_mpr_2025_04_p036_c000"": [], ""rbi_mpr_2025_04_p037_c000"": [], ""rbi_mpr_2025_04_p037_c001"": [], ""rbi_mpr_2025_04_p038_c000"": [], ""rbi_mpr_2025_04_p038_c002"": [], ""rbi_mpr_2025_04_p039_c001"": [], ""rbi_mpr_2025_04_p039_c002"": [], ""rbi_mpr_2025_04_p039_c003"": [], ""rbi_mpr_2025_04_p040_c000"": [], ""rbi_mpr_2025_04_p040_c001"": [], ""rbi_mpr_2025_04_p040_c002"": [], ""rbi_mpr_2025_04_p041_c000"": [], ""rbi_mpr_2025_04_p041_c001"": [], ""rbi_mpr_2025_04_p041_c002"": [], ""rbi_mpr_2025_04_p042_c000"": [], ""rbi_mpr_2025_04_p042_c001"": [], ""rbi_mpr_2025_04_p042_c002"": [], ""rbi_mpr_2025_04_p044_c001"": [], ""rbi_mpr_2025_04_p044_c002"": [], ""rbi_mpr_2025_04_p046_c000"": [], ""rbi_mpr_2025_04_p047_c001"": [], ""rbi_mpr_2025_04_p047_c004"": [], ""rbi_mpr_2025_04_p055_c000"": [], ""rbi_mpr_2025_04_p060_c000"": [], ""rbi_mpr_2025_04_p067_c001"": [], ""rbi_mpr_2025_04_p067_c002"": [], ""rbi_mpr_2025_04_p068_c001"": [], ""rbi_mpr_2025_04_p069_c000"": [], ""rbi_mpr_2025_04_p069_c001"": [], ""rbi_mpr_2025_04_p071_c004"": [], ""rbi_mpr_2025_04_p073_c003"": [], ""rbi_mpr_2025_04_p073_c004"": [], ""rbi_mpr_2025_04_p073_c005"": [], ""rbi_mpr_2025_04_p073_c006"": [], ""rbi_mpr_2025_04_p074_c000"": [], ""rbi_mpr_2025_04_p074_c001"": [], ""rbi_mpr_2025_04_p078_c002"": [], ""rbi_mpr_2025_04_p085_c000"": [], ""rbi_mpr_2025_04_p085_c001"": [], ""rbi_mpr_2025_04_p087_c000"": [], ""rbi_mpr_2025_04_p087_c001"": [], ""rbi_mpr_2025_04_p088_c000"": [], ""rbi_mpr_2025_04_p088_c002"": [], ""rbi_mpr_2025_04_p091_c000"": [], ""rbi_mpr_2025_04_p092_c003"": [], ""rbi_mpr_2025_04_p098_c000"": [], ""rbi_mpr_2025_04_p098_c003"": [], ""rbi_mpr_2025_04_p101_c000"": [], ""rbi_mpr_2025_04_p105_c001"": [], ""rbi_mpr_2025_04_p105_c003"": [], ""rbi_mpr_2025_04_p106_c002"": [], ""rbi_mpr_2025_04_p111_c001"": [], ""rbi_mpr_2025_10_p005_c000"": [], ""rbi_mpr_2025_10_p009_c005"": [], ""rbi_mpr_2025_10_p010_c000"": [], ""rbi_mpr_2025_10_p010_c003"": [], ""rbi_mpr_2025_10_p011_c000"": [], ""rbi_mpr_2025_10_p014_c000"": [], ""rbi_mpr_2025_10_p014_c001"": [], ""rbi_mpr_2025_10_p014_c003"": [], ""rbi_mpr_2025_10_p015_c001"": [], ""rbi_mpr_2025_10_p016_c004"": [], ""rbi_mpr_2025_10_p017_c001"": [], ""rbi_mpr_2025_10_p017_c002"": [], ""rbi_mpr_2025_10_p017_c003"": [], ""rbi_mpr_2025_10_p017_c005"": [], ""rbi_mpr_2025_10_p019_c002"": [], ""rbi_mpr_2025_10_p019_c003"": [], ""rbi_mpr_2025_10_p022_c001"": [], ""rbi_mpr_2025_10_p023_c000"": [], ""rbi_mpr_2025_10_p023_c001"": [], ""rbi_mpr_2025_10_p024_c000"": [], ""rbi_mpr_2025_10_p024_c001"": [], ""rbi_mpr_2025_10_p024_c002"": [], ""rbi_mpr_2025_10_p024_c003"": [], ""rbi_mpr_2025_10_p025_c000"": [], ""rbi_mpr_2025_10_p025_c001"": [], ""rbi_mpr_2025_10_p025_c002"": [], ""rbi_mpr_2025_10_p026_c000"": [], ""rbi_mpr_2025_10_p026_c001"": [], ""rbi_mpr_2025_10_p026_c002"": [], ""rbi_mpr_2025_10_p026_c003"": [], ""rbi_mpr_2025_10_p027_c000"": [], ""rbi_mpr_2025_10_p027_c002"": [], ""rbi_mpr_2025_10_p027_c003"": [], ""rbi_mpr_2025_10_p028_c000"": [], ""rbi_mpr_2025_10_p028_c001"": [], ""rbi_mpr_2025_10_p028_c002"": [], ""rbi_mpr_2025_10_p029_c000"": [], ""rbi_mpr_2025_10_p029_c002"": [], ""rbi_mpr_2025_10_p030_c000"": [], ""rbi_mpr_2025_10_p030_c001"": [], ""rbi_mpr_2025_10_p030_c002"": [], ""rbi_mpr_2025_10_p031_c000"": [], ""rbi_mpr_2025_10_p031_c001"": [], ""rbi_mpr_2025_10_p031_c003"": [], ""rbi_mpr_2025_10_p032_c000"": [], ""rbi_mpr_2025_10_p032_c003"": [], ""rbi_mpr_2025_10_p033_c001"": [], ""rbi_mpr_2025_10_p033_c003"": [], ""rbi_mpr_2025_10_p033_c004"": [], ""rbi_mpr_2025_10_p034_c001"": [], ""rbi_mpr_2025_10_p034_c002"": [], ""rbi_mpr_2025_10_p034_c003"": [], ""rbi_mpr_2025_10_p034_c005"": [], ""rbi_mpr_2025_10_p035_c000"": [], ""rbi_mpr_2025_10_p035_c002"": [], ""rbi_mpr_2025_10_p035_c003"": [], ""rbi_mpr_2025_10_p036_c003"": [], ""rbi_mpr_2025_10_p036_c004"": [], ""rbi_mpr_2025_10_p037_c001"": [], ""rbi_mpr_2025_10_p037_c002"": [], ""rbi_mpr_2025_10_p041_c003"": [], ""rbi_mpr_2025_10_p041_c004"": [], ""rbi_mpr_2025_10_p042_c002"": [], ""rbi_mpr_2025_10_p042_c004"": [], ""rbi_mpr_2025_10_p044_c002"": [], ""rbi_mpr_2025_10_p044_c003"": [], ""rbi_mpr_2025_10_p045_c000"": [], ""rbi_mpr_2025_10_p045_c001"": [], ""rbi_mpr_2025_10_p045_c004"": [], ""rbi_mpr_2025_10_p047_c002"": [], ""rbi_mpr_2025_10_p049_c002"": [], ""rbi_mpr_2025_10_p055_c002"": [], ""rbi_mpr_2025_10_p055_c003"": [], ""rbi_mpr_2025_10_p055_c004"": [], ""rbi_mpr_2025_10_p059_c000"": [], ""rbi_mpr_2025_10_p065_c004"": [], ""rbi_mpr_2025_10_p069_c003"": [], ""rbi_mpr_2025_10_p069_c004"": [], ""rbi_mpr_2025_10_p076_c000"": [], ""rbi_mpr_2025_10_p076_c001"": [], ""rbi_mpr_2025_10_p082_c000"": [], ""rbi_mpr_2025_10_p083_c000"": [], ""rbi_mpr_2025_10_p083_c001"": [], ""rbi_mpr_2025_10_p083_c002"": [], ""rbi_mpr_2025_10_p084_c002"": [], ""rbi_mpr_2025_10_p084_c003"": [], ""rbi_mpr_2025_10_p086_c002"": [], ""rbi_mpr_2025_10_p088_c003"": [], ""rbi_mpr_2025_10_p091_c000"": [], ""rbi_mpr_2025_10_p101_c001"": [], ""rbi_mpr_2025_10_p101_c002"": [], ""rbi_mpr_2025_10_p102_c003"": [], ""rbi_mpr_2026_04_p005_c003"": [], ""rbi_mpr_2026_04_p013_c000"": [], ""rbi_mpr_2026_04_p014_c000"": [], ""rbi_mpr_2026_04_p018_c002"": [], ""rbi_mpr_2026_04_p018_c003"": [], ""rbi_mpr_2026_04_p020_c001"": [], ""rbi_mpr_2026_04_p020_c002"": [], ""rbi_mpr_2026_04_p020_c003"": [], ""rbi_mpr_2026_04_p023_c000"": [], ""rbi_mpr_2026_04_p023_c001"": [], ""rbi_mpr_2026_04_p027_c000"": [], ""rbi_mpr_2026_04_p028_c000"": [], ""rbi_mpr_2026_04_p028_c003"": [], ""rbi_mpr_2026_04_p035_c003"": [], ""rbi_mpr_2026_04_p038_c002"": [], ""rbi_mpr_2026_04_p041_c000"": [], ""rbi_mpr_2026_04_p041_c001"": [], ""rbi_mpr_2026_04_p042_c001"": [], ""rbi_mpr_2026_04_p042_c002"": [], ""rbi_mpr_2026_04_p043_c000"": [], ""rbi_mpr_2026_04_p044_c000"": [], ""rbi_mpr_2026_04_p047_c004"": [], ""rbi_mpr_2026_04_p055_c001"": [], ""rbi_mpr_2026_04_p056_c002"": [], ""rbi_mpr_2026_04_p058_c001"": [], ""rbi_mpr_2026_04_p059_c000"": [], ""rbi_mpr_2026_04_p066_c000"": [], ""rbi_mpr_2026_04_p067_c002"": [], ""rbi_mpr_2026_04_p069_c003"": [], ""rbi_mpr_2026_04_p070_c000"": [], ""rbi_mpr_2026_04_p071_c000"": [], ""rbi_mpr_2026_04_p071_c001"": [], ""rbi_mpr_2026_04_p073_c000"": [], ""rbi_mpr_2026_04_p077_c000"": [], ""rbi_mpr_2026_04_p078_c000"": [], ""rbi_mpr_2026_04_p079_c000"": [], ""rbi_mpr_2026_04_p080_c000"": [], ""rbi_mpr_2026_04_p081_c000"": [], ""rbi_mpr_2026_04_p081_c001"": [], ""rbi_mpr_2026_04_p081_c002"": [], ""rbi_mpr_2026_04_p081_c005"": [], ""rbi_mpr_2026_04_p081_c006"": [], ""rbi_mpr_2026_04_p082_c000"": [], ""rbi_mpr_2026_04_p082_c001"": [], ""rbi_mpr_2026_04_p082_c003"": [], ""rbi_mpr_2026_04_p082_c004"": [], ""rbi_mpr_2026_04_p083_c000"": [], ""rbi_mpr_2026_04_p083_c001"": [], ""rbi_mpr_2026_04_p083_c002"": [], ""rbi_mpr_2026_04_p083_c003"": [], ""rbi_mpr_2026_04_p083_c004"": [], ""rbi_mpr_2026_04_p084_c000"": [], ""rbi_mpr_2026_04_p084_c001"": [], ""rbi_mpr_2026_04_p084_c002"": [], ""rbi_mpr_2026_04_p085_c000"": [], ""rbi_mpr_2026_04_p085_c005"": [], ""rbi_mpr_2026_04_p086_c002"": [], ""rbi_mpr_2026_04_p087_c000"": [], ""rbi_mpr_2026_04_p087_c004"": [], ""rbi_mpr_2026_04_p088_c000"": [], ""rbi_mpr_2026_04_p089_c002"": [], ""rbi_mpr_2026_04_p089_c003"": [], ""rbi_mpr_2026_04_p090_c002"": [], ""rbi_mpr_2026_04_p091_c000"": [], ""rbi_mpr_2026_04_p091_c005"": [], ""rbi_mpr_2026_04_p092_c001"": [], ""rbi_mpr_2026_04_p092_c002"": [], ""rbi_mpr_2026_04_p092_c004"": [], ""rbi_mpr_2026_04_p094_c000"": [], ""rbi_mpr_2026_04_p094_c002"": [], ""rbi_mpr_2026_04_p094_c003"": [], ""rbi_mpr_2026_04_p094_c004"": [], ""rbi_mpr_2026_04_p095_c000"": [], ""rbi_mpr_2026_04_p095_c003"": [], ""rbi_mpr_2026_04_p095_c004"": [], ""rbi_mpr_2026_04_p096_c003"": [], ""rbi_mpr_2026_04_p096_c004"": [], ""rbi_mpr_2026_04_p099_c001"": [], ""rbi_mpr_2026_04_p099_c002"": [], ""rbi_mpr_2026_04_p099_c003"": [], ""rbi_mpr_2026_04_p101_c001"": [], ""rbi_mpr_2026_04_p101_c002"": [], ""rbi_mpr_2026_04_p102_c001"": [], ""rbi_mpr_2026_04_p102_c003"": [], ""rbi_mpr_2026_04_p102_c004"": [], ""rbi_mpr_2026_04_p103_c000"": [], ""rbi_mpr_2026_04_p104_c004"": [], ""rbi_mpr_2026_04_p105_c000"": [], ""rbi_mpr_2026_04_p107_c000"": [], ""rbi_mpr_2026_04_p107_c001"": [], ""rbi_mpr_2026_04_p107_c004"": [], ""rbi_mpr_2026_04_p108_c001"": [], ""rbi_mpr_2026_04_p110_c003"": [], ""rbi_mpr_2026_04_p115_c000"": [], ""rbi_mpr_2026_04_p115_c001"": [], ""rbi_mpr_2026_04_p115_c002"": [], ""rbi_mpr_2026_04_p115_c003"": []}, ""candidate_source_query"": {""rbi_mpr_2025_04_p011_c000"": [""How did food-inflation conditions evolve across all three reports?""], ""rbi_mpr_2025_04_p011_c005"": [""How did food-inflation conditions evolve across all three reports?""], ""rbi_mpr_2025_04_p013_c001"": [""How did food-inflation conditions evolve across all three reports?""], ""rbi_mpr_2025_04_p013_c002"": [""How did food-inflation conditions evolve across all three reports?""], ""rbi_mpr_2025_04_p015_c001"": [""How did food-inflation conditions evolve across all three reports?""], ""rbi_mpr_2025_04_p015_c002"": [""How did food-inflation conditions evolve across all three reports?""], ""rbi_mpr_2025_04_p017_c001"": [""How did food-inflation conditions evolve across all three reports?""], ""rbi_mpr_2025_04_p019_c001"": [""How did food-inflation conditions evolve across all three reports?""], ""rbi_mpr_2025_04_p023_c000"": [""How did food-inflation conditions evolve across all three reports?""], ""rbi_mpr_2025_04_p023_c001"": [""How did food-inflation conditions evolve across all three reports?""], ""rbi_mpr_2025_04_p025_c000"": [""How did food-inflation conditions evolve across all three reports?""], ""rbi_mpr_2025_04_p025_c001"": [""How did food-inflation conditions evolve across all three reports?""], ""rbi_mpr_2025_04_p025_c002"": [""How did food-inflation conditions evolve across all three reports?""], ""rbi_mpr_2025_04_p025_c003"": [""How did food-inflation conditions evolve across all three reports?""], ""rbi_mpr_2025_04_p025_c004"": [""How did food-inflation conditions evolve across all three reports?""], ""rbi_mpr_2025_04_p026_c000"": [""How did food-inflation conditions evolve across all three reports?""], ""rbi_mpr_2025_04_p026_c001"": [""How did food-inflation conditions evolve across all three reports?""], ""rbi_mpr_2025_04_p027_c000"": [""How did food-inflation conditions evolve across all three reports?""], ""rbi_mpr_2025_04_p027_c001"": [""How did food-inflation conditions evolve across all three reports?""], ""rbi_mpr_2025_04_p027_c002"": [""How did food-inflation conditions evolve across all three reports?""], ""rbi_mpr_2025_04_p027_c003"": [""How did food-inflation conditions evolve across all three reports?""], ""rbi_mpr_2025_04_p028_c001"": [""How did food-inflation conditions evolve across all three reports?""], ""rbi_mpr_2025_04_p028_c002"": [""How did food-inflation conditions evolve across all three reports?""], ""rbi_mpr_2025_04_p028_c003"": [""How did food-inflation conditions evolve across all three reports?""], ""rbi_mpr_2025_04_p030_c000"": [""How did food-inflation conditions evolve across all three reports?""], ""rbi_mpr_2025_04_p030_c001"": [""How did food-inflation conditions evolve across all three reports?""], ""rbi_mpr_2025_04_p030_c002"": [""How did food-inflation conditions evolve across all three reports?""], ""rbi_mpr_2025_04_p031_c000"": [""How did food-inflation conditions evolve across all three reports?""], ""rbi_mpr_2025_04_p031_c001"": [""How did food-inflation conditions evolve across all three reports?""], ""rbi_mpr_2025_04_p032_c000"": [""How did food-inflation conditions evolve across all three reports?""], ""rbi_mpr_2025_04_p032_c002"": [""How did food-inflation conditions evolve across all three reports?""], ""rbi_mpr_2025_04_p033_c000"": [""How did food-inflation conditions evolve across all three reports?""], ""rbi_mpr_2025_04_p033_c001"": [""How did food-inflation conditions evolve across all three reports?""], ""rbi_mpr_2025_04_p033_c004"": [""How did food-inflation conditions evolve across all three reports?""], ""rbi_mpr_2025_04_p034_c000"": [""How did food-inflation conditions evolve across all three reports?""], ""rbi_mpr_2025_04_p034_c001"": [""How did food-inflation conditions evolve across all three reports?""], ""rbi_mpr_2025_04_p035_c001"": [""How did food-inflation conditions evolve across all three reports?""], ""rbi_mpr_2025_04_p035_c002"": [""How did food-inflation conditions evolve across all three reports?""], ""rbi_mpr_2025_04_p035_c003"": [""How did food-inflation conditions evolve across all three reports?""], ""rbi_mpr_2025_04_p036_c000"": [""How did food-inflation conditions evolve across all three reports?""], ""rbi_mpr_2025_04_p037_c000"": [""How did food-inflation conditions evolve across all three reports?""], ""rbi_mpr_2025_04_p037_c001"": [""How did food-inflation conditions evolve across all three reports?""], ""rbi_mpr_2025_04_p038_c000"": [""How did food-inflation conditions evolve across all three reports?""], ""rbi_mpr_2025_04_p038_c002"": [""How did food-inflation conditions evolve across all three reports?""], ""rbi_mpr_2025_04_p039_c001"": [""How did food-inflation conditions evolve across all three reports?""], ""rbi_mpr_2025_04_p039_c002"": [""How did food-inflation conditions evolve across all three reports?""], ""rbi_mpr_2025_04_p039_c003"": [""How did food-inflation conditions evolve across all three reports?""], ""rbi_mpr_2025_04_p040_c000"": [""How did food-inflation conditions evolve across all three reports?""], ""rbi_mpr_2025_04_p040_c001"": [""How did food-inflation conditions evolve across all three reports?""], ""rbi_mpr_2025_04_p040_c002"": [""How did food-inflation conditions evolve across all three reports?""], ""rbi_mpr_2025_04_p041_c000"": [""How did food-inflation conditions evolve across all three reports?""], ""rbi_mpr_2025_04_p041_c001"": [""How did food-inflation conditions evolve across all three reports?""], ""rbi_mpr_2025_04_p041_c002"": [""How did food-inflation conditions evolve across all three reports?""], ""rbi_mpr_2025_04_p042_c000"": [""How did food-inflation conditions evolve across all three reports?""], ""rbi_mpr_2025_04_p042_c001"": [""How did food-inflation conditions evolve across all three reports?""], ""rbi_mpr_2025_04_p042_c002"": [""How did food-inflation conditions evolve across all three reports?""], ""rbi_mpr_2025_04_p044_c001"": [""How did food-inflation conditions evolve across all three reports?""], ""rbi_mpr_2025_04_p044_c002"": [""How did food-inflation conditions evolve across all three reports?""], ""rbi_mpr_2025_04_p046_c000"": [""How did food-inflation conditions evolve across all three reports?""], ""rbi_mpr_2025_04_p047_c001"": [""How did food-inflation conditions evolve across all three reports?""], ""rbi_mpr_2025_04_p047_c004"": [""How did food-inflation conditions evolve across all three reports?""], ""rbi_mpr_2025_04_p055_c000"": [""How did food-inflation conditions evolve across all three reports?""], ""rbi_mpr_2025_04_p060_c000"": [""How did food-inflation conditions evolve across all three reports?""], ""rbi_mpr_2025_04_p067_c001"": [""How did food-inflation conditions evolve across all three reports?""], ""rbi_mpr_2025_04_p067_c002"": [""How did food-inflation conditions evolve across all three reports?""], ""rbi_mpr_2025_04_p068_c001"": [""How did food-inflation conditions evolve across all three reports?""], ""rbi_mpr_2025_04_p069_c000"": [""How did food-inflation conditions evolve across all three reports?""], ""rbi_mpr_2025_04_p069_c001"": [""How did food-inflation conditions evolve across all three reports?""], ""rbi_mpr_2025_04_p071_c004"": [""How did food-inflation conditions evolve across all three reports?""], ""rbi_mpr_2025_04_p073_c003"": [""How did food-inflation conditions evolve across all three reports?""], ""rbi_mpr_2025_04_p073_c004"": [""How did food-inflation conditions evolve across all three reports?""], ""rbi_mpr_2025_04_p073_c005"": [""How did food-inflation conditions evolve across all three reports?""], ""rbi_mpr_2025_04_p073_c006"": [""How did food-inflation conditions evolve across all three reports?""], ""rbi_mpr_2025_04_p074_c000"": [""How did food-inflation conditions evolve across all three reports?""], ""rbi_mpr_2025_04_p074_c001"": [""How did food-inflation conditions evolve across all three reports?""], ""rbi_mpr_2025_04_p078_c002"": [""How did food-inflation conditions evolve across all three reports?""], ""rbi_mpr_2025_04_p085_c000"": [""How did food-inflation conditions evolve across all three reports?""], ""rbi_mpr_2025_04_p085_c001"": [""How did food-inflation conditions evolve across all three reports?""], ""rbi_mpr_2025_04_p087_c000"": [""How did food-inflation conditions evolve across all three reports?""], ""rbi_mpr_2025_04_p087_c001"": [""How did food-inflation conditions evolve across all three reports?""], ""rbi_mpr_2025_04_p088_c000"": [""How did food-inflation conditions evolve across all three reports?""], ""rbi_mpr_2025_04_p088_c002"": [""How did food-inflation conditions evolve across all three reports?""], ""rbi_mpr_2025_04_p091_c000"": [""How did food-inflation conditions evolve across all three reports?""], ""rbi_mpr_2025_04_p092_c003"": [""How did food-inflation conditions evolve across all three reports?""], ""rbi_mpr_2025_04_p098_c000"": [""How did food-inflation conditions evolve across all three reports?""], ""rbi_mpr_2025_04_p098_c003"": [""How did food-inflation conditions evolve across all three reports?""], ""rbi_mpr_2025_04_p101_c000"": [""How did food-inflation conditions evolve across all three reports?""], ""rbi_mpr_2025_04_p105_c001"": [""How did food-inflation conditions evolve across all three reports?""], ""rbi_mpr_2025_04_p105_c003"": [""How did food-inflation conditions evolve across all three reports?""], ""rbi_mpr_2025_04_p106_c002"": [""How did food-inflation conditions evolve across all three reports?""], ""rbi_mpr_2025_04_p111_c001"": [""How did food-inflation conditions evolve across all three reports?""], ""rbi_mpr_2025_10_p005_c000"": [""How did food-inflation conditions evolve across all three reports?""], ""rbi_mpr_2025_10_p009_c005"": [""How did food-inflation conditions evolve across all three reports?""], ""rbi_mpr_2025_10_p010_c000"": [""How did food-inflation conditions evolve across all three reports?""], ""rbi_mpr_2025_10_p010_c003"": [""How did food-inflation conditions evolve across all three reports?""], ""rbi_mpr_2025_10_p011_c000"": [""How did food-inflation conditions evolve across all three reports?""], ""rbi_mpr_2025_10_p014_c000"": [""How did food-inflation conditions evolve across all three reports?""], ""rbi_mpr_2025_10_p014_c001"": [""How did food-inflation conditions evolve across all three reports?""], ""rbi_mpr_2025_10_p014_c003"": [""How did food-inflation conditions evolve across all three reports?""], ""rbi_mpr_2025_10_p015_c001"": [""How did food-inflation conditions evolve across all three reports?""], ""rbi_mpr_2025_10_p016_c004"": [""How did food-inflation conditions evolve across all three reports?""], ""rbi_mpr_2025_10_p017_c001"": [""How did food-inflation conditions evolve across all three reports?""], ""rbi_mpr_2025_10_p017_c002"": [""How did food-inflation conditions evolve across all three reports?""], ""rbi_mpr_2025_10_p017_c003"": [""How did food-inflation conditions evolve across all three reports?""], ""rbi_mpr_2025_10_p017_c005"": [""How did food-inflation conditions evolve across all three reports?""], ""rbi_mpr_2025_10_p019_c002"": [""How did food-inflation conditions evolve across all three reports?""], ""rbi_mpr_2025_10_p019_c003"": [""How did food-inflation conditions evolve across all three reports?""], ""rbi_mpr_2025_10_p022_c001"": [""How did food-inflation conditions evolve across all three reports?""], ""rbi_mpr_2025_10_p023_c000"": [""How did food-inflation conditions evolve across all three reports?""], ""rbi_mpr_2025_10_p023_c001"": [""How did food-inflation conditions evolve across all three reports?""], ""rbi_mpr_2025_10_p024_c000"": [""How did food-inflation conditions evolve across all three reports?""], ""rbi_mpr_2025_10_p024_c001"": [""How did food-inflation conditions evolve across all three reports?""], ""rbi_mpr_2025_10_p024_c002"": [""How did food-inflation conditions evolve across all three reports?""], ""rbi_mpr_2025_10_p024_c003"": [""How did food-inflation conditions evolve across all three reports?""], ""rbi_mpr_2025_10_p025_c000"": [""How did food-inflation conditions evolve across all three reports?""], ""rbi_mpr_2025_10_p025_c001"": [""How did food-inflation conditions evolve across all three reports?""], ""rbi_mpr_2025_10_p025_c002"": [""How did food-inflation conditions evolve across all three reports?""], ""rbi_mpr_2025_10_p026_c000"": [""How did food-inflation conditions evolve across all three reports?""], ""rbi_mpr_2025_10_p026_c001"": [""How did food-inflation conditions evolve across all three reports?""], ""rbi_mpr_2025_10_p026_c002"": [""How did food-inflation conditions evolve across all three reports?""], ""rbi_mpr_2025_10_p026_c003"": [""How did food-inflation conditions evolve across all three reports?""], ""rbi_mpr_2025_10_p027_c000"": [""How did food-inflation conditions evolve across all three reports?""], ""rbi_mpr_2025_10_p027_c002"": [""How did food-inflation conditions evolve across all three reports?""], ""rbi_mpr_2025_10_p027_c003"": [""How did food-inflation conditions evolve across all three reports?""], ""rbi_mpr_2025_10_p028_c000"": [""How did food-inflation conditions evolve across all three reports?""], ""rbi_mpr_2025_10_p028_c001"": [""How did food-inflation conditions evolve across all three reports?""], ""rbi_mpr_2025_10_p028_c002"": [""How did food-inflation conditions evolve across all three reports?""], ""rbi_mpr_2025_10_p029_c000"": [""How did food-inflation conditions evolve across all three reports?""], ""rbi_mpr_2025_10_p029_c002"": [""How did food-inflation conditions evolve across all three reports?""], ""rbi_mpr_2025_10_p030_c000"": [""How did food-inflation conditions evolve across all three reports?""], ""rbi_mpr_2025_10_p030_c001"": [""How did food-inflation conditions evolve across all three reports?""], ""rbi_mpr_2025_10_p030_c002"": [""How did food-inflation conditions evolve across all three reports?""], ""rbi_mpr_2025_10_p031_c000"": [""How did food-inflation conditions evolve across all three reports?""], ""rbi_mpr_2025_10_p031_c001"": [""How did food-inflation conditions evolve across all three reports?""], ""rbi_mpr_2025_10_p031_c003"": [""How did food-inflation conditions evolve across all three reports?""], ""rbi_mpr_2025_10_p032_c000"": [""How did food-inflation conditions evolve across all three reports?""], ""rbi_mpr_2025_10_p032_c003"": [""How did food-inflation conditions evolve across all three reports?""], ""rbi_mpr_2025_10_p033_c001"": [""How did food-inflation conditions evolve across all three reports?""], ""rbi_mpr_2025_10_p033_c003"": [""How did food-inflation conditions evolve across all three reports?""], ""rbi_mpr_2025_10_p033_c004"": [""How did food-inflation conditions evolve across all three reports?""], ""rbi_mpr_2025_10_p034_c001"": [""How did food-inflation conditions evolve across all three reports?""], ""rbi_mpr_2025_10_p034_c002"": [""How did food-inflation conditions evolve across all three reports?""], ""rbi_mpr_2025_10_p034_c003"": [""How did food-inflation conditions evolve across all three reports?""], ""rbi_mpr_2025_10_p034_c005"": [""How did food-inflation conditions evolve across all three reports?""], ""rbi_mpr_2025_10_p035_c000"": [""How did food-inflation conditions evolve across all three reports?""], ""rbi_mpr_2025_10_p035_c002"": [""How did food-inflation conditions evolve across all three reports?""], ""rbi_mpr_2025_10_p035_c003"": [""How did food-inflation conditions evolve across all three reports?""], ""rbi_mpr_2025_10_p036_c003"": [""How did food-inflation conditions evolve across all three reports?""], ""rbi_mpr_2025_10_p036_c004"": [""How did food-inflation conditions evolve across all three reports?""], ""rbi_mpr_2025_10_p037_c001"": [""How did food-inflation conditions evolve across all three reports?""], ""rbi_mpr_2025_10_p037_c002"": [""How did food-inflation conditions evolve across all three reports?""], ""rbi_mpr_2025_10_p041_c003"": [""How did food-inflation conditions evolve across all three reports?""], ""rbi_mpr_2025_10_p041_c004"": [""How did food-inflation conditions evolve across all three reports?""], ""rbi_mpr_2025_10_p042_c002"": [""How did food-inflation conditions evolve across all three reports?""], ""rbi_mpr_2025_10_p042_c004"": [""How did food-inflation conditions evolve across all three reports?""], ""rbi_mpr_2025_10_p044_c002"": [""How did food-inflation conditions evolve across all three reports?""], ""rbi_mpr_2025_10_p044_c003"": [""How did food-inflation conditions evolve across all three reports?""], ""rbi_mpr_2025_10_p045_c000"": [""How did food-inflation conditions evolve across all three reports?""], ""rbi_mpr_2025_10_p045_c001"": [""How did food-inflation conditions evolve across all three reports?""], ""rbi_mpr_2025_10_p045_c004"": [""How did food-inflation conditions evolve across all three reports?""], ""rbi_mpr_2025_10_p047_c002"": [""How did food-inflation conditions evolve across all three reports?""], ""rbi_mpr_2025_10_p049_c002"": [""How did food-inflation conditions evolve across all three reports?""], ""rbi_mpr_2025_10_p055_c002"": [""How did food-inflation conditions evolve across all three reports?""], ""rbi_mpr_2025_10_p055_c003"": [""How did food-inflation conditions evolve across all three reports?""], ""rbi_mpr_2025_10_p055_c004"": [""How did food-inflation conditions evolve across all three reports?""], ""rbi_mpr_2025_10_p059_c000"": [""How did food-inflation conditions evolve across all three reports?""], ""rbi_mpr_2025_10_p065_c004"": [""How did food-inflation conditions evolve across all three reports?""], ""rbi_mpr_2025_10_p069_c003"": [""How did food-inflation conditions evolve across all three reports?""], ""rbi_mpr_2025_10_p069_c004"": [""How did food-inflation conditions evolve across all three reports?""], ""rbi_mpr_2025_10_p076_c000"": [""How did food-inflation conditions evolve across all three reports?""], ""rbi_mpr_2025_10_p076_c001"": [""How did food-inflation conditions evolve across all three reports?""], ""rbi_mpr_2025_10_p082_c000"": [""How did food-inflation conditions evolve across all three reports?""], ""rbi_mpr_2025_10_p083_c000"": [""How did food-inflation conditions evolve across all three reports?""], ""rbi_mpr_2025_10_p083_c001"": [""How did food-inflation conditions evolve across all three reports?""], ""rbi_mpr_2025_10_p083_c002"": [""How did food-inflation conditions evolve across all three reports?""], ""rbi_mpr_2025_10_p084_c002"": [""How did food-inflation conditions evolve across all three reports?""], ""rbi_mpr_2025_10_p084_c003"": [""How did food-inflation conditions evolve across all three reports?""], ""rbi_mpr_2025_10_p086_c002"": [""How did food-inflation conditions evolve across all three reports?""], ""rbi_mpr_2025_10_p088_c003"": [""How did food-inflation conditions evolve across all three reports?""], ""rbi_mpr_2025_10_p091_c000"": [""How did food-inflation conditions evolve across all three reports?""], ""rbi_mpr_2025_10_p101_c001"": [""How did food-inflation conditions evolve across all three reports?""], ""rbi_mpr_2025_10_p101_c002"": [""How did food-inflation conditions evolve across all three reports?""], ""rbi_mpr_2025_10_p102_c003"": [""How did food-inflation conditions evolve across all three reports?""], ""rbi_mpr_2026_04_p005_c003"": [""How did food-inflation conditions evolve across all three reports?""], ""rbi_mpr_2026_04_p013_c000"": [""How did food-inflation conditions evolve across all three reports?""], ""rbi_mpr_2026_04_p014_c000"": [""How did food-inflation conditions evolve across all three reports?""], ""rbi_mpr_2026_04_p018_c002"": [""How did food-inflation conditions evolve across all three reports?""], ""rbi_mpr_2026_04_p018_c003"": [""How did food-inflation conditions evolve across all three reports?""], ""rbi_mpr_2026_04_p020_c001"": [""How did food-inflation conditions evolve across all three reports?""], ""rbi_mpr_2026_04_p020_c002"": [""How did food-inflation conditions evolve across all three reports?""], ""rbi_mpr_2026_04_p020_c003"": [""How did food-inflation conditions evolve across all three reports?""], ""rbi_mpr_2026_04_p023_c000"": [""How did food-inflation conditions evolve across all three reports?""], ""rbi_mpr_2026_04_p023_c001"": [""How did food-inflation conditions evolve across all three reports?""], ""rbi_mpr_2026_04_p027_c000"": [""How did food-inflation conditions evolve across all three reports?""], ""rbi_mpr_2026_04_p028_c000"": [""How did food-inflation conditions evolve across all three reports?""], ""rbi_mpr_2026_04_p028_c003"": [""How did food-inflation conditions evolve across all three reports?""], ""rbi_mpr_2026_04_p035_c003"": [""How did food-inflation conditions evolve across all three reports?""], ""rbi_mpr_2026_04_p038_c002"": [""How did food-inflation conditions evolve across all three reports?""], ""rbi_mpr_2026_04_p041_c000"": [""How did food-inflation conditions evolve across all three reports?""], ""rbi_mpr_2026_04_p041_c001"": [""How did food-inflation conditions evolve across all three reports?""], ""rbi_mpr_2026_04_p042_c001"": [""How did food-inflation conditions evolve across all three reports?""], ""rbi_mpr_2026_04_p042_c002"": [""How did food-inflation conditions evolve across all three reports?""], ""rbi_mpr_2026_04_p043_c000"": [""How did food-inflation conditions evolve across all three reports?""], ""rbi_mpr_2026_04_p044_c000"": [""How did food-inflation conditions evolve across all three reports?""], ""rbi_mpr_2026_04_p047_c004"": [""How did food-inflation conditions evolve across all three reports?""], ""rbi_mpr_2026_04_p055_c001"": [""How did food-inflation conditions evolve across all three reports?""], ""rbi_mpr_2026_04_p056_c002"": [""How did food-inflation conditions evolve across all three reports?""], ""rbi_mpr_2026_04_p058_c001"": [""How did food-inflation conditions evolve across all three reports?""], ""rbi_mpr_2026_04_p059_c000"": [""How did food-inflation conditions evolve across all three reports?""], ""rbi_mpr_2026_04_p066_c000"": [""How did food-inflation conditions evolve across all three reports?""], ""rbi_mpr_2026_04_p067_c002"": [""How did food-inflation conditions evolve across all three reports?""], ""rbi_mpr_2026_04_p069_c003"": [""How did food-inflation conditions evolve across all three reports?""], ""rbi_mpr_2026_04_p070_c000"": [""How did food-inflation conditions evolve across all three reports?""], ""rbi_mpr_2026_04_p071_c000"": [""How did food-inflation conditions evolve across all three reports?""], ""rbi_mpr_2026_04_p071_c001"": [""How did food-inflation conditions evolve across all three reports?""], ""rbi_mpr_2026_04_p073_c000"": [""How did food-inflation conditions evolve across all three reports?""], ""rbi_mpr_2026_04_p077_c000"": [""How did food-inflation conditions evolve across all three reports?""], ""rbi_mpr_2026_04_p078_c000"": [""How did food-inflation conditions evolve across all three reports?""], ""rbi_mpr_2026_04_p079_c000"": [""How did food-inflation conditions evolve across all three reports?""], ""rbi_mpr_2026_04_p080_c000"": [""How did food-inflation conditions evolve across all three reports?""], ""rbi_mpr_2026_04_p081_c000"": [""How did food-inflation conditions evolve across all three reports?""], ""rbi_mpr_2026_04_p081_c001"": [""How did food-inflation conditions evolve across all three reports?""], ""rbi_mpr_2026_04_p081_c002"": [""How did food-inflation conditions evolve across all three reports?""], ""rbi_mpr_2026_04_p081_c005"": [""How did food-inflation conditions evolve across all three reports?""], ""rbi_mpr_2026_04_p081_c006"": [""How did food-inflation conditions evolve across all three reports?""], ""rbi_mpr_2026_04_p082_c000"": [""How did food-inflation conditions evolve across all three reports?""], ""rbi_mpr_2026_04_p082_c001"": [""How did food-inflation conditions evolve across all three reports?""], ""rbi_mpr_2026_04_p082_c003"": [""How did food-inflation conditions evolve across all three reports?""], ""rbi_mpr_2026_04_p082_c004"": [""How did food-inflation conditions evolve across all three reports?""], ""rbi_mpr_2026_04_p083_c000"": [""How did food-inflation conditions evolve across all three reports?""], ""rbi_mpr_2026_04_p083_c001"": [""How did food-inflation conditions evolve across all three reports?""], ""rbi_mpr_2026_04_p083_c002"": [""How did food-inflation conditions evolve across all three reports?""], ""rbi_mpr_2026_04_p083_c003"": [""How did food-inflation conditions evolve across all three reports?""], ""rbi_mpr_2026_04_p083_c004"": [""How did food-inflation conditions evolve across all three reports?""], ""rbi_mpr_2026_04_p084_c000"": [""How did food-inflation conditions evolve across all three reports?""], ""rbi_mpr_2026_04_p084_c001"": [""How did food-inflation conditions evolve across all three reports?""], ""rbi_mpr_2026_04_p084_c002"": [""How did food-inflation conditions evolve across all three reports?""], ""rbi_mpr_2026_04_p085_c000"": [""How did food-inflation conditions evolve across all three reports?""], ""rbi_mpr_2026_04_p085_c005"": [""How did food-inflation conditions evolve across all three reports?""], ""rbi_mpr_2026_04_p086_c002"": [""How did food-inflation conditions evolve across all three reports?""], ""rbi_mpr_2026_04_p087_c000"": [""How did food-inflation conditions evolve across all three reports?""], ""rbi_mpr_2026_04_p087_c004"": [""How did food-inflation conditions evolve across all three reports?""], ""rbi_mpr_2026_04_p088_c000"": [""How did food-inflation conditions evolve across all three reports?""], ""rbi_mpr_2026_04_p089_c002"": [""How did food-inflation conditions evolve across all three reports?""], ""rbi_mpr_2026_04_p089_c003"": [""How did food-inflation conditions evolve across all three reports?""], ""rbi_mpr_2026_04_p090_c002"": [""How did food-inflation conditions evolve across all three reports?""], ""rbi_mpr_2026_04_p091_c000"": [""How did food-inflation conditions evolve across all three reports?""], ""rbi_mpr_2026_04_p091_c005"": [""How did food-inflation conditions evolve across all three reports?""], ""rbi_mpr_2026_04_p092_c001"": [""How did food-inflation conditions evolve across all three reports?""], ""rbi_mpr_2026_04_p092_c002"": [""How did food-inflation conditions evolve across all three reports?""], ""rbi_mpr_2026_04_p092_c004"": [""How did food-inflation conditions evolve across all three reports?""], ""rbi_mpr_2026_04_p094_c000"": [""How did food-inflation conditions evolve across all three reports?""], ""rbi_mpr_2026_04_p094_c002"": [""How did food-inflation conditions evolve across all three reports?""], ""rbi_mpr_2026_04_p094_c003"": [""How did food-inflation conditions evolve across all three reports?""], ""rbi_mpr_2026_04_p094_c004"": [""How did food-inflation conditions evolve across all three reports?""], ""rbi_mpr_2026_04_p095_c000"": [""How did food-inflation conditions evolve across all three reports?""], ""rbi_mpr_2026_04_p095_c003"": [""How did food-inflation conditions evolve across all three reports?""], ""rbi_mpr_2026_04_p095_c004"": [""How did food-inflation conditions evolve across all three reports?""], ""rbi_mpr_2026_04_p096_c003"": [""How did food-inflation conditions evolve across all three reports?""], ""rbi_mpr_2026_04_p096_c004"": [""How did food-inflation conditions evolve across all three reports?""], ""rbi_mpr_2026_04_p099_c001"": [""How did food-inflation conditions evolve across all three reports?""], ""rbi_mpr_2026_04_p099_c002"": [""How did food-inflation conditions evolve across all three reports?""], ""rbi_mpr_2026_04_p099_c003"": [""How did food-inflation conditions evolve across all three reports?""], ""rbi_mpr_2026_04_p101_c001"": [""How did food-inflation conditions evolve across all three reports?""], ""rbi_mpr_2026_04_p101_c002"": [""How did food-inflation conditions evolve across all three reports?""], ""rbi_mpr_2026_04_p102_c001"": [""How did food-inflation conditions evolve across all three reports?""], ""rbi_mpr_2026_04_p102_c003"": [""How did food-inflation conditions evolve across all three reports?""], ""rbi_mpr_2026_04_p102_c004"": [""How did food-inflation conditions evolve across all three reports?""], ""rbi_mpr_2026_04_p103_c000"": [""How did food-inflation conditions evolve across all three reports?""], ""rbi_mpr_2026_04_p104_c004"": [""How did food-inflation conditions evolve across all three reports?""], ""rbi_mpr_2026_04_p105_c000"": [""How did food-inflation conditions evolve across all three reports?""], ""rbi_mpr_2026_04_p107_c000"": [""How did food-inflation conditions evolve across all three reports?""], ""rbi_mpr_2026_04_p107_c001"": [""How did food-inflation conditions evolve across all three reports?""], ""rbi_mpr_2026_04_p107_c004"": [""How did food-inflation conditions evolve across all three reports?""], ""rbi_mpr_2026_04_p108_c001"": [""How did food-inflation conditions evolve across all three reports?""], ""rbi_mpr_2026_04_p110_c003"": [""How did food-inflation conditions evolve across all three reports?""], ""rbi_mpr_2026_04_p115_c000"": [""How did food-inflation conditions evolve across all three reports?""], ""rbi_mpr_2026_04_p115_c001"": [""How did food-inflation conditions evolve across all three reports?""], ""rbi_mpr_2026_04_p115_c002"": [""How did food-inflation conditions evolve across all three reports?""], ""rbi_mpr_2026_04_p115_c003"": [""How did food-inflation conditions evolve across all three reports?""]}, ""candidate_source_retriever"": {""rbi_mpr_2025_04_p011_c000"": [""bm25"", ""dense""], ""rbi_mpr_2025_04_p011_c005"": [""dense""], ""rbi_mpr_2025_04_p013_c001"": [""dense""], ""rbi_mpr_2025_04_p013_c002"": [""dense""], ""rbi_mpr_2025_04_p015_c001"": [""bm25""], ""rbi_mpr_2025_04_p015_c002"": [""bm25"", ""dense""], ""rbi_mpr_2025_04_p017_c001"": [""dense""], ""rbi_mpr_2025_04_p019_c001"": [""bm25""], ""rbi_mpr_2025_04_p023_c000"": [""dense""], ""rbi_mpr_2025_04_p023_c001"": [""dense""], ""rbi_mpr_2025_04_p025_c000"": [""dense""], ""rbi_mpr_2025_04_p025_c001"": [""dense""], ""rbi_mpr_2025_04_p025_c002"": [""dense""], ""rbi_mpr_2025_04_p025_c003"": [""dense""], ""rbi_mpr_2025_04_p025_c004"": [""dense""], ""rbi_mpr_2025_04_p026_c000"": [""dense""], ""rbi_mpr_2025_04_p026_c001"": [""dense""], ""rbi_mpr_2025_04_p027_c000"": [""bm25"", ""dense""], ""rbi_mpr_2025_04_p027_c001"": [""bm25""], ""rbi_mpr_2025_04_p027_c002"": [""bm25""], ""rbi_mpr_2025_04_p027_c003"": [""dense""], ""rbi_mpr_2025_04_p028_c001"": [""bm25""], ""rbi_mpr_2025_04_p028_c002"": [""bm25""], ""rbi_mpr_2025_04_p028_c003"": [""bm25""], ""rbi_mpr_2025_04_p030_c000"": [""dense""], ""rbi_mpr_2025_04_p030_c001"": [""dense""], ""rbi_mpr_2025_04_p030_c002"": [""dense""], ""rbi_mpr_2025_04_p031_c000"": [""dense""], ""rbi_mpr_2025_04_p031_c001"": [""dense""], ""rbi_mpr_2025_04_p032_c000"": [""dense""], ""rbi_mpr_2025_04_p032_c002"": [""dense""], ""rbi_mpr_2025_04_p033_c000"": [""bm25""], ""rbi_mpr_2025_04_p033_c001"": [""dense""], ""rbi_mpr_2025_04_p033_c004"": [""dense""], ""rbi_mpr_2025_04_p034_c000"": [""dense""], ""rbi_mpr_2025_04_p034_c001"": [""bm25"", ""dense""], ""rbi_mpr_2025_04_p035_c001"": [""bm25""], ""rbi_mpr_2025_04_p035_c002"": [""dense""], ""rbi_mpr_2025_04_p035_c003"": [""dense""], ""rbi_mpr_2025_04_p036_c000"": [""dense""], ""rbi_mpr_2025_04_p037_c000"": [""bm25"", ""dense""], ""rbi_mpr_2025_04_p037_c001"": [""dense""], ""rbi_mpr_2025_04_p038_c000"": [""bm25"", ""dense""], ""rbi_mpr_2025_04_p038_c002"": [""bm25""], ""rbi_mpr_2025_04_p039_c001"": [""dense""], ""rbi_mpr_2025_04_p039_c002"": [""bm25"", ""dense""], ""rbi_mpr_2025_04_p039_c003"": [""dense""], ""rbi_mpr_2025_04_p040_c000"": [""dense""], ""rbi_mpr_2025_04_p040_c001"": [""dense""], ""rbi_mpr_2025_04_p040_c002"": [""dense""], ""rbi_mpr_2025_04_p041_c000"": [""bm25"", ""dense""], ""rbi_mpr_2025_04_p041_c001"": [""bm25"", ""dense""], ""rbi_mpr_2025_04_p041_c002"": [""dense""], ""rbi_mpr_2025_04_p042_c000"": [""dense""], ""rbi_mpr_2025_04_p042_c001"": [""dense""], ""rbi_mpr_2025_04_p042_c002"": [""dense""], ""rbi_mpr_2025_04_p044_c001"": [""bm25""], ""rbi_mpr_2025_04_p044_c002"": [""bm25""], ""rbi_mpr_2025_04_p046_c000"": [""dense""], ""rbi_mpr_2025_04_p047_c001"": [""bm25""], ""rbi_mpr_2025_04_p047_c004"": [""bm25""], ""rbi_mpr_2025_04_p055_c000"": [""bm25""], ""rbi_mpr_2025_04_p060_c000"": [""bm25""], ""rbi_mpr_2025_04_p067_c001"": [""bm25""], ""rbi_mpr_2025_04_p067_c002"": [""bm25""], ""rbi_mpr_2025_04_p068_c001"": [""bm25""], ""rbi_mpr_2025_04_p069_c000"": [""bm25""], ""rbi_mpr_2025_04_p069_c001"": [""bm25""], ""rbi_mpr_2025_04_p071_c004"": [""bm25""], ""rbi_mpr_2025_04_p073_c003"": [""bm25""], ""rbi_mpr_2025_04_p073_c004"": [""bm25""], ""rbi_mpr_2025_04_p073_c005"": [""bm25""], ""rbi_mpr_2025_04_p073_c006"": [""bm25""], ""rbi_mpr_2025_04_p074_c000"": [""bm25""], ""rbi_mpr_2025_04_p074_c001"": [""bm25""], ""rbi_mpr_2025_04_p078_c002"": [""bm25""], ""rbi_mpr_2025_04_p085_c000"": [""bm25""], ""rbi_mpr_2025_04_p085_c001"": [""bm25""], ""rbi_mpr_2025_04_p087_c000"": [""bm25""], ""rbi_mpr_2025_04_p087_c001"": [""bm25""], ""rbi_mpr_2025_04_p088_c000"": [""bm25""], ""rbi_mpr_2025_04_p088_c002"": [""bm25""], ""rbi_mpr_2025_04_p091_c000"": [""bm25""], ""rbi_mpr_2025_04_p092_c003"": [""bm25""], ""rbi_mpr_2025_04_p098_c000"": [""bm25""], ""rbi_mpr_2025_04_p098_c003"": [""bm25""], ""rbi_mpr_2025_04_p101_c000"": [""bm25""], ""rbi_mpr_2025_04_p105_c001"": [""dense""], ""rbi_mpr_2025_04_p105_c003"": [""dense""], ""rbi_mpr_2025_04_p106_c002"": [""dense""], ""rbi_mpr_2025_04_p111_c001"": [""bm25""], ""rbi_mpr_2025_10_p005_c000"": [""dense""], ""rbi_mpr_2025_10_p009_c005"": [""bm25""], ""rbi_mpr_2025_10_p010_c000"": [""dense""], ""rbi_mpr_2025_10_p010_c003"": [""dense""], ""rbi_mpr_2025_10_p011_c000"": [""dense""], ""rbi_mpr_2025_10_p014_c000"": [""bm25"", ""dense""], ""rbi_mpr_2025_10_p014_c001"": [""bm25""], ""rbi_mpr_2025_10_p014_c003"": [""bm25""], ""rbi_mpr_2025_10_p015_c001"": [""dense""], ""rbi_mpr_2025_10_p016_c004"": [""dense""], ""rbi_mpr_2025_10_p017_c001"": [""bm25""], ""rbi_mpr_2025_10_p017_c002"": [""bm25""], ""rbi_mpr_2025_10_p017_c003"": [""bm25""], ""rbi_mpr_2025_10_p017_c005"": [""bm25""], ""rbi_mpr_2025_10_p019_c002"": [""bm25""], ""rbi_mpr_2025_10_p019_c003"": [""bm25""], ""rbi_mpr_2025_10_p022_c001"": [""dense""], ""rbi_mpr_2025_10_p023_c000"": [""dense""], ""rbi_mpr_2025_10_p023_c001"": [""dense""], ""rbi_mpr_2025_10_p024_c000"": [""dense""], ""rbi_mpr_2025_10_p024_c001"": [""dense""], ""rbi_mpr_2025_10_p024_c002"": [""bm25"", ""dense""], ""rbi_mpr_2025_10_p024_c003"": [""dense""], ""rbi_mpr_2025_10_p025_c000"": [""dense""], ""rbi_mpr_2025_10_p025_c001"": [""dense""], ""rbi_mpr_2025_10_p025_c002"": [""dense""], ""rbi_mpr_2025_10_p026_c000"": [""dense""], ""rbi_mpr_2025_10_p026_c001"": [""dense""], ""rbi_mpr_2025_10_p026_c002"": [""dense""], ""rbi_mpr_2025_10_p026_c003"": [""dense""], ""rbi_mpr_2025_10_p027_c000"": [""dense""], ""rbi_mpr_2025_10_p027_c002"": [""bm25""], ""rbi_mpr_2025_10_p027_c003"": [""dense""], ""rbi_mpr_2025_10_p028_c000"": [""bm25"", ""dense""], ""rbi_mpr_2025_10_p028_c001"": [""dense""], ""rbi_mpr_2025_10_p028_c002"": [""dense""], ""rbi_mpr_2025_10_p029_c000"": [""dense""], ""rbi_mpr_2025_10_p029_c002"": [""dense""], ""rbi_mpr_2025_10_p030_c000"": [""dense""], ""rbi_mpr_2025_10_p030_c001"": [""dense""], ""rbi_mpr_2025_10_p030_c002"": [""dense""], ""rbi_mpr_2025_10_p031_c000"": [""bm25"", ""dense""], ""rbi_mpr_2025_10_p031_c001"": [""dense""], ""rbi_mpr_2025_10_p031_c003"": [""dense""], ""rbi_mpr_2025_10_p032_c000"": [""dense""], ""rbi_mpr_2025_10_p032_c003"": [""bm25""], ""rbi_mpr_2025_10_p033_c001"": [""bm25"", ""dense""], ""rbi_mpr_2025_10_p033_c003"": [""dense""], ""rbi_mpr_2025_10_p033_c004"": [""dense""], ""rbi_mpr_2025_10_p034_c001"": [""dense""], ""rbi_mpr_2025_10_p034_c002"": [""dense""], ""rbi_mpr_2025_10_p034_c003"": [""bm25"", ""dense""], ""rbi_mpr_2025_10_p034_c005"": [""bm25""], ""rbi_mpr_2025_10_p035_c000"": [""bm25""], ""rbi_mpr_2025_10_p035_c002"": [""bm25"", ""dense""], ""rbi_mpr_2025_10_p035_c003"": [""dense""], ""rbi_mpr_2025_10_p036_c003"": [""dense""], ""rbi_mpr_2025_10_p036_c004"": [""dense""], ""rbi_mpr_2025_10_p037_c001"": [""dense""], ""rbi_mpr_2025_10_p037_c002"": [""bm25""], ""rbi_mpr_2025_10_p041_c003"": [""dense""], ""rbi_mpr_2025_10_p041_c004"": [""bm25"", ""dense""], ""rbi_mpr_2025_10_p042_c002"": [""bm25""], ""rbi_mpr_2025_10_p042_c004"": [""bm25""], ""rbi_mpr_2025_10_p044_c002"": [""bm25""], ""rbi_mpr_2025_10_p044_c003"": [""bm25""], ""rbi_mpr_2025_10_p045_c000"": [""bm25""], ""rbi_mpr_2025_10_p045_c001"": [""bm25""], ""rbi_mpr_2025_10_p045_c004"": [""bm25""], ""rbi_mpr_2025_10_p047_c002"": [""bm25""], ""rbi_mpr_2025_10_p049_c002"": [""bm25""], ""rbi_mpr_2025_10_p055_c002"": [""bm25""], ""rbi_mpr_2025_10_p055_c003"": [""bm25""], ""rbi_mpr_2025_10_p055_c004"": [""bm25""], ""rbi_mpr_2025_10_p059_c000"": [""bm25""], ""rbi_mpr_2025_10_p065_c004"": [""bm25""], ""rbi_mpr_2025_10_p069_c003"": [""bm25""], ""rbi_mpr_2025_10_p069_c004"": [""bm25""], ""rbi_mpr_2025_10_p076_c000"": [""bm25""], ""rbi_mpr_2025_10_p076_c001"": [""bm25""], ""rbi_mpr_2025_10_p082_c000"": [""bm25""], ""rbi_mpr_2025_10_p083_c000"": [""bm25""], ""rbi_mpr_2025_10_p083_c001"": [""bm25""], ""rbi_mpr_2025_10_p083_c002"": [""bm25""], ""rbi_mpr_2025_10_p084_c002"": [""bm25""], ""rbi_mpr_2025_10_p084_c003"": [""bm25""], ""rbi_mpr_2025_10_p086_c002"": [""bm25""], ""rbi_mpr_2025_10_p088_c003"": [""bm25""], ""rbi_mpr_2025_10_p091_c000"": [""bm25""], ""rbi_mpr_2025_10_p101_c001"": [""dense""], ""rbi_mpr_2025_10_p101_c002"": [""dense""], ""rbi_mpr_2025_10_p102_c003"": [""bm25""], ""rbi_mpr_2026_04_p005_c003"": [""dense""], ""rbi_mpr_2026_04_p013_c000"": [""bm25""], ""rbi_mpr_2026_04_p014_c000"": [""bm25""], ""rbi_mpr_2026_04_p018_c002"": [""bm25""], ""rbi_mpr_2026_04_p018_c003"": [""bm25""], ""rbi_mpr_2026_04_p020_c001"": [""bm25""], ""rbi_mpr_2026_04_p020_c002"": [""bm25""], ""rbi_mpr_2026_04_p020_c003"": [""bm25""], ""rbi_mpr_2026_04_p023_c000"": [""bm25""], ""rbi_mpr_2026_04_p023_c001"": [""bm25""], ""rbi_mpr_2026_04_p027_c000"": [""bm25""], ""rbi_mpr_2026_04_p028_c000"": [""bm25""], ""rbi_mpr_2026_04_p028_c003"": [""bm25""], ""rbi_mpr_2026_04_p035_c003"": [""bm25""], ""rbi_mpr_2026_04_p038_c002"": [""bm25""], ""rbi_mpr_2026_04_p041_c000"": [""bm25""], ""rbi_mpr_2026_04_p041_c001"": [""bm25""], ""rbi_mpr_2026_04_p042_c001"": [""bm25""], ""rbi_mpr_2026_04_p042_c002"": [""bm25""], ""rbi_mpr_2026_04_p043_c000"": [""bm25""], ""rbi_mpr_2026_04_p044_c000"": [""bm25""], ""rbi_mpr_2026_04_p047_c004"": [""bm25""], ""rbi_mpr_2026_04_p055_c001"": [""bm25""], ""rbi_mpr_2026_04_p056_c002"": [""bm25""], ""rbi_mpr_2026_04_p058_c001"": [""bm25""], ""rbi_mpr_2026_04_p059_c000"": [""bm25""], ""rbi_mpr_2026_04_p066_c000"": [""bm25""], ""rbi_mpr_2026_04_p067_c002"": [""bm25""], ""rbi_mpr_2026_04_p069_c003"": [""bm25""], ""rbi_mpr_2026_04_p070_c000"": [""bm25""], ""rbi_mpr_2026_04_p071_c000"": [""bm25""], ""rbi_mpr_2026_04_p071_c001"": [""bm25""], ""rbi_mpr_2026_04_p073_c000"": [""bm25""], ""rbi_mpr_2026_04_p077_c000"": [""bm25""], ""rbi_mpr_2026_04_p078_c000"": [""bm25""], ""rbi_mpr_2026_04_p079_c000"": [""dense""], ""rbi_mpr_2026_04_p080_c000"": [""dense""], ""rbi_mpr_2026_04_p081_c000"": [""dense""], ""rbi_mpr_2026_04_p081_c001"": [""bm25""], ""rbi_mpr_2026_04_p081_c002"": [""bm25""], ""rbi_mpr_2026_04_p081_c005"": [""dense""], ""rbi_mpr_2026_04_p081_c006"": [""dense""], ""rbi_mpr_2026_04_p082_c000"": [""dense""], ""rbi_mpr_2026_04_p082_c001"": [""dense""], ""rbi_mpr_2026_04_p082_c003"": [""dense""], ""rbi_mpr_2026_04_p082_c004"": [""dense""], ""rbi_mpr_2026_04_p083_c000"": [""dense""], ""rbi_mpr_2026_04_p083_c001"": [""dense""], ""rbi_mpr_2026_04_p083_c002"": [""dense""], ""rbi_mpr_2026_04_p083_c003"": [""dense""], ""rbi_mpr_2026_04_p083_c004"": [""dense""], ""rbi_mpr_2026_04_p084_c000"": [""dense""], ""rbi_mpr_2026_04_p084_c001"": [""dense""], ""rbi_mpr_2026_04_p084_c002"": [""dense""], ""rbi_mpr_2026_04_p085_c000"": [""dense""], ""rbi_mpr_2026_04_p085_c005"": [""dense""], ""rbi_mpr_2026_04_p086_c002"": [""dense""], ""rbi_mpr_2026_04_p087_c000"": [""dense""], ""rbi_mpr_2026_04_p087_c004"": [""dense""], ""rbi_mpr_2026_04_p088_c000"": [""bm25""], ""rbi_mpr_2026_04_p089_c002"": [""bm25""], ""rbi_mpr_2026_04_p089_c003"": [""bm25""], ""rbi_mpr_2026_04_p090_c002"": [""dense""], ""rbi_mpr_2026_04_p091_c000"": [""dense""], ""rbi_mpr_2026_04_p091_c005"": [""dense""], ""rbi_mpr_2026_04_p092_c001"": [""dense""], ""rbi_mpr_2026_04_p092_c002"": [""dense""], ""rbi_mpr_2026_04_p092_c004"": [""dense""], ""rbi_mpr_2026_04_p094_c000"": [""dense""], ""rbi_mpr_2026_04_p094_c002"": [""dense""], ""rbi_mpr_2026_04_p094_c003"": [""dense""], ""rbi_mpr_2026_04_p094_c004"": [""dense""], ""rbi_mpr_2026_04_p095_c000"": [""dense""], ""rbi_mpr_2026_04_p095_c003"": [""dense""], ""rbi_mpr_2026_04_p095_c004"": [""dense""], ""rbi_mpr_2026_04_p096_c003"": [""bm25""], ""rbi_mpr_2026_04_p096_c004"": [""bm25""], ""rbi_mpr_2026_04_p099_c001"": [""dense""], ""rbi_mpr_2026_04_p099_c002"": [""dense""], ""rbi_mpr_2026_04_p099_c003"": [""bm25""], ""rbi_mpr_2026_04_p101_c001"": [""dense""], ""rbi_mpr_2026_04_p101_c002"": [""dense""], ""rbi_mpr_2026_04_p102_c001"": [""dense""], ""rbi_mpr_2026_04_p102_c003"": [""bm25"", ""dense""], ""rbi_mpr_2026_04_p102_c004"": [""bm25"", ""dense""], ""rbi_mpr_2026_04_p103_c000"": [""bm25""], ""rbi_mpr_2026_04_p104_c004"": [""bm25""], ""rbi_mpr_2026_04_p105_c000"": [""bm25""], ""rbi_mpr_2026_04_p107_c000"": [""dense""], ""rbi_mpr_2026_04_p107_c001"": [""bm25"", ""dense""], ""rbi_mpr_2026_04_p107_c004"": [""bm25""], ""rbi_mpr_2026_04_p108_c001"": [""dense""], ""rbi_mpr_2026_04_p110_c003"": [""bm25""], ""rbi_mpr_2026_04_p115_c000"": [""dense""], ""rbi_mpr_2026_04_p115_c001"": [""dense""], ""rbi_mpr_2026_04_p115_c002"": [""dense""], ""rbi_mpr_2026_04_p115_c003"": [""dense""]}, ""candidate_union_ids"": [""rbi_mpr_2026_04_p087_c000"", ""rbi_mpr_2026_04_p083_c001"", ""rbi_mpr_2026_04_p082_c001"", ""rbi_mpr_2026_04_p083_c000"", ""rbi_mpr_2026_04_p092_c002"", ""rbi_mpr_2026_04_p081_c006"", ""rbi_mpr_2026_04_p083_c002"", ""rbi_mpr_2026_04_p083_c004"", ""rbi_mpr_2026_04_p094_c000"", ""rbi_mpr_2026_04_p005_c003"", ""rbi_mpr_2026_04_p101_c002"", ""rbi_mpr_2026_04_p081_c005"", ""rbi_mpr_2026_04_p082_c000"", ""rbi_mpr_2026_04_p115_c000"", ""rbi_mpr_2026_04_p115_c001"", ""rbi_mpr_2026_04_p081_c000"", ""rbi_mpr_2026_04_p086_c002"", ""rbi_mpr_2026_04_p102_c003"", ""rbi_mpr_2026_04_p115_c002"", ""rbi_mpr_2026_04_p115_c003"", ""rbi_mpr_2026_04_p101_c001"", ""rbi_mpr_2026_04_p084_c000"", ""rbi_mpr_2026_04_p079_c000"", ""rbi_mpr_2026_04_p094_c003"", ""rbi_mpr_2026_04_p087_c004"", ""rbi_mpr_2026_04_p092_c001"", ""rbi_mpr_2026_04_p099_c001"", ""rbi_mpr_2026_04_p080_c000"", ""rbi_mpr_2026_04_p094_c004"", ""rbi_mpr_2026_04_p082_c003"", ""rbi_mpr_2026_04_p083_c003"", ""rbi_mpr_2026_04_p095_c000"", ""rbi_mpr_2026_04_p107_c000"", ""rbi_mpr_2026_04_p107_c001"", ""rbi_mpr_2026_04_p090_c002"", ""rbi_mpr_2026_04_p094_c002"", ""rbi_mpr_2026_04_p092_c004"", ""rbi_mpr_2026_04_p095_c003"", ""rbi_mpr_2026_04_p085_c005"", ""rbi_mpr_2026_04_p084_c002"", ""rbi_mpr_2026_04_p091_c005"", ""rbi_mpr_2026_04_p084_c001"", ""rbi_mpr_2026_04_p108_c001"", ""rbi_mpr_2026_04_p091_c000"", ""rbi_mpr_2026_04_p085_c000"", ""rbi_mpr_2026_04_p082_c004"", ""rbi_mpr_2026_04_p095_c004"", ""rbi_mpr_2026_04_p102_c001"", ""rbi_mpr_2026_04_p099_c002"", ""rbi_mpr_2026_04_p102_c004"", ""rbi_mpr_2026_04_p107_c004"", ""rbi_mpr_2026_04_p042_c001"", ""rbi_mpr_2026_04_p018_c002"", ""rbi_mpr_2026_04_p059_c000"", ""rbi_mpr_2026_04_p105_c000"", ""rbi_mpr_2026_04_p020_c002"", ""rbi_mpr_2026_04_p089_c003"", ""rbi_mpr_2026_04_p042_c002"", ""rbi_mpr_2026_04_p110_c003"", ""rbi_mpr_2026_04_p103_c000"", ""rbi_mpr_2026_04_p041_c001"", ""rbi_mpr_2026_04_p069_c003"", ""rbi_mpr_2026_04_p044_c000"", ""rbi_mpr_2026_04_p089_c002"", ""rbi_mpr_2026_04_p043_c000"", ""rbi_mpr_2026_04_p077_c000"", ""rbi_mpr_2026_04_p018_c003"", ""rbi_mpr_2026_04_p081_c002"", ""rbi_mpr_2026_04_p096_c004"", ""rbi_mpr_2026_04_p047_c004"", ""rbi_mpr_2026_04_p066_c000"", ""rbi_mpr_2026_04_p104_c004"", ""rbi_mpr_2026_04_p028_c003"", ""rbi_mpr_2026_04_p014_c000"", ""rbi_mpr_2026_04_p020_c001"", ""rbi_mpr_2026_04_p088_c000"", ""rbi_mpr_2026_04_p020_c003"", ""rbi_mpr_2026_04_p099_c003"", ""rbi_mpr_2026_04_p041_c000"", ""rbi_mpr_2026_04_p027_c000"", ""rbi_mpr_2026_04_p028_c000"", ""rbi_mpr_2026_04_p073_c000"", ""rbi_mpr_2026_04_p067_c002"", ""rbi_mpr_2026_04_p096_c003"", ""rbi_mpr_2026_04_p071_c000"", ""rbi_mpr_2026_04_p081_c001"", ""rbi_mpr_2026_04_p038_c002"", ""rbi_mpr_2026_04_p071_c001"", ""rbi_mpr_2026_04_p070_c000"", ""rbi_mpr_2026_04_p056_c002"", ""rbi_mpr_2026_04_p035_c003"", ""rbi_mpr_2026_04_p058_c001"", ""rbi_mpr_2026_04_p023_c001"", ""rbi_mpr_2026_04_p055_c001"", ""rbi_mpr_2026_04_p023_c000"", ""rbi_mpr_2026_04_p078_c000"", ""rbi_mpr_2026_04_p013_c000""], ""candidate_union_pages"": [87, 83, 82, 83, 92, 81, 83, 83, 94, 5, 101, 81, 82, 115, 115, 81, 86, 102, 115, 115, 101, 84, 79, 94, 87, 92, 99, 80, 94, 82, 83, 95, 107, 107, 90, 94, 92, 95, 85, 84, 91, 84, 108, 91, 85, 82, 95, 102, 99, 102, 107, 42, 18, 59, 105, 20, 89, 42, 110, 103, 41, 69, 44, 89, 43, 77, 18, 81, 96, 47, 66, 104, 28, 14, 20, 88, 20, 99, 41, 27, 28, 73, 67, 96, 71, 81, 38, 71, 70, 56, 35, 58, 23, 55, 23, 78, 13], ""dense_candidate_ids"": [""rbi_mpr_2026_04_p087_c000"", ""rbi_mpr_2026_04_p083_c001"", ""rbi_mpr_2026_04_p082_c001"", ""rbi_mpr_2026_04_p083_c000"", ""rbi_mpr_2026_04_p092_c002"", ""rbi_mpr_2026_04_p081_c006"", ""rbi_mpr_2026_04_p083_c002"", ""rbi_mpr_2026_04_p083_c004"", ""rbi_mpr_2026_04_p094_c000"", ""rbi_mpr_2026_04_p005_c003"", ""rbi_mpr_2026_04_p101_c002"", ""rbi_mpr_2026_04_p081_c005"", ""rbi_mpr_2026_04_p082_c000"", ""rbi_mpr_2026_04_p115_c000"", ""rbi_mpr_2026_04_p115_c001"", ""rbi_mpr_2026_04_p081_c000"", ""rbi_mpr_2026_04_p086_c002"", ""rbi_mpr_2026_04_p102_c003"", ""rbi_mpr_2026_04_p115_c002"", ""rbi_mpr_2026_04_p115_c003"", ""rbi_mpr_2026_04_p101_c001"", ""rbi_mpr_2026_04_p084_c000"", ""rbi_mpr_2026_04_p079_c000"", ""rbi_mpr_2026_04_p094_c003"", ""rbi_mpr_2026_04_p087_c004"", ""rbi_mpr_2026_04_p092_c001"", ""rbi_mpr_2026_04_p099_c001"", ""rbi_mpr_2026_04_p080_c000"", ""rbi_mpr_2026_04_p094_c004"", ""rbi_mpr_2026_04_p082_c003"", ""rbi_mpr_2026_04_p083_c003"", ""rbi_mpr_2026_04_p095_c000"", ""rbi_mpr_2026_04_p107_c000"", ""rbi_mpr_2026_04_p107_c001"", ""rbi_mpr_2026_04_p090_c002"", ""rbi_mpr_2026_04_p094_c002"", ""rbi_mpr_2026_04_p092_c004"", ""rbi_mpr_2026_04_p095_c003"", ""rbi_mpr_2026_04_p085_c005"", ""rbi_mpr_2026_04_p084_c002"", ""rbi_mpr_2026_04_p091_c005"", ""rbi_mpr_2026_04_p084_c001"", ""rbi_mpr_2026_04_p108_c001"", ""rbi_mpr_2026_04_p091_c000"", ""rbi_mpr_2026_04_p085_c000"", ""rbi_mpr_2026_04_p082_c004"", ""rbi_mpr_2026_04_p095_c004"", ""rbi_mpr_2026_04_p102_c001"", ""rbi_mpr_2026_04_p099_c002"", ""rbi_mpr_2026_04_p102_c004""], ""dense_candidate_pages"": [87, 83, 82, 83, 92, 81, 83, 83, 94, 5, 101, 81, 82, 115, 115, 81, 86, 102, 115, 115, 101, 84, 79, 94, 87, 92, 99, 80, 94, 82, 83, 95, 107, 107, 90, 94, 92, 95, 85, 84, 91, 84, 108, 91, 85, 82, 95, 102, 99, 102], ""dense_candidate_scores"": [0.5221151764672263, 0.5133423942433808, 0.512697463167467, 0.4959232703412223, 0.49091087208836726, 0.4877405861433778, 0.4863966495849109, 0.4769327433391837, 0.4631461720164821, 0.4410634993265933, 0.43592554561202423, 0.43447518826106735, 0.4344614483884528, 0.42867097716523805, 0.4199065400173977, 0.4108505309715589, 0.4015737145863715, 0.399528918084017, 0.3927002435414334, 0.3926734381457805, 0.38421262689461255, 0.37786560653681156, 0.3765796640418956, 0.37398114224380496, 0.36728788552548686, 0.3625983742790738, 0.3602823206597031, 0.35826727983239726, 0.34712449602308715, 0.3439703523210773, 0.33892221354068497, 0.3337402163694221, 0.3317192328364762, 0.330205908093844, 0.32682653163339204, 0.3244564036073819, 0.32285680426584795, 0.322711861253819, 0.321976904509486, 0.3212011496157945, 0.32101241602816266, 0.31952408436669755, 0.3175969197185369, 0.3158953671504551, 0.3157456615445444, 0.3118646954399642, 0.30767327564925284, 0.30672358071175687, 0.30341619106856144, 0.2954243478007743], ""dense_first_evidence_rank"": 10, ""evidence_rank_after_reranking"": 4, ""evidence_rank_before_reranking"": 21, ""expected_evidence"": [""food group where the waning of base effects led to a turnaround from deflation""], ""loss_stage"": ""lost_by_quota"", ""report_id"": ""rbi_mpr_2026_04"", ""reranker_input_ids"": [""rbi_mpr_2026_04_p102_c003"", ""rbi_mpr_2026_04_p107_c001"", ""rbi_mpr_2026_04_p102_c004"", ""rbi_mpr_2026_04_p087_c000"", ""rbi_mpr_2026_04_p107_c004"", ""rbi_mpr_2026_04_p083_c001"", ""rbi_mpr_2026_04_p042_c001"", ""rbi_mpr_2026_04_p082_c001"", ""rbi_mpr_2026_04_p018_c002"", ""rbi_mpr_2026_04_p083_c000"", ""rbi_mpr_2026_04_p059_c000"", ""rbi_mpr_2026_04_p092_c002"", ""rbi_mpr_2026_04_p105_c000"", ""rbi_mpr_2026_04_p081_c006"", ""rbi_mpr_2026_04_p020_c002"", ""rbi_mpr_2026_04_p083_c002"", ""rbi_mpr_2026_04_p083_c004"", ""rbi_mpr_2026_04_p089_c003"", ""rbi_mpr_2026_04_p094_c000"", ""rbi_mpr_2026_04_p042_c002"", ""rbi_mpr_2026_04_p005_c003"", ""rbi_mpr_2026_04_p110_c003"", ""rbi_mpr_2026_04_p101_c002"", ""rbi_mpr_2026_04_p103_c000"", ""rbi_mpr_2026_04_p081_c005"", ""rbi_mpr_2026_04_p041_c001"", ""rbi_mpr_2026_04_p082_c000"", ""rbi_mpr_2026_04_p069_c003"", ""rbi_mpr_2026_04_p115_c000"", ""rbi_mpr_2026_04_p044_c000""], ""reranker_input_pages"": [102, 107, 102, 87, 107, 83, 42, 82, 18, 83, 59, 92, 105, 81, 20, 83, 83, 89, 94, 42, 5, 110, 101, 103, 81, 41, 82, 69, 115, 44], ""reranker_input_ranks"": [1, 2, 3, 4, 5, 6, 7, 8, 9, 10, 11, 12, 13, 14, 15, 16, 17, 18, 19, 20, 21, 22, 23, 24, 25, 26, 27, 28, 29, 30], ""reranker_output_ids"": [""rbi_mpr_2026_04_p082_c001"", ""rbi_mpr_2026_04_p094_c000"", ""rbi_mpr_2026_04_p102_c003"", ""rbi_mpr_2026_04_p005_c003"", ""rbi_mpr_2026_04_p115_c000"", ""rbi_mpr_2026_04_p083_c002"", ""rbi_mpr_2026_04_p081_c006"", ""rbi_mpr_2026_04_p087_c000"", ""rbi_mpr_2026_04_p101_c002"", ""rbi_mpr_2026_04_p103_c000"", ""rbi_mpr_2026_04_p083_c000"", ""rbi_mpr_2026_04_p082_c000"", ""rbi_mpr_2026_04_p083_c004"", ""rbi_mpr_2026_04_p102_c004"", ""rbi_mpr_2026_04_p092_c002"", ""rbi_mpr_2026_04_p105_c000"", ""rbi_mpr_2026_04_p107_c001"", ""rbi_mpr_2026_04_p044_c000"", ""rbi_mpr_2026_04_p107_c004"", ""rbi_mpr_2026_04_p081_c005"", ""rbi_mpr_2026_04_p041_c001"", ""rbi_mpr_2026_04_p089_c003"", ""rbi_mpr_2026_04_p083_c001"", ""rbi_mpr_2026_04_p020_c002"", ""rbi_mpr_2026_04_p069_c003"", ""rbi_mpr_2026_04_p110_c003"", ""rbi_mpr_2026_04_p059_c000"", ""rbi_mpr_2026_04_p042_c001"", ""rbi_mpr_2026_04_p042_c002"", ""rbi_mpr_2026_04_p018_c002""], ""reranker_output_pages"": [82, 94, 102, 5, 115, 83, 81, 87, 101, 103, 83, 82, 83, 102, 92, 105, 107, 44, 107, 81, 41, 89, 83, 20, 69, 110, 59, 42, 42, 18], ""reranker_scores"": [-2.4697272777557373, -2.929943799972534, -3.0924746990203857, -3.910236358642578, -3.9199018478393555, -3.9205260276794434, -4.1025495529174805, -4.187470436096191, -4.482076168060303, -5.057406425476074, -5.11746883392334, -5.488027095794678, -5.644495487213135, -5.833172798156738, -5.933422088623047, -6.216806411743164, -6.416073799133301, -8.685993194580078, -8.94779109954834, -8.976136207580566, -9.072712898254395, -9.568716049194336, -9.705387115478516, -9.980682373046875, -10.029913902282715, -10.238494873046875, -10.507676124572754, -10.667410850524902, -10.760990142822266, -11.051362991333008], ""rrf_candidate_ids"": [""rbi_mpr_2026_04_p102_c003"", ""rbi_mpr_2026_04_p107_c001"", ""rbi_mpr_2026_04_p102_c004"", ""rbi_mpr_2026_04_p087_c000"", ""rbi_mpr_2026_04_p107_c004"", ""rbi_mpr_2026_04_p083_c001"", ""rbi_mpr_2026_04_p042_c001"", ""rbi_mpr_2026_04_p082_c001"", ""rbi_mpr_2026_04_p018_c002"", ""rbi_mpr_2026_04_p083_c000"", ""rbi_mpr_2026_04_p059_c000"", ""rbi_mpr_2026_04_p092_c002"", ""rbi_mpr_2026_04_p105_c000"", ""rbi_mpr_2026_04_p081_c006"", ""rbi_mpr_2026_04_p020_c002"", ""rbi_mpr_2026_04_p083_c002"", ""rbi_mpr_2026_04_p083_c004"", ""rbi_mpr_2026_04_p089_c003"", ""rbi_mpr_2026_04_p094_c000"", ""rbi_mpr_2026_04_p042_c002"", ""rbi_mpr_2026_04_p005_c003"", ""rbi_mpr_2026_04_p110_c003"", ""rbi_mpr_2026_04_p101_c002"", ""rbi_mpr_2026_04_p103_c000"", ""rbi_mpr_2026_04_p081_c005"", ""rbi_mpr_2026_04_p041_c001"", ""rbi_mpr_2026_04_p082_c000"", ""rbi_mpr_2026_04_p069_c003"", ""rbi_mpr_2026_04_p115_c000"", ""rbi_mpr_2026_04_p044_c000""], ""rrf_candidate_pages"": [102, 107, 102, 87, 107, 83, 42, 82, 18, 83, 59, 92, 105, 81, 20, 83, 83, 89, 94, 42, 5, 110, 101, 103, 81, 41, 82, 69, 115, 44], ""rrf_first_evidence_rank"": 21, ""rrf_scores"": [0.027745885954841176, 0.022132550745903645, 0.019294990723562153, 0.01639344262295082, 0.01639344262295082, 0.016129032258064516, 0.016129032258064516, 0.015873015873015872, 0.015873015873015872, 0.015625, 0.015625, 0.015384615384615385, 0.015384615384615385, 0.015151515151515152, 0.015151515151515152, 0.014925373134328358, 0.014705882352941176, 0.014705882352941176, 0.014492753623188406, 0.014492753623188406, 0.014285714285714285, 0.014285714285714285, 0.014084507042253521, 0.014084507042253521, 0.013888888888888888, 0.013888888888888888, 0.0136986301369863, 0.0136986301369863, 0.013513513513513514, 0.013513513513513514], ""selected_chunk_ids_after_dedup"": [""rbi_mpr_2026_04_p082_c001"", ""rbi_mpr_2026_04_p094_c000""], ""selected_chunk_ids_before_dedup"": [""rbi_mpr_2026_04_p082_c001"", ""rbi_mpr_2026_04_p094_c000""], ""selected_pages"": [82, 94]}}","{""rbi_mpr_2025_04"": false, ""rbi_mpr_2025_10"": false, ""rbi_mpr_2026_04"": false}","{""rbi_mpr_2025_04"": 0.0, ""rbi_mpr_2025_10"": 0.0, ""rbi_mpr_2026_04"": 0.0}",[],[],0.1306999911321327,trend_all_reports,trend_dev_001,[],0.0,"{""rbi_mpr_2025_04"": 2, ""rbi_mpr_2025_10"": 2, ""rbi_mpr_2026_04"": 2}",1.0,"[""rbi_mpr_2025_04"", ""rbi_mpr_2025_10"", ""rbi_mpr_2026_04""]",5958.672799999476,0.11550000635907054,5870,6,0.004299989086575806,dev,6066.7289000120945,6
False,7.956999994348735,0.5152999947313219,False,04a5ce7716e7f739c55089569953118657c56d931da37da67b3f680d0125b949,0,0.036900004488416016,bf7cf18e02abb87a6e22fe9b686d8f93fa34ceb3f67abc575741c0a63080b56d,0.3772000054595992,95.93370000948198,0,2039,0.0,[],RRF_K60,[],0.37910000537522137,d063b65fcefc1858e3315b9e67356a80310b8ae9b4d0864e98dd7c18d8553c1a,0.0,Trace the policy-rate or policy-action evidence across all three reports.,Trace the policy-rate or policy-action evidence across all three reports.,"{""rbi_mpr_2025_04"": {""accepted_evidence_found"": false, ""accepted_pages"": [12], ""bm25_candidate_ids"": [""rbi_mpr_2025_04_p028_c001"", ""rbi_mpr_2025_04_p029_c003"", ""rbi_mpr_2025_04_p028_c000"", ""rbi_mpr_2025_04_p029_c002"", ""rbi_mpr_2025_04_p111_c001"", ""rbi_mpr_2025_04_p073_c003"", ""rbi_mpr_2025_04_p060_c000"", ""rbi_mpr_2025_04_p016_c000"", ""rbi_mpr_2025_04_p050_c000"", ""rbi_mpr_2025_04_p028_c002"", ""rbi_mpr_2025_04_p019_c001"", ""rbi_mpr_2025_04_p074_c000"", ""rbi_mpr_2025_04_p041_c000"", ""rbi_mpr_2025_04_p085_c000"", ""rbi_mpr_2025_04_p044_c002"", ""rbi_mpr_2025_04_p015_c002"", ""rbi_mpr_2025_04_p085_c001"", ""rbi_mpr_2025_04_p041_c001"", ""rbi_mpr_2025_04_p110_c000"", ""rbi_mpr_2025_04_p110_c001"", ""rbi_mpr_2025_04_p015_c001"", ""rbi_mpr_2025_04_p027_c000"", ""rbi_mpr_2025_04_p088_c000"", ""rbi_mpr_2025_04_p055_c000"", ""rbi_mpr_2025_04_p044_c001"", ""rbi_mpr_2025_04_p091_c000"", ""rbi_mpr_2025_04_p005_c001"", ""rbi_mpr_2025_04_p070_c002"", ""rbi_mpr_2025_04_p038_c002"", ""rbi_mpr_2025_04_p027_c001"", ""rbi_mpr_2025_04_p018_c000"", ""rbi_mpr_2025_04_p027_c002"", ""rbi_mpr_2025_04_p039_c002"", ""rbi_mpr_2025_04_p028_c003"", ""rbi_mpr_2025_04_p037_c000"", ""rbi_mpr_2025_04_p020_c000"", ""rbi_mpr_2025_04_p069_c003"", ""rbi_mpr_2025_04_p029_c004"", ""rbi_mpr_2025_04_p016_c003"", ""rbi_mpr_2025_04_p038_c000"", ""rbi_mpr_2025_04_p079_c001"", ""rbi_mpr_2025_04_p107_c001"", ""rbi_mpr_2025_04_p040_c000"", ""rbi_mpr_2025_04_p071_c001"", ""rbi_mpr_2025_04_p108_c000"", ""rbi_mpr_2025_04_p061_c000"", ""rbi_mpr_2025_04_p109_c003"", ""rbi_mpr_2025_04_p016_c002"", ""rbi_mpr_2025_04_p079_c000"", ""rbi_mpr_2025_04_p109_c000""], ""bm25_candidate_pages"": [28, 29, 28, 29, 111, 73, 60, 16, 50, 28, 19, 74, 41, 85, 44, 15, 85, 41, 110, 110, 15, 27, 88, 55, 44, 91, 5, 70, 38, 27, 18, 27, 39, 28, 37, 20, 69, 29, 16, 38, 79, 107, 40, 71, 108, 61, 109, 16, 79, 109], ""bm25_candidate_scores"": [null, null, null, null, null, null, null, null, null, null, null, null, null, null, null, null, null, null, null, null, null, null, null, null, null, null, null, null, null, null, null, null, null, null, null, null, null, null, null, null, null, null, null, null, null, null, null, null, null, null], ""bm25_first_evidence_rank"": null, ""candidate_source_expansion"": {""rbi_mpr_2025_04_p005_c001"": [], ""rbi_mpr_2025_04_p008_c001"": [], ""rbi_mpr_2025_04_p013_c003"": [], ""rbi_mpr_2025_04_p015_c001"": [], ""rbi_mpr_2025_04_p015_c002"": [], ""rbi_mpr_2025_04_p015_c004"": [], ""rbi_mpr_2025_04_p016_c000"": [], ""rbi_mpr_2025_04_p016_c002"": [], ""rbi_mpr_2025_04_p016_c003"": [], ""rbi_mpr_2025_04_p017_c003"": [], ""rbi_mpr_2025_04_p018_c000"": [], ""rbi_mpr_2025_04_p018_c003"": [], ""rbi_mpr_2025_04_p019_c001"": [], ""rbi_mpr_2025_04_p019_c003"": [], ""rbi_mpr_2025_04_p020_c000"": [], ""rbi_mpr_2025_04_p020_c002"": [], ""rbi_mpr_2025_04_p026_c003"": [], ""rbi_mpr_2025_04_p027_c000"": [], ""rbi_mpr_2025_04_p027_c001"": [], ""rbi_mpr_2025_04_p027_c002"": [], ""rbi_mpr_2025_04_p028_c000"": [], ""rbi_mpr_2025_04_p028_c001"": [], ""rbi_mpr_2025_04_p028_c002"": [], ""rbi_mpr_2025_04_p028_c003"": [], ""rbi_mpr_2025_04_p029_c002"": [], ""rbi_mpr_2025_04_p029_c003"": [], ""rbi_mpr_2025_04_p029_c004"": [], ""rbi_mpr_2025_04_p030_c003"": [], ""rbi_mpr_2025_04_p030_c004"": [], ""rbi_mpr_2025_04_p031_c002"": [], ""rbi_mpr_2025_04_p031_c003"": [], ""rbi_mpr_2025_04_p037_c000"": [], ""rbi_mpr_2025_04_p038_c000"": [], ""rbi_mpr_2025_04_p038_c002"": [], ""rbi_mpr_2025_04_p039_c002"": [], ""rbi_mpr_2025_04_p039_c004"": [], ""rbi_mpr_2025_04_p040_c000"": [], ""rbi_mpr_2025_04_p040_c003"": [], ""rbi_mpr_2025_04_p041_c000"": [], ""rbi_mpr_2025_04_p041_c001"": [], ""rbi_mpr_2025_04_p041_c002"": [], ""rbi_mpr_2025_04_p041_c003"": [], ""rbi_mpr_2025_04_p042_c003"": [], ""rbi_mpr_2025_04_p044_c001"": [], ""rbi_mpr_2025_04_p044_c002"": [], ""rbi_mpr_2025_04_p047_c002"": [], ""rbi_mpr_2025_04_p048_c000"": [], ""rbi_mpr_2025_04_p049_c000"": [], ""rbi_mpr_2025_04_p050_c000"": [], ""rbi_mpr_2025_04_p050_c002"": [], ""rbi_mpr_2025_04_p051_c002"": [], ""rbi_mpr_2025_04_p052_c000"": [], ""rbi_mpr_2025_04_p053_c000"": [], ""rbi_mpr_2025_04_p053_c002"": [], ""rbi_mpr_2025_04_p055_c000"": [], ""rbi_mpr_2025_04_p056_c001"": [], ""rbi_mpr_2025_04_p060_c000"": [], ""rbi_mpr_2025_04_p061_c000"": [], ""rbi_mpr_2025_04_p064_c000"": [], ""rbi_mpr_2025_04_p066_c000"": [], ""rbi_mpr_2025_04_p068_c000"": [], ""rbi_mpr_2025_04_p069_c003"": [], ""rbi_mpr_2025_04_p070_c002"": [], ""rbi_mpr_2025_04_p071_c001"": [], ""rbi_mpr_2025_04_p073_c003"": [], ""rbi_mpr_2025_04_p074_c000"": [], ""rbi_mpr_2025_04_p075_c001"": [], ""rbi_mpr_2025_04_p075_c002"": [], ""rbi_mpr_2025_04_p076_c005"": [], ""rbi_mpr_2025_04_p077_c002"": [], ""rbi_mpr_2025_04_p078_c003"": [], ""rbi_mpr_2025_04_p079_c000"": [], ""rbi_mpr_2025_04_p079_c001"": [], ""rbi_mpr_2025_04_p085_c000"": [], ""rbi_mpr_2025_04_p085_c001"": [], ""rbi_mpr_2025_04_p085_c002"": [], ""rbi_mpr_2025_04_p088_c000"": [], ""rbi_mpr_2025_04_p091_c000"": [], ""rbi_mpr_2025_04_p094_c000"": [], ""rbi_mpr_2025_04_p094_c002"": [], ""rbi_mpr_2025_04_p094_c003"": [], ""rbi_mpr_2025_04_p103_c003"": [], ""rbi_mpr_2025_04_p107_c000"": [], ""rbi_mpr_2025_04_p107_c001"": [], ""rbi_mpr_2025_04_p107_c002"": [], ""rbi_mpr_2025_04_p108_c000"": [], ""rbi_mpr_2025_04_p108_c003"": [], ""rbi_mpr_2025_04_p109_c000"": [], ""rbi_mpr_2025_04_p109_c003"": [], ""rbi_mpr_2025_04_p110_c000"": [], ""rbi_mpr_2025_04_p110_c001"": [], ""rbi_mpr_2025_04_p111_c001"": [], ""rbi_mpr_2025_04_p112_c000"": [], ""rbi_mpr_2025_04_p112_c001"": [], ""rbi_mpr_2025_04_p113_c003"": [], ""rbi_mpr_2025_10_p008_c000"": [], ""rbi_mpr_2025_10_p008_c001"": [], ""rbi_mpr_2025_10_p009_c005"": [], ""rbi_mpr_2025_10_p010_c001"": [], ""rbi_mpr_2025_10_p010_c002"": [], ""rbi_mpr_2025_10_p011_c001"": [], ""rbi_mpr_2025_10_p011_c003"": [], ""rbi_mpr_2025_10_p011_c004"": [], ""rbi_mpr_2025_10_p011_c005"": [], ""rbi_mpr_2025_10_p014_c000"": [], ""rbi_mpr_2025_10_p014_c001"": [], ""rbi_mpr_2025_10_p014_c003"": [], ""rbi_mpr_2025_10_p015_c002"": [], ""rbi_mpr_2025_10_p015_c003"": [], ""rbi_mpr_2025_10_p016_c000"": [], ""rbi_mpr_2025_10_p016_c002"": [], ""rbi_mpr_2025_10_p016_c003"": [], ""rbi_mpr_2025_10_p017_c003"": [], ""rbi_mpr_2025_10_p019_c000"": [], ""rbi_mpr_2025_10_p019_c002"": [], ""rbi_mpr_2025_10_p019_c003"": [], ""rbi_mpr_2025_10_p020_c000"": [], ""rbi_mpr_2025_10_p020_c002"": [], ""rbi_mpr_2025_10_p021_c000"": [], ""rbi_mpr_2025_10_p021_c001"": [], ""rbi_mpr_2025_10_p025_c003"": [], ""rbi_mpr_2025_10_p027_c001"": [], ""rbi_mpr_2025_10_p027_c002"": [], ""rbi_mpr_2025_10_p028_c000"": [], ""rbi_mpr_2025_10_p032_c003"": [], ""rbi_mpr_2025_10_p033_c000"": [], ""rbi_mpr_2025_10_p033_c001"": [], ""rbi_mpr_2025_10_p033_c004"": [], ""rbi_mpr_2025_10_p034_c003"": [], ""rbi_mpr_2025_10_p034_c004"": [], ""rbi_mpr_2025_10_p034_c005"": [], ""rbi_mpr_2025_10_p035_c000"": [], ""rbi_mpr_2025_10_p035_c001"": [], ""rbi_mpr_2025_10_p035_c002"": [], ""rbi_mpr_2025_10_p036_c000"": [], ""rbi_mpr_2025_10_p036_c001"": [], ""rbi_mpr_2025_10_p040_c001"": [], ""rbi_mpr_2025_10_p040_c002"": [], ""rbi_mpr_2025_10_p041_c000"": [], ""rbi_mpr_2025_10_p041_c004"": [], ""rbi_mpr_2025_10_p042_c002"": [], ""rbi_mpr_2025_10_p042_c003"": [], ""rbi_mpr_2025_10_p044_c000"": [], ""rbi_mpr_2025_10_p045_c000"": [], ""rbi_mpr_2025_10_p047_c001"": [], ""rbi_mpr_2025_10_p049_c002"": [], ""rbi_mpr_2025_10_p051_c001"": [], ""rbi_mpr_2025_10_p051_c002"": [], ""rbi_mpr_2025_10_p051_c003"": [], ""rbi_mpr_2025_10_p055_c001"": [], ""rbi_mpr_2025_10_p055_c002"": [], ""rbi_mpr_2025_10_p055_c003"": [], ""rbi_mpr_2025_10_p055_c004"": [], ""rbi_mpr_2025_10_p056_c002"": [], ""rbi_mpr_2025_10_p057_c000"": [], ""rbi_mpr_2025_10_p059_c000"": [], ""rbi_mpr_2025_10_p059_c001"": [], ""rbi_mpr_2025_10_p061_c004"": [], ""rbi_mpr_2025_10_p065_c004"": [], ""rbi_mpr_2025_10_p069_c004"": [], ""rbi_mpr_2025_10_p070_c001"": [], ""rbi_mpr_2025_10_p070_c002"": [], ""rbi_mpr_2025_10_p070_c003"": [], ""rbi_mpr_2025_10_p071_c000"": [], ""rbi_mpr_2025_10_p071_c003"": [], ""rbi_mpr_2025_10_p073_c002"": [], ""rbi_mpr_2025_10_p073_c003"": [], ""rbi_mpr_2025_10_p075_c000"": [], ""rbi_mpr_2025_10_p076_c000"": [], ""rbi_mpr_2025_10_p076_c001"": [], ""rbi_mpr_2025_10_p076_c003"": [], ""rbi_mpr_2025_10_p083_c000"": [], ""rbi_mpr_2025_10_p083_c001"": [], ""rbi_mpr_2025_10_p084_c003"": [], ""rbi_mpr_2025_10_p085_c001"": [], ""rbi_mpr_2025_10_p086_c000"": [], ""rbi_mpr_2025_10_p086_c002"": [], ""rbi_mpr_2025_10_p090_c000"": [], ""rbi_mpr_2025_10_p091_c000"": [], ""rbi_mpr_2025_10_p093_c003"": [], ""rbi_mpr_2025_10_p101_c000"": [], ""rbi_mpr_2025_10_p102_c001"": [], ""rbi_mpr_2025_10_p103_c000"": [], ""rbi_mpr_2025_10_p103_c001"": [], ""rbi_mpr_2025_10_p103_c002"": [], ""rbi_mpr_2025_10_p103_c003"": [], ""rbi_mpr_2025_10_p104_c000"": [], ""rbi_mpr_2025_10_p104_c001"": [], ""rbi_mpr_2025_10_p106_c000"": [], ""rbi_mpr_2026_04_p010_c000"": [], ""rbi_mpr_2026_04_p014_c000"": [], ""rbi_mpr_2026_04_p017_c000"": [], ""rbi_mpr_2026_04_p017_c001"": [], ""rbi_mpr_2026_04_p018_c001"": [], ""rbi_mpr_2026_04_p018_c002"": [], ""rbi_mpr_2026_04_p020_c000"": [], ""rbi_mpr_2026_04_p020_c001"": [], ""rbi_mpr_2026_04_p020_c002"": [], ""rbi_mpr_2026_04_p020_c003"": [], ""rbi_mpr_2026_04_p021_c003"": [], ""rbi_mpr_2026_04_p023_c000"": [], ""rbi_mpr_2026_04_p023_c001"": [], ""rbi_mpr_2026_04_p030_c002"": [], ""rbi_mpr_2026_04_p030_c003"": [], ""rbi_mpr_2026_04_p031_c003"": [], ""rbi_mpr_2026_04_p032_c003"": [], ""rbi_mpr_2026_04_p035_c003"": [], ""rbi_mpr_2026_04_p038_c002"": [], ""rbi_mpr_2026_04_p042_c001"": [], ""rbi_mpr_2026_04_p043_c000"": [], ""rbi_mpr_2026_04_p044_c000"": [], ""rbi_mpr_2026_04_p044_c001"": [], ""rbi_mpr_2026_04_p047_c004"": [], ""rbi_mpr_2026_04_p049_c001"": [], ""rbi_mpr_2026_04_p050_c000"": [], ""rbi_mpr_2026_04_p050_c001"": [], ""rbi_mpr_2026_04_p050_c002"": [], ""rbi_mpr_2026_04_p055_c000"": [], ""rbi_mpr_2026_04_p057_c002"": [], ""rbi_mpr_2026_04_p058_c000"": [], ""rbi_mpr_2026_04_p058_c001"": [], ""rbi_mpr_2026_04_p058_c002"": [], ""rbi_mpr_2026_04_p058_c005"": [], ""rbi_mpr_2026_04_p060_c003"": [], ""rbi_mpr_2026_04_p062_c002"": [], ""rbi_mpr_2026_04_p062_c003"": [], ""rbi_mpr_2026_04_p063_c002"": [], ""rbi_mpr_2026_04_p063_c003"": [], ""rbi_mpr_2026_04_p064_c000"": [], ""rbi_mpr_2026_04_p064_c004"": [], ""rbi_mpr_2026_04_p065_c002"": [], ""rbi_mpr_2026_04_p066_c002"": [], ""rbi_mpr_2026_04_p067_c002"": [], ""rbi_mpr_2026_04_p069_c003"": [], ""rbi_mpr_2026_04_p070_c000"": [], ""rbi_mpr_2026_04_p070_c004"": [], ""rbi_mpr_2026_04_p071_c000"": [], ""rbi_mpr_2026_04_p073_c000"": [], ""rbi_mpr_2026_04_p074_c000"": [], ""rbi_mpr_2026_04_p076_c002"": [], ""rbi_mpr_2026_04_p076_c003"": [], ""rbi_mpr_2026_04_p077_c000"": [], ""rbi_mpr_2026_04_p077_c001"": [], ""rbi_mpr_2026_04_p079_c004"": [], ""rbi_mpr_2026_04_p080_c000"": [], ""rbi_mpr_2026_04_p080_c001"": [], ""rbi_mpr_2026_04_p080_c003"": [], ""rbi_mpr_2026_04_p081_c001"": [], ""rbi_mpr_2026_04_p081_c002"": [], ""rbi_mpr_2026_04_p081_c004"": [], ""rbi_mpr_2026_04_p081_c005"": [], ""rbi_mpr_2026_04_p082_c000"": [], ""rbi_mpr_2026_04_p082_c001"": [], ""rbi_mpr_2026_04_p082_c004"": [], ""rbi_mpr_2026_04_p083_c000"": [], ""rbi_mpr_2026_04_p083_c003"": [], ""rbi_mpr_2026_04_p083_c004"": [], ""rbi_mpr_2026_04_p085_c006"": [], ""rbi_mpr_2026_04_p087_c000"": [], ""rbi_mpr_2026_04_p088_c000"": [], ""rbi_mpr_2026_04_p090_c000"": [], ""rbi_mpr_2026_04_p091_c001"": [], ""rbi_mpr_2026_04_p091_c002"": [], ""rbi_mpr_2026_04_p093_c000"": [], ""rbi_mpr_2026_04_p093_c003"": [], ""rbi_mpr_2026_04_p096_c003"": [], ""rbi_mpr_2026_04_p099_c003"": [], ""rbi_mpr_2026_04_p102_c002"": [], ""rbi_mpr_2026_04_p102_c003"": [], ""rbi_mpr_2026_04_p102_c004"": [], ""rbi_mpr_2026_04_p103_c003"": [], ""rbi_mpr_2026_04_p103_c004"": [], ""rbi_mpr_2026_04_p105_c000"": [], ""rbi_mpr_2026_04_p105_c001"": [], ""rbi_mpr_2026_04_p107_c001"": [], ""rbi_mpr_2026_04_p107_c004"": [], ""rbi_mpr_2026_04_p108_c002"": [], ""rbi_mpr_2026_04_p109_c001"": [], ""rbi_mpr_2026_04_p111_c001"": [], ""rbi_mpr_2026_04_p111_c002"": [], ""rbi_mpr_2026_04_p113_c002"": [], ""rbi_mpr_2026_04_p114_c000"": []}, ""candidate_source_facet"": {""rbi_mpr_2025_04_p005_c001"": [], ""rbi_mpr_2025_04_p008_c001"": [], ""rbi_mpr_2025_04_p013_c003"": [], ""rbi_mpr_2025_04_p015_c001"": [], ""rbi_mpr_2025_04_p015_c002"": [], ""rbi_mpr_2025_04_p015_c004"": [], ""rbi_mpr_2025_04_p016_c000"": [], ""rbi_mpr_2025_04_p016_c002"": [], ""rbi_mpr_2025_04_p016_c003"": [], ""rbi_mpr_2025_04_p017_c003"": [], ""rbi_mpr_2025_04_p018_c000"": [], ""rbi_mpr_2025_04_p018_c003"": [], ""rbi_mpr_2025_04_p019_c001"": [], ""rbi_mpr_2025_04_p019_c003"": [], ""rbi_mpr_2025_04_p020_c000"": [], ""rbi_mpr_2025_04_p020_c002"": [], ""rbi_mpr_2025_04_p026_c003"": [], ""rbi_mpr_2025_04_p027_c000"": [], ""rbi_mpr_2025_04_p027_c001"": [], ""rbi_mpr_2025_04_p027_c002"": [], ""rbi_mpr_2025_04_p028_c000"": [], ""rbi_mpr_2025_04_p028_c001"": [], ""rbi_mpr_2025_04_p028_c002"": [], ""rbi_mpr_2025_04_p028_c003"": [], ""rbi_mpr_2025_04_p029_c002"": [], ""rbi_mpr_2025_04_p029_c003"": [], ""rbi_mpr_2025_04_p029_c004"": [], ""rbi_mpr_2025_04_p030_c003"": [], ""rbi_mpr_2025_04_p030_c004"": [], ""rbi_mpr_2025_04_p031_c002"": [], ""rbi_mpr_2025_04_p031_c003"": [], ""rbi_mpr_2025_04_p037_c000"": [], ""rbi_mpr_2025_04_p038_c000"": [], ""rbi_mpr_2025_04_p038_c002"": [], ""rbi_mpr_2025_04_p039_c002"": [], ""rbi_mpr_2025_04_p039_c004"": [], ""rbi_mpr_2025_04_p040_c000"": [], ""rbi_mpr_2025_04_p040_c003"": [], ""rbi_mpr_2025_04_p041_c000"": [], ""rbi_mpr_2025_04_p041_c001"": [], ""rbi_mpr_2025_04_p041_c002"": [], ""rbi_mpr_2025_04_p041_c003"": [], ""rbi_mpr_2025_04_p042_c003"": [], ""rbi_mpr_2025_04_p044_c001"": [], ""rbi_mpr_2025_04_p044_c002"": [], ""rbi_mpr_2025_04_p047_c002"": [], ""rbi_mpr_2025_04_p048_c000"": [], ""rbi_mpr_2025_04_p049_c000"": [], ""rbi_mpr_2025_04_p050_c000"": [], ""rbi_mpr_2025_04_p050_c002"": [], ""rbi_mpr_2025_04_p051_c002"": [], ""rbi_mpr_2025_04_p052_c000"": [], ""rbi_mpr_2025_04_p053_c000"": [], ""rbi_mpr_2025_04_p053_c002"": [], ""rbi_mpr_2025_04_p055_c000"": [], ""rbi_mpr_2025_04_p056_c001"": [], ""rbi_mpr_2025_04_p060_c000"": [], ""rbi_mpr_2025_04_p061_c000"": [], ""rbi_mpr_2025_04_p064_c000"": [], ""rbi_mpr_2025_04_p066_c000"": [], ""rbi_mpr_2025_04_p068_c000"": [], ""rbi_mpr_2025_04_p069_c003"": [], ""rbi_mpr_2025_04_p070_c002"": [], ""rbi_mpr_2025_04_p071_c001"": [], ""rbi_mpr_2025_04_p073_c003"": [], ""rbi_mpr_2025_04_p074_c000"": [], ""rbi_mpr_2025_04_p075_c001"": [], ""rbi_mpr_2025_04_p075_c002"": [], ""rbi_mpr_2025_04_p076_c005"": [], ""rbi_mpr_2025_04_p077_c002"": [], ""rbi_mpr_2025_04_p078_c003"": [], ""rbi_mpr_2025_04_p079_c000"": [], ""rbi_mpr_2025_04_p079_c001"": [], ""rbi_mpr_2025_04_p085_c000"": [], ""rbi_mpr_2025_04_p085_c001"": [], ""rbi_mpr_2025_04_p085_c002"": [], ""rbi_mpr_2025_04_p088_c000"": [], ""rbi_mpr_2025_04_p091_c000"": [], ""rbi_mpr_2025_04_p094_c000"": [], ""rbi_mpr_2025_04_p094_c002"": [], ""rbi_mpr_2025_04_p094_c003"": [], ""rbi_mpr_2025_04_p103_c003"": [], ""rbi_mpr_2025_04_p107_c000"": [], ""rbi_mpr_2025_04_p107_c001"": [], ""rbi_mpr_2025_04_p107_c002"": [], ""rbi_mpr_2025_04_p108_c000"": [], ""rbi_mpr_2025_04_p108_c003"": [], ""rbi_mpr_2025_04_p109_c000"": [], ""rbi_mpr_2025_04_p109_c003"": [], ""rbi_mpr_2025_04_p110_c000"": [], ""rbi_mpr_2025_04_p110_c001"": [], ""rbi_mpr_2025_04_p111_c001"": [], ""rbi_mpr_2025_04_p112_c000"": [], ""rbi_mpr_2025_04_p112_c001"": [], ""rbi_mpr_2025_04_p113_c003"": [], ""rbi_mpr_2025_10_p008_c000"": [], ""rbi_mpr_2025_10_p008_c001"": [], ""rbi_mpr_2025_10_p009_c005"": [], ""rbi_mpr_2025_10_p010_c001"": [], ""rbi_mpr_2025_10_p010_c002"": [], ""rbi_mpr_2025_10_p011_c001"": [], ""rbi_mpr_2025_10_p011_c003"": [], ""rbi_mpr_2025_10_p011_c004"": [], ""rbi_mpr_2025_10_p011_c005"": [], ""rbi_mpr_2025_10_p014_c000"": [], ""rbi_mpr_2025_10_p014_c001"": [], ""rbi_mpr_2025_10_p014_c003"": [], ""rbi_mpr_2025_10_p015_c002"": [], ""rbi_mpr_2025_10_p015_c003"": [], ""rbi_mpr_2025_10_p016_c000"": [], ""rbi_mpr_2025_10_p016_c002"": [], ""rbi_mpr_2025_10_p016_c003"": [], ""rbi_mpr_2025_10_p017_c003"": [], ""rbi_mpr_2025_10_p019_c000"": [], ""rbi_mpr_2025_10_p019_c002"": [], ""rbi_mpr_2025_10_p019_c003"": [], ""rbi_mpr_2025_10_p020_c000"": [], ""rbi_mpr_2025_10_p020_c002"": [], ""rbi_mpr_2025_10_p021_c000"": [], ""rbi_mpr_2025_10_p021_c001"": [], ""rbi_mpr_2025_10_p025_c003"": [], ""rbi_mpr_2025_10_p027_c001"": [], ""rbi_mpr_2025_10_p027_c002"": [], ""rbi_mpr_2025_10_p028_c000"": [], ""rbi_mpr_2025_10_p032_c003"": [], ""rbi_mpr_2025_10_p033_c000"": [], ""rbi_mpr_2025_10_p033_c001"": [], ""rbi_mpr_2025_10_p033_c004"": [], ""rbi_mpr_2025_10_p034_c003"": [], ""rbi_mpr_2025_10_p034_c004"": [], ""rbi_mpr_2025_10_p034_c005"": [], ""rbi_mpr_2025_10_p035_c000"": [], ""rbi_mpr_2025_10_p035_c001"": [], ""rbi_mpr_2025_10_p035_c002"": [], ""rbi_mpr_2025_10_p036_c000"": [], ""rbi_mpr_2025_10_p036_c001"": [], ""rbi_mpr_2025_10_p040_c001"": [], ""rbi_mpr_2025_10_p040_c002"": [], ""rbi_mpr_2025_10_p041_c000"": [], ""rbi_mpr_2025_10_p041_c004"": [], ""rbi_mpr_2025_10_p042_c002"": [], ""rbi_mpr_2025_10_p042_c003"": [], ""rbi_mpr_2025_10_p044_c000"": [], ""rbi_mpr_2025_10_p045_c000"": [], ""rbi_mpr_2025_10_p047_c001"": [], ""rbi_mpr_2025_10_p049_c002"": [], ""rbi_mpr_2025_10_p051_c001"": [], ""rbi_mpr_2025_10_p051_c002"": [], ""rbi_mpr_2025_10_p051_c003"": [], ""rbi_mpr_2025_10_p055_c001"": [], ""rbi_mpr_2025_10_p055_c002"": [], ""rbi_mpr_2025_10_p055_c003"": [], ""rbi_mpr_2025_10_p055_c004"": [], ""rbi_mpr_2025_10_p056_c002"": [], ""rbi_mpr_2025_10_p057_c000"": [], ""rbi_mpr_2025_10_p059_c000"": [], ""rbi_mpr_2025_10_p059_c001"": [], ""rbi_mpr_2025_10_p061_c004"": [], ""rbi_mpr_2025_10_p065_c004"": [], ""rbi_mpr_2025_10_p069_c004"": [], ""rbi_mpr_2025_10_p070_c001"": [], ""rbi_mpr_2025_10_p070_c002"": [], ""rbi_mpr_2025_10_p070_c003"": [], ""rbi_mpr_2025_10_p071_c000"": [], ""rbi_mpr_2025_10_p071_c003"": [], ""rbi_mpr_2025_10_p073_c002"": [], ""rbi_mpr_2025_10_p073_c003"": [], ""rbi_mpr_2025_10_p075_c000"": [], ""rbi_mpr_2025_10_p076_c000"": [], ""rbi_mpr_2025_10_p076_c001"": [], ""rbi_mpr_2025_10_p076_c003"": [], ""rbi_mpr_2025_10_p083_c000"": [], ""rbi_mpr_2025_10_p083_c001"": [], ""rbi_mpr_2025_10_p084_c003"": [], ""rbi_mpr_2025_10_p085_c001"": [], ""rbi_mpr_2025_10_p086_c000"": [], ""rbi_mpr_2025_10_p086_c002"": [], ""rbi_mpr_2025_10_p090_c000"": [], ""rbi_mpr_2025_10_p091_c000"": [], ""rbi_mpr_2025_10_p093_c003"": [], ""rbi_mpr_2025_10_p101_c000"": [], ""rbi_mpr_2025_10_p102_c001"": [], ""rbi_mpr_2025_10_p103_c000"": [], ""rbi_mpr_2025_10_p103_c001"": [], ""rbi_mpr_2025_10_p103_c002"": [], ""rbi_mpr_2025_10_p103_c003"": [], ""rbi_mpr_2025_10_p104_c000"": [], ""rbi_mpr_2025_10_p104_c001"": [], ""rbi_mpr_2025_10_p106_c000"": [], ""rbi_mpr_2026_04_p010_c000"": [], ""rbi_mpr_2026_04_p014_c000"": [], ""rbi_mpr_2026_04_p017_c000"": [], ""rbi_mpr_2026_04_p017_c001"": [], ""rbi_mpr_2026_04_p018_c001"": [], ""rbi_mpr_2026_04_p018_c002"": [], ""rbi_mpr_2026_04_p020_c000"": [], ""rbi_mpr_2026_04_p020_c001"": [], ""rbi_mpr_2026_04_p020_c002"": [], ""rbi_mpr_2026_04_p020_c003"": [], ""rbi_mpr_2026_04_p021_c003"": [], ""rbi_mpr_2026_04_p023_c000"": [], ""rbi_mpr_2026_04_p023_c001"": [], ""rbi_mpr_2026_04_p030_c002"": [], ""rbi_mpr_2026_04_p030_c003"": [], ""rbi_mpr_2026_04_p031_c003"": [], ""rbi_mpr_2026_04_p032_c003"": [], ""rbi_mpr_2026_04_p035_c003"": [], ""rbi_mpr_2026_04_p038_c002"": [], ""rbi_mpr_2026_04_p042_c001"": [], ""rbi_mpr_2026_04_p043_c000"": [], ""rbi_mpr_2026_04_p044_c000"": [], ""rbi_mpr_2026_04_p044_c001"": [], ""rbi_mpr_2026_04_p047_c004"": [], ""rbi_mpr_2026_04_p049_c001"": [], ""rbi_mpr_2026_04_p050_c000"": [], ""rbi_mpr_2026_04_p050_c001"": [], ""rbi_mpr_2026_04_p050_c002"": [], ""rbi_mpr_2026_04_p055_c000"": [], ""rbi_mpr_2026_04_p057_c002"": [], ""rbi_mpr_2026_04_p058_c000"": [], ""rbi_mpr_2026_04_p058_c001"": [], ""rbi_mpr_2026_04_p058_c002"": [], ""rbi_mpr_2026_04_p058_c005"": [], ""rbi_mpr_2026_04_p060_c003"": [], ""rbi_mpr_2026_04_p062_c002"": [], ""rbi_mpr_2026_04_p062_c003"": [], ""rbi_mpr_2026_04_p063_c002"": [], ""rbi_mpr_2026_04_p063_c003"": [], ""rbi_mpr_2026_04_p064_c000"": [], ""rbi_mpr_2026_04_p064_c004"": [], ""rbi_mpr_2026_04_p065_c002"": [], ""rbi_mpr_2026_04_p066_c002"": [], ""rbi_mpr_2026_04_p067_c002"": [], ""rbi_mpr_2026_04_p069_c003"": [], ""rbi_mpr_2026_04_p070_c000"": [], ""rbi_mpr_2026_04_p070_c004"": [], ""rbi_mpr_2026_04_p071_c000"": [], ""rbi_mpr_2026_04_p073_c000"": [], ""rbi_mpr_2026_04_p074_c000"": [], ""rbi_mpr_2026_04_p076_c002"": [], ""rbi_mpr_2026_04_p076_c003"": [], ""rbi_mpr_2026_04_p077_c000"": [], ""rbi_mpr_2026_04_p077_c001"": [], ""rbi_mpr_2026_04_p079_c004"": [], ""rbi_mpr_2026_04_p080_c000"": [], ""rbi_mpr_2026_04_p080_c001"": [], ""rbi_mpr_2026_04_p080_c003"": [], ""rbi_mpr_2026_04_p081_c001"": [], ""rbi_mpr_2026_04_p081_c002"": [], ""rbi_mpr_2026_04_p081_c004"": [], ""rbi_mpr_2026_04_p081_c005"": [], ""rbi_mpr_2026_04_p082_c000"": [], ""rbi_mpr_2026_04_p082_c001"": [], ""rbi_mpr_2026_04_p082_c004"": [], ""rbi_mpr_2026_04_p083_c000"": [], ""rbi_mpr_2026_04_p083_c003"": [], ""rbi_mpr_2026_04_p083_c004"": [], ""rbi_mpr_2026_04_p085_c006"": [], ""rbi_mpr_2026_04_p087_c000"": [], ""rbi_mpr_2026_04_p088_c000"": [], ""rbi_mpr_2026_04_p090_c000"": [], ""rbi_mpr_2026_04_p091_c001"": [], ""rbi_mpr_2026_04_p091_c002"": [], ""rbi_mpr_2026_04_p093_c000"": [], ""rbi_mpr_2026_04_p093_c003"": [], ""rbi_mpr_2026_04_p096_c003"": [], ""rbi_mpr_2026_04_p099_c003"": [], ""rbi_mpr_2026_04_p102_c002"": [], ""rbi_mpr_2026_04_p102_c003"": [], ""rbi_mpr_2026_04_p102_c004"": [], ""rbi_mpr_2026_04_p103_c003"": [], ""rbi_mpr_2026_04_p103_c004"": [], ""rbi_mpr_2026_04_p105_c000"": [], ""rbi_mpr_2026_04_p105_c001"": [], ""rbi_mpr_2026_04_p107_c001"": [], ""rbi_mpr_2026_04_p107_c004"": [], ""rbi_mpr_2026_04_p108_c002"": [], ""rbi_mpr_2026_04_p109_c001"": [], ""rbi_mpr_2026_04_p111_c001"": [], ""rbi_mpr_2026_04_p111_c002"": [], ""rbi_mpr_2026_04_p113_c002"": [], ""rbi_mpr_2026_04_p114_c000"": []}, ""candidate_source_query"": {""rbi_mpr_2025_04_p005_c001"": [""Trace the policy-rate or policy-action evidence across all three reports.""], ""rbi_mpr_2025_04_p008_c001"": [""Trace the policy-rate or policy-action evidence across all three reports.""], ""rbi_mpr_2025_04_p013_c003"": [""Trace the policy-rate or policy-action evidence across all three reports.""], ""rbi_mpr_2025_04_p015_c001"": [""Trace the policy-rate or policy-action evidence across all three reports.""], ""rbi_mpr_2025_04_p015_c002"": [""Trace the policy-rate or policy-action evidence across all three reports.""], ""rbi_mpr_2025_04_p015_c004"": [""Trace the policy-rate or policy-action evidence across all three reports.""], ""rbi_mpr_2025_04_p016_c000"": [""Trace the policy-rate or policy-action evidence across all three reports.""], ""rbi_mpr_2025_04_p016_c002"": [""Trace the policy-rate or policy-action evidence across all three reports.""], ""rbi_mpr_2025_04_p016_c003"": [""Trace the policy-rate or policy-action evidence across all three reports.""], ""rbi_mpr_2025_04_p017_c003"": [""Trace the policy-rate or policy-action evidence across all three reports.""], ""rbi_mpr_2025_04_p018_c000"": [""Trace the policy-rate or policy-action evidence across all three reports.""], ""rbi_mpr_2025_04_p018_c003"": [""Trace the policy-rate or policy-action evidence across all three reports.""], ""rbi_mpr_2025_04_p019_c001"": [""Trace the policy-rate or policy-action evidence across all three reports.""], ""rbi_mpr_2025_04_p019_c003"": [""Trace the policy-rate or policy-action evidence across all three reports.""], ""rbi_mpr_2025_04_p020_c000"": [""Trace the policy-rate or policy-action evidence across all three reports.""], ""rbi_mpr_2025_04_p020_c002"": [""Trace the policy-rate or policy-action evidence across all three reports.""], ""rbi_mpr_2025_04_p026_c003"": [""Trace the policy-rate or policy-action evidence across all three reports.""], ""rbi_mpr_2025_04_p027_c000"": [""Trace the policy-rate or policy-action evidence across all three reports.""], ""rbi_mpr_2025_04_p027_c001"": [""Trace the policy-rate or policy-action evidence across all three reports.""], ""rbi_mpr_2025_04_p027_c002"": [""Trace the policy-rate or policy-action evidence across all three reports.""], ""rbi_mpr_2025_04_p028_c000"": [""Trace the policy-rate or policy-action evidence across all three reports.""], ""rbi_mpr_2025_04_p028_c001"": [""Trace the policy-rate or policy-action evidence across all three reports.""], ""rbi_mpr_2025_04_p028_c002"": [""Trace the policy-rate or policy-action evidence across all three reports.""], ""rbi_mpr_2025_04_p028_c003"": [""Trace the policy-rate or policy-action evidence across all three reports.""], ""rbi_mpr_2025_04_p029_c002"": [""Trace the policy-rate or policy-action evidence across all three reports.""], ""rbi_mpr_2025_04_p029_c003"": [""Trace the policy-rate or policy-action evidence across all three reports.""], ""rbi_mpr_2025_04_p029_c004"": [""Trace the policy-rate or policy-action evidence across all three reports.""], ""rbi_mpr_2025_04_p030_c003"": [""Trace the policy-rate or policy-action evidence across all three reports.""], ""rbi_mpr_2025_04_p030_c004"": [""Trace the policy-rate or policy-action evidence across all three reports.""], ""rbi_mpr_2025_04_p031_c002"": [""Trace the policy-rate or policy-action evidence across all three reports.""], ""rbi_mpr_2025_04_p031_c003"": [""Trace the policy-rate or policy-action evidence across all three reports.""], ""rbi_mpr_2025_04_p037_c000"": [""Trace the policy-rate or policy-action evidence across all three reports.""], ""rbi_mpr_2025_04_p038_c000"": [""Trace the policy-rate or policy-action evidence across all three reports.""], ""rbi_mpr_2025_04_p038_c002"": [""Trace the policy-rate or policy-action evidence across all three reports.""], ""rbi_mpr_2025_04_p039_c002"": [""Trace the policy-rate or policy-action evidence across all three reports.""], ""rbi_mpr_2025_04_p039_c004"": [""Trace the policy-rate or policy-action evidence across all three reports.""], ""rbi_mpr_2025_04_p040_c000"": [""Trace the policy-rate or policy-action evidence across all three reports.""], ""rbi_mpr_2025_04_p040_c003"": [""Trace the policy-rate or policy-action evidence across all three reports.""], ""rbi_mpr_2025_04_p041_c000"": [""Trace the policy-rate or policy-action evidence across all three reports.""], ""rbi_mpr_2025_04_p041_c001"": [""Trace the policy-rate or policy-action evidence across all three reports.""], ""rbi_mpr_2025_04_p041_c002"": [""Trace the policy-rate or policy-action evidence across all three reports.""], ""rbi_mpr_2025_04_p041_c003"": [""Trace the policy-rate or policy-action evidence across all three reports.""], ""rbi_mpr_2025_04_p042_c003"": [""Trace the policy-rate or policy-action evidence across all three reports.""], ""rbi_mpr_2025_04_p044_c001"": [""Trace the policy-rate or policy-action evidence across all three reports.""], ""rbi_mpr_2025_04_p044_c002"": [""Trace the policy-rate or policy-action evidence across all three reports.""], ""rbi_mpr_2025_04_p047_c002"": [""Trace the policy-rate or policy-action evidence across all three reports.""], ""rbi_mpr_2025_04_p048_c000"": [""Trace the policy-rate or policy-action evidence across all three reports.""], ""rbi_mpr_2025_04_p049_c000"": [""Trace the policy-rate or policy-action evidence across all three reports.""], ""rbi_mpr_2025_04_p050_c000"": [""Trace the policy-rate or policy-action evidence across all three reports.""], ""rbi_mpr_2025_04_p050_c002"": [""Trace the policy-rate or policy-action evidence across all three reports.""], ""rbi_mpr_2025_04_p051_c002"": [""Trace the policy-rate or policy-action evidence across all three reports.""], ""rbi_mpr_2025_04_p052_c000"": [""Trace the policy-rate or policy-action evidence across all three reports.""], ""rbi_mpr_2025_04_p053_c000"": [""Trace the policy-rate or policy-action evidence across all three reports.""], ""rbi_mpr_2025_04_p053_c002"": [""Trace the policy-rate or policy-action evidence across all three reports.""], ""rbi_mpr_2025_04_p055_c000"": [""Trace the policy-rate or policy-action evidence across all three reports.""], ""rbi_mpr_2025_04_p056_c001"": [""Trace the policy-rate or policy-action evidence across all three reports.""], ""rbi_mpr_2025_04_p060_c000"": [""Trace the policy-rate or policy-action evidence across all three reports.""], ""rbi_mpr_2025_04_p061_c000"": [""Trace the policy-rate or policy-action evidence across all three reports.""], ""rbi_mpr_2025_04_p064_c000"": [""Trace the policy-rate or policy-action evidence across all three reports.""], ""rbi_mpr_2025_04_p066_c000"": [""Trace the policy-rate or policy-action evidence across all three reports.""], ""rbi_mpr_2025_04_p068_c000"": [""Trace the policy-rate or policy-action evidence across all three reports.""], ""rbi_mpr_2025_04_p069_c003"": [""Trace the policy-rate or policy-action evidence across all three reports.""], ""rbi_mpr_2025_04_p070_c002"": [""Trace the policy-rate or policy-action evidence across all three reports.""], ""rbi_mpr_2025_04_p071_c001"": [""Trace the policy-rate or policy-action evidence across all three reports.""], ""rbi_mpr_2025_04_p073_c003"": [""Trace the policy-rate or policy-action evidence across all three reports.""], ""rbi_mpr_2025_04_p074_c000"": [""Trace the policy-rate or policy-action evidence across all three reports.""], ""rbi_mpr_2025_04_p075_c001"": [""Trace the policy-rate or policy-action evidence across all three reports.""], ""rbi_mpr_2025_04_p075_c002"": [""Trace the policy-rate or policy-action evidence across all three reports.""], ""rbi_mpr_2025_04_p076_c005"": [""Trace the policy-rate or policy-action evidence across all three reports.""], ""rbi_mpr_2025_04_p077_c002"": [""Trace the policy-rate or policy-action evidence across all three reports.""], ""rbi_mpr_2025_04_p078_c003"": [""Trace the policy-rate or policy-action evidence across all three reports.""], ""rbi_mpr_2025_04_p079_c000"": [""Trace the policy-rate or policy-action evidence across all three reports.""], ""rbi_mpr_2025_04_p079_c001"": [""Trace the policy-rate or policy-action evidence across all three reports.""], ""rbi_mpr_2025_04_p085_c000"": [""Trace the policy-rate or policy-action evidence across all three reports.""], ""rbi_mpr_2025_04_p085_c001"": [""Trace the policy-rate or policy-action evidence across all three reports.""], ""rbi_mpr_2025_04_p085_c002"": [""Trace the policy-rate or policy-action evidence across all three reports.""], ""rbi_mpr_2025_04_p088_c000"": [""Trace the policy-rate or policy-action evidence across all three reports.""], ""rbi_mpr_2025_04_p091_c000"": [""Trace the policy-rate or policy-action evidence across all three reports.""], ""rbi_mpr_2025_04_p094_c000"": [""Trace the policy-rate or policy-action evidence across all three reports.""], ""rbi_mpr_2025_04_p094_c002"": [""Trace the policy-rate or policy-action evidence across all three reports.""], ""rbi_mpr_2025_04_p094_c003"": [""Trace the policy-rate or policy-action evidence across all three reports.""], ""rbi_mpr_2025_04_p103_c003"": [""Trace the policy-rate or policy-action evidence across all three reports.""], ""rbi_mpr_2025_04_p107_c000"": [""Trace the policy-rate or policy-action evidence across all three reports.""], ""rbi_mpr_2025_04_p107_c001"": [""Trace the policy-rate or policy-action evidence across all three reports.""], ""rbi_mpr_2025_04_p107_c002"": [""Trace the policy-rate or policy-action evidence across all three reports.""], ""rbi_mpr_2025_04_p108_c000"": [""Trace the policy-rate or policy-action evidence across all three reports.""], ""rbi_mpr_2025_04_p108_c003"": [""Trace the policy-rate or policy-action evidence across all three reports.""], ""rbi_mpr_2025_04_p109_c000"": [""Trace the policy-rate or policy-action evidence across all three reports.""], ""rbi_mpr_2025_04_p109_c003"": [""Trace the policy-rate or policy-action evidence across all three reports.""], ""rbi_mpr_2025_04_p110_c000"": [""Trace the policy-rate or policy-action evidence across all three reports.""], ""rbi_mpr_2025_04_p110_c001"": [""Trace the policy-rate or policy-action evidence across all three reports.""], ""rbi_mpr_2025_04_p111_c001"": [""Trace the policy-rate or policy-action evidence across all three reports.""], ""rbi_mpr_2025_04_p112_c000"": [""Trace the policy-rate or policy-action evidence across all three reports.""], ""rbi_mpr_2025_04_p112_c001"": [""Trace the policy-rate or policy-action evidence across all three reports.""], ""rbi_mpr_2025_04_p113_c003"": [""Trace the policy-rate or policy-action evidence across all three reports.""], ""rbi_mpr_2025_10_p008_c000"": [""Trace the policy-rate or policy-action evidence across all three reports.""], ""rbi_mpr_2025_10_p008_c001"": [""Trace the policy-rate or policy-action evidence across all three reports.""], ""rbi_mpr_2025_10_p009_c005"": [""Trace the policy-rate or policy-action evidence across all three reports.""], ""rbi_mpr_2025_10_p010_c001"": [""Trace the policy-rate or policy-action evidence across all three reports.""], ""rbi_mpr_2025_10_p010_c002"": [""Trace the policy-rate or policy-action evidence across all three reports.""], ""rbi_mpr_2025_10_p011_c001"": [""Trace the policy-rate or policy-action evidence across all three reports.""], ""rbi_mpr_2025_10_p011_c003"": [""Trace the policy-rate or policy-action evidence across all three reports.""], ""rbi_mpr_2025_10_p011_c004"": [""Trace the policy-rate or policy-action evidence across all three reports.""], ""rbi_mpr_2025_10_p011_c005"": [""Trace the policy-rate or policy-action evidence across all three reports.""], ""rbi_mpr_2025_10_p014_c000"": [""Trace the policy-rate or policy-action evidence across all three reports.""], ""rbi_mpr_2025_10_p014_c001"": [""Trace the policy-rate or policy-action evidence across all three reports.""], ""rbi_mpr_2025_10_p014_c003"": [""Trace the policy-rate or policy-action evidence across all three reports.""], ""rbi_mpr_2025_10_p015_c002"": [""Trace the policy-rate or policy-action evidence across all three reports.""], ""rbi_mpr_2025_10_p015_c003"": [""Trace the policy-rate or policy-action evidence across all three reports.""], ""rbi_mpr_2025_10_p016_c000"": [""Trace the policy-rate or policy-action evidence across all three reports.""], ""rbi_mpr_2025_10_p016_c002"": [""Trace the policy-rate or policy-action evidence across all three reports.""], ""rbi_mpr_2025_10_p016_c003"": [""Trace the policy-rate or policy-action evidence across all three reports.""], ""rbi_mpr_2025_10_p017_c003"": [""Trace the policy-rate or policy-action evidence across all three reports.""], ""rbi_mpr_2025_10_p019_c000"": [""Trace the policy-rate or policy-action evidence across all three reports.""], ""rbi_mpr_2025_10_p019_c002"": [""Trace the policy-rate or policy-action evidence across all three reports.""], ""rbi_mpr_2025_10_p019_c003"": [""Trace the policy-rate or policy-action evidence across all three reports.""], ""rbi_mpr_2025_10_p020_c000"": [""Trace the policy-rate or policy-action evidence across all three reports.""], ""rbi_mpr_2025_10_p020_c002"": [""Trace the policy-rate or policy-action evidence across all three reports.""], ""rbi_mpr_2025_10_p021_c000"": [""Trace the policy-rate or policy-action evidence across all three reports.""], ""rbi_mpr_2025_10_p021_c001"": [""Trace the policy-rate or policy-action evidence across all three reports.""], ""rbi_mpr_2025_10_p025_c003"": [""Trace the policy-rate or policy-action evidence across all three reports.""], ""rbi_mpr_2025_10_p027_c001"": [""Trace the policy-rate or policy-action evidence across all three reports.""], ""rbi_mpr_2025_10_p027_c002"": [""Trace the policy-rate or policy-action evidence across all three reports.""], ""rbi_mpr_2025_10_p028_c000"": [""Trace the policy-rate or policy-action evidence across all three reports.""], ""rbi_mpr_2025_10_p032_c003"": [""Trace the policy-rate or policy-action evidence across all three reports.""], ""rbi_mpr_2025_10_p033_c000"": [""Trace the policy-rate or policy-action evidence across all three reports.""], ""rbi_mpr_2025_10_p033_c001"": [""Trace the policy-rate or policy-action evidence across all three reports.""], ""rbi_mpr_2025_10_p033_c004"": [""Trace the policy-rate or policy-action evidence across all three reports.""], ""rbi_mpr_2025_10_p034_c003"": [""Trace the policy-rate or policy-action evidence across all three reports.""], ""rbi_mpr_2025_10_p034_c004"": [""Trace the policy-rate or policy-action evidence across all three reports.""], ""rbi_mpr_2025_10_p034_c005"": [""Trace the policy-rate or policy-action evidence across all three reports.""], ""rbi_mpr_2025_10_p035_c000"": [""Trace the policy-rate or policy-action evidence across all three reports.""], ""rbi_mpr_2025_10_p035_c001"": [""Trace the policy-rate or policy-action evidence across all three reports.""], ""rbi_mpr_2025_10_p035_c002"": [""Trace the policy-rate or policy-action evidence across all three reports.""], ""rbi_mpr_2025_10_p036_c000"": [""Trace the policy-rate or policy-action evidence across all three reports.""], ""rbi_mpr_2025_10_p036_c001"": [""Trace the policy-rate or policy-action evidence across all three reports.""], ""rbi_mpr_2025_10_p040_c001"": [""Trace the policy-rate or policy-action evidence across all three reports.""], ""rbi_mpr_2025_10_p040_c002"": [""Trace the policy-rate or policy-action evidence across all three reports.""], ""rbi_mpr_2025_10_p041_c000"": [""Trace the policy-rate or policy-action evidence across all three reports.""], ""rbi_mpr_2025_10_p041_c004"": [""Trace the policy-rate or policy-action evidence across all three reports.""], ""rbi_mpr_2025_10_p042_c002"": [""Trace the policy-rate or policy-action evidence across all three reports.""], ""rbi_mpr_2025_10_p042_c003"": [""Trace the policy-rate or policy-action evidence across all three reports.""], ""rbi_mpr_2025_10_p044_c000"": [""Trace the policy-rate or policy-action evidence across all three reports.""], ""rbi_mpr_2025_10_p045_c000"": [""Trace the policy-rate or policy-action evidence across all three reports.""], ""rbi_mpr_2025_10_p047_c001"": [""Trace the policy-rate or policy-action evidence across all three reports.""], ""rbi_mpr_2025_10_p049_c002"": [""Trace the policy-rate or policy-action evidence across all three reports.""], ""rbi_mpr_2025_10_p051_c001"": [""Trace the policy-rate or policy-action evidence across all three reports.""], ""rbi_mpr_2025_10_p051_c002"": [""Trace the policy-rate or policy-action evidence across all three reports.""], ""rbi_mpr_2025_10_p051_c003"": [""Trace the policy-rate or policy-action evidence across all three reports.""], ""rbi_mpr_2025_10_p055_c001"": [""Trace the policy-rate or policy-action evidence across all three reports.""], ""rbi_mpr_2025_10_p055_c002"": [""Trace the policy-rate or policy-action evidence across all three reports.""], ""rbi_mpr_2025_10_p055_c003"": [""Trace the policy-rate or policy-action evidence across all three reports.""], ""rbi_mpr_2025_10_p055_c004"": [""Trace the policy-rate or policy-action evidence across all three reports.""], ""rbi_mpr_2025_10_p056_c002"": [""Trace the policy-rate or policy-action evidence across all three reports.""], ""rbi_mpr_2025_10_p057_c000"": [""Trace the policy-rate or policy-action evidence across all three reports.""], ""rbi_mpr_2025_10_p059_c000"": [""Trace the policy-rate or policy-action evidence across all three reports.""], ""rbi_mpr_2025_10_p059_c001"": [""Trace the policy-rate or policy-action evidence across all three reports.""], ""rbi_mpr_2025_10_p061_c004"": [""Trace the policy-rate or policy-action evidence across all three reports.""], ""rbi_mpr_2025_10_p065_c004"": [""Trace the policy-rate or policy-action evidence across all three reports.""], ""rbi_mpr_2025_10_p069_c004"": [""Trace the policy-rate or policy-action evidence across all three reports.""], ""rbi_mpr_2025_10_p070_c001"": [""Trace the policy-rate or policy-action evidence across all three reports.""], ""rbi_mpr_2025_10_p070_c002"": [""Trace the policy-rate or policy-action evidence across all three reports.""], ""rbi_mpr_2025_10_p070_c003"": [""Trace the policy-rate or policy-action evidence across all three reports.""], ""rbi_mpr_2025_10_p071_c000"": [""Trace the policy-rate or policy-action evidence across all three reports.""], ""rbi_mpr_2025_10_p071_c003"": [""Trace the policy-rate or policy-action evidence across all three reports.""], ""rbi_mpr_2025_10_p073_c002"": [""Trace the policy-rate or policy-action evidence across all three reports.""], ""rbi_mpr_2025_10_p073_c003"": [""Trace the policy-rate or policy-action evidence across all three reports.""], ""rbi_mpr_2025_10_p075_c000"": [""Trace the policy-rate or policy-action evidence across all three reports.""], ""rbi_mpr_2025_10_p076_c000"": [""Trace the policy-rate or policy-action evidence across all three reports.""], ""rbi_mpr_2025_10_p076_c001"": [""Trace the policy-rate or policy-action evidence across all three reports.""], ""rbi_mpr_2025_10_p076_c003"": [""Trace the policy-rate or policy-action evidence across all three reports.""], ""rbi_mpr_2025_10_p083_c000"": [""Trace the policy-rate or policy-action evidence across all three reports.""], ""rbi_mpr_2025_10_p083_c001"": [""Trace the policy-rate or policy-action evidence across all three reports.""], ""rbi_mpr_2025_10_p084_c003"": [""Trace the policy-rate or policy-action evidence across all three reports.""], ""rbi_mpr_2025_10_p085_c001"": [""Trace the policy-rate or policy-action evidence across all three reports.""], ""rbi_mpr_2025_10_p086_c000"": [""Trace the policy-rate or policy-action evidence across all three reports.""], ""rbi_mpr_2025_10_p086_c002"": [""Trace the policy-rate or policy-action evidence across all three reports.""], ""rbi_mpr_2025_10_p090_c000"": [""Trace the policy-rate or policy-action evidence across all three reports.""], ""rbi_mpr_2025_10_p091_c000"": [""Trace the policy-rate or policy-action evidence across all three reports.""], ""rbi_mpr_2025_10_p093_c003"": [""Trace the policy-rate or policy-action evidence across all three reports.""], ""rbi_mpr_2025_10_p101_c000"": [""Trace the policy-rate or policy-action evidence across all three reports.""], ""rbi_mpr_2025_10_p102_c001"": [""Trace the policy-rate or policy-action evidence across all three reports.""], ""rbi_mpr_2025_10_p103_c000"": [""Trace the policy-rate or policy-action evidence across all three reports.""], ""rbi_mpr_2025_10_p103_c001"": [""Trace the policy-rate or policy-action evidence across all three reports.""], ""rbi_mpr_2025_10_p103_c002"": [""Trace the policy-rate or policy-action evidence across all three reports.""], ""rbi_mpr_2025_10_p103_c003"": [""Trace the policy-rate or policy-action evidence across all three reports.""], ""rbi_mpr_2025_10_p104_c000"": [""Trace the policy-rate or policy-action evidence across all three reports.""], ""rbi_mpr_2025_10_p104_c001"": [""Trace the policy-rate or policy-action evidence across all three reports.""], ""rbi_mpr_2025_10_p106_c000"": [""Trace the policy-rate or policy-action evidence across all three reports.""], ""rbi_mpr_2026_04_p010_c000"": [""Trace the policy-rate or policy-action evidence across all three reports.""], ""rbi_mpr_2026_04_p014_c000"": [""Trace the policy-rate or policy-action evidence across all three reports.""], ""rbi_mpr_2026_04_p017_c000"": [""Trace the policy-rate or policy-action evidence across all three reports.""], ""rbi_mpr_2026_04_p017_c001"": [""Trace the policy-rate or policy-action evidence across all three reports.""], ""rbi_mpr_2026_04_p018_c001"": [""Trace the policy-rate or policy-action evidence across all three reports.""], ""rbi_mpr_2026_04_p018_c002"": [""Trace the policy-rate or policy-action evidence across all three reports.""], ""rbi_mpr_2026_04_p020_c000"": [""Trace the policy-rate or policy-action evidence across all three reports.""], ""rbi_mpr_2026_04_p020_c001"": [""Trace the policy-rate or policy-action evidence across all three reports.""], ""rbi_mpr_2026_04_p020_c002"": [""Trace the policy-rate or policy-action evidence across all three reports.""], ""rbi_mpr_2026_04_p020_c003"": [""Trace the policy-rate or policy-action evidence across all three reports.""], ""rbi_mpr_2026_04_p021_c003"": [""Trace the policy-rate or policy-action evidence across all three reports.""], ""rbi_mpr_2026_04_p023_c000"": [""Trace the policy-rate or policy-action evidence across all three reports.""], ""rbi_mpr_2026_04_p023_c001"": [""Trace the policy-rate or policy-action evidence across all three reports.""], ""rbi_mpr_2026_04_p030_c002"": [""Trace the policy-rate or policy-action evidence across all three reports.""], ""rbi_mpr_2026_04_p030_c003"": [""Trace the policy-rate or policy-action evidence across all three reports.""], ""rbi_mpr_2026_04_p031_c003"": [""Trace the policy-rate or policy-action evidence across all three reports.""], ""rbi_mpr_2026_04_p032_c003"": [""Trace the policy-rate or policy-action evidence across all three reports.""], ""rbi_mpr_2026_04_p035_c003"": [""Trace the policy-rate or policy-action evidence across all three reports.""], ""rbi_mpr_2026_04_p038_c002"": [""Trace the policy-rate or policy-action evidence across all three reports.""], ""rbi_mpr_2026_04_p042_c001"": [""Trace the policy-rate or policy-action evidence across all three reports.""], ""rbi_mpr_2026_04_p043_c000"": [""Trace the policy-rate or policy-action evidence across all three reports.""], ""rbi_mpr_2026_04_p044_c000"": [""Trace the policy-rate or policy-action evidence across all three reports.""], ""rbi_mpr_2026_04_p044_c001"": [""Trace the policy-rate or policy-action evidence across all three reports.""], ""rbi_mpr_2026_04_p047_c004"": [""Trace the policy-rate or policy-action evidence across all three reports.""], ""rbi_mpr_2026_04_p049_c001"": [""Trace the policy-rate or policy-action evidence across all three reports.""], ""rbi_mpr_2026_04_p050_c000"": [""Trace the policy-rate or policy-action evidence across all three reports.""], ""rbi_mpr_2026_04_p050_c001"": [""Trace the policy-rate or policy-action evidence across all three reports.""], ""rbi_mpr_2026_04_p050_c002"": [""Trace the policy-rate or policy-action evidence across all three reports.""], ""rbi_mpr_2026_04_p055_c000"": [""Trace the policy-rate or policy-action evidence across all three reports.""], ""rbi_mpr_2026_04_p057_c002"": [""Trace the policy-rate or policy-action evidence across all three reports.""], ""rbi_mpr_2026_04_p058_c000"": [""Trace the policy-rate or policy-action evidence across all three reports.""], ""rbi_mpr_2026_04_p058_c001"": [""Trace the policy-rate or policy-action evidence across all three reports.""], ""rbi_mpr_2026_04_p058_c002"": [""Trace the policy-rate or policy-action evidence across all three reports.""], ""rbi_mpr_2026_04_p058_c005"": [""Trace the policy-rate or policy-action evidence across all three reports.""], ""rbi_mpr_2026_04_p060_c003"": [""Trace the policy-rate or policy-action evidence across all three reports.""], ""rbi_mpr_2026_04_p062_c002"": [""Trace the policy-rate or policy-action evidence across all three reports.""], ""rbi_mpr_2026_04_p062_c003"": [""Trace the policy-rate or policy-action evidence across all three reports.""], ""rbi_mpr_2026_04_p063_c002"": [""Trace the policy-rate or policy-action evidence across all three reports.""], ""rbi_mpr_2026_04_p063_c003"": [""Trace the policy-rate or policy-action evidence across all three reports.""], ""rbi_mpr_2026_04_p064_c000"": [""Trace the policy-rate or policy-action evidence across all three reports.""], ""rbi_mpr_2026_04_p064_c004"": [""Trace the policy-rate or policy-action evidence across all three reports.""], ""rbi_mpr_2026_04_p065_c002"": [""Trace the policy-rate or policy-action evidence across all three reports.""], ""rbi_mpr_2026_04_p066_c002"": [""Trace the policy-rate or policy-action evidence across all three reports.""], ""rbi_mpr_2026_04_p067_c002"": [""Trace the policy-rate or policy-action evidence across all three reports.""], ""rbi_mpr_2026_04_p069_c003"": [""Trace the policy-rate or policy-action evidence across all three reports.""], ""rbi_mpr_2026_04_p070_c000"": [""Trace the policy-rate or policy-action evidence across all three reports.""], ""rbi_mpr_2026_04_p070_c004"": [""Trace the policy-rate or policy-action evidence across all three reports.""], ""rbi_mpr_2026_04_p071_c000"": [""Trace the policy-rate or policy-action evidence across all three reports.""], ""rbi_mpr_2026_04_p073_c000"": [""Trace the policy-rate or policy-action evidence across all three reports.""], ""rbi_mpr_2026_04_p074_c000"": [""Trace the policy-rate or policy-action evidence across all three reports.""], ""rbi_mpr_2026_04_p076_c002"": [""Trace the policy-rate or policy-action evidence across all three reports.""], ""rbi_mpr_2026_04_p076_c003"": [""Trace the policy-rate or policy-action evidence across all three reports.""], ""rbi_mpr_2026_04_p077_c000"": [""Trace the policy-rate or policy-action evidence across all three reports.""], ""rbi_mpr_2026_04_p077_c001"": [""Trace the policy-rate or policy-action evidence across all three reports.""], ""rbi_mpr_2026_04_p079_c004"": [""Trace the policy-rate or policy-action evidence across all three reports.""], ""rbi_mpr_2026_04_p080_c000"": [""Trace the policy-rate or policy-action evidence across all three reports.""], ""rbi_mpr_2026_04_p080_c001"": [""Trace the policy-rate or policy-action evidence across all three reports.""], ""rbi_mpr_2026_04_p080_c003"": [""Trace the policy-rate or policy-action evidence across all three reports.""], ""rbi_mpr_2026_04_p081_c001"": [""Trace the policy-rate or policy-action evidence across all three reports.""], ""rbi_mpr_2026_04_p081_c002"": [""Trace the policy-rate or policy-action evidence across all three reports.""], ""rbi_mpr_2026_04_p081_c004"": [""Trace the policy-rate or policy-action evidence across all three reports.""], ""rbi_mpr_2026_04_p081_c005"": [""Trace the policy-rate or policy-action evidence across all three reports.""], ""rbi_mpr_2026_04_p082_c000"": [""Trace the policy-rate or policy-action evidence across all three reports.""], ""rbi_mpr_2026_04_p082_c001"": [""Trace the policy-rate or policy-action evidence across all three reports.""], ""rbi_mpr_2026_04_p082_c004"": [""Trace the policy-rate or policy-action evidence across all three reports.""], ""rbi_mpr_2026_04_p083_c000"": [""Trace the policy-rate or policy-action evidence across all three reports.""], ""rbi_mpr_2026_04_p083_c003"": [""Trace the policy-rate or policy-action evidence across all three reports.""], ""rbi_mpr_2026_04_p083_c004"": [""Trace the policy-rate or policy-action evidence across all three reports.""], ""rbi_mpr_2026_04_p085_c006"": [""Trace the policy-rate or policy-action evidence across all three reports.""], ""rbi_mpr_2026_04_p087_c000"": [""Trace the policy-rate or policy-action evidence across all three reports.""], ""rbi_mpr_2026_04_p088_c000"": [""Trace the policy-rate or policy-action evidence across all three reports.""], ""rbi_mpr_2026_04_p090_c000"": [""Trace the policy-rate or policy-action evidence across all three reports.""], ""rbi_mpr_2026_04_p091_c001"": [""Trace the policy-rate or policy-action evidence across all three reports.""], ""rbi_mpr_2026_04_p091_c002"": [""Trace the policy-rate or policy-action evidence across all three reports.""], ""rbi_mpr_2026_04_p093_c000"": [""Trace the policy-rate or policy-action evidence across all three reports.""], ""rbi_mpr_2026_04_p093_c003"": [""Trace the policy-rate or policy-action evidence across all three reports.""], ""rbi_mpr_2026_04_p096_c003"": [""Trace the policy-rate or policy-action evidence across all three reports.""], ""rbi_mpr_2026_04_p099_c003"": [""Trace the policy-rate or policy-action evidence across all three reports.""], ""rbi_mpr_2026_04_p102_c002"": [""Trace the policy-rate or policy-action evidence across all three reports.""], ""rbi_mpr_2026_04_p102_c003"": [""Trace the policy-rate or policy-action evidence across all three reports.""], ""rbi_mpr_2026_04_p102_c004"": [""Trace the policy-rate or policy-action evidence across all three reports.""], ""rbi_mpr_2026_04_p103_c003"": [""Trace the policy-rate or policy-action evidence across all three reports.""], ""rbi_mpr_2026_04_p103_c004"": [""Trace the policy-rate or policy-action evidence across all three reports.""], ""rbi_mpr_2026_04_p105_c000"": [""Trace the policy-rate or policy-action evidence across all three reports.""], ""rbi_mpr_2026_04_p105_c001"": [""Trace the policy-rate or policy-action evidence across all three reports.""], ""rbi_mpr_2026_04_p107_c001"": [""Trace the policy-rate or policy-action evidence across all three reports.""], ""rbi_mpr_2026_04_p107_c004"": [""Trace the policy-rate or policy-action evidence across all three reports.""], ""rbi_mpr_2026_04_p108_c002"": [""Trace the policy-rate or policy-action evidence across all three reports.""], ""rbi_mpr_2026_04_p109_c001"": [""Trace the policy-rate or policy-action evidence across all three reports.""], ""rbi_mpr_2026_04_p111_c001"": [""Trace the policy-rate or policy-action evidence across all three reports.""], ""rbi_mpr_2026_04_p111_c002"": [""Trace the policy-rate or policy-action evidence across all three reports.""], ""rbi_mpr_2026_04_p113_c002"": [""Trace the policy-rate or policy-action evidence across all three reports.""], ""rbi_mpr_2026_04_p114_c000"": [""Trace the policy-rate or policy-action evidence across all three reports.""]}, ""candidate_source_retriever"": {""rbi_mpr_2025_04_p005_c001"": [""bm25""], ""rbi_mpr_2025_04_p008_c001"": [""dense""], ""rbi_mpr_2025_04_p013_c003"": [""dense""], ""rbi_mpr_2025_04_p015_c001"": [""bm25""], ""rbi_mpr_2025_04_p015_c002"": [""bm25""], ""rbi_mpr_2025_04_p015_c004"": [""dense""], ""rbi_mpr_2025_04_p016_c000"": [""bm25""], ""rbi_mpr_2025_04_p016_c002"": [""bm25""], ""rbi_mpr_2025_04_p016_c003"": [""bm25""], ""rbi_mpr_2025_04_p017_c003"": [""dense""], ""rbi_mpr_2025_04_p018_c000"": [""bm25"", ""dense""], ""rbi_mpr_2025_04_p018_c003"": [""dense""], ""rbi_mpr_2025_04_p019_c001"": [""bm25""], ""rbi_mpr_2025_04_p019_c003"": [""dense""], ""rbi_mpr_2025_04_p020_c000"": [""bm25""], ""rbi_mpr_2025_04_p020_c002"": [""dense""], ""rbi_mpr_2025_04_p026_c003"": [""dense""], ""rbi_mpr_2025_04_p027_c000"": [""bm25""], ""rbi_mpr_2025_04_p027_c001"": [""bm25""], ""rbi_mpr_2025_04_p027_c002"": [""bm25""], ""rbi_mpr_2025_04_p028_c000"": [""bm25""], ""rbi_mpr_2025_04_p028_c001"": [""bm25""], ""rbi_mpr_2025_04_p028_c002"": [""bm25""], ""rbi_mpr_2025_04_p028_c003"": [""bm25""], ""rbi_mpr_2025_04_p029_c002"": [""bm25""], ""rbi_mpr_2025_04_p029_c003"": [""bm25""], ""rbi_mpr_2025_04_p029_c004"": [""bm25""], ""rbi_mpr_2025_04_p030_c003"": [""dense""], ""rbi_mpr_2025_04_p030_c004"": [""dense""], ""rbi_mpr_2025_04_p031_c002"": [""dense""], ""rbi_mpr_2025_04_p031_c003"": [""dense""], ""rbi_mpr_2025_04_p037_c000"": [""bm25""], ""rbi_mpr_2025_04_p038_c000"": [""bm25""], ""rbi_mpr_2025_04_p038_c002"": [""bm25""], ""rbi_mpr_2025_04_p039_c002"": [""bm25""], ""rbi_mpr_2025_04_p039_c004"": [""dense""], ""rbi_mpr_2025_04_p040_c000"": [""bm25"", ""dense""], ""rbi_mpr_2025_04_p040_c003"": [""dense""], ""rbi_mpr_2025_04_p041_c000"": [""bm25""], ""rbi_mpr_2025_04_p041_c001"": [""bm25"", ""dense""], ""rbi_mpr_2025_04_p041_c002"": [""dense""], ""rbi_mpr_2025_04_p041_c003"": [""dense""], ""rbi_mpr_2025_04_p042_c003"": [""dense""], ""rbi_mpr_2025_04_p044_c001"": [""bm25""], ""rbi_mpr_2025_04_p044_c002"": [""bm25""], ""rbi_mpr_2025_04_p047_c002"": [""dense""], ""rbi_mpr_2025_04_p048_c000"": [""dense""], ""rbi_mpr_2025_04_p049_c000"": [""dense""], ""rbi_mpr_2025_04_p050_c000"": [""bm25"", ""dense""], ""rbi_mpr_2025_04_p050_c002"": [""dense""], ""rbi_mpr_2025_04_p051_c002"": [""dense""], ""rbi_mpr_2025_04_p052_c000"": [""dense""], ""rbi_mpr_2025_04_p053_c000"": [""dense""], ""rbi_mpr_2025_04_p053_c002"": [""dense""], ""rbi_mpr_2025_04_p055_c000"": [""bm25""], ""rbi_mpr_2025_04_p056_c001"": [""dense""], ""rbi_mpr_2025_04_p060_c000"": [""bm25""], ""rbi_mpr_2025_04_p061_c000"": [""bm25""], ""rbi_mpr_2025_04_p064_c000"": [""dense""], ""rbi_mpr_2025_04_p066_c000"": [""dense""], ""rbi_mpr_2025_04_p068_c000"": [""dense""], ""rbi_mpr_2025_04_p069_c003"": [""bm25""], ""rbi_mpr_2025_04_p070_c002"": [""bm25""], ""rbi_mpr_2025_04_p071_c001"": [""bm25""], ""rbi_mpr_2025_04_p073_c003"": [""bm25""], ""rbi_mpr_2025_04_p074_c000"": [""bm25""], ""rbi_mpr_2025_04_p075_c001"": [""dense""], ""rbi_mpr_2025_04_p075_c002"": [""dense""], ""rbi_mpr_2025_04_p076_c005"": [""dense""], ""rbi_mpr_2025_04_p077_c002"": [""dense""], ""rbi_mpr_2025_04_p078_c003"": [""dense""], ""rbi_mpr_2025_04_p079_c000"": [""bm25""], ""rbi_mpr_2025_04_p079_c001"": [""bm25""], ""rbi_mpr_2025_04_p085_c000"": [""bm25""], ""rbi_mpr_2025_04_p085_c001"": [""bm25""], ""rbi_mpr_2025_04_p085_c002"": [""dense""], ""rbi_mpr_2025_04_p088_c000"": [""bm25""], ""rbi_mpr_2025_04_p091_c000"": [""bm25""], ""rbi_mpr_2025_04_p094_c000"": [""dense""], ""rbi_mpr_2025_04_p094_c002"": [""dense""], ""rbi_mpr_2025_04_p094_c003"": [""dense""], ""rbi_mpr_2025_04_p103_c003"": [""dense""], ""rbi_mpr_2025_04_p107_c000"": [""dense""], ""rbi_mpr_2025_04_p107_c001"": [""bm25""], ""rbi_mpr_2025_04_p107_c002"": [""dense""], ""rbi_mpr_2025_04_p108_c000"": [""bm25"", ""dense""], ""rbi_mpr_2025_04_p108_c003"": [""dense""], ""rbi_mpr_2025_04_p109_c000"": [""bm25""], ""rbi_mpr_2025_04_p109_c003"": [""bm25""], ""rbi_mpr_2025_04_p110_c000"": [""bm25""], ""rbi_mpr_2025_04_p110_c001"": [""bm25""], ""rbi_mpr_2025_04_p111_c001"": [""bm25""], ""rbi_mpr_2025_04_p112_c000"": [""dense""], ""rbi_mpr_2025_04_p112_c001"": [""dense""], ""rbi_mpr_2025_04_p113_c003"": [""dense""], ""rbi_mpr_2025_10_p008_c000"": [""dense""], ""rbi_mpr_2025_10_p008_c001"": [""dense""], ""rbi_mpr_2025_10_p009_c005"": [""bm25""], ""rbi_mpr_2025_10_p010_c001"": [""dense""], ""rbi_mpr_2025_10_p010_c002"": [""bm25"", ""dense""], ""rbi_mpr_2025_10_p011_c001"": [""dense""], ""rbi_mpr_2025_10_p011_c003"": [""bm25""], ""rbi_mpr_2025_10_p011_c004"": [""bm25"", ""dense""], ""rbi_mpr_2025_10_p011_c005"": [""dense""], ""rbi_mpr_2025_10_p014_c000"": [""bm25""], ""rbi_mpr_2025_10_p014_c001"": [""bm25""], ""rbi_mpr_2025_10_p014_c003"": [""bm25""], ""rbi_mpr_2025_10_p015_c002"": [""dense""], ""rbi_mpr_2025_10_p015_c003"": [""dense""], ""rbi_mpr_2025_10_p016_c000"": [""dense""], ""rbi_mpr_2025_10_p016_c002"": [""bm25""], ""rbi_mpr_2025_10_p016_c003"": [""bm25"", ""dense""], ""rbi_mpr_2025_10_p017_c003"": [""bm25""], ""rbi_mpr_2025_10_p019_c000"": [""bm25""], ""rbi_mpr_2025_10_p019_c002"": [""bm25""], ""rbi_mpr_2025_10_p019_c003"": [""bm25""], ""rbi_mpr_2025_10_p020_c000"": [""bm25""], ""rbi_mpr_2025_10_p020_c002"": [""dense""], ""rbi_mpr_2025_10_p021_c000"": [""bm25""], ""rbi_mpr_2025_10_p021_c001"": [""bm25""], ""rbi_mpr_2025_10_p025_c003"": [""dense""], ""rbi_mpr_2025_10_p027_c001"": [""bm25""], ""rbi_mpr_2025_10_p027_c002"": [""bm25""], ""rbi_mpr_2025_10_p028_c000"": [""bm25""], ""rbi_mpr_2025_10_p032_c003"": [""bm25""], ""rbi_mpr_2025_10_p033_c000"": [""dense""], ""rbi_mpr_2025_10_p033_c001"": [""bm25"", ""dense""], ""rbi_mpr_2025_10_p033_c004"": [""dense""], ""rbi_mpr_2025_10_p034_c003"": [""bm25""], ""rbi_mpr_2025_10_p034_c004"": [""bm25""], ""rbi_mpr_2025_10_p034_c005"": [""bm25""], ""rbi_mpr_2025_10_p035_c000"": [""bm25"", ""dense""], ""rbi_mpr_2025_10_p035_c001"": [""dense""], ""rbi_mpr_2025_10_p035_c002"": [""bm25""], ""rbi_mpr_2025_10_p036_c000"": [""dense""], ""rbi_mpr_2025_10_p036_c001"": [""dense""], ""rbi_mpr_2025_10_p040_c001"": [""bm25""], ""rbi_mpr_2025_10_p040_c002"": [""bm25""], ""rbi_mpr_2025_10_p041_c000"": [""dense""], ""rbi_mpr_2025_10_p041_c004"": [""bm25""], ""rbi_mpr_2025_10_p042_c002"": [""bm25""], ""rbi_mpr_2025_10_p042_c003"": [""dense""], ""rbi_mpr_2025_10_p044_c000"": [""dense""], ""rbi_mpr_2025_10_p045_c000"": [""bm25""], ""rbi_mpr_2025_10_p047_c001"": [""dense""], ""rbi_mpr_2025_10_p049_c002"": [""bm25"", ""dense""], ""rbi_mpr_2025_10_p051_c001"": [""dense""], ""rbi_mpr_2025_10_p051_c002"": [""dense""], ""rbi_mpr_2025_10_p051_c003"": [""dense""], ""rbi_mpr_2025_10_p055_c001"": [""bm25""], ""rbi_mpr_2025_10_p055_c002"": [""bm25""], ""rbi_mpr_2025_10_p055_c003"": [""bm25""], ""rbi_mpr_2025_10_p055_c004"": [""bm25""], ""rbi_mpr_2025_10_p056_c002"": [""dense""], ""rbi_mpr_2025_10_p057_c000"": [""bm25""], ""rbi_mpr_2025_10_p059_c000"": [""bm25""], ""rbi_mpr_2025_10_p059_c001"": [""dense""], ""rbi_mpr_2025_10_p061_c004"": [""dense""], ""rbi_mpr_2025_10_p065_c004"": [""bm25""], ""rbi_mpr_2025_10_p069_c004"": [""bm25""], ""rbi_mpr_2025_10_p070_c001"": [""dense""], ""rbi_mpr_2025_10_p070_c002"": [""dense""], ""rbi_mpr_2025_10_p070_c003"": [""dense""], ""rbi_mpr_2025_10_p071_c000"": [""dense""], ""rbi_mpr_2025_10_p071_c003"": [""dense""], ""rbi_mpr_2025_10_p073_c002"": [""dense""], ""rbi_mpr_2025_10_p073_c003"": [""dense""], ""rbi_mpr_2025_10_p075_c000"": [""bm25""], ""rbi_mpr_2025_10_p076_c000"": [""bm25""], ""rbi_mpr_2025_10_p076_c001"": [""bm25""], ""rbi_mpr_2025_10_p076_c003"": [""dense""], ""rbi_mpr_2025_10_p083_c000"": [""bm25""], ""rbi_mpr_2025_10_p083_c001"": [""bm25""], ""rbi_mpr_2025_10_p084_c003"": [""bm25""], ""rbi_mpr_2025_10_p085_c001"": [""bm25""], ""rbi_mpr_2025_10_p086_c000"": [""dense""], ""rbi_mpr_2025_10_p086_c002"": [""bm25""], ""rbi_mpr_2025_10_p090_c000"": [""dense""], ""rbi_mpr_2025_10_p091_c000"": [""bm25""], ""rbi_mpr_2025_10_p093_c003"": [""dense""], ""rbi_mpr_2025_10_p101_c000"": [""dense""], ""rbi_mpr_2025_10_p102_c001"": [""bm25""], ""rbi_mpr_2025_10_p103_c000"": [""dense""], ""rbi_mpr_2025_10_p103_c001"": [""dense""], ""rbi_mpr_2025_10_p103_c002"": [""dense""], ""rbi_mpr_2025_10_p103_c003"": [""dense""], ""rbi_mpr_2025_10_p104_c000"": [""dense""], ""rbi_mpr_2025_10_p104_c001"": [""dense""], ""rbi_mpr_2025_10_p106_c000"": [""dense""], ""rbi_mpr_2026_04_p010_c000"": [""dense""], ""rbi_mpr_2026_04_p014_c000"": [""bm25"", ""dense""], ""rbi_mpr_2026_04_p017_c000"": [""bm25""], ""rbi_mpr_2026_04_p017_c001"": [""bm25""], ""rbi_mpr_2026_04_p018_c001"": [""bm25""], ""rbi_mpr_2026_04_p018_c002"": [""bm25""], ""rbi_mpr_2026_04_p020_c000"": [""dense""], ""rbi_mpr_2026_04_p020_c001"": [""bm25"", ""dense""], ""rbi_mpr_2026_04_p020_c002"": [""bm25"", ""dense""], ""rbi_mpr_2026_04_p020_c003"": [""bm25"", ""dense""], ""rbi_mpr_2026_04_p021_c003"": [""dense""], ""rbi_mpr_2026_04_p023_c000"": [""bm25""], ""rbi_mpr_2026_04_p023_c001"": [""bm25""], ""rbi_mpr_2026_04_p030_c002"": [""dense""], ""rbi_mpr_2026_04_p030_c003"": [""dense""], ""rbi_mpr_2026_04_p031_c003"": [""dense""], ""rbi_mpr_2026_04_p032_c003"": [""dense""], ""rbi_mpr_2026_04_p035_c003"": [""bm25""], ""rbi_mpr_2026_04_p038_c002"": [""bm25""], ""rbi_mpr_2026_04_p042_c001"": [""bm25""], ""rbi_mpr_2026_04_p043_c000"": [""bm25""], ""rbi_mpr_2026_04_p044_c000"": [""bm25""], ""rbi_mpr_2026_04_p044_c001"": [""dense""], ""rbi_mpr_2026_04_p047_c004"": [""bm25""], ""rbi_mpr_2026_04_p049_c001"": [""bm25""], ""rbi_mpr_2026_04_p050_c000"": [""bm25"", ""dense""], ""rbi_mpr_2026_04_p050_c001"": [""bm25""], ""rbi_mpr_2026_04_p050_c002"": [""bm25""], ""rbi_mpr_2026_04_p055_c000"": [""dense""], ""rbi_mpr_2026_04_p057_c002"": [""dense""], ""rbi_mpr_2026_04_p058_c000"": [""dense""], ""rbi_mpr_2026_04_p058_c001"": [""dense""], ""rbi_mpr_2026_04_p058_c002"": [""dense""], ""rbi_mpr_2026_04_p058_c005"": [""dense""], ""rbi_mpr_2026_04_p060_c003"": [""dense""], ""rbi_mpr_2026_04_p062_c002"": [""dense""], ""rbi_mpr_2026_04_p062_c003"": [""dense""], ""rbi_mpr_2026_04_p063_c002"": [""dense""], ""rbi_mpr_2026_04_p063_c003"": [""dense""], ""rbi_mpr_2026_04_p064_c000"": [""dense""], ""rbi_mpr_2026_04_p064_c004"": [""dense""], ""rbi_mpr_2026_04_p065_c002"": [""dense""], ""rbi_mpr_2026_04_p066_c002"": [""dense""], ""rbi_mpr_2026_04_p067_c002"": [""bm25""], ""rbi_mpr_2026_04_p069_c003"": [""bm25""], ""rbi_mpr_2026_04_p070_c000"": [""bm25""], ""rbi_mpr_2026_04_p070_c004"": [""dense""], ""rbi_mpr_2026_04_p071_c000"": [""bm25""], ""rbi_mpr_2026_04_p073_c000"": [""bm25""], ""rbi_mpr_2026_04_p074_c000"": [""dense""], ""rbi_mpr_2026_04_p076_c002"": [""dense""], ""rbi_mpr_2026_04_p076_c003"": [""dense""], ""rbi_mpr_2026_04_p077_c000"": [""bm25""], ""rbi_mpr_2026_04_p077_c001"": [""dense""], ""rbi_mpr_2026_04_p079_c004"": [""dense""], ""rbi_mpr_2026_04_p080_c000"": [""dense""], ""rbi_mpr_2026_04_p080_c001"": [""dense""], ""rbi_mpr_2026_04_p080_c003"": [""dense""], ""rbi_mpr_2026_04_p081_c001"": [""bm25""], ""rbi_mpr_2026_04_p081_c002"": [""bm25""], ""rbi_mpr_2026_04_p081_c004"": [""bm25""], ""rbi_mpr_2026_04_p081_c005"": [""bm25""], ""rbi_mpr_2026_04_p082_c000"": [""dense""], ""rbi_mpr_2026_04_p082_c001"": [""bm25""], ""rbi_mpr_2026_04_p082_c004"": [""dense""], ""rbi_mpr_2026_04_p083_c000"": [""bm25""], ""rbi_mpr_2026_04_p083_c003"": [""bm25""], ""rbi_mpr_2026_04_p083_c004"": [""bm25""], ""rbi_mpr_2026_04_p085_c006"": [""dense""], ""rbi_mpr_2026_04_p087_c000"": [""bm25""], ""rbi_mpr_2026_04_p088_c000"": [""bm25""], ""rbi_mpr_2026_04_p090_c000"": [""dense""], ""rbi_mpr_2026_04_p091_c001"": [""dense""], ""rbi_mpr_2026_04_p091_c002"": [""dense""], ""rbi_mpr_2026_04_p093_c000"": [""dense""], ""rbi_mpr_2026_04_p093_c003"": [""bm25""], ""rbi_mpr_2026_04_p096_c003"": [""bm25""], ""rbi_mpr_2026_04_p099_c003"": [""bm25""], ""rbi_mpr_2026_04_p102_c002"": [""dense""], ""rbi_mpr_2026_04_p102_c003"": [""bm25""], ""rbi_mpr_2026_04_p102_c004"": [""bm25""], ""rbi_mpr_2026_04_p103_c003"": [""bm25"", ""dense""], ""rbi_mpr_2026_04_p103_c004"": [""dense""], ""rbi_mpr_2026_04_p105_c000"": [""bm25""], ""rbi_mpr_2026_04_p105_c001"": [""bm25""], ""rbi_mpr_2026_04_p107_c001"": [""bm25""], ""rbi_mpr_2026_04_p107_c004"": [""bm25""], ""rbi_mpr_2026_04_p108_c002"": [""bm25"", ""dense""], ""rbi_mpr_2026_04_p109_c001"": [""dense""], ""rbi_mpr_2026_04_p111_c001"": [""bm25""], ""rbi_mpr_2026_04_p111_c002"": [""dense""], ""rbi_mpr_2026_04_p113_c002"": [""bm25""], ""rbi_mpr_2026_04_p114_c000"": [""bm25""]}, ""candidate_union_ids"": [""rbi_mpr_2025_04_p108_c003"", ""rbi_mpr_2025_04_p112_c001"", ""rbi_mpr_2025_04_p040_c003"", ""rbi_mpr_2025_04_p047_c002"", ""rbi_mpr_2025_04_p030_c004"", ""rbi_mpr_2025_04_p052_c000"", ""rbi_mpr_2025_04_p020_c002"", ""rbi_mpr_2025_04_p031_c003"", ""rbi_mpr_2025_04_p013_c003"", ""rbi_mpr_2025_04_p107_c002"", ""rbi_mpr_2025_04_p112_c000"", ""rbi_mpr_2025_04_p075_c001"", ""rbi_mpr_2025_04_p015_c004"", ""rbi_mpr_2025_04_p064_c000"", ""rbi_mpr_2025_04_p068_c000"", ""rbi_mpr_2025_04_p053_c002"", ""rbi_mpr_2025_04_p039_c004"", ""rbi_mpr_2025_04_p078_c003"", ""rbi_mpr_2025_04_p008_c001"", ""rbi_mpr_2025_04_p094_c000"", ""rbi_mpr_2025_04_p108_c000"", ""rbi_mpr_2025_04_p040_c000"", ""rbi_mpr_2025_04_p042_c003"", ""rbi_mpr_2025_04_p053_c000"", ""rbi_mpr_2025_04_p077_c002"", ""rbi_mpr_2025_04_p041_c002"", ""rbi_mpr_2025_04_p103_c003"", ""rbi_mpr_2025_04_p018_c000"", ""rbi_mpr_2025_04_p019_c003"", ""rbi_mpr_2025_04_p050_c000"", ""rbi_mpr_2025_04_p094_c003"", ""rbi_mpr_2025_04_p075_c002"", ""rbi_mpr_2025_04_p041_c001"", ""rbi_mpr_2025_04_p017_c003"", ""rbi_mpr_2025_04_p056_c001"", ""rbi_mpr_2025_04_p107_c000"", ""rbi_mpr_2025_04_p049_c000"", ""rbi_mpr_2025_04_p113_c003"", ""rbi_mpr_2025_04_p066_c000"", ""rbi_mpr_2025_04_p018_c003"", ""rbi_mpr_2025_04_p048_c000"", ""rbi_mpr_2025_04_p094_c002"", ""rbi_mpr_2025_04_p026_c003"", ""rbi_mpr_2025_04_p076_c005"", ""rbi_mpr_2025_04_p041_c003"", ""rbi_mpr_2025_04_p051_c002"", ""rbi_mpr_2025_04_p085_c002"", ""rbi_mpr_2025_04_p030_c003"", ""rbi_mpr_2025_04_p031_c002"", ""rbi_mpr_2025_04_p050_c002"", ""rbi_mpr_2025_04_p028_c001"", ""rbi_mpr_2025_04_p029_c003"", ""rbi_mpr_2025_04_p028_c000"", ""rbi_mpr_2025_04_p029_c002"", ""rbi_mpr_2025_04_p111_c001"", ""rbi_mpr_2025_04_p073_c003"", ""rbi_mpr_2025_04_p060_c000"", ""rbi_mpr_2025_04_p016_c000"", ""rbi_mpr_2025_04_p028_c002"", ""rbi_mpr_2025_04_p019_c001"", ""rbi_mpr_2025_04_p074_c000"", ""rbi_mpr_2025_04_p041_c000"", ""rbi_mpr_2025_04_p085_c000"", ""rbi_mpr_2025_04_p044_c002"", ""rbi_mpr_2025_04_p015_c002"", ""rbi_mpr_2025_04_p085_c001"", ""rbi_mpr_2025_04_p110_c000"", ""rbi_mpr_2025_04_p110_c001"", ""rbi_mpr_2025_04_p015_c001"", ""rbi_mpr_2025_04_p027_c000"", ""rbi_mpr_2025_04_p088_c000"", ""rbi_mpr_2025_04_p055_c000"", ""rbi_mpr_2025_04_p044_c001"", ""rbi_mpr_2025_04_p091_c000"", ""rbi_mpr_2025_04_p005_c001"", ""rbi_mpr_2025_04_p070_c002"", ""rbi_mpr_2025_04_p038_c002"", ""rbi_mpr_2025_04_p027_c001"", ""rbi_mpr_2025_04_p027_c002"", ""rbi_mpr_2025_04_p039_c002"", ""rbi_mpr_2025_04_p028_c003"", ""rbi_mpr_2025_04_p037_c000"", ""rbi_mpr_2025_04_p020_c000"", ""rbi_mpr_2025_04_p069_c003"", ""rbi_mpr_2025_04_p029_c004"", ""rbi_mpr_2025_04_p016_c003"", ""rbi_mpr_2025_04_p038_c000"", ""rbi_mpr_2025_04_p079_c001"", ""rbi_mpr_2025_04_p107_c001"", ""rbi_mpr_2025_04_p071_c001"", ""rbi_mpr_2025_04_p061_c000"", ""rbi_mpr_2025_04_p109_c003"", ""rbi_mpr_2025_04_p016_c002"", ""rbi_mpr_2025_04_p079_c000"", ""rbi_mpr_2025_04_p109_c000""], ""candidate_union_pages"": [108, 112, 40, 47, 30, 52, 20, 31, 13, 107, 112, 75, 15, 64, 68, 53, 39, 78, 8, 94, 108, 40, 42, 53, 77, 41, 103, 18, 19, 50, 94, 75, 41, 17, 56, 107, 49, 113, 66, 18, 48, 94, 26, 76, 41, 51, 85, 30, 31, 50, 28, 29, 28, 29, 111, 73, 60, 16, 28, 19, 74, 41, 85, 44, 15, 85, 110, 110, 15, 27, 88, 55, 44, 91, 5, 70, 38, 27, 27, 39, 28, 37, 20, 69, 29, 16, 38, 79, 107, 71, 61, 109, 16, 79, 109], ""dense_candidate_ids"": [""rbi_mpr_2025_04_p108_c003"", ""rbi_mpr_2025_04_p112_c001"", ""rbi_mpr_2025_04_p040_c003"", ""rbi_mpr_2025_04_p047_c002"", ""rbi_mpr_2025_04_p030_c004"", ""rbi_mpr_2025_04_p052_c000"", ""rbi_mpr_2025_04_p020_c002"", ""rbi_mpr_2025_04_p031_c003"", ""rbi_mpr_2025_04_p013_c003"", ""rbi_mpr_2025_04_p107_c002"", ""rbi_mpr_2025_04_p112_c000"", ""rbi_mpr_2025_04_p075_c001"", ""rbi_mpr_2025_04_p015_c004"", ""rbi_mpr_2025_04_p064_c000"", ""rbi_mpr_2025_04_p068_c000"", ""rbi_mpr_2025_04_p053_c002"", ""rbi_mpr_2025_04_p039_c004"", ""rbi_mpr_2025_04_p078_c003"", ""rbi_mpr_2025_04_p008_c001"", ""rbi_mpr_2025_04_p094_c000"", ""rbi_mpr_2025_04_p108_c000"", ""rbi_mpr_2025_04_p040_c000"", ""rbi_mpr_2025_04_p042_c003"", ""rbi_mpr_2025_04_p053_c000"", ""rbi_mpr_2025_04_p077_c002"", ""rbi_mpr_2025_04_p041_c002"", ""rbi_mpr_2025_04_p103_c003"", ""rbi_mpr_2025_04_p018_c000"", ""rbi_mpr_2025_04_p019_c003"", ""rbi_mpr_2025_04_p050_c000"", ""rbi_mpr_2025_04_p094_c003"", ""rbi_mpr_2025_04_p075_c002"", ""rbi_mpr_2025_04_p041_c001"", ""rbi_mpr_2025_04_p017_c003"", ""rbi_mpr_2025_04_p056_c001"", ""rbi_mpr_2025_04_p107_c000"", ""rbi_mpr_2025_04_p049_c000"", ""rbi_mpr_2025_04_p113_c003"", ""rbi_mpr_2025_04_p066_c000"", ""rbi_mpr_2025_04_p018_c003"", ""rbi_mpr_2025_04_p048_c000"", ""rbi_mpr_2025_04_p094_c002"", ""rbi_mpr_2025_04_p026_c003"", ""rbi_mpr_2025_04_p076_c005"", ""rbi_mpr_2025_04_p041_c003"", ""rbi_mpr_2025_04_p051_c002"", ""rbi_mpr_2025_04_p085_c002"", ""rbi_mpr_2025_04_p030_c003"", ""rbi_mpr_2025_04_p031_c002"", ""rbi_mpr_2025_04_p050_c002""], ""dense_candidate_pages"": [108, 112, 40, 47, 30, 52, 20, 31, 13, 107, 112, 75, 15, 64, 68, 53, 39, 78, 8, 94, 108, 40, 42, 53, 77, 41, 103, 18, 19, 50, 94, 75, 41, 17, 56, 107, 49, 113, 66, 18, 48, 94, 26, 76, 41, 51, 85, 30, 31, 50], ""dense_candidate_scores"": [0.2039312525569008, 0.16822907865180758, 0.16418761734809795, 0.11160217457281385, 0.09540775379468491, 0.0937219641479462, 0.09173356012889922, 0.08522111339069283, 0.08510933994844194, 0.07334244560638248, 0.0723556192953484, 0.06897577921956277, 0.0581618251223347, 0.05403421566026878, 0.05368717850963001, 0.04503350327967626, 0.04447177008272307, 0.042001290410408454, 0.034645148058711106, 0.03459870223165207, 0.02888350527987782, 0.02833643918620643, 0.027209095282237028, 0.02720740940829658, 0.026079896916933132, 0.0224571224063308, 0.02241480697042586, 0.021723177186362075, 0.021258634622075, 0.019033112433305743, 0.01728148940919294, 0.01623928213921555, 0.015738071816724042, 0.015214945133006808, 0.013285968170360207, 0.012183490907012318, 0.010765418042014696, 0.01033417148805127, 0.009634365215376417, 0.009097330071650589, 0.008785864861155068, 0.008662037420230084, 0.007504263491635799, 0.006794679150106342, 0.0064998197979241334, 0.006313024965323932, 0.005183489425231946, 0.003105312618856715, 0.0024248096027998933, 0.0007702086239591566], ""dense_first_evidence_rank"": null, ""evidence_rank_after_reranking"": null, ""evidence_rank_before_reranking"": null, ""expected_evidence"": [""cut the policy repo rate by 25 basis points (bps) to 6.25 per cent""], ""loss_stage"": ""not_in_candidate_union"", ""report_id"": ""rbi_mpr_2025_04"", ""reranker_input_ids"": [""rbi_mpr_2025_04_p050_c000"", ""rbi_mpr_2025_04_p041_c001"", ""rbi_mpr_2025_04_p018_c000"", ""rbi_mpr_2025_04_p040_c000"", ""rbi_mpr_2025_04_p108_c000"", ""rbi_mpr_2025_04_p108_c003"", ""rbi_mpr_2025_04_p028_c001"", ""rbi_mpr_2025_04_p112_c001"", ""rbi_mpr_2025_04_p029_c003"", ""rbi_mpr_2025_04_p040_c003"", ""rbi_mpr_2025_04_p028_c000"", ""rbi_mpr_2025_04_p047_c002"", ""rbi_mpr_2025_04_p029_c002"", ""rbi_mpr_2025_04_p030_c004"", ""rbi_mpr_2025_04_p111_c001"", ""rbi_mpr_2025_04_p052_c000"", ""rbi_mpr_2025_04_p073_c003"", ""rbi_mpr_2025_04_p020_c002"", ""rbi_mpr_2025_04_p060_c000"", ""rbi_mpr_2025_04_p031_c003"", ""rbi_mpr_2025_04_p016_c000"", ""rbi_mpr_2025_04_p013_c003"", ""rbi_mpr_2025_04_p107_c002"", ""rbi_mpr_2025_04_p028_c002"", ""rbi_mpr_2025_04_p112_c000"", ""rbi_mpr_2025_04_p019_c001"", ""rbi_mpr_2025_04_p075_c001"", ""rbi_mpr_2025_04_p074_c000"", ""rbi_mpr_2025_04_p015_c004"", ""rbi_mpr_2025_04_p041_c000""], ""reranker_input_pages"": [50, 41, 18, 40, 108, 108, 28, 112, 29, 40, 28, 47, 29, 30, 111, 52, 73, 20, 60, 31, 16, 13, 107, 28, 112, 19, 75, 74, 15, 41], ""reranker_input_ranks"": [1, 2, 3, 4, 5, 6, 7, 8, 9, 10, 11, 12, 13, 14, 15, 16, 17, 18, 19, 20, 21, 22, 23, 24, 25, 26, 27, 28, 29, 30], ""reranker_output_ids"": [""rbi_mpr_2025_04_p016_c000"", ""rbi_mpr_2025_04_p108_c000"", ""rbi_mpr_2025_04_p108_c003"", ""rbi_mpr_2025_04_p050_c000"", ""rbi_mpr_2025_04_p074_c000"", ""rbi_mpr_2025_04_p075_c001"", ""rbi_mpr_2025_04_p107_c002"", ""rbi_mpr_2025_04_p052_c000"", ""rbi_mpr_2025_04_p028_c000"", ""rbi_mpr_2025_04_p112_c001"", ""rbi_mpr_2025_04_p013_c003"", ""rbi_mpr_2025_04_p018_c000"", ""rbi_mpr_2025_04_p112_c000"", ""rbi_mpr_2025_04_p060_c000"", ""rbi_mpr_2025_04_p040_c000"", ""rbi_mpr_2025_04_p047_c002"", ""rbi_mpr_2025_04_p073_c003"", ""rbi_mpr_2025_04_p111_c001"", ""rbi_mpr_2025_04_p028_c002"", ""rbi_mpr_2025_04_p028_c001"", ""rbi_mpr_2025_04_p019_c001"", ""rbi_mpr_2025_04_p041_c000"", ""rbi_mpr_2025_04_p015_c004"", ""rbi_mpr_2025_04_p041_c001"", ""rbi_mpr_2025_04_p029_c003"", ""rbi_mpr_2025_04_p031_c003"", ""rbi_mpr_2025_04_p040_c003"", ""rbi_mpr_2025_04_p020_c002"", ""rbi_mpr_2025_04_p029_c002"", ""rbi_mpr_2025_04_p030_c004""], ""reranker_output_pages"": [16, 108, 108, 50, 74, 75, 107, 52, 28, 112, 13, 18, 112, 60, 40, 47, 73, 111, 28, 28, 19, 41, 15, 41, 29, 31, 40, 20, 29, 30], ""reranker_scores"": [-4.433651447296143, -4.837484836578369, -5.375142574310303, -5.641829013824463, -5.70596170425415, -6.06068754196167, -6.393951416015625, -6.742775917053223, -6.846551895141602, -6.896120548248291, -7.000865936279297, -7.011819839477539, -7.503115653991699, -7.6720099449157715, -7.737371444702148, -8.57757568359375, -8.85051155090332, -9.270027160644531, -9.805009841918945, -10.409366607666016, -10.559223175048828, -10.678696632385254, -10.727984428405762, -10.811015129089355, -10.944314002990723, -10.979644775390625, -11.043055534362793, -11.209297180175781, -11.215924263000488, -11.251514434814453], ""rrf_candidate_ids"": [""rbi_mpr_2025_04_p050_c000"", ""rbi_mpr_2025_04_p041_c001"", ""rbi_mpr_2025_04_p018_c000"", ""rbi_mpr_2025_04_p040_c000"", ""rbi_mpr_2025_04_p108_c000"", ""rbi_mpr_2025_04_p108_c003"", ""rbi_mpr_2025_04_p028_c001"", ""rbi_mpr_2025_04_p112_c001"", ""rbi_mpr_2025_04_p029_c003"", ""rbi_mpr_2025_04_p040_c003"", ""rbi_mpr_2025_04_p028_c000"", ""rbi_mpr_2025_04_p047_c002"", ""rbi_mpr_2025_04_p029_c002"", ""rbi_mpr_2025_04_p030_c004"", ""rbi_mpr_2025_04_p111_c001"", ""rbi_mpr_2025_04_p052_c000"", ""rbi_mpr_2025_04_p073_c003"", ""rbi_mpr_2025_04_p020_c002"", ""rbi_mpr_2025_04_p060_c000"", ""rbi_mpr_2025_04_p031_c003"", ""rbi_mpr_2025_04_p016_c000"", ""rbi_mpr_2025_04_p013_c003"", ""rbi_mpr_2025_04_p107_c002"", ""rbi_mpr_2025_04_p028_c002"", ""rbi_mpr_2025_04_p112_c000"", ""rbi_mpr_2025_04_p019_c001"", ""rbi_mpr_2025_04_p075_c001"", ""rbi_mpr_2025_04_p074_c000"", ""rbi_mpr_2025_04_p015_c004"", ""rbi_mpr_2025_04_p041_c000""], ""rrf_candidate_pages"": [50, 41, 18, 40, 108, 108, 28, 112, 29, 40, 28, 47, 29, 30, 111, 52, 73, 20, 60, 31, 16, 13, 107, 28, 112, 19, 75, 74, 15, 41], ""rrf_first_evidence_rank"": null, ""rrf_scores"": [0.025603864734299518, 0.02357320099255583, 0.022352647352647352, 0.02190385981529718, 0.021869488536155203, 0.01639344262295082, 0.01639344262295082, 0.016129032258064516, 0.016129032258064516, 0.015873015873015872, 0.015873015873015872, 0.015625, 0.015625, 0.015384615384615385, 0.015384615384615385, 0.015151515151515152, 0.015151515151515152, 0.014925373134328358, 0.014925373134328358, 0.014705882352941176, 0.014705882352941176, 0.014492753623188406, 0.014285714285714285, 0.014285714285714285, 0.014084507042253521, 0.014084507042253521, 0.013888888888888888, 0.013888888888888888, 0.0136986301369863, 0.0136986301369863], ""selected_chunk_ids_after_dedup"": [""rbi_mpr_2025_04_p016_c000"", ""rbi_mpr_2025_04_p108_c000"", ""rbi_mpr_2025_04_p108_c003""], ""selected_chunk_ids_before_dedup"": [""rbi_mpr_2025_04_p016_c000"", ""rbi_mpr_2025_04_p108_c000"", ""rbi_mpr_2025_04_p108_c003""], ""selected_pages"": [16, 108, 108]}, ""rbi_mpr_2025_10"": {""accepted_evidence_found"": false, ""accepted_pages"": [10], ""bm25_candidate_ids"": [""rbi_mpr_2025_10_p042_c002"", ""rbi_mpr_2025_10_p027_c002"", ""rbi_mpr_2025_10_p076_c000"", ""rbi_mpr_2025_10_p034_c005"", ""rbi_mpr_2025_10_p019_c002"", ""rbi_mpr_2025_10_p019_c003"", ""rbi_mpr_2025_10_p014_c003"", ""rbi_mpr_2025_10_p014_c000"", ""rbi_mpr_2025_10_p083_c001"", ""rbi_mpr_2025_10_p055_c002"", ""rbi_mpr_2025_10_p059_c000"", ""rbi_mpr_2025_10_p034_c004"", ""rbi_mpr_2025_10_p035_c000"", ""rbi_mpr_2025_10_p055_c003"", ""rbi_mpr_2025_10_p033_c001"", ""rbi_mpr_2025_10_p014_c001"", ""rbi_mpr_2025_10_p055_c004"", ""rbi_mpr_2025_10_p084_c003"", ""rbi_mpr_2025_10_p083_c000"", ""rbi_mpr_2025_10_p032_c003"", ""rbi_mpr_2025_10_p010_c002"", ""rbi_mpr_2025_10_p011_c003"", ""rbi_mpr_2025_10_p049_c002"", ""rbi_mpr_2025_10_p017_c003"", ""rbi_mpr_2025_10_p021_c000"", ""rbi_mpr_2025_10_p076_c001"", ""rbi_mpr_2025_10_p009_c005"", ""rbi_mpr_2025_10_p091_c000"", ""rbi_mpr_2025_10_p034_c003"", ""rbi_mpr_2025_10_p086_c002"", ""rbi_mpr_2025_10_p027_c001"", ""rbi_mpr_2025_10_p028_c000"", ""rbi_mpr_2025_10_p055_c001"", ""rbi_mpr_2025_10_p065_c004"", ""rbi_mpr_2025_10_p016_c002"", ""rbi_mpr_2025_10_p021_c001"", ""rbi_mpr_2025_10_p035_c002"", ""rbi_mpr_2025_10_p075_c000"", ""rbi_mpr_2025_10_p040_c002"", ""rbi_mpr_2025_10_p041_c004"", ""rbi_mpr_2025_10_p011_c004"", ""rbi_mpr_2025_10_p016_c003"", ""rbi_mpr_2025_10_p020_c000"", ""rbi_mpr_2025_10_p045_c000"", ""rbi_mpr_2025_10_p102_c001"", ""rbi_mpr_2025_10_p040_c001"", ""rbi_mpr_2025_10_p057_c000"", ""rbi_mpr_2025_10_p019_c000"", ""rbi_mpr_2025_10_p069_c004"", ""rbi_mpr_2025_10_p085_c001""], ""bm25_candidate_pages"": [42, 27, 76, 34, 19, 19, 14, 14, 83, 55, 59, 34, 35, 55, 33, 14, 55, 84, 83, 32, 10, 11, 49, 17, 21, 76, 9, 91, 34, 86, 27, 28, 55, 65, 16, 21, 35, 75, 40, 41, 11, 16, 20, 45, 102, 40, 57, 19, 69, 85], ""bm25_candidate_scores"": [null, null, null, null, null, null, null, null, null, null, null, null, null, null, null, null, null, null, null, null, null, null, null, null, null, null, null, null, null, null, null, null, null, null, null, null, null, null, null, null, null, null, null, null, null, null, null, null, null, null], ""bm25_first_evidence_rank"": 21, ""candidate_source_expansion"": {""rbi_mpr_2025_04_p005_c001"": [], ""rbi_mpr_2025_04_p008_c001"": [], ""rbi_mpr_2025_04_p013_c003"": [], ""rbi_mpr_2025_04_p015_c001"": [], ""rbi_mpr_2025_04_p015_c002"": [], ""rbi_mpr_2025_04_p015_c004"": [], ""rbi_mpr_2025_04_p016_c000"": [], ""rbi_mpr_2025_04_p016_c002"": [], ""rbi_mpr_2025_04_p016_c003"": [], ""rbi_mpr_2025_04_p017_c003"": [], ""rbi_mpr_2025_04_p018_c000"": [], ""rbi_mpr_2025_04_p018_c003"": [], ""rbi_mpr_2025_04_p019_c001"": [], ""rbi_mpr_2025_04_p019_c003"": [], ""rbi_mpr_2025_04_p020_c000"": [], ""rbi_mpr_2025_04_p020_c002"": [], ""rbi_mpr_2025_04_p026_c003"": [], ""rbi_mpr_2025_04_p027_c000"": [], ""rbi_mpr_2025_04_p027_c001"": [], ""rbi_mpr_2025_04_p027_c002"": [], ""rbi_mpr_2025_04_p028_c000"": [], ""rbi_mpr_2025_04_p028_c001"": [], ""rbi_mpr_2025_04_p028_c002"": [], ""rbi_mpr_2025_04_p028_c003"": [], ""rbi_mpr_2025_04_p029_c002"": [], ""rbi_mpr_2025_04_p029_c003"": [], ""rbi_mpr_2025_04_p029_c004"": [], ""rbi_mpr_2025_04_p030_c003"": [], ""rbi_mpr_2025_04_p030_c004"": [], ""rbi_mpr_2025_04_p031_c002"": [], ""rbi_mpr_2025_04_p031_c003"": [], ""rbi_mpr_2025_04_p037_c000"": [], ""rbi_mpr_2025_04_p038_c000"": [], ""rbi_mpr_2025_04_p038_c002"": [], ""rbi_mpr_2025_04_p039_c002"": [], ""rbi_mpr_2025_04_p039_c004"": [], ""rbi_mpr_2025_04_p040_c000"": [], ""rbi_mpr_2025_04_p040_c003"": [], ""rbi_mpr_2025_04_p041_c000"": [], ""rbi_mpr_2025_04_p041_c001"": [], ""rbi_mpr_2025_04_p041_c002"": [], ""rbi_mpr_2025_04_p041_c003"": [], ""rbi_mpr_2025_04_p042_c003"": [], ""rbi_mpr_2025_04_p044_c001"": [], ""rbi_mpr_2025_04_p044_c002"": [], ""rbi_mpr_2025_04_p047_c002"": [], ""rbi_mpr_2025_04_p048_c000"": [], ""rbi_mpr_2025_04_p049_c000"": [], ""rbi_mpr_2025_04_p050_c000"": [], ""rbi_mpr_2025_04_p050_c002"": [], ""rbi_mpr_2025_04_p051_c002"": [], ""rbi_mpr_2025_04_p052_c000"": [], ""rbi_mpr_2025_04_p053_c000"": [], ""rbi_mpr_2025_04_p053_c002"": [], ""rbi_mpr_2025_04_p055_c000"": [], ""rbi_mpr_2025_04_p056_c001"": [], ""rbi_mpr_2025_04_p060_c000"": [], ""rbi_mpr_2025_04_p061_c000"": [], ""rbi_mpr_2025_04_p064_c000"": [], ""rbi_mpr_2025_04_p066_c000"": [], ""rbi_mpr_2025_04_p068_c000"": [], ""rbi_mpr_2025_04_p069_c003"": [], ""rbi_mpr_2025_04_p070_c002"": [], ""rbi_mpr_2025_04_p071_c001"": [], ""rbi_mpr_2025_04_p073_c003"": [], ""rbi_mpr_2025_04_p074_c000"": [], ""rbi_mpr_2025_04_p075_c001"": [], ""rbi_mpr_2025_04_p075_c002"": [], ""rbi_mpr_2025_04_p076_c005"": [], ""rbi_mpr_2025_04_p077_c002"": [], ""rbi_mpr_2025_04_p078_c003"": [], ""rbi_mpr_2025_04_p079_c000"": [], ""rbi_mpr_2025_04_p079_c001"": [], ""rbi_mpr_2025_04_p085_c000"": [], ""rbi_mpr_2025_04_p085_c001"": [], ""rbi_mpr_2025_04_p085_c002"": [], ""rbi_mpr_2025_04_p088_c000"": [], ""rbi_mpr_2025_04_p091_c000"": [], ""rbi_mpr_2025_04_p094_c000"": [], ""rbi_mpr_2025_04_p094_c002"": [], ""rbi_mpr_2025_04_p094_c003"": [], ""rbi_mpr_2025_04_p103_c003"": [], ""rbi_mpr_2025_04_p107_c000"": [], ""rbi_mpr_2025_04_p107_c001"": [], ""rbi_mpr_2025_04_p107_c002"": [], ""rbi_mpr_2025_04_p108_c000"": [], ""rbi_mpr_2025_04_p108_c003"": [], ""rbi_mpr_2025_04_p109_c000"": [], ""rbi_mpr_2025_04_p109_c003"": [], ""rbi_mpr_2025_04_p110_c000"": [], ""rbi_mpr_2025_04_p110_c001"": [], ""rbi_mpr_2025_04_p111_c001"": [], ""rbi_mpr_2025_04_p112_c000"": [], ""rbi_mpr_2025_04_p112_c001"": [], ""rbi_mpr_2025_04_p113_c003"": [], ""rbi_mpr_2025_10_p008_c000"": [], ""rbi_mpr_2025_10_p008_c001"": [], ""rbi_mpr_2025_10_p009_c005"": [], ""rbi_mpr_2025_10_p010_c001"": [], ""rbi_mpr_2025_10_p010_c002"": [], ""rbi_mpr_2025_10_p011_c001"": [], ""rbi_mpr_2025_10_p011_c003"": [], ""rbi_mpr_2025_10_p011_c004"": [], ""rbi_mpr_2025_10_p011_c005"": [], ""rbi_mpr_2025_10_p014_c000"": [], ""rbi_mpr_2025_10_p014_c001"": [], ""rbi_mpr_2025_10_p014_c003"": [], ""rbi_mpr_2025_10_p015_c002"": [], ""rbi_mpr_2025_10_p015_c003"": [], ""rbi_mpr_2025_10_p016_c000"": [], ""rbi_mpr_2025_10_p016_c002"": [], ""rbi_mpr_2025_10_p016_c003"": [], ""rbi_mpr_2025_10_p017_c003"": [], ""rbi_mpr_2025_10_p019_c000"": [], ""rbi_mpr_2025_10_p019_c002"": [], ""rbi_mpr_2025_10_p019_c003"": [], ""rbi_mpr_2025_10_p020_c000"": [], ""rbi_mpr_2025_10_p020_c002"": [], ""rbi_mpr_2025_10_p021_c000"": [], ""rbi_mpr_2025_10_p021_c001"": [], ""rbi_mpr_2025_10_p025_c003"": [], ""rbi_mpr_2025_10_p027_c001"": [], ""rbi_mpr_2025_10_p027_c002"": [], ""rbi_mpr_2025_10_p028_c000"": [], ""rbi_mpr_2025_10_p032_c003"": [], ""rbi_mpr_2025_10_p033_c000"": [], ""rbi_mpr_2025_10_p033_c001"": [], ""rbi_mpr_2025_10_p033_c004"": [], ""rbi_mpr_2025_10_p034_c003"": [], ""rbi_mpr_2025_10_p034_c004"": [], ""rbi_mpr_2025_10_p034_c005"": [], ""rbi_mpr_2025_10_p035_c000"": [], ""rbi_mpr_2025_10_p035_c001"": [], ""rbi_mpr_2025_10_p035_c002"": [], ""rbi_mpr_2025_10_p036_c000"": [], ""rbi_mpr_2025_10_p036_c001"": [], ""rbi_mpr_2025_10_p040_c001"": [], ""rbi_mpr_2025_10_p040_c002"": [], ""rbi_mpr_2025_10_p041_c000"": [], ""rbi_mpr_2025_10_p041_c004"": [], ""rbi_mpr_2025_10_p042_c002"": [], ""rbi_mpr_2025_10_p042_c003"": [], ""rbi_mpr_2025_10_p044_c000"": [], ""rbi_mpr_2025_10_p045_c000"": [], ""rbi_mpr_2025_10_p047_c001"": [], ""rbi_mpr_2025_10_p049_c002"": [], ""rbi_mpr_2025_10_p051_c001"": [], ""rbi_mpr_2025_10_p051_c002"": [], ""rbi_mpr_2025_10_p051_c003"": [], ""rbi_mpr_2025_10_p055_c001"": [], ""rbi_mpr_2025_10_p055_c002"": [], ""rbi_mpr_2025_10_p055_c003"": [], ""rbi_mpr_2025_10_p055_c004"": [], ""rbi_mpr_2025_10_p056_c002"": [], ""rbi_mpr_2025_10_p057_c000"": [], ""rbi_mpr_2025_10_p059_c000"": [], ""rbi_mpr_2025_10_p059_c001"": [], ""rbi_mpr_2025_10_p061_c004"": [], ""rbi_mpr_2025_10_p065_c004"": [], ""rbi_mpr_2025_10_p069_c004"": [], ""rbi_mpr_2025_10_p070_c001"": [], ""rbi_mpr_2025_10_p070_c002"": [], ""rbi_mpr_2025_10_p070_c003"": [], ""rbi_mpr_2025_10_p071_c000"": [], ""rbi_mpr_2025_10_p071_c003"": [], ""rbi_mpr_2025_10_p073_c002"": [], ""rbi_mpr_2025_10_p073_c003"": [], ""rbi_mpr_2025_10_p075_c000"": [], ""rbi_mpr_2025_10_p076_c000"": [], ""rbi_mpr_2025_10_p076_c001"": [], ""rbi_mpr_2025_10_p076_c003"": [], ""rbi_mpr_2025_10_p083_c000"": [], ""rbi_mpr_2025_10_p083_c001"": [], ""rbi_mpr_2025_10_p084_c003"": [], ""rbi_mpr_2025_10_p085_c001"": [], ""rbi_mpr_2025_10_p086_c000"": [], ""rbi_mpr_2025_10_p086_c002"": [], ""rbi_mpr_2025_10_p090_c000"": [], ""rbi_mpr_2025_10_p091_c000"": [], ""rbi_mpr_2025_10_p093_c003"": [], ""rbi_mpr_2025_10_p101_c000"": [], ""rbi_mpr_2025_10_p102_c001"": [], ""rbi_mpr_2025_10_p103_c000"": [], ""rbi_mpr_2025_10_p103_c001"": [], ""rbi_mpr_2025_10_p103_c002"": [], ""rbi_mpr_2025_10_p103_c003"": [], ""rbi_mpr_2025_10_p104_c000"": [], ""rbi_mpr_2025_10_p104_c001"": [], ""rbi_mpr_2025_10_p106_c000"": [], ""rbi_mpr_2026_04_p010_c000"": [], ""rbi_mpr_2026_04_p014_c000"": [], ""rbi_mpr_2026_04_p017_c000"": [], ""rbi_mpr_2026_04_p017_c001"": [], ""rbi_mpr_2026_04_p018_c001"": [], ""rbi_mpr_2026_04_p018_c002"": [], ""rbi_mpr_2026_04_p020_c000"": [], ""rbi_mpr_2026_04_p020_c001"": [], ""rbi_mpr_2026_04_p020_c002"": [], ""rbi_mpr_2026_04_p020_c003"": [], ""rbi_mpr_2026_04_p021_c003"": [], ""rbi_mpr_2026_04_p023_c000"": [], ""rbi_mpr_2026_04_p023_c001"": [], ""rbi_mpr_2026_04_p030_c002"": [], ""rbi_mpr_2026_04_p030_c003"": [], ""rbi_mpr_2026_04_p031_c003"": [], ""rbi_mpr_2026_04_p032_c003"": [], ""rbi_mpr_2026_04_p035_c003"": [], ""rbi_mpr_2026_04_p038_c002"": [], ""rbi_mpr_2026_04_p042_c001"": [], ""rbi_mpr_2026_04_p043_c000"": [], ""rbi_mpr_2026_04_p044_c000"": [], ""rbi_mpr_2026_04_p044_c001"": [], ""rbi_mpr_2026_04_p047_c004"": [], ""rbi_mpr_2026_04_p049_c001"": [], ""rbi_mpr_2026_04_p050_c000"": [], ""rbi_mpr_2026_04_p050_c001"": [], ""rbi_mpr_2026_04_p050_c002"": [], ""rbi_mpr_2026_04_p055_c000"": [], ""rbi_mpr_2026_04_p057_c002"": [], ""rbi_mpr_2026_04_p058_c000"": [], ""rbi_mpr_2026_04_p058_c001"": [], ""rbi_mpr_2026_04_p058_c002"": [], ""rbi_mpr_2026_04_p058_c005"": [], ""rbi_mpr_2026_04_p060_c003"": [], ""rbi_mpr_2026_04_p062_c002"": [], ""rbi_mpr_2026_04_p062_c003"": [], ""rbi_mpr_2026_04_p063_c002"": [], ""rbi_mpr_2026_04_p063_c003"": [], ""rbi_mpr_2026_04_p064_c000"": [], ""rbi_mpr_2026_04_p064_c004"": [], ""rbi_mpr_2026_04_p065_c002"": [], ""rbi_mpr_2026_04_p066_c002"": [], ""rbi_mpr_2026_04_p067_c002"": [], ""rbi_mpr_2026_04_p069_c003"": [], ""rbi_mpr_2026_04_p070_c000"": [], ""rbi_mpr_2026_04_p070_c004"": [], ""rbi_mpr_2026_04_p071_c000"": [], ""rbi_mpr_2026_04_p073_c000"": [], ""rbi_mpr_2026_04_p074_c000"": [], ""rbi_mpr_2026_04_p076_c002"": [], ""rbi_mpr_2026_04_p076_c003"": [], ""rbi_mpr_2026_04_p077_c000"": [], ""rbi_mpr_2026_04_p077_c001"": [], ""rbi_mpr_2026_04_p079_c004"": [], ""rbi_mpr_2026_04_p080_c000"": [], ""rbi_mpr_2026_04_p080_c001"": [], ""rbi_mpr_2026_04_p080_c003"": [], ""rbi_mpr_2026_04_p081_c001"": [], ""rbi_mpr_2026_04_p081_c002"": [], ""rbi_mpr_2026_04_p081_c004"": [], ""rbi_mpr_2026_04_p081_c005"": [], ""rbi_mpr_2026_04_p082_c000"": [], ""rbi_mpr_2026_04_p082_c001"": [], ""rbi_mpr_2026_04_p082_c004"": [], ""rbi_mpr_2026_04_p083_c000"": [], ""rbi_mpr_2026_04_p083_c003"": [], ""rbi_mpr_2026_04_p083_c004"": [], ""rbi_mpr_2026_04_p085_c006"": [], ""rbi_mpr_2026_04_p087_c000"": [], ""rbi_mpr_2026_04_p088_c000"": [], ""rbi_mpr_2026_04_p090_c000"": [], ""rbi_mpr_2026_04_p091_c001"": [], ""rbi_mpr_2026_04_p091_c002"": [], ""rbi_mpr_2026_04_p093_c000"": [], ""rbi_mpr_2026_04_p093_c003"": [], ""rbi_mpr_2026_04_p096_c003"": [], ""rbi_mpr_2026_04_p099_c003"": [], ""rbi_mpr_2026_04_p102_c002"": [], ""rbi_mpr_2026_04_p102_c003"": [], ""rbi_mpr_2026_04_p102_c004"": [], ""rbi_mpr_2026_04_p103_c003"": [], ""rbi_mpr_2026_04_p103_c004"": [], ""rbi_mpr_2026_04_p105_c000"": [], ""rbi_mpr_2026_04_p105_c001"": [], ""rbi_mpr_2026_04_p107_c001"": [], ""rbi_mpr_2026_04_p107_c004"": [], ""rbi_mpr_2026_04_p108_c002"": [], ""rbi_mpr_2026_04_p109_c001"": [], ""rbi_mpr_2026_04_p111_c001"": [], ""rbi_mpr_2026_04_p111_c002"": [], ""rbi_mpr_2026_04_p113_c002"": [], ""rbi_mpr_2026_04_p114_c000"": []}, ""candidate_source_facet"": {""rbi_mpr_2025_04_p005_c001"": [], ""rbi_mpr_2025_04_p008_c001"": [], ""rbi_mpr_2025_04_p013_c003"": [], ""rbi_mpr_2025_04_p015_c001"": [], ""rbi_mpr_2025_04_p015_c002"": [], ""rbi_mpr_2025_04_p015_c004"": [], ""rbi_mpr_2025_04_p016_c000"": [], ""rbi_mpr_2025_04_p016_c002"": [], ""rbi_mpr_2025_04_p016_c003"": [], ""rbi_mpr_2025_04_p017_c003"": [], ""rbi_mpr_2025_04_p018_c000"": [], ""rbi_mpr_2025_04_p018_c003"": [], ""rbi_mpr_2025_04_p019_c001"": [], ""rbi_mpr_2025_04_p019_c003"": [], ""rbi_mpr_2025_04_p020_c000"": [], ""rbi_mpr_2025_04_p020_c002"": [], ""rbi_mpr_2025_04_p026_c003"": [], ""rbi_mpr_2025_04_p027_c000"": [], ""rbi_mpr_2025_04_p027_c001"": [], ""rbi_mpr_2025_04_p027_c002"": [], ""rbi_mpr_2025_04_p028_c000"": [], ""rbi_mpr_2025_04_p028_c001"": [], ""rbi_mpr_2025_04_p028_c002"": [], ""rbi_mpr_2025_04_p028_c003"": [], ""rbi_mpr_2025_04_p029_c002"": [], ""rbi_mpr_2025_04_p029_c003"": [], ""rbi_mpr_2025_04_p029_c004"": [], ""rbi_mpr_2025_04_p030_c003"": [], ""rbi_mpr_2025_04_p030_c004"": [], ""rbi_mpr_2025_04_p031_c002"": [], ""rbi_mpr_2025_04_p031_c003"": [], ""rbi_mpr_2025_04_p037_c000"": [], ""rbi_mpr_2025_04_p038_c000"": [], ""rbi_mpr_2025_04_p038_c002"": [], ""rbi_mpr_2025_04_p039_c002"": [], ""rbi_mpr_2025_04_p039_c004"": [], ""rbi_mpr_2025_04_p040_c000"": [], ""rbi_mpr_2025_04_p040_c003"": [], ""rbi_mpr_2025_04_p041_c000"": [], ""rbi_mpr_2025_04_p041_c001"": [], ""rbi_mpr_2025_04_p041_c002"": [], ""rbi_mpr_2025_04_p041_c003"": [], ""rbi_mpr_2025_04_p042_c003"": [], ""rbi_mpr_2025_04_p044_c001"": [], ""rbi_mpr_2025_04_p044_c002"": [], ""rbi_mpr_2025_04_p047_c002"": [], ""rbi_mpr_2025_04_p048_c000"": [], ""rbi_mpr_2025_04_p049_c000"": [], ""rbi_mpr_2025_04_p050_c000"": [], ""rbi_mpr_2025_04_p050_c002"": [], ""rbi_mpr_2025_04_p051_c002"": [], ""rbi_mpr_2025_04_p052_c000"": [], ""rbi_mpr_2025_04_p053_c000"": [], ""rbi_mpr_2025_04_p053_c002"": [], ""rbi_mpr_2025_04_p055_c000"": [], ""rbi_mpr_2025_04_p056_c001"": [], ""rbi_mpr_2025_04_p060_c000"": [], ""rbi_mpr_2025_04_p061_c000"": [], ""rbi_mpr_2025_04_p064_c000"": [], ""rbi_mpr_2025_04_p066_c000"": [], ""rbi_mpr_2025_04_p068_c000"": [], ""rbi_mpr_2025_04_p069_c003"": [], ""rbi_mpr_2025_04_p070_c002"": [], ""rbi_mpr_2025_04_p071_c001"": [], ""rbi_mpr_2025_04_p073_c003"": [], ""rbi_mpr_2025_04_p074_c000"": [], ""rbi_mpr_2025_04_p075_c001"": [], ""rbi_mpr_2025_04_p075_c002"": [], ""rbi_mpr_2025_04_p076_c005"": [], ""rbi_mpr_2025_04_p077_c002"": [], ""rbi_mpr_2025_04_p078_c003"": [], ""rbi_mpr_2025_04_p079_c000"": [], ""rbi_mpr_2025_04_p079_c001"": [], ""rbi_mpr_2025_04_p085_c000"": [], ""rbi_mpr_2025_04_p085_c001"": [], ""rbi_mpr_2025_04_p085_c002"": [], ""rbi_mpr_2025_04_p088_c000"": [], ""rbi_mpr_2025_04_p091_c000"": [], ""rbi_mpr_2025_04_p094_c000"": [], ""rbi_mpr_2025_04_p094_c002"": [], ""rbi_mpr_2025_04_p094_c003"": [], ""rbi_mpr_2025_04_p103_c003"": [], ""rbi_mpr_2025_04_p107_c000"": [], ""rbi_mpr_2025_04_p107_c001"": [], ""rbi_mpr_2025_04_p107_c002"": [], ""rbi_mpr_2025_04_p108_c000"": [], ""rbi_mpr_2025_04_p108_c003"": [], ""rbi_mpr_2025_04_p109_c000"": [], ""rbi_mpr_2025_04_p109_c003"": [], ""rbi_mpr_2025_04_p110_c000"": [], ""rbi_mpr_2025_04_p110_c001"": [], ""rbi_mpr_2025_04_p111_c001"": [], ""rbi_mpr_2025_04_p112_c000"": [], ""rbi_mpr_2025_04_p112_c001"": [], ""rbi_mpr_2025_04_p113_c003"": [], ""rbi_mpr_2025_10_p008_c000"": [], ""rbi_mpr_2025_10_p008_c001"": [], ""rbi_mpr_2025_10_p009_c005"": [], ""rbi_mpr_2025_10_p010_c001"": [], ""rbi_mpr_2025_10_p010_c002"": [], ""rbi_mpr_2025_10_p011_c001"": [], ""rbi_mpr_2025_10_p011_c003"": [], ""rbi_mpr_2025_10_p011_c004"": [], ""rbi_mpr_2025_10_p011_c005"": [], ""rbi_mpr_2025_10_p014_c000"": [], ""rbi_mpr_2025_10_p014_c001"": [], ""rbi_mpr_2025_10_p014_c003"": [], ""rbi_mpr_2025_10_p015_c002"": [], ""rbi_mpr_2025_10_p015_c003"": [], ""rbi_mpr_2025_10_p016_c000"": [], ""rbi_mpr_2025_10_p016_c002"": [], ""rbi_mpr_2025_10_p016_c003"": [], ""rbi_mpr_2025_10_p017_c003"": [], ""rbi_mpr_2025_10_p019_c000"": [], ""rbi_mpr_2025_10_p019_c002"": [], ""rbi_mpr_2025_10_p019_c003"": [], ""rbi_mpr_2025_10_p020_c000"": [], ""rbi_mpr_2025_10_p020_c002"": [], ""rbi_mpr_2025_10_p021_c000"": [], ""rbi_mpr_2025_10_p021_c001"": [], ""rbi_mpr_2025_10_p025_c003"": [], ""rbi_mpr_2025_10_p027_c001"": [], ""rbi_mpr_2025_10_p027_c002"": [], ""rbi_mpr_2025_10_p028_c000"": [], ""rbi_mpr_2025_10_p032_c003"": [], ""rbi_mpr_2025_10_p033_c000"": [], ""rbi_mpr_2025_10_p033_c001"": [], ""rbi_mpr_2025_10_p033_c004"": [], ""rbi_mpr_2025_10_p034_c003"": [], ""rbi_mpr_2025_10_p034_c004"": [], ""rbi_mpr_2025_10_p034_c005"": [], ""rbi_mpr_2025_10_p035_c000"": [], ""rbi_mpr_2025_10_p035_c001"": [], ""rbi_mpr_2025_10_p035_c002"": [], ""rbi_mpr_2025_10_p036_c000"": [], ""rbi_mpr_2025_10_p036_c001"": [], ""rbi_mpr_2025_10_p040_c001"": [], ""rbi_mpr_2025_10_p040_c002"": [], ""rbi_mpr_2025_10_p041_c000"": [], ""rbi_mpr_2025_10_p041_c004"": [], ""rbi_mpr_2025_10_p042_c002"": [], ""rbi_mpr_2025_10_p042_c003"": [], ""rbi_mpr_2025_10_p044_c000"": [], ""rbi_mpr_2025_10_p045_c000"": [], ""rbi_mpr_2025_10_p047_c001"": [], ""rbi_mpr_2025_10_p049_c002"": [], ""rbi_mpr_2025_10_p051_c001"": [], ""rbi_mpr_2025_10_p051_c002"": [], ""rbi_mpr_2025_10_p051_c003"": [], ""rbi_mpr_2025_10_p055_c001"": [], ""rbi_mpr_2025_10_p055_c002"": [], ""rbi_mpr_2025_10_p055_c003"": [], ""rbi_mpr_2025_10_p055_c004"": [], ""rbi_mpr_2025_10_p056_c002"": [], ""rbi_mpr_2025_10_p057_c000"": [], ""rbi_mpr_2025_10_p059_c000"": [], ""rbi_mpr_2025_10_p059_c001"": [], ""rbi_mpr_2025_10_p061_c004"": [], ""rbi_mpr_2025_10_p065_c004"": [], ""rbi_mpr_2025_10_p069_c004"": [], ""rbi_mpr_2025_10_p070_c001"": [], ""rbi_mpr_2025_10_p070_c002"": [], ""rbi_mpr_2025_10_p070_c003"": [], ""rbi_mpr_2025_10_p071_c000"": [], ""rbi_mpr_2025_10_p071_c003"": [], ""rbi_mpr_2025_10_p073_c002"": [], ""rbi_mpr_2025_10_p073_c003"": [], ""rbi_mpr_2025_10_p075_c000"": [], ""rbi_mpr_2025_10_p076_c000"": [], ""rbi_mpr_2025_10_p076_c001"": [], ""rbi_mpr_2025_10_p076_c003"": [], ""rbi_mpr_2025_10_p083_c000"": [], ""rbi_mpr_2025_10_p083_c001"": [], ""rbi_mpr_2025_10_p084_c003"": [], ""rbi_mpr_2025_10_p085_c001"": [], ""rbi_mpr_2025_10_p086_c000"": [], ""rbi_mpr_2025_10_p086_c002"": [], ""rbi_mpr_2025_10_p090_c000"": [], ""rbi_mpr_2025_10_p091_c000"": [], ""rbi_mpr_2025_10_p093_c003"": [], ""rbi_mpr_2025_10_p101_c000"": [], ""rbi_mpr_2025_10_p102_c001"": [], ""rbi_mpr_2025_10_p103_c000"": [], ""rbi_mpr_2025_10_p103_c001"": [], ""rbi_mpr_2025_10_p103_c002"": [], ""rbi_mpr_2025_10_p103_c003"": [], ""rbi_mpr_2025_10_p104_c000"": [], ""rbi_mpr_2025_10_p104_c001"": [], ""rbi_mpr_2025_10_p106_c000"": [], ""rbi_mpr_2026_04_p010_c000"": [], ""rbi_mpr_2026_04_p014_c000"": [], ""rbi_mpr_2026_04_p017_c000"": [], ""rbi_mpr_2026_04_p017_c001"": [], ""rbi_mpr_2026_04_p018_c001"": [], ""rbi_mpr_2026_04_p018_c002"": [], ""rbi_mpr_2026_04_p020_c000"": [], ""rbi_mpr_2026_04_p020_c001"": [], ""rbi_mpr_2026_04_p020_c002"": [], ""rbi_mpr_2026_04_p020_c003"": [], ""rbi_mpr_2026_04_p021_c003"": [], ""rbi_mpr_2026_04_p023_c000"": [], ""rbi_mpr_2026_04_p023_c001"": [], ""rbi_mpr_2026_04_p030_c002"": [], ""rbi_mpr_2026_04_p030_c003"": [], ""rbi_mpr_2026_04_p031_c003"": [], ""rbi_mpr_2026_04_p032_c003"": [], ""rbi_mpr_2026_04_p035_c003"": [], ""rbi_mpr_2026_04_p038_c002"": [], ""rbi_mpr_2026_04_p042_c001"": [], ""rbi_mpr_2026_04_p043_c000"": [], ""rbi_mpr_2026_04_p044_c000"": [], ""rbi_mpr_2026_04_p044_c001"": [], ""rbi_mpr_2026_04_p047_c004"": [], ""rbi_mpr_2026_04_p049_c001"": [], ""rbi_mpr_2026_04_p050_c000"": [], ""rbi_mpr_2026_04_p050_c001"": [], ""rbi_mpr_2026_04_p050_c002"": [], ""rbi_mpr_2026_04_p055_c000"": [], ""rbi_mpr_2026_04_p057_c002"": [], ""rbi_mpr_2026_04_p058_c000"": [], ""rbi_mpr_2026_04_p058_c001"": [], ""rbi_mpr_2026_04_p058_c002"": [], ""rbi_mpr_2026_04_p058_c005"": [], ""rbi_mpr_2026_04_p060_c003"": [], ""rbi_mpr_2026_04_p062_c002"": [], ""rbi_mpr_2026_04_p062_c003"": [], ""rbi_mpr_2026_04_p063_c002"": [], ""rbi_mpr_2026_04_p063_c003"": [], ""rbi_mpr_2026_04_p064_c000"": [], ""rbi_mpr_2026_04_p064_c004"": [], ""rbi_mpr_2026_04_p065_c002"": [], ""rbi_mpr_2026_04_p066_c002"": [], ""rbi_mpr_2026_04_p067_c002"": [], ""rbi_mpr_2026_04_p069_c003"": [], ""rbi_mpr_2026_04_p070_c000"": [], ""rbi_mpr_2026_04_p070_c004"": [], ""rbi_mpr_2026_04_p071_c000"": [], ""rbi_mpr_2026_04_p073_c000"": [], ""rbi_mpr_2026_04_p074_c000"": [], ""rbi_mpr_2026_04_p076_c002"": [], ""rbi_mpr_2026_04_p076_c003"": [], ""rbi_mpr_2026_04_p077_c000"": [], ""rbi_mpr_2026_04_p077_c001"": [], ""rbi_mpr_2026_04_p079_c004"": [], ""rbi_mpr_2026_04_p080_c000"": [], ""rbi_mpr_2026_04_p080_c001"": [], ""rbi_mpr_2026_04_p080_c003"": [], ""rbi_mpr_2026_04_p081_c001"": [], ""rbi_mpr_2026_04_p081_c002"": [], ""rbi_mpr_2026_04_p081_c004"": [], ""rbi_mpr_2026_04_p081_c005"": [], ""rbi_mpr_2026_04_p082_c000"": [], ""rbi_mpr_2026_04_p082_c001"": [], ""rbi_mpr_2026_04_p082_c004"": [], ""rbi_mpr_2026_04_p083_c000"": [], ""rbi_mpr_2026_04_p083_c003"": [], ""rbi_mpr_2026_04_p083_c004"": [], ""rbi_mpr_2026_04_p085_c006"": [], ""rbi_mpr_2026_04_p087_c000"": [], ""rbi_mpr_2026_04_p088_c000"": [], ""rbi_mpr_2026_04_p090_c000"": [], ""rbi_mpr_2026_04_p091_c001"": [], ""rbi_mpr_2026_04_p091_c002"": [], ""rbi_mpr_2026_04_p093_c000"": [], ""rbi_mpr_2026_04_p093_c003"": [], ""rbi_mpr_2026_04_p096_c003"": [], ""rbi_mpr_2026_04_p099_c003"": [], ""rbi_mpr_2026_04_p102_c002"": [], ""rbi_mpr_2026_04_p102_c003"": [], ""rbi_mpr_2026_04_p102_c004"": [], ""rbi_mpr_2026_04_p103_c003"": [], ""rbi_mpr_2026_04_p103_c004"": [], ""rbi_mpr_2026_04_p105_c000"": [], ""rbi_mpr_2026_04_p105_c001"": [], ""rbi_mpr_2026_04_p107_c001"": [], ""rbi_mpr_2026_04_p107_c004"": [], ""rbi_mpr_2026_04_p108_c002"": [], ""rbi_mpr_2026_04_p109_c001"": [], ""rbi_mpr_2026_04_p111_c001"": [], ""rbi_mpr_2026_04_p111_c002"": [], ""rbi_mpr_2026_04_p113_c002"": [], ""rbi_mpr_2026_04_p114_c000"": []}, ""candidate_source_query"": {""rbi_mpr_2025_04_p005_c001"": [""Trace the policy-rate or policy-action evidence across all three reports.""], ""rbi_mpr_2025_04_p008_c001"": [""Trace the policy-rate or policy-action evidence across all three reports.""], ""rbi_mpr_2025_04_p013_c003"": [""Trace the policy-rate or policy-action evidence across all three reports.""], ""rbi_mpr_2025_04_p015_c001"": [""Trace the policy-rate or policy-action evidence across all three reports.""], ""rbi_mpr_2025_04_p015_c002"": [""Trace the policy-rate or policy-action evidence across all three reports.""], ""rbi_mpr_2025_04_p015_c004"": [""Trace the policy-rate or policy-action evidence across all three reports.""], ""rbi_mpr_2025_04_p016_c000"": [""Trace the policy-rate or policy-action evidence across all three reports.""], ""rbi_mpr_2025_04_p016_c002"": [""Trace the policy-rate or policy-action evidence across all three reports.""], ""rbi_mpr_2025_04_p016_c003"": [""Trace the policy-rate or policy-action evidence across all three reports.""], ""rbi_mpr_2025_04_p017_c003"": [""Trace the policy-rate or policy-action evidence across all three reports.""], ""rbi_mpr_2025_04_p018_c000"": [""Trace the policy-rate or policy-action evidence across all three reports.""], ""rbi_mpr_2025_04_p018_c003"": [""Trace the policy-rate or policy-action evidence across all three reports.""], ""rbi_mpr_2025_04_p019_c001"": [""Trace the policy-rate or policy-action evidence across all three reports.""], ""rbi_mpr_2025_04_p019_c003"": [""Trace the policy-rate or policy-action evidence across all three reports.""], ""rbi_mpr_2025_04_p020_c000"": [""Trace the policy-rate or policy-action evidence across all three reports.""], ""rbi_mpr_2025_04_p020_c002"": [""Trace the policy-rate or policy-action evidence across all three reports.""], ""rbi_mpr_2025_04_p026_c003"": [""Trace the policy-rate or policy-action evidence across all three reports.""], ""rbi_mpr_2025_04_p027_c000"": [""Trace the policy-rate or policy-action evidence across all three reports.""], ""rbi_mpr_2025_04_p027_c001"": [""Trace the policy-rate or policy-action evidence across all three reports.""], ""rbi_mpr_2025_04_p027_c002"": [""Trace the policy-rate or policy-action evidence across all three reports.""], ""rbi_mpr_2025_04_p028_c000"": [""Trace the policy-rate or policy-action evidence across all three reports.""], ""rbi_mpr_2025_04_p028_c001"": [""Trace the policy-rate or policy-action evidence across all three reports.""], ""rbi_mpr_2025_04_p028_c002"": [""Trace the policy-rate or policy-action evidence across all three reports.""], ""rbi_mpr_2025_04_p028_c003"": [""Trace the policy-rate or policy-action evidence across all three reports.""], ""rbi_mpr_2025_04_p029_c002"": [""Trace the policy-rate or policy-action evidence across all three reports.""], ""rbi_mpr_2025_04_p029_c003"": [""Trace the policy-rate or policy-action evidence across all three reports.""], ""rbi_mpr_2025_04_p029_c004"": [""Trace the policy-rate or policy-action evidence across all three reports.""], ""rbi_mpr_2025_04_p030_c003"": [""Trace the policy-rate or policy-action evidence across all three reports.""], ""rbi_mpr_2025_04_p030_c004"": [""Trace the policy-rate or policy-action evidence across all three reports.""], ""rbi_mpr_2025_04_p031_c002"": [""Trace the policy-rate or policy-action evidence across all three reports.""], ""rbi_mpr_2025_04_p031_c003"": [""Trace the policy-rate or policy-action evidence across all three reports.""], ""rbi_mpr_2025_04_p037_c000"": [""Trace the policy-rate or policy-action evidence across all three reports.""], ""rbi_mpr_2025_04_p038_c000"": [""Trace the policy-rate or policy-action evidence across all three reports.""], ""rbi_mpr_2025_04_p038_c002"": [""Trace the policy-rate or policy-action evidence across all three reports.""], ""rbi_mpr_2025_04_p039_c002"": [""Trace the policy-rate or policy-action evidence across all three reports.""], ""rbi_mpr_2025_04_p039_c004"": [""Trace the policy-rate or policy-action evidence across all three reports.""], ""rbi_mpr_2025_04_p040_c000"": [""Trace the policy-rate or policy-action evidence across all three reports.""], ""rbi_mpr_2025_04_p040_c003"": [""Trace the policy-rate or policy-action evidence across all three reports.""], ""rbi_mpr_2025_04_p041_c000"": [""Trace the policy-rate or policy-action evidence across all three reports.""], ""rbi_mpr_2025_04_p041_c001"": [""Trace the policy-rate or policy-action evidence across all three reports.""], ""rbi_mpr_2025_04_p041_c002"": [""Trace the policy-rate or policy-action evidence across all three reports.""], ""rbi_mpr_2025_04_p041_c003"": [""Trace the policy-rate or policy-action evidence across all three reports.""], ""rbi_mpr_2025_04_p042_c003"": [""Trace the policy-rate or policy-action evidence across all three reports.""], ""rbi_mpr_2025_04_p044_c001"": [""Trace the policy-rate or policy-action evidence across all three reports.""], ""rbi_mpr_2025_04_p044_c002"": [""Trace the policy-rate or policy-action evidence across all three reports.""], ""rbi_mpr_2025_04_p047_c002"": [""Trace the policy-rate or policy-action evidence across all three reports.""], ""rbi_mpr_2025_04_p048_c000"": [""Trace the policy-rate or policy-action evidence across all three reports.""], ""rbi_mpr_2025_04_p049_c000"": [""Trace the policy-rate or policy-action evidence across all three reports.""], ""rbi_mpr_2025_04_p050_c000"": [""Trace the policy-rate or policy-action evidence across all three reports.""], ""rbi_mpr_2025_04_p050_c002"": [""Trace the policy-rate or policy-action evidence across all three reports.""], ""rbi_mpr_2025_04_p051_c002"": [""Trace the policy-rate or policy-action evidence across all three reports.""], ""rbi_mpr_2025_04_p052_c000"": [""Trace the policy-rate or policy-action evidence across all three reports.""], ""rbi_mpr_2025_04_p053_c000"": [""Trace the policy-rate or policy-action evidence across all three reports.""], ""rbi_mpr_2025_04_p053_c002"": [""Trace the policy-rate or policy-action evidence across all three reports.""], ""rbi_mpr_2025_04_p055_c000"": [""Trace the policy-rate or policy-action evidence across all three reports.""], ""rbi_mpr_2025_04_p056_c001"": [""Trace the policy-rate or policy-action evidence across all three reports.""], ""rbi_mpr_2025_04_p060_c000"": [""Trace the policy-rate or policy-action evidence across all three reports.""], ""rbi_mpr_2025_04_p061_c000"": [""Trace the policy-rate or policy-action evidence across all three reports.""], ""rbi_mpr_2025_04_p064_c000"": [""Trace the policy-rate or policy-action evidence across all three reports.""], ""rbi_mpr_2025_04_p066_c000"": [""Trace the policy-rate or policy-action evidence across all three reports.""], ""rbi_mpr_2025_04_p068_c000"": [""Trace the policy-rate or policy-action evidence across all three reports.""], ""rbi_mpr_2025_04_p069_c003"": [""Trace the policy-rate or policy-action evidence across all three reports.""], ""rbi_mpr_2025_04_p070_c002"": [""Trace the policy-rate or policy-action evidence across all three reports.""], ""rbi_mpr_2025_04_p071_c001"": [""Trace the policy-rate or policy-action evidence across all three reports.""], ""rbi_mpr_2025_04_p073_c003"": [""Trace the policy-rate or policy-action evidence across all three reports.""], ""rbi_mpr_2025_04_p074_c000"": [""Trace the policy-rate or policy-action evidence across all three reports.""], ""rbi_mpr_2025_04_p075_c001"": [""Trace the policy-rate or policy-action evidence across all three reports.""], ""rbi_mpr_2025_04_p075_c002"": [""Trace the policy-rate or policy-action evidence across all three reports.""], ""rbi_mpr_2025_04_p076_c005"": [""Trace the policy-rate or policy-action evidence across all three reports.""], ""rbi_mpr_2025_04_p077_c002"": [""Trace the policy-rate or policy-action evidence across all three reports.""], ""rbi_mpr_2025_04_p078_c003"": [""Trace the policy-rate or policy-action evidence across all three reports.""], ""rbi_mpr_2025_04_p079_c000"": [""Trace the policy-rate or policy-action evidence across all three reports.""], ""rbi_mpr_2025_04_p079_c001"": [""Trace the policy-rate or policy-action evidence across all three reports.""], ""rbi_mpr_2025_04_p085_c000"": [""Trace the policy-rate or policy-action evidence across all three reports.""], ""rbi_mpr_2025_04_p085_c001"": [""Trace the policy-rate or policy-action evidence across all three reports.""], ""rbi_mpr_2025_04_p085_c002"": [""Trace the policy-rate or policy-action evidence across all three reports.""], ""rbi_mpr_2025_04_p088_c000"": [""Trace the policy-rate or policy-action evidence across all three reports.""], ""rbi_mpr_2025_04_p091_c000"": [""Trace the policy-rate or policy-action evidence across all three reports.""], ""rbi_mpr_2025_04_p094_c000"": [""Trace the policy-rate or policy-action evidence across all three reports.""], ""rbi_mpr_2025_04_p094_c002"": [""Trace the policy-rate or policy-action evidence across all three reports.""], ""rbi_mpr_2025_04_p094_c003"": [""Trace the policy-rate or policy-action evidence across all three reports.""], ""rbi_mpr_2025_04_p103_c003"": [""Trace the policy-rate or policy-action evidence across all three reports.""], ""rbi_mpr_2025_04_p107_c000"": [""Trace the policy-rate or policy-action evidence across all three reports.""], ""rbi_mpr_2025_04_p107_c001"": [""Trace the policy-rate or policy-action evidence across all three reports.""], ""rbi_mpr_2025_04_p107_c002"": [""Trace the policy-rate or policy-action evidence across all three reports.""], ""rbi_mpr_2025_04_p108_c000"": [""Trace the policy-rate or policy-action evidence across all three reports.""], ""rbi_mpr_2025_04_p108_c003"": [""Trace the policy-rate or policy-action evidence across all three reports.""], ""rbi_mpr_2025_04_p109_c000"": [""Trace the policy-rate or policy-action evidence across all three reports.""], ""rbi_mpr_2025_04_p109_c003"": [""Trace the policy-rate or policy-action evidence across all three reports.""], ""rbi_mpr_2025_04_p110_c000"": [""Trace the policy-rate or policy-action evidence across all three reports.""], ""rbi_mpr_2025_04_p110_c001"": [""Trace the policy-rate or policy-action evidence across all three reports.""], ""rbi_mpr_2025_04_p111_c001"": [""Trace the policy-rate or policy-action evidence across all three reports.""], ""rbi_mpr_2025_04_p112_c000"": [""Trace the policy-rate or policy-action evidence across all three reports.""], ""rbi_mpr_2025_04_p112_c001"": [""Trace the policy-rate or policy-action evidence across all three reports.""], ""rbi_mpr_2025_04_p113_c003"": [""Trace the policy-rate or policy-action evidence across all three reports.""], ""rbi_mpr_2025_10_p008_c000"": [""Trace the policy-rate or policy-action evidence across all three reports.""], ""rbi_mpr_2025_10_p008_c001"": [""Trace the policy-rate or policy-action evidence across all three reports.""], ""rbi_mpr_2025_10_p009_c005"": [""Trace the policy-rate or policy-action evidence across all three reports.""], ""rbi_mpr_2025_10_p010_c001"": [""Trace the policy-rate or policy-action evidence across all three reports.""], ""rbi_mpr_2025_10_p010_c002"": [""Trace the policy-rate or policy-action evidence across all three reports.""], ""rbi_mpr_2025_10_p011_c001"": [""Trace the policy-rate or policy-action evidence across all three reports.""], ""rbi_mpr_2025_10_p011_c003"": [""Trace the policy-rate or policy-action evidence across all three reports.""], ""rbi_mpr_2025_10_p011_c004"": [""Trace the policy-rate or policy-action evidence across all three reports.""], ""rbi_mpr_2025_10_p011_c005"": [""Trace the policy-rate or policy-action evidence across all three reports.""], ""rbi_mpr_2025_10_p014_c000"": [""Trace the policy-rate or policy-action evidence across all three reports.""], ""rbi_mpr_2025_10_p014_c001"": [""Trace the policy-rate or policy-action evidence across all three reports.""], ""rbi_mpr_2025_10_p014_c003"": [""Trace the policy-rate or policy-action evidence across all three reports.""], ""rbi_mpr_2025_10_p015_c002"": [""Trace the policy-rate or policy-action evidence across all three reports.""], ""rbi_mpr_2025_10_p015_c003"": [""Trace the policy-rate or policy-action evidence across all three reports.""], ""rbi_mpr_2025_10_p016_c000"": [""Trace the policy-rate or policy-action evidence across all three reports.""], ""rbi_mpr_2025_10_p016_c002"": [""Trace the policy-rate or policy-action evidence across all three reports.""], ""rbi_mpr_2025_10_p016_c003"": [""Trace the policy-rate or policy-action evidence across all three reports.""], ""rbi_mpr_2025_10_p017_c003"": [""Trace the policy-rate or policy-action evidence across all three reports.""], ""rbi_mpr_2025_10_p019_c000"": [""Trace the policy-rate or policy-action evidence across all three reports.""], ""rbi_mpr_2025_10_p019_c002"": [""Trace the policy-rate or policy-action evidence across all three reports.""], ""rbi_mpr_2025_10_p019_c003"": [""Trace the policy-rate or policy-action evidence across all three reports.""], ""rbi_mpr_2025_10_p020_c000"": [""Trace the policy-rate or policy-action evidence across all three reports.""], ""rbi_mpr_2025_10_p020_c002"": [""Trace the policy-rate or policy-action evidence across all three reports.""], ""rbi_mpr_2025_10_p021_c000"": [""Trace the policy-rate or policy-action evidence across all three reports.""], ""rbi_mpr_2025_10_p021_c001"": [""Trace the policy-rate or policy-action evidence across all three reports.""], ""rbi_mpr_2025_10_p025_c003"": [""Trace the policy-rate or policy-action evidence across all three reports.""], ""rbi_mpr_2025_10_p027_c001"": [""Trace the policy-rate or policy-action evidence across all three reports.""], ""rbi_mpr_2025_10_p027_c002"": [""Trace the policy-rate or policy-action evidence across all three reports.""], ""rbi_mpr_2025_10_p028_c000"": [""Trace the policy-rate or policy-action evidence across all three reports.""], ""rbi_mpr_2025_10_p032_c003"": [""Trace the policy-rate or policy-action evidence across all three reports.""], ""rbi_mpr_2025_10_p033_c000"": [""Trace the policy-rate or policy-action evidence across all three reports.""], ""rbi_mpr_2025_10_p033_c001"": [""Trace the policy-rate or policy-action evidence across all three reports.""], ""rbi_mpr_2025_10_p033_c004"": [""Trace the policy-rate or policy-action evidence across all three reports.""], ""rbi_mpr_2025_10_p034_c003"": [""Trace the policy-rate or policy-action evidence across all three reports.""], ""rbi_mpr_2025_10_p034_c004"": [""Trace the policy-rate or policy-action evidence across all three reports.""], ""rbi_mpr_2025_10_p034_c005"": [""Trace the policy-rate or policy-action evidence across all three reports.""], ""rbi_mpr_2025_10_p035_c000"": [""Trace the policy-rate or policy-action evidence across all three reports.""], ""rbi_mpr_2025_10_p035_c001"": [""Trace the policy-rate or policy-action evidence across all three reports.""], ""rbi_mpr_2025_10_p035_c002"": [""Trace the policy-rate or policy-action evidence across all three reports.""], ""rbi_mpr_2025_10_p036_c000"": [""Trace the policy-rate or policy-action evidence across all three reports.""], ""rbi_mpr_2025_10_p036_c001"": [""Trace the policy-rate or policy-action evidence across all three reports.""], ""rbi_mpr_2025_10_p040_c001"": [""Trace the policy-rate or policy-action evidence across all three reports.""], ""rbi_mpr_2025_10_p040_c002"": [""Trace the policy-rate or policy-action evidence across all three reports.""], ""rbi_mpr_2025_10_p041_c000"": [""Trace the policy-rate or policy-action evidence across all three reports.""], ""rbi_mpr_2025_10_p041_c004"": [""Trace the policy-rate or policy-action evidence across all three reports.""], ""rbi_mpr_2025_10_p042_c002"": [""Trace the policy-rate or policy-action evidence across all three reports.""], ""rbi_mpr_2025_10_p042_c003"": [""Trace the policy-rate or policy-action evidence across all three reports.""], ""rbi_mpr_2025_10_p044_c000"": [""Trace the policy-rate or policy-action evidence across all three reports.""], ""rbi_mpr_2025_10_p045_c000"": [""Trace the policy-rate or policy-action evidence across all three reports.""], ""rbi_mpr_2025_10_p047_c001"": [""Trace the policy-rate or policy-action evidence across all three reports.""], ""rbi_mpr_2025_10_p049_c002"": [""Trace the policy-rate or policy-action evidence across all three reports.""], ""rbi_mpr_2025_10_p051_c001"": [""Trace the policy-rate or policy-action evidence across all three reports.""], ""rbi_mpr_2025_10_p051_c002"": [""Trace the policy-rate or policy-action evidence across all three reports.""], ""rbi_mpr_2025_10_p051_c003"": [""Trace the policy-rate or policy-action evidence across all three reports.""], ""rbi_mpr_2025_10_p055_c001"": [""Trace the policy-rate or policy-action evidence across all three reports.""], ""rbi_mpr_2025_10_p055_c002"": [""Trace the policy-rate or policy-action evidence across all three reports.""], ""rbi_mpr_2025_10_p055_c003"": [""Trace the policy-rate or policy-action evidence across all three reports.""], ""rbi_mpr_2025_10_p055_c004"": [""Trace the policy-rate or policy-action evidence across all three reports.""], ""rbi_mpr_2025_10_p056_c002"": [""Trace the policy-rate or policy-action evidence across all three reports.""], ""rbi_mpr_2025_10_p057_c000"": [""Trace the policy-rate or policy-action evidence across all three reports.""], ""rbi_mpr_2025_10_p059_c000"": [""Trace the policy-rate or policy-action evidence across all three reports.""], ""rbi_mpr_2025_10_p059_c001"": [""Trace the policy-rate or policy-action evidence across all three reports.""], ""rbi_mpr_2025_10_p061_c004"": [""Trace the policy-rate or policy-action evidence across all three reports.""], ""rbi_mpr_2025_10_p065_c004"": [""Trace the policy-rate or policy-action evidence across all three reports.""], ""rbi_mpr_2025_10_p069_c004"": [""Trace the policy-rate or policy-action evidence across all three reports.""], ""rbi_mpr_2025_10_p070_c001"": [""Trace the policy-rate or policy-action evidence across all three reports.""], ""rbi_mpr_2025_10_p070_c002"": [""Trace the policy-rate or policy-action evidence across all three reports.""], ""rbi_mpr_2025_10_p070_c003"": [""Trace the policy-rate or policy-action evidence across all three reports.""], ""rbi_mpr_2025_10_p071_c000"": [""Trace the policy-rate or policy-action evidence across all three reports.""], ""rbi_mpr_2025_10_p071_c003"": [""Trace the policy-rate or policy-action evidence across all three reports.""], ""rbi_mpr_2025_10_p073_c002"": [""Trace the policy-rate or policy-action evidence across all three reports.""], ""rbi_mpr_2025_10_p073_c003"": [""Trace the policy-rate or policy-action evidence across all three reports.""], ""rbi_mpr_2025_10_p075_c000"": [""Trace the policy-rate or policy-action evidence across all three reports.""], ""rbi_mpr_2025_10_p076_c000"": [""Trace the policy-rate or policy-action evidence across all three reports.""], ""rbi_mpr_2025_10_p076_c001"": [""Trace the policy-rate or policy-action evidence across all three reports.""], ""rbi_mpr_2025_10_p076_c003"": [""Trace the policy-rate or policy-action evidence across all three reports.""], ""rbi_mpr_2025_10_p083_c000"": [""Trace the policy-rate or policy-action evidence across all three reports.""], ""rbi_mpr_2025_10_p083_c001"": [""Trace the policy-rate or policy-action evidence across all three reports.""], ""rbi_mpr_2025_10_p084_c003"": [""Trace the policy-rate or policy-action evidence across all three reports.""], ""rbi_mpr_2025_10_p085_c001"": [""Trace the policy-rate or policy-action evidence across all three reports.""], ""rbi_mpr_2025_10_p086_c000"": [""Trace the policy-rate or policy-action evidence across all three reports.""], ""rbi_mpr_2025_10_p086_c002"": [""Trace the policy-rate or policy-action evidence across all three reports.""], ""rbi_mpr_2025_10_p090_c000"": [""Trace the policy-rate or policy-action evidence across all three reports.""], ""rbi_mpr_2025_10_p091_c000"": [""Trace the policy-rate or policy-action evidence across all three reports.""], ""rbi_mpr_2025_10_p093_c003"": [""Trace the policy-rate or policy-action evidence across all three reports.""], ""rbi_mpr_2025_10_p101_c000"": [""Trace the policy-rate or policy-action evidence across all three reports.""], ""rbi_mpr_2025_10_p102_c001"": [""Trace the policy-rate or policy-action evidence across all three reports.""], ""rbi_mpr_2025_10_p103_c000"": [""Trace the policy-rate or policy-action evidence across all three reports.""], ""rbi_mpr_2025_10_p103_c001"": [""Trace the policy-rate or policy-action evidence across all three reports.""], ""rbi_mpr_2025_10_p103_c002"": [""Trace the policy-rate or policy-action evidence across all three reports.""], ""rbi_mpr_2025_10_p103_c003"": [""Trace the policy-rate or policy-action evidence across all three reports.""], ""rbi_mpr_2025_10_p104_c000"": [""Trace the policy-rate or policy-action evidence across all three reports.""], ""rbi_mpr_2025_10_p104_c001"": [""Trace the policy-rate or policy-action evidence across all three reports.""], ""rbi_mpr_2025_10_p106_c000"": [""Trace the policy-rate or policy-action evidence across all three reports.""], ""rbi_mpr_2026_04_p010_c000"": [""Trace the policy-rate or policy-action evidence across all three reports.""], ""rbi_mpr_2026_04_p014_c000"": [""Trace the policy-rate or policy-action evidence across all three reports.""], ""rbi_mpr_2026_04_p017_c000"": [""Trace the policy-rate or policy-action evidence across all three reports.""], ""rbi_mpr_2026_04_p017_c001"": [""Trace the policy-rate or policy-action evidence across all three reports.""], ""rbi_mpr_2026_04_p018_c001"": [""Trace the policy-rate or policy-action evidence across all three reports.""], ""rbi_mpr_2026_04_p018_c002"": [""Trace the policy-rate or policy-action evidence across all three reports.""], ""rbi_mpr_2026_04_p020_c000"": [""Trace the policy-rate or policy-action evidence across all three reports.""], ""rbi_mpr_2026_04_p020_c001"": [""Trace the policy-rate or policy-action evidence across all three reports.""], ""rbi_mpr_2026_04_p020_c002"": [""Trace the policy-rate or policy-action evidence across all three reports.""], ""rbi_mpr_2026_04_p020_c003"": [""Trace the policy-rate or policy-action evidence across all three reports.""], ""rbi_mpr_2026_04_p021_c003"": [""Trace the policy-rate or policy-action evidence across all three reports.""], ""rbi_mpr_2026_04_p023_c000"": [""Trace the policy-rate or policy-action evidence across all three reports.""], ""rbi_mpr_2026_04_p023_c001"": [""Trace the policy-rate or policy-action evidence across all three reports.""], ""rbi_mpr_2026_04_p030_c002"": [""Trace the policy-rate or policy-action evidence across all three reports.""], ""rbi_mpr_2026_04_p030_c003"": [""Trace the policy-rate or policy-action evidence across all three reports.""], ""rbi_mpr_2026_04_p031_c003"": [""Trace the policy-rate or policy-action evidence across all three reports.""], ""rbi_mpr_2026_04_p032_c003"": [""Trace the policy-rate or policy-action evidence across all three reports.""], ""rbi_mpr_2026_04_p035_c003"": [""Trace the policy-rate or policy-action evidence across all three reports.""], ""rbi_mpr_2026_04_p038_c002"": [""Trace the policy-rate or policy-action evidence across all three reports.""], ""rbi_mpr_2026_04_p042_c001"": [""Trace the policy-rate or policy-action evidence across all three reports.""], ""rbi_mpr_2026_04_p043_c000"": [""Trace the policy-rate or policy-action evidence across all three reports.""], ""rbi_mpr_2026_04_p044_c000"": [""Trace the policy-rate or policy-action evidence across all three reports.""], ""rbi_mpr_2026_04_p044_c001"": [""Trace the policy-rate or policy-action evidence across all three reports.""], ""rbi_mpr_2026_04_p047_c004"": [""Trace the policy-rate or policy-action evidence across all three reports.""], ""rbi_mpr_2026_04_p049_c001"": [""Trace the policy-rate or policy-action evidence across all three reports.""], ""rbi_mpr_2026_04_p050_c000"": [""Trace the policy-rate or policy-action evidence across all three reports.""], ""rbi_mpr_2026_04_p050_c001"": [""Trace the policy-rate or policy-action evidence across all three reports.""], ""rbi_mpr_2026_04_p050_c002"": [""Trace the policy-rate or policy-action evidence across all three reports.""], ""rbi_mpr_2026_04_p055_c000"": [""Trace the policy-rate or policy-action evidence across all three reports.""], ""rbi_mpr_2026_04_p057_c002"": [""Trace the policy-rate or policy-action evidence across all three reports.""], ""rbi_mpr_2026_04_p058_c000"": [""Trace the policy-rate or policy-action evidence across all three reports.""], ""rbi_mpr_2026_04_p058_c001"": [""Trace the policy-rate or policy-action evidence across all three reports.""], ""rbi_mpr_2026_04_p058_c002"": [""Trace the policy-rate or policy-action evidence across all three reports.""], ""rbi_mpr_2026_04_p058_c005"": [""Trace the policy-rate or policy-action evidence across all three reports.""], ""rbi_mpr_2026_04_p060_c003"": [""Trace the policy-rate or policy-action evidence across all three reports.""], ""rbi_mpr_2026_04_p062_c002"": [""Trace the policy-rate or policy-action evidence across all three reports.""], ""rbi_mpr_2026_04_p062_c003"": [""Trace the policy-rate or policy-action evidence across all three reports.""], ""rbi_mpr_2026_04_p063_c002"": [""Trace the policy-rate or policy-action evidence across all three reports.""], ""rbi_mpr_2026_04_p063_c003"": [""Trace the policy-rate or policy-action evidence across all three reports.""], ""rbi_mpr_2026_04_p064_c000"": [""Trace the policy-rate or policy-action evidence across all three reports.""], ""rbi_mpr_2026_04_p064_c004"": [""Trace the policy-rate or policy-action evidence across all three reports.""], ""rbi_mpr_2026_04_p065_c002"": [""Trace the policy-rate or policy-action evidence across all three reports.""], ""rbi_mpr_2026_04_p066_c002"": [""Trace the policy-rate or policy-action evidence across all three reports.""], ""rbi_mpr_2026_04_p067_c002"": [""Trace the policy-rate or policy-action evidence across all three reports.""], ""rbi_mpr_2026_04_p069_c003"": [""Trace the policy-rate or policy-action evidence across all three reports.""], ""rbi_mpr_2026_04_p070_c000"": [""Trace the policy-rate or policy-action evidence across all three reports.""], ""rbi_mpr_2026_04_p070_c004"": [""Trace the policy-rate or policy-action evidence across all three reports.""], ""rbi_mpr_2026_04_p071_c000"": [""Trace the policy-rate or policy-action evidence across all three reports.""], ""rbi_mpr_2026_04_p073_c000"": [""Trace the policy-rate or policy-action evidence across all three reports.""], ""rbi_mpr_2026_04_p074_c000"": [""Trace the policy-rate or policy-action evidence across all three reports.""], ""rbi_mpr_2026_04_p076_c002"": [""Trace the policy-rate or policy-action evidence across all three reports.""], ""rbi_mpr_2026_04_p076_c003"": [""Trace the policy-rate or policy-action evidence across all three reports.""], ""rbi_mpr_2026_04_p077_c000"": [""Trace the policy-rate or policy-action evidence across all three reports.""], ""rbi_mpr_2026_04_p077_c001"": [""Trace the policy-rate or policy-action evidence across all three reports.""], ""rbi_mpr_2026_04_p079_c004"": [""Trace the policy-rate or policy-action evidence across all three reports.""], ""rbi_mpr_2026_04_p080_c000"": [""Trace the policy-rate or policy-action evidence across all three reports.""], ""rbi_mpr_2026_04_p080_c001"": [""Trace the policy-rate or policy-action evidence across all three reports.""], ""rbi_mpr_2026_04_p080_c003"": [""Trace the policy-rate or policy-action evidence across all three reports.""], ""rbi_mpr_2026_04_p081_c001"": [""Trace the policy-rate or policy-action evidence across all three reports.""], ""rbi_mpr_2026_04_p081_c002"": [""Trace the policy-rate or policy-action evidence across all three reports.""], ""rbi_mpr_2026_04_p081_c004"": [""Trace the policy-rate or policy-action evidence across all three reports.""], ""rbi_mpr_2026_04_p081_c005"": [""Trace the policy-rate or policy-action evidence across all three reports.""], ""rbi_mpr_2026_04_p082_c000"": [""Trace the policy-rate or policy-action evidence across all three reports.""], ""rbi_mpr_2026_04_p082_c001"": [""Trace the policy-rate or policy-action evidence across all three reports.""], ""rbi_mpr_2026_04_p082_c004"": [""Trace the policy-rate or policy-action evidence across all three reports.""], ""rbi_mpr_2026_04_p083_c000"": [""Trace the policy-rate or policy-action evidence across all three reports.""], ""rbi_mpr_2026_04_p083_c003"": [""Trace the policy-rate or policy-action evidence across all three reports.""], ""rbi_mpr_2026_04_p083_c004"": [""Trace the policy-rate or policy-action evidence across all three reports.""], ""rbi_mpr_2026_04_p085_c006"": [""Trace the policy-rate or policy-action evidence across all three reports.""], ""rbi_mpr_2026_04_p087_c000"": [""Trace the policy-rate or policy-action evidence across all three reports.""], ""rbi_mpr_2026_04_p088_c000"": [""Trace the policy-rate or policy-action evidence across all three reports.""], ""rbi_mpr_2026_04_p090_c000"": [""Trace the policy-rate or policy-action evidence across all three reports.""], ""rbi_mpr_2026_04_p091_c001"": [""Trace the policy-rate or policy-action evidence across all three reports.""], ""rbi_mpr_2026_04_p091_c002"": [""Trace the policy-rate or policy-action evidence across all three reports.""], ""rbi_mpr_2026_04_p093_c000"": [""Trace the policy-rate or policy-action evidence across all three reports.""], ""rbi_mpr_2026_04_p093_c003"": [""Trace the policy-rate or policy-action evidence across all three reports.""], ""rbi_mpr_2026_04_p096_c003"": [""Trace the policy-rate or policy-action evidence across all three reports.""], ""rbi_mpr_2026_04_p099_c003"": [""Trace the policy-rate or policy-action evidence across all three reports.""], ""rbi_mpr_2026_04_p102_c002"": [""Trace the policy-rate or policy-action evidence across all three reports.""], ""rbi_mpr_2026_04_p102_c003"": [""Trace the policy-rate or policy-action evidence across all three reports.""], ""rbi_mpr_2026_04_p102_c004"": [""Trace the policy-rate or policy-action evidence across all three reports.""], ""rbi_mpr_2026_04_p103_c003"": [""Trace the policy-rate or policy-action evidence across all three reports.""], ""rbi_mpr_2026_04_p103_c004"": [""Trace the policy-rate or policy-action evidence across all three reports.""], ""rbi_mpr_2026_04_p105_c000"": [""Trace the policy-rate or policy-action evidence across all three reports.""], ""rbi_mpr_2026_04_p105_c001"": [""Trace the policy-rate or policy-action evidence across all three reports.""], ""rbi_mpr_2026_04_p107_c001"": [""Trace the policy-rate or policy-action evidence across all three reports.""], ""rbi_mpr_2026_04_p107_c004"": [""Trace the policy-rate or policy-action evidence across all three reports.""], ""rbi_mpr_2026_04_p108_c002"": [""Trace the policy-rate or policy-action evidence across all three reports.""], ""rbi_mpr_2026_04_p109_c001"": [""Trace the policy-rate or policy-action evidence across all three reports.""], ""rbi_mpr_2026_04_p111_c001"": [""Trace the policy-rate or policy-action evidence across all three reports.""], ""rbi_mpr_2026_04_p111_c002"": [""Trace the policy-rate or policy-action evidence across all three reports.""], ""rbi_mpr_2026_04_p113_c002"": [""Trace the policy-rate or policy-action evidence across all three reports.""], ""rbi_mpr_2026_04_p114_c000"": [""Trace the policy-rate or policy-action evidence across all three reports.""]}, ""candidate_source_retriever"": {""rbi_mpr_2025_04_p005_c001"": [""bm25""], ""rbi_mpr_2025_04_p008_c001"": [""dense""], ""rbi_mpr_2025_04_p013_c003"": [""dense""], ""rbi_mpr_2025_04_p015_c001"": [""bm25""], ""rbi_mpr_2025_04_p015_c002"": [""bm25""], ""rbi_mpr_2025_04_p015_c004"": [""dense""], ""rbi_mpr_2025_04_p016_c000"": [""bm25""], ""rbi_mpr_2025_04_p016_c002"": [""bm25""], ""rbi_mpr_2025_04_p016_c003"": [""bm25""], ""rbi_mpr_2025_04_p017_c003"": [""dense""], ""rbi_mpr_2025_04_p018_c000"": [""bm25"", ""dense""], ""rbi_mpr_2025_04_p018_c003"": [""dense""], ""rbi_mpr_2025_04_p019_c001"": [""bm25""], ""rbi_mpr_2025_04_p019_c003"": [""dense""], ""rbi_mpr_2025_04_p020_c000"": [""bm25""], ""rbi_mpr_2025_04_p020_c002"": [""dense""], ""rbi_mpr_2025_04_p026_c003"": [""dense""], ""rbi_mpr_2025_04_p027_c000"": [""bm25""], ""rbi_mpr_2025_04_p027_c001"": [""bm25""], ""rbi_mpr_2025_04_p027_c002"": [""bm25""], ""rbi_mpr_2025_04_p028_c000"": [""bm25""], ""rbi_mpr_2025_04_p028_c001"": [""bm25""], ""rbi_mpr_2025_04_p028_c002"": [""bm25""], ""rbi_mpr_2025_04_p028_c003"": [""bm25""], ""rbi_mpr_2025_04_p029_c002"": [""bm25""], ""rbi_mpr_2025_04_p029_c003"": [""bm25""], ""rbi_mpr_2025_04_p029_c004"": [""bm25""], ""rbi_mpr_2025_04_p030_c003"": [""dense""], ""rbi_mpr_2025_04_p030_c004"": [""dense""], ""rbi_mpr_2025_04_p031_c002"": [""dense""], ""rbi_mpr_2025_04_p031_c003"": [""dense""], ""rbi_mpr_2025_04_p037_c000"": [""bm25""], ""rbi_mpr_2025_04_p038_c000"": [""bm25""], ""rbi_mpr_2025_04_p038_c002"": [""bm25""], ""rbi_mpr_2025_04_p039_c002"": [""bm25""], ""rbi_mpr_2025_04_p039_c004"": [""dense""], ""rbi_mpr_2025_04_p040_c000"": [""bm25"", ""dense""], ""rbi_mpr_2025_04_p040_c003"": [""dense""], ""rbi_mpr_2025_04_p041_c000"": [""bm25""], ""rbi_mpr_2025_04_p041_c001"": [""bm25"", ""dense""], ""rbi_mpr_2025_04_p041_c002"": [""dense""], ""rbi_mpr_2025_04_p041_c003"": [""dense""], ""rbi_mpr_2025_04_p042_c003"": [""dense""], ""rbi_mpr_2025_04_p044_c001"": [""bm25""], ""rbi_mpr_2025_04_p044_c002"": [""bm25""], ""rbi_mpr_2025_04_p047_c002"": [""dense""], ""rbi_mpr_2025_04_p048_c000"": [""dense""], ""rbi_mpr_2025_04_p049_c000"": [""dense""], ""rbi_mpr_2025_04_p050_c000"": [""bm25"", ""dense""], ""rbi_mpr_2025_04_p050_c002"": [""dense""], ""rbi_mpr_2025_04_p051_c002"": [""dense""], ""rbi_mpr_2025_04_p052_c000"": [""dense""], ""rbi_mpr_2025_04_p053_c000"": [""dense""], ""rbi_mpr_2025_04_p053_c002"": [""dense""], ""rbi_mpr_2025_04_p055_c000"": [""bm25""], ""rbi_mpr_2025_04_p056_c001"": [""dense""], ""rbi_mpr_2025_04_p060_c000"": [""bm25""], ""rbi_mpr_2025_04_p061_c000"": [""bm25""], ""rbi_mpr_2025_04_p064_c000"": [""dense""], ""rbi_mpr_2025_04_p066_c000"": [""dense""], ""rbi_mpr_2025_04_p068_c000"": [""dense""], ""rbi_mpr_2025_04_p069_c003"": [""bm25""], ""rbi_mpr_2025_04_p070_c002"": [""bm25""], ""rbi_mpr_2025_04_p071_c001"": [""bm25""], ""rbi_mpr_2025_04_p073_c003"": [""bm25""], ""rbi_mpr_2025_04_p074_c000"": [""bm25""], ""rbi_mpr_2025_04_p075_c001"": [""dense""], ""rbi_mpr_2025_04_p075_c002"": [""dense""], ""rbi_mpr_2025_04_p076_c005"": [""dense""], ""rbi_mpr_2025_04_p077_c002"": [""dense""], ""rbi_mpr_2025_04_p078_c003"": [""dense""], ""rbi_mpr_2025_04_p079_c000"": [""bm25""], ""rbi_mpr_2025_04_p079_c001"": [""bm25""], ""rbi_mpr_2025_04_p085_c000"": [""bm25""], ""rbi_mpr_2025_04_p085_c001"": [""bm25""], ""rbi_mpr_2025_04_p085_c002"": [""dense""], ""rbi_mpr_2025_04_p088_c000"": [""bm25""], ""rbi_mpr_2025_04_p091_c000"": [""bm25""], ""rbi_mpr_2025_04_p094_c000"": [""dense""], ""rbi_mpr_2025_04_p094_c002"": [""dense""], ""rbi_mpr_2025_04_p094_c003"": [""dense""], ""rbi_mpr_2025_04_p103_c003"": [""dense""], ""rbi_mpr_2025_04_p107_c000"": [""dense""], ""rbi_mpr_2025_04_p107_c001"": [""bm25""], ""rbi_mpr_2025_04_p107_c002"": [""dense""], ""rbi_mpr_2025_04_p108_c000"": [""bm25"", ""dense""], ""rbi_mpr_2025_04_p108_c003"": [""dense""], ""rbi_mpr_2025_04_p109_c000"": [""bm25""], ""rbi_mpr_2025_04_p109_c003"": [""bm25""], ""rbi_mpr_2025_04_p110_c000"": [""bm25""], ""rbi_mpr_2025_04_p110_c001"": [""bm25""], ""rbi_mpr_2025_04_p111_c001"": [""bm25""], ""rbi_mpr_2025_04_p112_c000"": [""dense""], ""rbi_mpr_2025_04_p112_c001"": [""dense""], ""rbi_mpr_2025_04_p113_c003"": [""dense""], ""rbi_mpr_2025_10_p008_c000"": [""dense""], ""rbi_mpr_2025_10_p008_c001"": [""dense""], ""rbi_mpr_2025_10_p009_c005"": [""bm25""], ""rbi_mpr_2025_10_p010_c001"": [""dense""], ""rbi_mpr_2025_10_p010_c002"": [""bm25"", ""dense""], ""rbi_mpr_2025_10_p011_c001"": [""dense""], ""rbi_mpr_2025_10_p011_c003"": [""bm25""], ""rbi_mpr_2025_10_p011_c004"": [""bm25"", ""dense""], ""rbi_mpr_2025_10_p011_c005"": [""dense""], ""rbi_mpr_2025_10_p014_c000"": [""bm25""], ""rbi_mpr_2025_10_p014_c001"": [""bm25""], ""rbi_mpr_2025_10_p014_c003"": [""bm25""], ""rbi_mpr_2025_10_p015_c002"": [""dense""], ""rbi_mpr_2025_10_p015_c003"": [""dense""], ""rbi_mpr_2025_10_p016_c000"": [""dense""], ""rbi_mpr_2025_10_p016_c002"": [""bm25""], ""rbi_mpr_2025_10_p016_c003"": [""bm25"", ""dense""], ""rbi_mpr_2025_10_p017_c003"": [""bm25""], ""rbi_mpr_2025_10_p019_c000"": [""bm25""], ""rbi_mpr_2025_10_p019_c002"": [""bm25""], ""rbi_mpr_2025_10_p019_c003"": [""bm25""], ""rbi_mpr_2025_10_p020_c000"": [""bm25""], ""rbi_mpr_2025_10_p020_c002"": [""dense""], ""rbi_mpr_2025_10_p021_c000"": [""bm25""], ""rbi_mpr_2025_10_p021_c001"": [""bm25""], ""rbi_mpr_2025_10_p025_c003"": [""dense""], ""rbi_mpr_2025_10_p027_c001"": [""bm25""], ""rbi_mpr_2025_10_p027_c002"": [""bm25""], ""rbi_mpr_2025_10_p028_c000"": [""bm25""], ""rbi_mpr_2025_10_p032_c003"": [""bm25""], ""rbi_mpr_2025_10_p033_c000"": [""dense""], ""rbi_mpr_2025_10_p033_c001"": [""bm25"", ""dense""], ""rbi_mpr_2025_10_p033_c004"": [""dense""], ""rbi_mpr_2025_10_p034_c003"": [""bm25""], ""rbi_mpr_2025_10_p034_c004"": [""bm25""], ""rbi_mpr_2025_10_p034_c005"": [""bm25""], ""rbi_mpr_2025_10_p035_c000"": [""bm25"", ""dense""], ""rbi_mpr_2025_10_p035_c001"": [""dense""], ""rbi_mpr_2025_10_p035_c002"": [""bm25""], ""rbi_mpr_2025_10_p036_c000"": [""dense""], ""rbi_mpr_2025_10_p036_c001"": [""dense""], ""rbi_mpr_2025_10_p040_c001"": [""bm25""], ""rbi_mpr_2025_10_p040_c002"": [""bm25""], ""rbi_mpr_2025_10_p041_c000"": [""dense""], ""rbi_mpr_2025_10_p041_c004"": [""bm25""], ""rbi_mpr_2025_10_p042_c002"": [""bm25""], ""rbi_mpr_2025_10_p042_c003"": [""dense""], ""rbi_mpr_2025_10_p044_c000"": [""dense""], ""rbi_mpr_2025_10_p045_c000"": [""bm25""], ""rbi_mpr_2025_10_p047_c001"": [""dense""], ""rbi_mpr_2025_10_p049_c002"": [""bm25"", ""dense""], ""rbi_mpr_2025_10_p051_c001"": [""dense""], ""rbi_mpr_2025_10_p051_c002"": [""dense""], ""rbi_mpr_2025_10_p051_c003"": [""dense""], ""rbi_mpr_2025_10_p055_c001"": [""bm25""], ""rbi_mpr_2025_10_p055_c002"": [""bm25""], ""rbi_mpr_2025_10_p055_c003"": [""bm25""], ""rbi_mpr_2025_10_p055_c004"": [""bm25""], ""rbi_mpr_2025_10_p056_c002"": [""dense""], ""rbi_mpr_2025_10_p057_c000"": [""bm25""], ""rbi_mpr_2025_10_p059_c000"": [""bm25""], ""rbi_mpr_2025_10_p059_c001"": [""dense""], ""rbi_mpr_2025_10_p061_c004"": [""dense""], ""rbi_mpr_2025_10_p065_c004"": [""bm25""], ""rbi_mpr_2025_10_p069_c004"": [""bm25""], ""rbi_mpr_2025_10_p070_c001"": [""dense""], ""rbi_mpr_2025_10_p070_c002"": [""dense""], ""rbi_mpr_2025_10_p070_c003"": [""dense""], ""rbi_mpr_2025_10_p071_c000"": [""dense""], ""rbi_mpr_2025_10_p071_c003"": [""dense""], ""rbi_mpr_2025_10_p073_c002"": [""dense""], ""rbi_mpr_2025_10_p073_c003"": [""dense""], ""rbi_mpr_2025_10_p075_c000"": [""bm25""], ""rbi_mpr_2025_10_p076_c000"": [""bm25""], ""rbi_mpr_2025_10_p076_c001"": [""bm25""], ""rbi_mpr_2025_10_p076_c003"": [""dense""], ""rbi_mpr_2025_10_p083_c000"": [""bm25""], ""rbi_mpr_2025_10_p083_c001"": [""bm25""], ""rbi_mpr_2025_10_p084_c003"": [""bm25""], ""rbi_mpr_2025_10_p085_c001"": [""bm25""], ""rbi_mpr_2025_10_p086_c000"": [""dense""], ""rbi_mpr_2025_10_p086_c002"": [""bm25""], ""rbi_mpr_2025_10_p090_c000"": [""dense""], ""rbi_mpr_2025_10_p091_c000"": [""bm25""], ""rbi_mpr_2025_10_p093_c003"": [""dense""], ""rbi_mpr_2025_10_p101_c000"": [""dense""], ""rbi_mpr_2025_10_p102_c001"": [""bm25""], ""rbi_mpr_2025_10_p103_c000"": [""dense""], ""rbi_mpr_2025_10_p103_c001"": [""dense""], ""rbi_mpr_2025_10_p103_c002"": [""dense""], ""rbi_mpr_2025_10_p103_c003"": [""dense""], ""rbi_mpr_2025_10_p104_c000"": [""dense""], ""rbi_mpr_2025_10_p104_c001"": [""dense""], ""rbi_mpr_2025_10_p106_c000"": [""dense""], ""rbi_mpr_2026_04_p010_c000"": [""dense""], ""rbi_mpr_2026_04_p014_c000"": [""bm25"", ""dense""], ""rbi_mpr_2026_04_p017_c000"": [""bm25""], ""rbi_mpr_2026_04_p017_c001"": [""bm25""], ""rbi_mpr_2026_04_p018_c001"": [""bm25""], ""rbi_mpr_2026_04_p018_c002"": [""bm25""], ""rbi_mpr_2026_04_p020_c000"": [""dense""], ""rbi_mpr_2026_04_p020_c001"": [""bm25"", ""dense""], ""rbi_mpr_2026_04_p020_c002"": [""bm25"", ""dense""], ""rbi_mpr_2026_04_p020_c003"": [""bm25"", ""dense""], ""rbi_mpr_2026_04_p021_c003"": [""dense""], ""rbi_mpr_2026_04_p023_c000"": [""bm25""], ""rbi_mpr_2026_04_p023_c001"": [""bm25""], ""rbi_mpr_2026_04_p030_c002"": [""dense""], ""rbi_mpr_2026_04_p030_c003"": [""dense""], ""rbi_mpr_2026_04_p031_c003"": [""dense""], ""rbi_mpr_2026_04_p032_c003"": [""dense""], ""rbi_mpr_2026_04_p035_c003"": [""bm25""], ""rbi_mpr_2026_04_p038_c002"": [""bm25""], ""rbi_mpr_2026_04_p042_c001"": [""bm25""], ""rbi_mpr_2026_04_p043_c000"": [""bm25""], ""rbi_mpr_2026_04_p044_c000"": [""bm25""], ""rbi_mpr_2026_04_p044_c001"": [""dense""], ""rbi_mpr_2026_04_p047_c004"": [""bm25""], ""rbi_mpr_2026_04_p049_c001"": [""bm25""], ""rbi_mpr_2026_04_p050_c000"": [""bm25"", ""dense""], ""rbi_mpr_2026_04_p050_c001"": [""bm25""], ""rbi_mpr_2026_04_p050_c002"": [""bm25""], ""rbi_mpr_2026_04_p055_c000"": [""dense""], ""rbi_mpr_2026_04_p057_c002"": [""dense""], ""rbi_mpr_2026_04_p058_c000"": [""dense""], ""rbi_mpr_2026_04_p058_c001"": [""dense""], ""rbi_mpr_2026_04_p058_c002"": [""dense""], ""rbi_mpr_2026_04_p058_c005"": [""dense""], ""rbi_mpr_2026_04_p060_c003"": [""dense""], ""rbi_mpr_2026_04_p062_c002"": [""dense""], ""rbi_mpr_2026_04_p062_c003"": [""dense""], ""rbi_mpr_2026_04_p063_c002"": [""dense""], ""rbi_mpr_2026_04_p063_c003"": [""dense""], ""rbi_mpr_2026_04_p064_c000"": [""dense""], ""rbi_mpr_2026_04_p064_c004"": [""dense""], ""rbi_mpr_2026_04_p065_c002"": [""dense""], ""rbi_mpr_2026_04_p066_c002"": [""dense""], ""rbi_mpr_2026_04_p067_c002"": [""bm25""], ""rbi_mpr_2026_04_p069_c003"": [""bm25""], ""rbi_mpr_2026_04_p070_c000"": [""bm25""], ""rbi_mpr_2026_04_p070_c004"": [""dense""], ""rbi_mpr_2026_04_p071_c000"": [""bm25""], ""rbi_mpr_2026_04_p073_c000"": [""bm25""], ""rbi_mpr_2026_04_p074_c000"": [""dense""], ""rbi_mpr_2026_04_p076_c002"": [""dense""], ""rbi_mpr_2026_04_p076_c003"": [""dense""], ""rbi_mpr_2026_04_p077_c000"": [""bm25""], ""rbi_mpr_2026_04_p077_c001"": [""dense""], ""rbi_mpr_2026_04_p079_c004"": [""dense""], ""rbi_mpr_2026_04_p080_c000"": [""dense""], ""rbi_mpr_2026_04_p080_c001"": [""dense""], ""rbi_mpr_2026_04_p080_c003"": [""dense""], ""rbi_mpr_2026_04_p081_c001"": [""bm25""], ""rbi_mpr_2026_04_p081_c002"": [""bm25""], ""rbi_mpr_2026_04_p081_c004"": [""bm25""], ""rbi_mpr_2026_04_p081_c005"": [""bm25""], ""rbi_mpr_2026_04_p082_c000"": [""dense""], ""rbi_mpr_2026_04_p082_c001"": [""bm25""], ""rbi_mpr_2026_04_p082_c004"": [""dense""], ""rbi_mpr_2026_04_p083_c000"": [""bm25""], ""rbi_mpr_2026_04_p083_c003"": [""bm25""], ""rbi_mpr_2026_04_p083_c004"": [""bm25""], ""rbi_mpr_2026_04_p085_c006"": [""dense""], ""rbi_mpr_2026_04_p087_c000"": [""bm25""], ""rbi_mpr_2026_04_p088_c000"": [""bm25""], ""rbi_mpr_2026_04_p090_c000"": [""dense""], ""rbi_mpr_2026_04_p091_c001"": [""dense""], ""rbi_mpr_2026_04_p091_c002"": [""dense""], ""rbi_mpr_2026_04_p093_c000"": [""dense""], ""rbi_mpr_2026_04_p093_c003"": [""bm25""], ""rbi_mpr_2026_04_p096_c003"": [""bm25""], ""rbi_mpr_2026_04_p099_c003"": [""bm25""], ""rbi_mpr_2026_04_p102_c002"": [""dense""], ""rbi_mpr_2026_04_p102_c003"": [""bm25""], ""rbi_mpr_2026_04_p102_c004"": [""bm25""], ""rbi_mpr_2026_04_p103_c003"": [""bm25"", ""dense""], ""rbi_mpr_2026_04_p103_c004"": [""dense""], ""rbi_mpr_2026_04_p105_c000"": [""bm25""], ""rbi_mpr_2026_04_p105_c001"": [""bm25""], ""rbi_mpr_2026_04_p107_c001"": [""bm25""], ""rbi_mpr_2026_04_p107_c004"": [""bm25""], ""rbi_mpr_2026_04_p108_c002"": [""bm25"", ""dense""], ""rbi_mpr_2026_04_p109_c001"": [""dense""], ""rbi_mpr_2026_04_p111_c001"": [""bm25""], ""rbi_mpr_2026_04_p111_c002"": [""dense""], ""rbi_mpr_2026_04_p113_c002"": [""bm25""], ""rbi_mpr_2026_04_p114_c000"": [""bm25""]}, ""candidate_union_ids"": [""rbi_mpr_2025_10_p011_c005"", ""rbi_mpr_2025_10_p106_c000"", ""rbi_mpr_2025_10_p071_c000"", ""rbi_mpr_2025_10_p011_c004"", ""rbi_mpr_2025_10_p008_c000"", ""rbi_mpr_2025_10_p103_c002"", ""rbi_mpr_2025_10_p104_c000"", ""rbi_mpr_2025_10_p051_c002"", ""rbi_mpr_2025_10_p011_c001"", ""rbi_mpr_2025_10_p104_c001"", ""rbi_mpr_2025_10_p016_c000"", ""rbi_mpr_2025_10_p036_c001"", ""rbi_mpr_2025_10_p036_c000"", ""rbi_mpr_2025_10_p015_c003"", ""rbi_mpr_2025_10_p070_c002"", ""rbi_mpr_2025_10_p070_c003"", ""rbi_mpr_2025_10_p044_c000"", ""rbi_mpr_2025_10_p008_c001"", ""rbi_mpr_2025_10_p033_c001"", ""rbi_mpr_2025_10_p071_c003"", ""rbi_mpr_2025_10_p101_c000"", ""rbi_mpr_2025_10_p051_c003"", ""rbi_mpr_2025_10_p051_c001"", ""rbi_mpr_2025_10_p103_c001"", ""rbi_mpr_2025_10_p033_c004"", ""rbi_mpr_2025_10_p042_c003"", ""rbi_mpr_2025_10_p093_c003"", ""rbi_mpr_2025_10_p020_c002"", ""rbi_mpr_2025_10_p086_c000"", ""rbi_mpr_2025_10_p035_c000"", ""rbi_mpr_2025_10_p049_c002"", ""rbi_mpr_2025_10_p041_c000"", ""rbi_mpr_2025_10_p073_c002"", ""rbi_mpr_2025_10_p016_c003"", ""rbi_mpr_2025_10_p073_c003"", ""rbi_mpr_2025_10_p025_c003"", ""rbi_mpr_2025_10_p047_c001"", ""rbi_mpr_2025_10_p035_c001"", ""rbi_mpr_2025_10_p033_c000"", ""rbi_mpr_2025_10_p076_c003"", ""rbi_mpr_2025_10_p059_c001"", ""rbi_mpr_2025_10_p056_c002"", ""rbi_mpr_2025_10_p103_c000"", ""rbi_mpr_2025_10_p103_c003"", ""rbi_mpr_2025_10_p015_c002"", ""rbi_mpr_2025_10_p010_c002"", ""rbi_mpr_2025_10_p070_c001"", ""rbi_mpr_2025_10_p090_c000"", ""rbi_mpr_2025_10_p010_c001"", ""rbi_mpr_2025_10_p061_c004"", ""rbi_mpr_2025_10_p042_c002"", ""rbi_mpr_2025_10_p027_c002"", ""rbi_mpr_2025_10_p076_c000"", ""rbi_mpr_2025_10_p034_c005"", ""rbi_mpr_2025_10_p019_c002"", ""rbi_mpr_2025_10_p019_c003"", ""rbi_mpr_2025_10_p014_c003"", ""rbi_mpr_2025_10_p014_c000"", ""rbi_mpr_2025_10_p083_c001"", ""rbi_mpr_2025_10_p055_c002"", ""rbi_mpr_2025_10_p059_c000"", ""rbi_mpr_2025_10_p034_c004"", ""rbi_mpr_2025_10_p055_c003"", ""rbi_mpr_2025_10_p014_c001"", ""rbi_mpr_2025_10_p055_c004"", ""rbi_mpr_2025_10_p084_c003"", ""rbi_mpr_2025_10_p083_c000"", ""rbi_mpr_2025_10_p032_c003"", ""rbi_mpr_2025_10_p011_c003"", ""rbi_mpr_2025_10_p017_c003"", ""rbi_mpr_2025_10_p021_c000"", ""rbi_mpr_2025_10_p076_c001"", ""rbi_mpr_2025_10_p009_c005"", ""rbi_mpr_2025_10_p091_c000"", ""rbi_mpr_2025_10_p034_c003"", ""rbi_mpr_2025_10_p086_c002"", ""rbi_mpr_2025_10_p027_c001"", ""rbi_mpr_2025_10_p028_c000"", ""rbi_mpr_2025_10_p055_c001"", ""rbi_mpr_2025_10_p065_c004"", ""rbi_mpr_2025_10_p016_c002"", ""rbi_mpr_2025_10_p021_c001"", ""rbi_mpr_2025_10_p035_c002"", ""rbi_mpr_2025_10_p075_c000"", ""rbi_mpr_2025_10_p040_c002"", ""rbi_mpr_2025_10_p041_c004"", ""rbi_mpr_2025_10_p020_c000"", ""rbi_mpr_2025_10_p045_c000"", ""rbi_mpr_2025_10_p102_c001"", ""rbi_mpr_2025_10_p040_c001"", ""rbi_mpr_2025_10_p057_c000"", ""rbi_mpr_2025_10_p019_c000"", ""rbi_mpr_2025_10_p069_c004"", ""rbi_mpr_2025_10_p085_c001""], ""candidate_union_pages"": [11, 106, 71, 11, 8, 103, 104, 51, 11, 104, 16, 36, 36, 15, 70, 70, 44, 8, 33, 71, 101, 51, 51, 103, 33, 42, 93, 20, 86, 35, 49, 41, 73, 16, 73, 25, 47, 35, 33, 76, 59, 56, 103, 103, 15, 10, 70, 90, 10, 61, 42, 27, 76, 34, 19, 19, 14, 14, 83, 55, 59, 34, 55, 14, 55, 84, 83, 32, 11, 17, 21, 76, 9, 91, 34, 86, 27, 28, 55, 65, 16, 21, 35, 75, 40, 41, 20, 45, 102, 40, 57, 19, 69, 85], ""dense_candidate_ids"": [""rbi_mpr_2025_10_p011_c005"", ""rbi_mpr_2025_10_p106_c000"", ""rbi_mpr_2025_10_p071_c000"", ""rbi_mpr_2025_10_p011_c004"", ""rbi_mpr_2025_10_p008_c000"", ""rbi_mpr_2025_10_p103_c002"", ""rbi_mpr_2025_10_p104_c000"", ""rbi_mpr_2025_10_p051_c002"", ""rbi_mpr_2025_10_p011_c001"", ""rbi_mpr_2025_10_p104_c001"", ""rbi_mpr_2025_10_p016_c000"", ""rbi_mpr_2025_10_p036_c001"", ""rbi_mpr_2025_10_p036_c000"", ""rbi_mpr_2025_10_p015_c003"", ""rbi_mpr_2025_10_p070_c002"", ""rbi_mpr_2025_10_p070_c003"", ""rbi_mpr_2025_10_p044_c000"", ""rbi_mpr_2025_10_p008_c001"", ""rbi_mpr_2025_10_p033_c001"", ""rbi_mpr_2025_10_p071_c003"", ""rbi_mpr_2025_10_p101_c000"", ""rbi_mpr_2025_10_p051_c003"", ""rbi_mpr_2025_10_p051_c001"", ""rbi_mpr_2025_10_p103_c001"", ""rbi_mpr_2025_10_p033_c004"", ""rbi_mpr_2025_10_p042_c003"", ""rbi_mpr_2025_10_p093_c003"", ""rbi_mpr_2025_10_p020_c002"", ""rbi_mpr_2025_10_p086_c000"", ""rbi_mpr_2025_10_p035_c000"", ""rbi_mpr_2025_10_p049_c002"", ""rbi_mpr_2025_10_p041_c000"", ""rbi_mpr_2025_10_p073_c002"", ""rbi_mpr_2025_10_p016_c003"", ""rbi_mpr_2025_10_p073_c003"", ""rbi_mpr_2025_10_p025_c003"", ""rbi_mpr_2025_10_p047_c001"", ""rbi_mpr_2025_10_p035_c001"", ""rbi_mpr_2025_10_p033_c000"", ""rbi_mpr_2025_10_p076_c003"", ""rbi_mpr_2025_10_p059_c001"", ""rbi_mpr_2025_10_p056_c002"", ""rbi_mpr_2025_10_p103_c000"", ""rbi_mpr_2025_10_p103_c003"", ""rbi_mpr_2025_10_p015_c002"", ""rbi_mpr_2025_10_p010_c002"", ""rbi_mpr_2025_10_p070_c001"", ""rbi_mpr_2025_10_p090_c000"", ""rbi_mpr_2025_10_p010_c001"", ""rbi_mpr_2025_10_p061_c004""], ""dense_candidate_pages"": [11, 106, 71, 11, 8, 103, 104, 51, 11, 104, 16, 36, 36, 15, 70, 70, 44, 8, 33, 71, 101, 51, 51, 103, 33, 42, 93, 20, 86, 35, 49, 41, 73, 16, 73, 25, 47, 35, 33, 76, 59, 56, 103, 103, 15, 10, 70, 90, 10, 61], ""dense_candidate_scores"": [0.2090606926080707, 0.14149811433334925, 0.13397549193003377, 0.13340684664992486, 0.1158572361047766, 0.11223741187356995, 0.11143367147246719, 0.10768664805245476, 0.10418373917901724, 0.10123430272022493, 0.10026779119017315, 0.09722613742683894, 0.08858451619555929, 0.08619200819298978, 0.07764951634940775, 0.07762532405836253, 0.07419077737320978, 0.06842399267885824, 0.062071366790205196, 0.05445416685883131, 0.05110669556270209, 0.05097410157728677, 0.05094940352405941, 0.04726880353730001, 0.047092966885312615, 0.042719978471216224, 0.03971827992027044, 0.038032405979834594, 0.03677482831396661, 0.03153150747812028, 0.030879917200141827, 0.03066227087443163, 0.028164648631676004, 0.025466491683705628, 0.018906671887773063, 0.018050669394516827, 0.015717757035741742, 0.015322672477800725, 0.013291447260666667, 0.012575035129678502, 0.009894158389597507, 0.007602044180181067, 0.007156467697723934, 0.0058317079553295015, 0.0055983830019731284, 0.003622032981600354, 0.0015493352655315817, -0.00021956796647071286, -0.0017719206908239915, -0.0017912239474418001], ""dense_first_evidence_rank"": 46, ""evidence_rank_after_reranking"": 11, ""evidence_rank_before_reranking"": 5, ""expected_evidence"": [""bringing the repo rate down to 5.5 per cent""], ""loss_stage"": ""lost_by_quota"", ""report_id"": ""rbi_mpr_2025_10"", ""reranker_input_ids"": [""rbi_mpr_2025_10_p033_c001"", ""rbi_mpr_2025_10_p011_c004"", ""rbi_mpr_2025_10_p035_c000"", ""rbi_mpr_2025_10_p049_c002"", ""rbi_mpr_2025_10_p010_c002"", ""rbi_mpr_2025_10_p016_c003"", ""rbi_mpr_2025_10_p011_c005"", ""rbi_mpr_2025_10_p042_c002"", ""rbi_mpr_2025_10_p106_c000"", ""rbi_mpr_2025_10_p027_c002"", ""rbi_mpr_2025_10_p071_c000"", ""rbi_mpr_2025_10_p076_c000"", ""rbi_mpr_2025_10_p034_c005"", ""rbi_mpr_2025_10_p008_c000"", ""rbi_mpr_2025_10_p019_c002"", ""rbi_mpr_2025_10_p103_c002"", ""rbi_mpr_2025_10_p019_c003"", ""rbi_mpr_2025_10_p104_c000"", ""rbi_mpr_2025_10_p014_c003"", ""rbi_mpr_2025_10_p051_c002"", ""rbi_mpr_2025_10_p014_c000"", ""rbi_mpr_2025_10_p011_c001"", ""rbi_mpr_2025_10_p083_c001"", ""rbi_mpr_2025_10_p104_c001"", ""rbi_mpr_2025_10_p055_c002"", ""rbi_mpr_2025_10_p016_c000"", ""rbi_mpr_2025_10_p059_c000"", ""rbi_mpr_2025_10_p036_c001"", ""rbi_mpr_2025_10_p034_c004"", ""rbi_mpr_2025_10_p036_c000""], ""reranker_input_pages"": [33, 11, 35, 49, 10, 16, 11, 42, 106, 27, 71, 76, 34, 8, 19, 103, 19, 104, 14, 51, 14, 11, 83, 104, 55, 16, 59, 36, 34, 36], ""reranker_input_ranks"": [1, 2, 3, 4, 5, 6, 7, 8, 9, 10, 11, 12, 13, 14, 15, 16, 17, 18, 19, 20, 21, 22, 23, 24, 25, 26, 27, 28, 29, 30], ""reranker_output_ids"": [""rbi_mpr_2025_10_p011_c005"", ""rbi_mpr_2025_10_p076_c000"", ""rbi_mpr_2025_10_p104_c000"", ""rbi_mpr_2025_10_p106_c000"", ""rbi_mpr_2025_10_p011_c004"", ""rbi_mpr_2025_10_p104_c001"", ""rbi_mpr_2025_10_p103_c002"", ""rbi_mpr_2025_10_p071_c000"", ""rbi_mpr_2025_10_p011_c001"", ""rbi_mpr_2025_10_p008_c000"", ""rbi_mpr_2025_10_p010_c002"", ""rbi_mpr_2025_10_p036_c000"", ""rbi_mpr_2025_10_p019_c003"", ""rbi_mpr_2025_10_p042_c002"", ""rbi_mpr_2025_10_p014_c003"", ""rbi_mpr_2025_10_p083_c001"", ""rbi_mpr_2025_10_p055_c002"", ""rbi_mpr_2025_10_p035_c000"", ""rbi_mpr_2025_10_p059_c000"", ""rbi_mpr_2025_10_p049_c002"", ""rbi_mpr_2025_10_p014_c000"", ""rbi_mpr_2025_10_p019_c002"", ""rbi_mpr_2025_10_p036_c001"", ""rbi_mpr_2025_10_p027_c002"", ""rbi_mpr_2025_10_p016_c000"", ""rbi_mpr_2025_10_p033_c001"", ""rbi_mpr_2025_10_p034_c005"", ""rbi_mpr_2025_10_p034_c004"", ""rbi_mpr_2025_10_p051_c002"", ""rbi_mpr_2025_10_p016_c003""], ""reranker_output_pages"": [11, 76, 104, 106, 11, 104, 103, 71, 11, 8, 10, 36, 19, 42, 14, 83, 55, 35, 59, 49, 14, 19, 36, 27, 16, 33, 34, 34, 51, 16], ""reranker_scores"": [-2.9542489051818848, -3.0150575637817383, -4.626425743103027, -5.648618698120117, -5.998128890991211, -6.220280647277832, -6.631776332855225, -7.8644208908081055, -7.914053916931152, -8.082275390625, -8.336592674255371, -8.602033615112305, -8.906826972961426, -9.429423332214355, -9.499991416931152, -9.896835327148438, -10.046819686889648, -10.365354537963867, -10.46701431274414, -10.477781295776367, -10.52311897277832, -10.554590225219727, -11.07244873046875, -11.092196464538574, -11.099405288696289, -11.143799781799316, -11.162434577941895, -11.189037322998047, -11.21181583404541, -11.258810043334961], ""rrf_candidate_ids"": [""rbi_mpr_2025_10_p033_c001"", ""rbi_mpr_2025_10_p011_c004"", ""rbi_mpr_2025_10_p035_c000"", ""rbi_mpr_2025_10_p049_c002"", ""rbi_mpr_2025_10_p010_c002"", ""rbi_mpr_2025_10_p016_c003"", ""rbi_mpr_2025_10_p011_c005"", ""rbi_mpr_2025_10_p042_c002"", ""rbi_mpr_2025_10_p106_c000"", ""rbi_mpr_2025_10_p027_c002"", ""rbi_mpr_2025_10_p071_c000"", ""rbi_mpr_2025_10_p076_c000"", ""rbi_mpr_2025_10_p034_c005"", ""rbi_mpr_2025_10_p008_c000"", ""rbi_mpr_2025_10_p019_c002"", ""rbi_mpr_2025_10_p103_c002"", ""rbi_mpr_2025_10_p019_c003"", ""rbi_mpr_2025_10_p104_c000"", ""rbi_mpr_2025_10_p014_c003"", ""rbi_mpr_2025_10_p051_c002"", ""rbi_mpr_2025_10_p014_c000"", ""rbi_mpr_2025_10_p011_c001"", ""rbi_mpr_2025_10_p083_c001"", ""rbi_mpr_2025_10_p104_c001"", ""rbi_mpr_2025_10_p055_c002"", ""rbi_mpr_2025_10_p016_c000"", ""rbi_mpr_2025_10_p059_c000"", ""rbi_mpr_2025_10_p036_c001"", ""rbi_mpr_2025_10_p034_c004"", ""rbi_mpr_2025_10_p036_c000""], ""rrf_candidate_pages"": [33, 11, 35, 49, 10, 16, 11, 42, 106, 27, 71, 76, 34, 8, 19, 103, 19, 104, 14, 51, 14, 11, 83, 104, 55, 16, 59, 36, 34, 36], ""rrf_first_evidence_rank"": 5, ""rrf_scores"": [0.0259915611814346, 0.025525990099009903, 0.024809741248097414, 0.023037203760095326, 0.02177964127649662, 0.020442219440967878, 0.01639344262295082, 0.01639344262295082, 0.016129032258064516, 0.016129032258064516, 0.015873015873015872, 0.015873015873015872, 0.015625, 0.015384615384615385, 0.015384615384615385, 0.015151515151515152, 0.015151515151515152, 0.014925373134328358, 0.014925373134328358, 0.014705882352941176, 0.014705882352941176, 0.014492753623188406, 0.014492753623188406, 0.014285714285714285, 0.014285714285714285, 0.014084507042253521, 0.014084507042253521, 0.013888888888888888, 0.013888888888888888, 0.0136986301369863], ""selected_chunk_ids_after_dedup"": [""rbi_mpr_2025_10_p011_c005"", ""rbi_mpr_2025_10_p076_c000"", ""rbi_mpr_2025_10_p104_c000""], ""selected_chunk_ids_before_dedup"": [""rbi_mpr_2025_10_p011_c005"", ""rbi_mpr_2025_10_p076_c000"", ""rbi_mpr_2025_10_p104_c000""], ""selected_pages"": [11, 76, 104]}, ""rbi_mpr_2026_04"": {""accepted_evidence_found"": false, ""accepted_pages"": [26], ""bm25_candidate_ids"": [""rbi_mpr_2026_04_p107_c004"", ""rbi_mpr_2026_04_p020_c002"", ""rbi_mpr_2026_04_p017_c001"", ""rbi_mpr_2026_04_p023_c000"", ""rbi_mpr_2026_04_p018_c002"", ""rbi_mpr_2026_04_p105_c000"", ""rbi_mpr_2026_04_p049_c001"", ""rbi_mpr_2026_04_p114_c000"", ""rbi_mpr_2026_04_p103_c003"", ""rbi_mpr_2026_04_p082_c001"", ""rbi_mpr_2026_04_p044_c000"", ""rbi_mpr_2026_04_p018_c001"", ""rbi_mpr_2026_04_p081_c004"", ""rbi_mpr_2026_04_p077_c000"", ""rbi_mpr_2026_04_p107_c001"", ""rbi_mpr_2026_04_p020_c001"", ""rbi_mpr_2026_04_p088_c000"", ""rbi_mpr_2026_04_p014_c000"", ""rbi_mpr_2026_04_p081_c002"", ""rbi_mpr_2026_04_p047_c004"", ""rbi_mpr_2026_04_p099_c003"", ""rbi_mpr_2026_04_p020_c003"", ""rbi_mpr_2026_04_p043_c000"", ""rbi_mpr_2026_04_p081_c005"", ""rbi_mpr_2026_04_p102_c004"", ""rbi_mpr_2026_04_p083_c000"", ""rbi_mpr_2026_04_p038_c002"", ""rbi_mpr_2026_04_p105_c001"", ""rbi_mpr_2026_04_p071_c000"", ""rbi_mpr_2026_04_p050_c000"", ""rbi_mpr_2026_04_p108_c002"", ""rbi_mpr_2026_04_p042_c001"", ""rbi_mpr_2026_04_p069_c003"", ""rbi_mpr_2026_04_p087_c000"", ""rbi_mpr_2026_04_p113_c002"", ""rbi_mpr_2026_04_p067_c002"", ""rbi_mpr_2026_04_p083_c003"", ""rbi_mpr_2026_04_p111_c001"", ""rbi_mpr_2026_04_p073_c000"", ""rbi_mpr_2026_04_p070_c000"", ""rbi_mpr_2026_04_p050_c001"", ""rbi_mpr_2026_04_p035_c003"", ""rbi_mpr_2026_04_p081_c001"", ""rbi_mpr_2026_04_p102_c003"", ""rbi_mpr_2026_04_p023_c001"", ""rbi_mpr_2026_04_p017_c000"", ""rbi_mpr_2026_04_p083_c004"", ""rbi_mpr_2026_04_p093_c003"", ""rbi_mpr_2026_04_p050_c002"", ""rbi_mpr_2026_04_p096_c003""], ""bm25_candidate_pages"": [107, 20, 17, 23, 18, 105, 49, 114, 103, 82, 44, 18, 81, 77, 107, 20, 88, 14, 81, 47, 99, 20, 43, 81, 102, 83, 38, 105, 71, 50, 108, 42, 69, 87, 113, 67, 83, 111, 73, 70, 50, 35, 81, 102, 23, 17, 83, 93, 50, 96], ""bm25_candidate_scores"": [null, null, null, null, null, null, null, null, null, null, null, null, null, null, null, null, null, null, null, null, null, null, null, null, null, null, null, null, null, null, null, null, null, null, null, null, null, null, null, null, null, null, null, null, null, null, null, null, null, null], ""bm25_first_evidence_rank"": null, ""candidate_source_expansion"": {""rbi_mpr_2025_04_p005_c001"": [], ""rbi_mpr_2025_04_p008_c001"": [], ""rbi_mpr_2025_04_p013_c003"": [], ""rbi_mpr_2025_04_p015_c001"": [], ""rbi_mpr_2025_04_p015_c002"": [], ""rbi_mpr_2025_04_p015_c004"": [], ""rbi_mpr_2025_04_p016_c000"": [], ""rbi_mpr_2025_04_p016_c002"": [], ""rbi_mpr_2025_04_p016_c003"": [], ""rbi_mpr_2025_04_p017_c003"": [], ""rbi_mpr_2025_04_p018_c000"": [], ""rbi_mpr_2025_04_p018_c003"": [], ""rbi_mpr_2025_04_p019_c001"": [], ""rbi_mpr_2025_04_p019_c003"": [], ""rbi_mpr_2025_04_p020_c000"": [], ""rbi_mpr_2025_04_p020_c002"": [], ""rbi_mpr_2025_04_p026_c003"": [], ""rbi_mpr_2025_04_p027_c000"": [], ""rbi_mpr_2025_04_p027_c001"": [], ""rbi_mpr_2025_04_p027_c002"": [], ""rbi_mpr_2025_04_p028_c000"": [], ""rbi_mpr_2025_04_p028_c001"": [], ""rbi_mpr_2025_04_p028_c002"": [], ""rbi_mpr_2025_04_p028_c003"": [], ""rbi_mpr_2025_04_p029_c002"": [], ""rbi_mpr_2025_04_p029_c003"": [], ""rbi_mpr_2025_04_p029_c004"": [], ""rbi_mpr_2025_04_p030_c003"": [], ""rbi_mpr_2025_04_p030_c004"": [], ""rbi_mpr_2025_04_p031_c002"": [], ""rbi_mpr_2025_04_p031_c003"": [], ""rbi_mpr_2025_04_p037_c000"": [], ""rbi_mpr_2025_04_p038_c000"": [], ""rbi_mpr_2025_04_p038_c002"": [], ""rbi_mpr_2025_04_p039_c002"": [], ""rbi_mpr_2025_04_p039_c004"": [], ""rbi_mpr_2025_04_p040_c000"": [], ""rbi_mpr_2025_04_p040_c003"": [], ""rbi_mpr_2025_04_p041_c000"": [], ""rbi_mpr_2025_04_p041_c001"": [], ""rbi_mpr_2025_04_p041_c002"": [], ""rbi_mpr_2025_04_p041_c003"": [], ""rbi_mpr_2025_04_p042_c003"": [], ""rbi_mpr_2025_04_p044_c001"": [], ""rbi_mpr_2025_04_p044_c002"": [], ""rbi_mpr_2025_04_p047_c002"": [], ""rbi_mpr_2025_04_p048_c000"": [], ""rbi_mpr_2025_04_p049_c000"": [], ""rbi_mpr_2025_04_p050_c000"": [], ""rbi_mpr_2025_04_p050_c002"": [], ""rbi_mpr_2025_04_p051_c002"": [], ""rbi_mpr_2025_04_p052_c000"": [], ""rbi_mpr_2025_04_p053_c000"": [], ""rbi_mpr_2025_04_p053_c002"": [], ""rbi_mpr_2025_04_p055_c000"": [], ""rbi_mpr_2025_04_p056_c001"": [], ""rbi_mpr_2025_04_p060_c000"": [], ""rbi_mpr_2025_04_p061_c000"": [], ""rbi_mpr_2025_04_p064_c000"": [], ""rbi_mpr_2025_04_p066_c000"": [], ""rbi_mpr_2025_04_p068_c000"": [], ""rbi_mpr_2025_04_p069_c003"": [], ""rbi_mpr_2025_04_p070_c002"": [], ""rbi_mpr_2025_04_p071_c001"": [], ""rbi_mpr_2025_04_p073_c003"": [], ""rbi_mpr_2025_04_p074_c000"": [], ""rbi_mpr_2025_04_p075_c001"": [], ""rbi_mpr_2025_04_p075_c002"": [], ""rbi_mpr_2025_04_p076_c005"": [], ""rbi_mpr_2025_04_p077_c002"": [], ""rbi_mpr_2025_04_p078_c003"": [], ""rbi_mpr_2025_04_p079_c000"": [], ""rbi_mpr_2025_04_p079_c001"": [], ""rbi_mpr_2025_04_p085_c000"": [], ""rbi_mpr_2025_04_p085_c001"": [], ""rbi_mpr_2025_04_p085_c002"": [], ""rbi_mpr_2025_04_p088_c000"": [], ""rbi_mpr_2025_04_p091_c000"": [], ""rbi_mpr_2025_04_p094_c000"": [], ""rbi_mpr_2025_04_p094_c002"": [], ""rbi_mpr_2025_04_p094_c003"": [], ""rbi_mpr_2025_04_p103_c003"": [], ""rbi_mpr_2025_04_p107_c000"": [], ""rbi_mpr_2025_04_p107_c001"": [], ""rbi_mpr_2025_04_p107_c002"": [], ""rbi_mpr_2025_04_p108_c000"": [], ""rbi_mpr_2025_04_p108_c003"": [], ""rbi_mpr_2025_04_p109_c000"": [], ""rbi_mpr_2025_04_p109_c003"": [], ""rbi_mpr_2025_04_p110_c000"": [], ""rbi_mpr_2025_04_p110_c001"": [], ""rbi_mpr_2025_04_p111_c001"": [], ""rbi_mpr_2025_04_p112_c000"": [], ""rbi_mpr_2025_04_p112_c001"": [], ""rbi_mpr_2025_04_p113_c003"": [], ""rbi_mpr_2025_10_p008_c000"": [], ""rbi_mpr_2025_10_p008_c001"": [], ""rbi_mpr_2025_10_p009_c005"": [], ""rbi_mpr_2025_10_p010_c001"": [], ""rbi_mpr_2025_10_p010_c002"": [], ""rbi_mpr_2025_10_p011_c001"": [], ""rbi_mpr_2025_10_p011_c003"": [], ""rbi_mpr_2025_10_p011_c004"": [], ""rbi_mpr_2025_10_p011_c005"": [], ""rbi_mpr_2025_10_p014_c000"": [], ""rbi_mpr_2025_10_p014_c001"": [], ""rbi_mpr_2025_10_p014_c003"": [], ""rbi_mpr_2025_10_p015_c002"": [], ""rbi_mpr_2025_10_p015_c003"": [], ""rbi_mpr_2025_10_p016_c000"": [], ""rbi_mpr_2025_10_p016_c002"": [], ""rbi_mpr_2025_10_p016_c003"": [], ""rbi_mpr_2025_10_p017_c003"": [], ""rbi_mpr_2025_10_p019_c000"": [], ""rbi_mpr_2025_10_p019_c002"": [], ""rbi_mpr_2025_10_p019_c003"": [], ""rbi_mpr_2025_10_p020_c000"": [], ""rbi_mpr_2025_10_p020_c002"": [], ""rbi_mpr_2025_10_p021_c000"": [], ""rbi_mpr_2025_10_p021_c001"": [], ""rbi_mpr_2025_10_p025_c003"": [], ""rbi_mpr_2025_10_p027_c001"": [], ""rbi_mpr_2025_10_p027_c002"": [], ""rbi_mpr_2025_10_p028_c000"": [], ""rbi_mpr_2025_10_p032_c003"": [], ""rbi_mpr_2025_10_p033_c000"": [], ""rbi_mpr_2025_10_p033_c001"": [], ""rbi_mpr_2025_10_p033_c004"": [], ""rbi_mpr_2025_10_p034_c003"": [], ""rbi_mpr_2025_10_p034_c004"": [], ""rbi_mpr_2025_10_p034_c005"": [], ""rbi_mpr_2025_10_p035_c000"": [], ""rbi_mpr_2025_10_p035_c001"": [], ""rbi_mpr_2025_10_p035_c002"": [], ""rbi_mpr_2025_10_p036_c000"": [], ""rbi_mpr_2025_10_p036_c001"": [], ""rbi_mpr_2025_10_p040_c001"": [], ""rbi_mpr_2025_10_p040_c002"": [], ""rbi_mpr_2025_10_p041_c000"": [], ""rbi_mpr_2025_10_p041_c004"": [], ""rbi_mpr_2025_10_p042_c002"": [], ""rbi_mpr_2025_10_p042_c003"": [], ""rbi_mpr_2025_10_p044_c000"": [], ""rbi_mpr_2025_10_p045_c000"": [], ""rbi_mpr_2025_10_p047_c001"": [], ""rbi_mpr_2025_10_p049_c002"": [], ""rbi_mpr_2025_10_p051_c001"": [], ""rbi_mpr_2025_10_p051_c002"": [], ""rbi_mpr_2025_10_p051_c003"": [], ""rbi_mpr_2025_10_p055_c001"": [], ""rbi_mpr_2025_10_p055_c002"": [], ""rbi_mpr_2025_10_p055_c003"": [], ""rbi_mpr_2025_10_p055_c004"": [], ""rbi_mpr_2025_10_p056_c002"": [], ""rbi_mpr_2025_10_p057_c000"": [], ""rbi_mpr_2025_10_p059_c000"": [], ""rbi_mpr_2025_10_p059_c001"": [], ""rbi_mpr_2025_10_p061_c004"": [], ""rbi_mpr_2025_10_p065_c004"": [], ""rbi_mpr_2025_10_p069_c004"": [], ""rbi_mpr_2025_10_p070_c001"": [], ""rbi_mpr_2025_10_p070_c002"": [], ""rbi_mpr_2025_10_p070_c003"": [], ""rbi_mpr_2025_10_p071_c000"": [], ""rbi_mpr_2025_10_p071_c003"": [], ""rbi_mpr_2025_10_p073_c002"": [], ""rbi_mpr_2025_10_p073_c003"": [], ""rbi_mpr_2025_10_p075_c000"": [], ""rbi_mpr_2025_10_p076_c000"": [], ""rbi_mpr_2025_10_p076_c001"": [], ""rbi_mpr_2025_10_p076_c003"": [], ""rbi_mpr_2025_10_p083_c000"": [], ""rbi_mpr_2025_10_p083_c001"": [], ""rbi_mpr_2025_10_p084_c003"": [], ""rbi_mpr_2025_10_p085_c001"": [], ""rbi_mpr_2025_10_p086_c000"": [], ""rbi_mpr_2025_10_p086_c002"": [], ""rbi_mpr_2025_10_p090_c000"": [], ""rbi_mpr_2025_10_p091_c000"": [], ""rbi_mpr_2025_10_p093_c003"": [], ""rbi_mpr_2025_10_p101_c000"": [], ""rbi_mpr_2025_10_p102_c001"": [], ""rbi_mpr_2025_10_p103_c000"": [], ""rbi_mpr_2025_10_p103_c001"": [], ""rbi_mpr_2025_10_p103_c002"": [], ""rbi_mpr_2025_10_p103_c003"": [], ""rbi_mpr_2025_10_p104_c000"": [], ""rbi_mpr_2025_10_p104_c001"": [], ""rbi_mpr_2025_10_p106_c000"": [], ""rbi_mpr_2026_04_p010_c000"": [], ""rbi_mpr_2026_04_p014_c000"": [], ""rbi_mpr_2026_04_p017_c000"": [], ""rbi_mpr_2026_04_p017_c001"": [], ""rbi_mpr_2026_04_p018_c001"": [], ""rbi_mpr_2026_04_p018_c002"": [], ""rbi_mpr_2026_04_p020_c000"": [], ""rbi_mpr_2026_04_p020_c001"": [], ""rbi_mpr_2026_04_p020_c002"": [], ""rbi_mpr_2026_04_p020_c003"": [], ""rbi_mpr_2026_04_p021_c003"": [], ""rbi_mpr_2026_04_p023_c000"": [], ""rbi_mpr_2026_04_p023_c001"": [], ""rbi_mpr_2026_04_p030_c002"": [], ""rbi_mpr_2026_04_p030_c003"": [], ""rbi_mpr_2026_04_p031_c003"": [], ""rbi_mpr_2026_04_p032_c003"": [], ""rbi_mpr_2026_04_p035_c003"": [], ""rbi_mpr_2026_04_p038_c002"": [], ""rbi_mpr_2026_04_p042_c001"": [], ""rbi_mpr_2026_04_p043_c000"": [], ""rbi_mpr_2026_04_p044_c000"": [], ""rbi_mpr_2026_04_p044_c001"": [], ""rbi_mpr_2026_04_p047_c004"": [], ""rbi_mpr_2026_04_p049_c001"": [], ""rbi_mpr_2026_04_p050_c000"": [], ""rbi_mpr_2026_04_p050_c001"": [], ""rbi_mpr_2026_04_p050_c002"": [], ""rbi_mpr_2026_04_p055_c000"": [], ""rbi_mpr_2026_04_p057_c002"": [], ""rbi_mpr_2026_04_p058_c000"": [], ""rbi_mpr_2026_04_p058_c001"": [], ""rbi_mpr_2026_04_p058_c002"": [], ""rbi_mpr_2026_04_p058_c005"": [], ""rbi_mpr_2026_04_p060_c003"": [], ""rbi_mpr_2026_04_p062_c002"": [], ""rbi_mpr_2026_04_p062_c003"": [], ""rbi_mpr_2026_04_p063_c002"": [], ""rbi_mpr_2026_04_p063_c003"": [], ""rbi_mpr_2026_04_p064_c000"": [], ""rbi_mpr_2026_04_p064_c004"": [], ""rbi_mpr_2026_04_p065_c002"": [], ""rbi_mpr_2026_04_p066_c002"": [], ""rbi_mpr_2026_04_p067_c002"": [], ""rbi_mpr_2026_04_p069_c003"": [], ""rbi_mpr_2026_04_p070_c000"": [], ""rbi_mpr_2026_04_p070_c004"": [], ""rbi_mpr_2026_04_p071_c000"": [], ""rbi_mpr_2026_04_p073_c000"": [], ""rbi_mpr_2026_04_p074_c000"": [], ""rbi_mpr_2026_04_p076_c002"": [], ""rbi_mpr_2026_04_p076_c003"": [], ""rbi_mpr_2026_04_p077_c000"": [], ""rbi_mpr_2026_04_p077_c001"": [], ""rbi_mpr_2026_04_p079_c004"": [], ""rbi_mpr_2026_04_p080_c000"": [], ""rbi_mpr_2026_04_p080_c001"": [], ""rbi_mpr_2026_04_p080_c003"": [], ""rbi_mpr_2026_04_p081_c001"": [], ""rbi_mpr_2026_04_p081_c002"": [], ""rbi_mpr_2026_04_p081_c004"": [], ""rbi_mpr_2026_04_p081_c005"": [], ""rbi_mpr_2026_04_p082_c000"": [], ""rbi_mpr_2026_04_p082_c001"": [], ""rbi_mpr_2026_04_p082_c004"": [], ""rbi_mpr_2026_04_p083_c000"": [], ""rbi_mpr_2026_04_p083_c003"": [], ""rbi_mpr_2026_04_p083_c004"": [], ""rbi_mpr_2026_04_p085_c006"": [], ""rbi_mpr_2026_04_p087_c000"": [], ""rbi_mpr_2026_04_p088_c000"": [], ""rbi_mpr_2026_04_p090_c000"": [], ""rbi_mpr_2026_04_p091_c001"": [], ""rbi_mpr_2026_04_p091_c002"": [], ""rbi_mpr_2026_04_p093_c000"": [], ""rbi_mpr_2026_04_p093_c003"": [], ""rbi_mpr_2026_04_p096_c003"": [], ""rbi_mpr_2026_04_p099_c003"": [], ""rbi_mpr_2026_04_p102_c002"": [], ""rbi_mpr_2026_04_p102_c003"": [], ""rbi_mpr_2026_04_p102_c004"": [], ""rbi_mpr_2026_04_p103_c003"": [], ""rbi_mpr_2026_04_p103_c004"": [], ""rbi_mpr_2026_04_p105_c000"": [], ""rbi_mpr_2026_04_p105_c001"": [], ""rbi_mpr_2026_04_p107_c001"": [], ""rbi_mpr_2026_04_p107_c004"": [], ""rbi_mpr_2026_04_p108_c002"": [], ""rbi_mpr_2026_04_p109_c001"": [], ""rbi_mpr_2026_04_p111_c001"": [], ""rbi_mpr_2026_04_p111_c002"": [], ""rbi_mpr_2026_04_p113_c002"": [], ""rbi_mpr_2026_04_p114_c000"": []}, ""candidate_source_facet"": {""rbi_mpr_2025_04_p005_c001"": [], ""rbi_mpr_2025_04_p008_c001"": [], ""rbi_mpr_2025_04_p013_c003"": [], ""rbi_mpr_2025_04_p015_c001"": [], ""rbi_mpr_2025_04_p015_c002"": [], ""rbi_mpr_2025_04_p015_c004"": [], ""rbi_mpr_2025_04_p016_c000"": [], ""rbi_mpr_2025_04_p016_c002"": [], ""rbi_mpr_2025_04_p016_c003"": [], ""rbi_mpr_2025_04_p017_c003"": [], ""rbi_mpr_2025_04_p018_c000"": [], ""rbi_mpr_2025_04_p018_c003"": [], ""rbi_mpr_2025_04_p019_c001"": [], ""rbi_mpr_2025_04_p019_c003"": [], ""rbi_mpr_2025_04_p020_c000"": [], ""rbi_mpr_2025_04_p020_c002"": [], ""rbi_mpr_2025_04_p026_c003"": [], ""rbi_mpr_2025_04_p027_c000"": [], ""rbi_mpr_2025_04_p027_c001"": [], ""rbi_mpr_2025_04_p027_c002"": [], ""rbi_mpr_2025_04_p028_c000"": [], ""rbi_mpr_2025_04_p028_c001"": [], ""rbi_mpr_2025_04_p028_c002"": [], ""rbi_mpr_2025_04_p028_c003"": [], ""rbi_mpr_2025_04_p029_c002"": [], ""rbi_mpr_2025_04_p029_c003"": [], ""rbi_mpr_2025_04_p029_c004"": [], ""rbi_mpr_2025_04_p030_c003"": [], ""rbi_mpr_2025_04_p030_c004"": [], ""rbi_mpr_2025_04_p031_c002"": [], ""rbi_mpr_2025_04_p031_c003"": [], ""rbi_mpr_2025_04_p037_c000"": [], ""rbi_mpr_2025_04_p038_c000"": [], ""rbi_mpr_2025_04_p038_c002"": [], ""rbi_mpr_2025_04_p039_c002"": [], ""rbi_mpr_2025_04_p039_c004"": [], ""rbi_mpr_2025_04_p040_c000"": [], ""rbi_mpr_2025_04_p040_c003"": [], ""rbi_mpr_2025_04_p041_c000"": [], ""rbi_mpr_2025_04_p041_c001"": [], ""rbi_mpr_2025_04_p041_c002"": [], ""rbi_mpr_2025_04_p041_c003"": [], ""rbi_mpr_2025_04_p042_c003"": [], ""rbi_mpr_2025_04_p044_c001"": [], ""rbi_mpr_2025_04_p044_c002"": [], ""rbi_mpr_2025_04_p047_c002"": [], ""rbi_mpr_2025_04_p048_c000"": [], ""rbi_mpr_2025_04_p049_c000"": [], ""rbi_mpr_2025_04_p050_c000"": [], ""rbi_mpr_2025_04_p050_c002"": [], ""rbi_mpr_2025_04_p051_c002"": [], ""rbi_mpr_2025_04_p052_c000"": [], ""rbi_mpr_2025_04_p053_c000"": [], ""rbi_mpr_2025_04_p053_c002"": [], ""rbi_mpr_2025_04_p055_c000"": [], ""rbi_mpr_2025_04_p056_c001"": [], ""rbi_mpr_2025_04_p060_c000"": [], ""rbi_mpr_2025_04_p061_c000"": [], ""rbi_mpr_2025_04_p064_c000"": [], ""rbi_mpr_2025_04_p066_c000"": [], ""rbi_mpr_2025_04_p068_c000"": [], ""rbi_mpr_2025_04_p069_c003"": [], ""rbi_mpr_2025_04_p070_c002"": [], ""rbi_mpr_2025_04_p071_c001"": [], ""rbi_mpr_2025_04_p073_c003"": [], ""rbi_mpr_2025_04_p074_c000"": [], ""rbi_mpr_2025_04_p075_c001"": [], ""rbi_mpr_2025_04_p075_c002"": [], ""rbi_mpr_2025_04_p076_c005"": [], ""rbi_mpr_2025_04_p077_c002"": [], ""rbi_mpr_2025_04_p078_c003"": [], ""rbi_mpr_2025_04_p079_c000"": [], ""rbi_mpr_2025_04_p079_c001"": [], ""rbi_mpr_2025_04_p085_c000"": [], ""rbi_mpr_2025_04_p085_c001"": [], ""rbi_mpr_2025_04_p085_c002"": [], ""rbi_mpr_2025_04_p088_c000"": [], ""rbi_mpr_2025_04_p091_c000"": [], ""rbi_mpr_2025_04_p094_c000"": [], ""rbi_mpr_2025_04_p094_c002"": [], ""rbi_mpr_2025_04_p094_c003"": [], ""rbi_mpr_2025_04_p103_c003"": [], ""rbi_mpr_2025_04_p107_c000"": [], ""rbi_mpr_2025_04_p107_c001"": [], ""rbi_mpr_2025_04_p107_c002"": [], ""rbi_mpr_2025_04_p108_c000"": [], ""rbi_mpr_2025_04_p108_c003"": [], ""rbi_mpr_2025_04_p109_c000"": [], ""rbi_mpr_2025_04_p109_c003"": [], ""rbi_mpr_2025_04_p110_c000"": [], ""rbi_mpr_2025_04_p110_c001"": [], ""rbi_mpr_2025_04_p111_c001"": [], ""rbi_mpr_2025_04_p112_c000"": [], ""rbi_mpr_2025_04_p112_c001"": [], ""rbi_mpr_2025_04_p113_c003"": [], ""rbi_mpr_2025_10_p008_c000"": [], ""rbi_mpr_2025_10_p008_c001"": [], ""rbi_mpr_2025_10_p009_c005"": [], ""rbi_mpr_2025_10_p010_c001"": [], ""rbi_mpr_2025_10_p010_c002"": [], ""rbi_mpr_2025_10_p011_c001"": [], ""rbi_mpr_2025_10_p011_c003"": [], ""rbi_mpr_2025_10_p011_c004"": [], ""rbi_mpr_2025_10_p011_c005"": [], ""rbi_mpr_2025_10_p014_c000"": [], ""rbi_mpr_2025_10_p014_c001"": [], ""rbi_mpr_2025_10_p014_c003"": [], ""rbi_mpr_2025_10_p015_c002"": [], ""rbi_mpr_2025_10_p015_c003"": [], ""rbi_mpr_2025_10_p016_c000"": [], ""rbi_mpr_2025_10_p016_c002"": [], ""rbi_mpr_2025_10_p016_c003"": [], ""rbi_mpr_2025_10_p017_c003"": [], ""rbi_mpr_2025_10_p019_c000"": [], ""rbi_mpr_2025_10_p019_c002"": [], ""rbi_mpr_2025_10_p019_c003"": [], ""rbi_mpr_2025_10_p020_c000"": [], ""rbi_mpr_2025_10_p020_c002"": [], ""rbi_mpr_2025_10_p021_c000"": [], ""rbi_mpr_2025_10_p021_c001"": [], ""rbi_mpr_2025_10_p025_c003"": [], ""rbi_mpr_2025_10_p027_c001"": [], ""rbi_mpr_2025_10_p027_c002"": [], ""rbi_mpr_2025_10_p028_c000"": [], ""rbi_mpr_2025_10_p032_c003"": [], ""rbi_mpr_2025_10_p033_c000"": [], ""rbi_mpr_2025_10_p033_c001"": [], ""rbi_mpr_2025_10_p033_c004"": [], ""rbi_mpr_2025_10_p034_c003"": [], ""rbi_mpr_2025_10_p034_c004"": [], ""rbi_mpr_2025_10_p034_c005"": [], ""rbi_mpr_2025_10_p035_c000"": [], ""rbi_mpr_2025_10_p035_c001"": [], ""rbi_mpr_2025_10_p035_c002"": [], ""rbi_mpr_2025_10_p036_c000"": [], ""rbi_mpr_2025_10_p036_c001"": [], ""rbi_mpr_2025_10_p040_c001"": [], ""rbi_mpr_2025_10_p040_c002"": [], ""rbi_mpr_2025_10_p041_c000"": [], ""rbi_mpr_2025_10_p041_c004"": [], ""rbi_mpr_2025_10_p042_c002"": [], ""rbi_mpr_2025_10_p042_c003"": [], ""rbi_mpr_2025_10_p044_c000"": [], ""rbi_mpr_2025_10_p045_c000"": [], ""rbi_mpr_2025_10_p047_c001"": [], ""rbi_mpr_2025_10_p049_c002"": [], ""rbi_mpr_2025_10_p051_c001"": [], ""rbi_mpr_2025_10_p051_c002"": [], ""rbi_mpr_2025_10_p051_c003"": [], ""rbi_mpr_2025_10_p055_c001"": [], ""rbi_mpr_2025_10_p055_c002"": [], ""rbi_mpr_2025_10_p055_c003"": [], ""rbi_mpr_2025_10_p055_c004"": [], ""rbi_mpr_2025_10_p056_c002"": [], ""rbi_mpr_2025_10_p057_c000"": [], ""rbi_mpr_2025_10_p059_c000"": [], ""rbi_mpr_2025_10_p059_c001"": [], ""rbi_mpr_2025_10_p061_c004"": [], ""rbi_mpr_2025_10_p065_c004"": [], ""rbi_mpr_2025_10_p069_c004"": [], ""rbi_mpr_2025_10_p070_c001"": [], ""rbi_mpr_2025_10_p070_c002"": [], ""rbi_mpr_2025_10_p070_c003"": [], ""rbi_mpr_2025_10_p071_c000"": [], ""rbi_mpr_2025_10_p071_c003"": [], ""rbi_mpr_2025_10_p073_c002"": [], ""rbi_mpr_2025_10_p073_c003"": [], ""rbi_mpr_2025_10_p075_c000"": [], ""rbi_mpr_2025_10_p076_c000"": [], ""rbi_mpr_2025_10_p076_c001"": [], ""rbi_mpr_2025_10_p076_c003"": [], ""rbi_mpr_2025_10_p083_c000"": [], ""rbi_mpr_2025_10_p083_c001"": [], ""rbi_mpr_2025_10_p084_c003"": [], ""rbi_mpr_2025_10_p085_c001"": [], ""rbi_mpr_2025_10_p086_c000"": [], ""rbi_mpr_2025_10_p086_c002"": [], ""rbi_mpr_2025_10_p090_c000"": [], ""rbi_mpr_2025_10_p091_c000"": [], ""rbi_mpr_2025_10_p093_c003"": [], ""rbi_mpr_2025_10_p101_c000"": [], ""rbi_mpr_2025_10_p102_c001"": [], ""rbi_mpr_2025_10_p103_c000"": [], ""rbi_mpr_2025_10_p103_c001"": [], ""rbi_mpr_2025_10_p103_c002"": [], ""rbi_mpr_2025_10_p103_c003"": [], ""rbi_mpr_2025_10_p104_c000"": [], ""rbi_mpr_2025_10_p104_c001"": [], ""rbi_mpr_2025_10_p106_c000"": [], ""rbi_mpr_2026_04_p010_c000"": [], ""rbi_mpr_2026_04_p014_c000"": [], ""rbi_mpr_2026_04_p017_c000"": [], ""rbi_mpr_2026_04_p017_c001"": [], ""rbi_mpr_2026_04_p018_c001"": [], ""rbi_mpr_2026_04_p018_c002"": [], ""rbi_mpr_2026_04_p020_c000"": [], ""rbi_mpr_2026_04_p020_c001"": [], ""rbi_mpr_2026_04_p020_c002"": [], ""rbi_mpr_2026_04_p020_c003"": [], ""rbi_mpr_2026_04_p021_c003"": [], ""rbi_mpr_2026_04_p023_c000"": [], ""rbi_mpr_2026_04_p023_c001"": [], ""rbi_mpr_2026_04_p030_c002"": [], ""rbi_mpr_2026_04_p030_c003"": [], ""rbi_mpr_2026_04_p031_c003"": [], ""rbi_mpr_2026_04_p032_c003"": [], ""rbi_mpr_2026_04_p035_c003"": [], ""rbi_mpr_2026_04_p038_c002"": [], ""rbi_mpr_2026_04_p042_c001"": [], ""rbi_mpr_2026_04_p043_c000"": [], ""rbi_mpr_2026_04_p044_c000"": [], ""rbi_mpr_2026_04_p044_c001"": [], ""rbi_mpr_2026_04_p047_c004"": [], ""rbi_mpr_2026_04_p049_c001"": [], ""rbi_mpr_2026_04_p050_c000"": [], ""rbi_mpr_2026_04_p050_c001"": [], ""rbi_mpr_2026_04_p050_c002"": [], ""rbi_mpr_2026_04_p055_c000"": [], ""rbi_mpr_2026_04_p057_c002"": [], ""rbi_mpr_2026_04_p058_c000"": [], ""rbi_mpr_2026_04_p058_c001"": [], ""rbi_mpr_2026_04_p058_c002"": [], ""rbi_mpr_2026_04_p058_c005"": [], ""rbi_mpr_2026_04_p060_c003"": [], ""rbi_mpr_2026_04_p062_c002"": [], ""rbi_mpr_2026_04_p062_c003"": [], ""rbi_mpr_2026_04_p063_c002"": [], ""rbi_mpr_2026_04_p063_c003"": [], ""rbi_mpr_2026_04_p064_c000"": [], ""rbi_mpr_2026_04_p064_c004"": [], ""rbi_mpr_2026_04_p065_c002"": [], ""rbi_mpr_2026_04_p066_c002"": [], ""rbi_mpr_2026_04_p067_c002"": [], ""rbi_mpr_2026_04_p069_c003"": [], ""rbi_mpr_2026_04_p070_c000"": [], ""rbi_mpr_2026_04_p070_c004"": [], ""rbi_mpr_2026_04_p071_c000"": [], ""rbi_mpr_2026_04_p073_c000"": [], ""rbi_mpr_2026_04_p074_c000"": [], ""rbi_mpr_2026_04_p076_c002"": [], ""rbi_mpr_2026_04_p076_c003"": [], ""rbi_mpr_2026_04_p077_c000"": [], ""rbi_mpr_2026_04_p077_c001"": [], ""rbi_mpr_2026_04_p079_c004"": [], ""rbi_mpr_2026_04_p080_c000"": [], ""rbi_mpr_2026_04_p080_c001"": [], ""rbi_mpr_2026_04_p080_c003"": [], ""rbi_mpr_2026_04_p081_c001"": [], ""rbi_mpr_2026_04_p081_c002"": [], ""rbi_mpr_2026_04_p081_c004"": [], ""rbi_mpr_2026_04_p081_c005"": [], ""rbi_mpr_2026_04_p082_c000"": [], ""rbi_mpr_2026_04_p082_c001"": [], ""rbi_mpr_2026_04_p082_c004"": [], ""rbi_mpr_2026_04_p083_c000"": [], ""rbi_mpr_2026_04_p083_c003"": [], ""rbi_mpr_2026_04_p083_c004"": [], ""rbi_mpr_2026_04_p085_c006"": [], ""rbi_mpr_2026_04_p087_c000"": [], ""rbi_mpr_2026_04_p088_c000"": [], ""rbi_mpr_2026_04_p090_c000"": [], ""rbi_mpr_2026_04_p091_c001"": [], ""rbi_mpr_2026_04_p091_c002"": [], ""rbi_mpr_2026_04_p093_c000"": [], ""rbi_mpr_2026_04_p093_c003"": [], ""rbi_mpr_2026_04_p096_c003"": [], ""rbi_mpr_2026_04_p099_c003"": [], ""rbi_mpr_2026_04_p102_c002"": [], ""rbi_mpr_2026_04_p102_c003"": [], ""rbi_mpr_2026_04_p102_c004"": [], ""rbi_mpr_2026_04_p103_c003"": [], ""rbi_mpr_2026_04_p103_c004"": [], ""rbi_mpr_2026_04_p105_c000"": [], ""rbi_mpr_2026_04_p105_c001"": [], ""rbi_mpr_2026_04_p107_c001"": [], ""rbi_mpr_2026_04_p107_c004"": [], ""rbi_mpr_2026_04_p108_c002"": [], ""rbi_mpr_2026_04_p109_c001"": [], ""rbi_mpr_2026_04_p111_c001"": [], ""rbi_mpr_2026_04_p111_c002"": [], ""rbi_mpr_2026_04_p113_c002"": [], ""rbi_mpr_2026_04_p114_c000"": []}, ""candidate_source_query"": {""rbi_mpr_2025_04_p005_c001"": [""Trace the policy-rate or policy-action evidence across all three reports.""], ""rbi_mpr_2025_04_p008_c001"": [""Trace the policy-rate or policy-action evidence across all three reports.""], ""rbi_mpr_2025_04_p013_c003"": [""Trace the policy-rate or policy-action evidence across all three reports.""], ""rbi_mpr_2025_04_p015_c001"": [""Trace the policy-rate or policy-action evidence across all three reports.""], ""rbi_mpr_2025_04_p015_c002"": [""Trace the policy-rate or policy-action evidence across all three reports.""], ""rbi_mpr_2025_04_p015_c004"": [""Trace the policy-rate or policy-action evidence across all three reports.""], ""rbi_mpr_2025_04_p016_c000"": [""Trace the policy-rate or policy-action evidence across all three reports.""], ""rbi_mpr_2025_04_p016_c002"": [""Trace the policy-rate or policy-action evidence across all three reports.""], ""rbi_mpr_2025_04_p016_c003"": [""Trace the policy-rate or policy-action evidence across all three reports.""], ""rbi_mpr_2025_04_p017_c003"": [""Trace the policy-rate or policy-action evidence across all three reports.""], ""rbi_mpr_2025_04_p018_c000"": [""Trace the policy-rate or policy-action evidence across all three reports.""], ""rbi_mpr_2025_04_p018_c003"": [""Trace the policy-rate or policy-action evidence across all three reports.""], ""rbi_mpr_2025_04_p019_c001"": [""Trace the policy-rate or policy-action evidence across all three reports.""], ""rbi_mpr_2025_04_p019_c003"": [""Trace the policy-rate or policy-action evidence across all three reports.""], ""rbi_mpr_2025_04_p020_c000"": [""Trace the policy-rate or policy-action evidence across all three reports.""], ""rbi_mpr_2025_04_p020_c002"": [""Trace the policy-rate or policy-action evidence across all three reports.""], ""rbi_mpr_2025_04_p026_c003"": [""Trace the policy-rate or policy-action evidence across all three reports.""], ""rbi_mpr_2025_04_p027_c000"": [""Trace the policy-rate or policy-action evidence across all three reports.""], ""rbi_mpr_2025_04_p027_c001"": [""Trace the policy-rate or policy-action evidence across all three reports.""], ""rbi_mpr_2025_04_p027_c002"": [""Trace the policy-rate or policy-action evidence across all three reports.""], ""rbi_mpr_2025_04_p028_c000"": [""Trace the policy-rate or policy-action evidence across all three reports.""], ""rbi_mpr_2025_04_p028_c001"": [""Trace the policy-rate or policy-action evidence across all three reports.""], ""rbi_mpr_2025_04_p028_c002"": [""Trace the policy-rate or policy-action evidence across all three reports.""], ""rbi_mpr_2025_04_p028_c003"": [""Trace the policy-rate or policy-action evidence across all three reports.""], ""rbi_mpr_2025_04_p029_c002"": [""Trace the policy-rate or policy-action evidence across all three reports.""], ""rbi_mpr_2025_04_p029_c003"": [""Trace the policy-rate or policy-action evidence across all three reports.""], ""rbi_mpr_2025_04_p029_c004"": [""Trace the policy-rate or policy-action evidence across all three reports.""], ""rbi_mpr_2025_04_p030_c003"": [""Trace the policy-rate or policy-action evidence across all three reports.""], ""rbi_mpr_2025_04_p030_c004"": [""Trace the policy-rate or policy-action evidence across all three reports.""], ""rbi_mpr_2025_04_p031_c002"": [""Trace the policy-rate or policy-action evidence across all three reports.""], ""rbi_mpr_2025_04_p031_c003"": [""Trace the policy-rate or policy-action evidence across all three reports.""], ""rbi_mpr_2025_04_p037_c000"": [""Trace the policy-rate or policy-action evidence across all three reports.""], ""rbi_mpr_2025_04_p038_c000"": [""Trace the policy-rate or policy-action evidence across all three reports.""], ""rbi_mpr_2025_04_p038_c002"": [""Trace the policy-rate or policy-action evidence across all three reports.""], ""rbi_mpr_2025_04_p039_c002"": [""Trace the policy-rate or policy-action evidence across all three reports.""], ""rbi_mpr_2025_04_p039_c004"": [""Trace the policy-rate or policy-action evidence across all three reports.""], ""rbi_mpr_2025_04_p040_c000"": [""Trace the policy-rate or policy-action evidence across all three reports.""], ""rbi_mpr_2025_04_p040_c003"": [""Trace the policy-rate or policy-action evidence across all three reports.""], ""rbi_mpr_2025_04_p041_c000"": [""Trace the policy-rate or policy-action evidence across all three reports.""], ""rbi_mpr_2025_04_p041_c001"": [""Trace the policy-rate or policy-action evidence across all three reports.""], ""rbi_mpr_2025_04_p041_c002"": [""Trace the policy-rate or policy-action evidence across all three reports.""], ""rbi_mpr_2025_04_p041_c003"": [""Trace the policy-rate or policy-action evidence across all three reports.""], ""rbi_mpr_2025_04_p042_c003"": [""Trace the policy-rate or policy-action evidence across all three reports.""], ""rbi_mpr_2025_04_p044_c001"": [""Trace the policy-rate or policy-action evidence across all three reports.""], ""rbi_mpr_2025_04_p044_c002"": [""Trace the policy-rate or policy-action evidence across all three reports.""], ""rbi_mpr_2025_04_p047_c002"": [""Trace the policy-rate or policy-action evidence across all three reports.""], ""rbi_mpr_2025_04_p048_c000"": [""Trace the policy-rate or policy-action evidence across all three reports.""], ""rbi_mpr_2025_04_p049_c000"": [""Trace the policy-rate or policy-action evidence across all three reports.""], ""rbi_mpr_2025_04_p050_c000"": [""Trace the policy-rate or policy-action evidence across all three reports.""], ""rbi_mpr_2025_04_p050_c002"": [""Trace the policy-rate or policy-action evidence across all three reports.""], ""rbi_mpr_2025_04_p051_c002"": [""Trace the policy-rate or policy-action evidence across all three reports.""], ""rbi_mpr_2025_04_p052_c000"": [""Trace the policy-rate or policy-action evidence across all three reports.""], ""rbi_mpr_2025_04_p053_c000"": [""Trace the policy-rate or policy-action evidence across all three reports.""], ""rbi_mpr_2025_04_p053_c002"": [""Trace the policy-rate or policy-action evidence across all three reports.""], ""rbi_mpr_2025_04_p055_c000"": [""Trace the policy-rate or policy-action evidence across all three reports.""], ""rbi_mpr_2025_04_p056_c001"": [""Trace the policy-rate or policy-action evidence across all three reports.""], ""rbi_mpr_2025_04_p060_c000"": [""Trace the policy-rate or policy-action evidence across all three reports.""], ""rbi_mpr_2025_04_p061_c000"": [""Trace the policy-rate or policy-action evidence across all three reports.""], ""rbi_mpr_2025_04_p064_c000"": [""Trace the policy-rate or policy-action evidence across all three reports.""], ""rbi_mpr_2025_04_p066_c000"": [""Trace the policy-rate or policy-action evidence across all three reports.""], ""rbi_mpr_2025_04_p068_c000"": [""Trace the policy-rate or policy-action evidence across all three reports.""], ""rbi_mpr_2025_04_p069_c003"": [""Trace the policy-rate or policy-action evidence across all three reports.""], ""rbi_mpr_2025_04_p070_c002"": [""Trace the policy-rate or policy-action evidence across all three reports.""], ""rbi_mpr_2025_04_p071_c001"": [""Trace the policy-rate or policy-action evidence across all three reports.""], ""rbi_mpr_2025_04_p073_c003"": [""Trace the policy-rate or policy-action evidence across all three reports.""], ""rbi_mpr_2025_04_p074_c000"": [""Trace the policy-rate or policy-action evidence across all three reports.""], ""rbi_mpr_2025_04_p075_c001"": [""Trace the policy-rate or policy-action evidence across all three reports.""], ""rbi_mpr_2025_04_p075_c002"": [""Trace the policy-rate or policy-action evidence across all three reports.""], ""rbi_mpr_2025_04_p076_c005"": [""Trace the policy-rate or policy-action evidence across all three reports.""], ""rbi_mpr_2025_04_p077_c002"": [""Trace the policy-rate or policy-action evidence across all three reports.""], ""rbi_mpr_2025_04_p078_c003"": [""Trace the policy-rate or policy-action evidence across all three reports.""], ""rbi_mpr_2025_04_p079_c000"": [""Trace the policy-rate or policy-action evidence across all three reports.""], ""rbi_mpr_2025_04_p079_c001"": [""Trace the policy-rate or policy-action evidence across all three reports.""], ""rbi_mpr_2025_04_p085_c000"": [""Trace the policy-rate or policy-action evidence across all three reports.""], ""rbi_mpr_2025_04_p085_c001"": [""Trace the policy-rate or policy-action evidence across all three reports.""], ""rbi_mpr_2025_04_p085_c002"": [""Trace the policy-rate or policy-action evidence across all three reports.""], ""rbi_mpr_2025_04_p088_c000"": [""Trace the policy-rate or policy-action evidence across all three reports.""], ""rbi_mpr_2025_04_p091_c000"": [""Trace the policy-rate or policy-action evidence across all three reports.""], ""rbi_mpr_2025_04_p094_c000"": [""Trace the policy-rate or policy-action evidence across all three reports.""], ""rbi_mpr_2025_04_p094_c002"": [""Trace the policy-rate or policy-action evidence across all three reports.""], ""rbi_mpr_2025_04_p094_c003"": [""Trace the policy-rate or policy-action evidence across all three reports.""], ""rbi_mpr_2025_04_p103_c003"": [""Trace the policy-rate or policy-action evidence across all three reports.""], ""rbi_mpr_2025_04_p107_c000"": [""Trace the policy-rate or policy-action evidence across all three reports.""], ""rbi_mpr_2025_04_p107_c001"": [""Trace the policy-rate or policy-action evidence across all three reports.""], ""rbi_mpr_2025_04_p107_c002"": [""Trace the policy-rate or policy-action evidence across all three reports.""], ""rbi_mpr_2025_04_p108_c000"": [""Trace the policy-rate or policy-action evidence across all three reports.""], ""rbi_mpr_2025_04_p108_c003"": [""Trace the policy-rate or policy-action evidence across all three reports.""], ""rbi_mpr_2025_04_p109_c000"": [""Trace the policy-rate or policy-action evidence across all three reports.""], ""rbi_mpr_2025_04_p109_c003"": [""Trace the policy-rate or policy-action evidence across all three reports.""], ""rbi_mpr_2025_04_p110_c000"": [""Trace the policy-rate or policy-action evidence across all three reports.""], ""rbi_mpr_2025_04_p110_c001"": [""Trace the policy-rate or policy-action evidence across all three reports.""], ""rbi_mpr_2025_04_p111_c001"": [""Trace the policy-rate or policy-action evidence across all three reports.""], ""rbi_mpr_2025_04_p112_c000"": [""Trace the policy-rate or policy-action evidence across all three reports.""], ""rbi_mpr_2025_04_p112_c001"": [""Trace the policy-rate or policy-action evidence across all three reports.""], ""rbi_mpr_2025_04_p113_c003"": [""Trace the policy-rate or policy-action evidence across all three reports.""], ""rbi_mpr_2025_10_p008_c000"": [""Trace the policy-rate or policy-action evidence across all three reports.""], ""rbi_mpr_2025_10_p008_c001"": [""Trace the policy-rate or policy-action evidence across all three reports.""], ""rbi_mpr_2025_10_p009_c005"": [""Trace the policy-rate or policy-action evidence across all three reports.""], ""rbi_mpr_2025_10_p010_c001"": [""Trace the policy-rate or policy-action evidence across all three reports.""], ""rbi_mpr_2025_10_p010_c002"": [""Trace the policy-rate or policy-action evidence across all three reports.""], ""rbi_mpr_2025_10_p011_c001"": [""Trace the policy-rate or policy-action evidence across all three reports.""], ""rbi_mpr_2025_10_p011_c003"": [""Trace the policy-rate or policy-action evidence across all three reports.""], ""rbi_mpr_2025_10_p011_c004"": [""Trace the policy-rate or policy-action evidence across all three reports.""], ""rbi_mpr_2025_10_p011_c005"": [""Trace the policy-rate or policy-action evidence across all three reports.""], ""rbi_mpr_2025_10_p014_c000"": [""Trace the policy-rate or policy-action evidence across all three reports.""], ""rbi_mpr_2025_10_p014_c001"": [""Trace the policy-rate or policy-action evidence across all three reports.""], ""rbi_mpr_2025_10_p014_c003"": [""Trace the policy-rate or policy-action evidence across all three reports.""], ""rbi_mpr_2025_10_p015_c002"": [""Trace the policy-rate or policy-action evidence across all three reports.""], ""rbi_mpr_2025_10_p015_c003"": [""Trace the policy-rate or policy-action evidence across all three reports.""], ""rbi_mpr_2025_10_p016_c000"": [""Trace the policy-rate or policy-action evidence across all three reports.""], ""rbi_mpr_2025_10_p016_c002"": [""Trace the policy-rate or policy-action evidence across all three reports.""], ""rbi_mpr_2025_10_p016_c003"": [""Trace the policy-rate or policy-action evidence across all three reports.""], ""rbi_mpr_2025_10_p017_c003"": [""Trace the policy-rate or policy-action evidence across all three reports.""], ""rbi_mpr_2025_10_p019_c000"": [""Trace the policy-rate or policy-action evidence across all three reports.""], ""rbi_mpr_2025_10_p019_c002"": [""Trace the policy-rate or policy-action evidence across all three reports.""], ""rbi_mpr_2025_10_p019_c003"": [""Trace the policy-rate or policy-action evidence across all three reports.""], ""rbi_mpr_2025_10_p020_c000"": [""Trace the policy-rate or policy-action evidence across all three reports.""], ""rbi_mpr_2025_10_p020_c002"": [""Trace the policy-rate or policy-action evidence across all three reports.""], ""rbi_mpr_2025_10_p021_c000"": [""Trace the policy-rate or policy-action evidence across all three reports.""], ""rbi_mpr_2025_10_p021_c001"": [""Trace the policy-rate or policy-action evidence across all three reports.""], ""rbi_mpr_2025_10_p025_c003"": [""Trace the policy-rate or policy-action evidence across all three reports.""], ""rbi_mpr_2025_10_p027_c001"": [""Trace the policy-rate or policy-action evidence across all three reports.""], ""rbi_mpr_2025_10_p027_c002"": [""Trace the policy-rate or policy-action evidence across all three reports.""], ""rbi_mpr_2025_10_p028_c000"": [""Trace the policy-rate or policy-action evidence across all three reports.""], ""rbi_mpr_2025_10_p032_c003"": [""Trace the policy-rate or policy-action evidence across all three reports.""], ""rbi_mpr_2025_10_p033_c000"": [""Trace the policy-rate or policy-action evidence across all three reports.""], ""rbi_mpr_2025_10_p033_c001"": [""Trace the policy-rate or policy-action evidence across all three reports.""], ""rbi_mpr_2025_10_p033_c004"": [""Trace the policy-rate or policy-action evidence across all three reports.""], ""rbi_mpr_2025_10_p034_c003"": [""Trace the policy-rate or policy-action evidence across all three reports.""], ""rbi_mpr_2025_10_p034_c004"": [""Trace the policy-rate or policy-action evidence across all three reports.""], ""rbi_mpr_2025_10_p034_c005"": [""Trace the policy-rate or policy-action evidence across all three reports.""], ""rbi_mpr_2025_10_p035_c000"": [""Trace the policy-rate or policy-action evidence across all three reports.""], ""rbi_mpr_2025_10_p035_c001"": [""Trace the policy-rate or policy-action evidence across all three reports.""], ""rbi_mpr_2025_10_p035_c002"": [""Trace the policy-rate or policy-action evidence across all three reports.""], ""rbi_mpr_2025_10_p036_c000"": [""Trace the policy-rate or policy-action evidence across all three reports.""], ""rbi_mpr_2025_10_p036_c001"": [""Trace the policy-rate or policy-action evidence across all three reports.""], ""rbi_mpr_2025_10_p040_c001"": [""Trace the policy-rate or policy-action evidence across all three reports.""], ""rbi_mpr_2025_10_p040_c002"": [""Trace the policy-rate or policy-action evidence across all three reports.""], ""rbi_mpr_2025_10_p041_c000"": [""Trace the policy-rate or policy-action evidence across all three reports.""], ""rbi_mpr_2025_10_p041_c004"": [""Trace the policy-rate or policy-action evidence across all three reports.""], ""rbi_mpr_2025_10_p042_c002"": [""Trace the policy-rate or policy-action evidence across all three reports.""], ""rbi_mpr_2025_10_p042_c003"": [""Trace the policy-rate or policy-action evidence across all three reports.""], ""rbi_mpr_2025_10_p044_c000"": [""Trace the policy-rate or policy-action evidence across all three reports.""], ""rbi_mpr_2025_10_p045_c000"": [""Trace the policy-rate or policy-action evidence across all three reports.""], ""rbi_mpr_2025_10_p047_c001"": [""Trace the policy-rate or policy-action evidence across all three reports.""], ""rbi_mpr_2025_10_p049_c002"": [""Trace the policy-rate or policy-action evidence across all three reports.""], ""rbi_mpr_2025_10_p051_c001"": [""Trace the policy-rate or policy-action evidence across all three reports.""], ""rbi_mpr_2025_10_p051_c002"": [""Trace the policy-rate or policy-action evidence across all three reports.""], ""rbi_mpr_2025_10_p051_c003"": [""Trace the policy-rate or policy-action evidence across all three reports.""], ""rbi_mpr_2025_10_p055_c001"": [""Trace the policy-rate or policy-action evidence across all three reports.""], ""rbi_mpr_2025_10_p055_c002"": [""Trace the policy-rate or policy-action evidence across all three reports.""], ""rbi_mpr_2025_10_p055_c003"": [""Trace the policy-rate or policy-action evidence across all three reports.""], ""rbi_mpr_2025_10_p055_c004"": [""Trace the policy-rate or policy-action evidence across all three reports.""], ""rbi_mpr_2025_10_p056_c002"": [""Trace the policy-rate or policy-action evidence across all three reports.""], ""rbi_mpr_2025_10_p057_c000"": [""Trace the policy-rate or policy-action evidence across all three reports.""], ""rbi_mpr_2025_10_p059_c000"": [""Trace the policy-rate or policy-action evidence across all three reports.""], ""rbi_mpr_2025_10_p059_c001"": [""Trace the policy-rate or policy-action evidence across all three reports.""], ""rbi_mpr_2025_10_p061_c004"": [""Trace the policy-rate or policy-action evidence across all three reports.""], ""rbi_mpr_2025_10_p065_c004"": [""Trace the policy-rate or policy-action evidence across all three reports.""], ""rbi_mpr_2025_10_p069_c004"": [""Trace the policy-rate or policy-action evidence across all three reports.""], ""rbi_mpr_2025_10_p070_c001"": [""Trace the policy-rate or policy-action evidence across all three reports.""], ""rbi_mpr_2025_10_p070_c002"": [""Trace the policy-rate or policy-action evidence across all three reports.""], ""rbi_mpr_2025_10_p070_c003"": [""Trace the policy-rate or policy-action evidence across all three reports.""], ""rbi_mpr_2025_10_p071_c000"": [""Trace the policy-rate or policy-action evidence across all three reports.""], ""rbi_mpr_2025_10_p071_c003"": [""Trace the policy-rate or policy-action evidence across all three reports.""], ""rbi_mpr_2025_10_p073_c002"": [""Trace the policy-rate or policy-action evidence across all three reports.""], ""rbi_mpr_2025_10_p073_c003"": [""Trace the policy-rate or policy-action evidence across all three reports.""], ""rbi_mpr_2025_10_p075_c000"": [""Trace the policy-rate or policy-action evidence across all three reports.""], ""rbi_mpr_2025_10_p076_c000"": [""Trace the policy-rate or policy-action evidence across all three reports.""], ""rbi_mpr_2025_10_p076_c001"": [""Trace the policy-rate or policy-action evidence across all three reports.""], ""rbi_mpr_2025_10_p076_c003"": [""Trace the policy-rate or policy-action evidence across all three reports.""], ""rbi_mpr_2025_10_p083_c000"": [""Trace the policy-rate or policy-action evidence across all three reports.""], ""rbi_mpr_2025_10_p083_c001"": [""Trace the policy-rate or policy-action evidence across all three reports.""], ""rbi_mpr_2025_10_p084_c003"": [""Trace the policy-rate or policy-action evidence across all three reports.""], ""rbi_mpr_2025_10_p085_c001"": [""Trace the policy-rate or policy-action evidence across all three reports.""], ""rbi_mpr_2025_10_p086_c000"": [""Trace the policy-rate or policy-action evidence across all three reports.""], ""rbi_mpr_2025_10_p086_c002"": [""Trace the policy-rate or policy-action evidence across all three reports.""], ""rbi_mpr_2025_10_p090_c000"": [""Trace the policy-rate or policy-action evidence across all three reports.""], ""rbi_mpr_2025_10_p091_c000"": [""Trace the policy-rate or policy-action evidence across all three reports.""], ""rbi_mpr_2025_10_p093_c003"": [""Trace the policy-rate or policy-action evidence across all three reports.""], ""rbi_mpr_2025_10_p101_c000"": [""Trace the policy-rate or policy-action evidence across all three reports.""], ""rbi_mpr_2025_10_p102_c001"": [""Trace the policy-rate or policy-action evidence across all three reports.""], ""rbi_mpr_2025_10_p103_c000"": [""Trace the policy-rate or policy-action evidence across all three reports.""], ""rbi_mpr_2025_10_p103_c001"": [""Trace the policy-rate or policy-action evidence across all three reports.""], ""rbi_mpr_2025_10_p103_c002"": [""Trace the policy-rate or policy-action evidence across all three reports.""], ""rbi_mpr_2025_10_p103_c003"": [""Trace the policy-rate or policy-action evidence across all three reports.""], ""rbi_mpr_2025_10_p104_c000"": [""Trace the policy-rate or policy-action evidence across all three reports.""], ""rbi_mpr_2025_10_p104_c001"": [""Trace the policy-rate or policy-action evidence across all three reports.""], ""rbi_mpr_2025_10_p106_c000"": [""Trace the policy-rate or policy-action evidence across all three reports.""], ""rbi_mpr_2026_04_p010_c000"": [""Trace the policy-rate or policy-action evidence across all three reports.""], ""rbi_mpr_2026_04_p014_c000"": [""Trace the policy-rate or policy-action evidence across all three reports.""], ""rbi_mpr_2026_04_p017_c000"": [""Trace the policy-rate or policy-action evidence across all three reports.""], ""rbi_mpr_2026_04_p017_c001"": [""Trace the policy-rate or policy-action evidence across all three reports.""], ""rbi_mpr_2026_04_p018_c001"": [""Trace the policy-rate or policy-action evidence across all three reports.""], ""rbi_mpr_2026_04_p018_c002"": [""Trace the policy-rate or policy-action evidence across all three reports.""], ""rbi_mpr_2026_04_p020_c000"": [""Trace the policy-rate or policy-action evidence across all three reports.""], ""rbi_mpr_2026_04_p020_c001"": [""Trace the policy-rate or policy-action evidence across all three reports.""], ""rbi_mpr_2026_04_p020_c002"": [""Trace the policy-rate or policy-action evidence across all three reports.""], ""rbi_mpr_2026_04_p020_c003"": [""Trace the policy-rate or policy-action evidence across all three reports.""], ""rbi_mpr_2026_04_p021_c003"": [""Trace the policy-rate or policy-action evidence across all three reports.""], ""rbi_mpr_2026_04_p023_c000"": [""Trace the policy-rate or policy-action evidence across all three reports.""], ""rbi_mpr_2026_04_p023_c001"": [""Trace the policy-rate or policy-action evidence across all three reports.""], ""rbi_mpr_2026_04_p030_c002"": [""Trace the policy-rate or policy-action evidence across all three reports.""], ""rbi_mpr_2026_04_p030_c003"": [""Trace the policy-rate or policy-action evidence across all three reports.""], ""rbi_mpr_2026_04_p031_c003"": [""Trace the policy-rate or policy-action evidence across all three reports.""], ""rbi_mpr_2026_04_p032_c003"": [""Trace the policy-rate or policy-action evidence across all three reports.""], ""rbi_mpr_2026_04_p035_c003"": [""Trace the policy-rate or policy-action evidence across all three reports.""], ""rbi_mpr_2026_04_p038_c002"": [""Trace the policy-rate or policy-action evidence across all three reports.""], ""rbi_mpr_2026_04_p042_c001"": [""Trace the policy-rate or policy-action evidence across all three reports.""], ""rbi_mpr_2026_04_p043_c000"": [""Trace the policy-rate or policy-action evidence across all three reports.""], ""rbi_mpr_2026_04_p044_c000"": [""Trace the policy-rate or policy-action evidence across all three reports.""], ""rbi_mpr_2026_04_p044_c001"": [""Trace the policy-rate or policy-action evidence across all three reports.""], ""rbi_mpr_2026_04_p047_c004"": [""Trace the policy-rate or policy-action evidence across all three reports.""], ""rbi_mpr_2026_04_p049_c001"": [""Trace the policy-rate or policy-action evidence across all three reports.""], ""rbi_mpr_2026_04_p050_c000"": [""Trace the policy-rate or policy-action evidence across all three reports.""], ""rbi_mpr_2026_04_p050_c001"": [""Trace the policy-rate or policy-action evidence across all three reports.""], ""rbi_mpr_2026_04_p050_c002"": [""Trace the policy-rate or policy-action evidence across all three reports.""], ""rbi_mpr_2026_04_p055_c000"": [""Trace the policy-rate or policy-action evidence across all three reports.""], ""rbi_mpr_2026_04_p057_c002"": [""Trace the policy-rate or policy-action evidence across all three reports.""], ""rbi_mpr_2026_04_p058_c000"": [""Trace the policy-rate or policy-action evidence across all three reports.""], ""rbi_mpr_2026_04_p058_c001"": [""Trace the policy-rate or policy-action evidence across all three reports.""], ""rbi_mpr_2026_04_p058_c002"": [""Trace the policy-rate or policy-action evidence across all three reports.""], ""rbi_mpr_2026_04_p058_c005"": [""Trace the policy-rate or policy-action evidence across all three reports.""], ""rbi_mpr_2026_04_p060_c003"": [""Trace the policy-rate or policy-action evidence across all three reports.""], ""rbi_mpr_2026_04_p062_c002"": [""Trace the policy-rate or policy-action evidence across all three reports.""], ""rbi_mpr_2026_04_p062_c003"": [""Trace the policy-rate or policy-action evidence across all three reports.""], ""rbi_mpr_2026_04_p063_c002"": [""Trace the policy-rate or policy-action evidence across all three reports.""], ""rbi_mpr_2026_04_p063_c003"": [""Trace the policy-rate or policy-action evidence across all three reports.""], ""rbi_mpr_2026_04_p064_c000"": [""Trace the policy-rate or policy-action evidence across all three reports.""], ""rbi_mpr_2026_04_p064_c004"": [""Trace the policy-rate or policy-action evidence across all three reports.""], ""rbi_mpr_2026_04_p065_c002"": [""Trace the policy-rate or policy-action evidence across all three reports.""], ""rbi_mpr_2026_04_p066_c002"": [""Trace the policy-rate or policy-action evidence across all three reports.""], ""rbi_mpr_2026_04_p067_c002"": [""Trace the policy-rate or policy-action evidence across all three reports.""], ""rbi_mpr_2026_04_p069_c003"": [""Trace the policy-rate or policy-action evidence across all three reports.""], ""rbi_mpr_2026_04_p070_c000"": [""Trace the policy-rate or policy-action evidence across all three reports.""], ""rbi_mpr_2026_04_p070_c004"": [""Trace the policy-rate or policy-action evidence across all three reports.""], ""rbi_mpr_2026_04_p071_c000"": [""Trace the policy-rate or policy-action evidence across all three reports.""], ""rbi_mpr_2026_04_p073_c000"": [""Trace the policy-rate or policy-action evidence across all three reports.""], ""rbi_mpr_2026_04_p074_c000"": [""Trace the policy-rate or policy-action evidence across all three reports.""], ""rbi_mpr_2026_04_p076_c002"": [""Trace the policy-rate or policy-action evidence across all three reports.""], ""rbi_mpr_2026_04_p076_c003"": [""Trace the policy-rate or policy-action evidence across all three reports.""], ""rbi_mpr_2026_04_p077_c000"": [""Trace the policy-rate or policy-action evidence across all three reports.""], ""rbi_mpr_2026_04_p077_c001"": [""Trace the policy-rate or policy-action evidence across all three reports.""], ""rbi_mpr_2026_04_p079_c004"": [""Trace the policy-rate or policy-action evidence across all three reports.""], ""rbi_mpr_2026_04_p080_c000"": [""Trace the policy-rate or policy-action evidence across all three reports.""], ""rbi_mpr_2026_04_p080_c001"": [""Trace the policy-rate or policy-action evidence across all three reports.""], ""rbi_mpr_2026_04_p080_c003"": [""Trace the policy-rate or policy-action evidence across all three reports.""], ""rbi_mpr_2026_04_p081_c001"": [""Trace the policy-rate or policy-action evidence across all three reports.""], ""rbi_mpr_2026_04_p081_c002"": [""Trace the policy-rate or policy-action evidence across all three reports.""], ""rbi_mpr_2026_04_p081_c004"": [""Trace the policy-rate or policy-action evidence across all three reports.""], ""rbi_mpr_2026_04_p081_c005"": [""Trace the policy-rate or policy-action evidence across all three reports.""], ""rbi_mpr_2026_04_p082_c000"": [""Trace the policy-rate or policy-action evidence across all three reports.""], ""rbi_mpr_2026_04_p082_c001"": [""Trace the policy-rate or policy-action evidence across all three reports.""], ""rbi_mpr_2026_04_p082_c004"": [""Trace the policy-rate or policy-action evidence across all three reports.""], ""rbi_mpr_2026_04_p083_c000"": [""Trace the policy-rate or policy-action evidence across all three reports.""], ""rbi_mpr_2026_04_p083_c003"": [""Trace the policy-rate or policy-action evidence across all three reports.""], ""rbi_mpr_2026_04_p083_c004"": [""Trace the policy-rate or policy-action evidence across all three reports.""], ""rbi_mpr_2026_04_p085_c006"": [""Trace the policy-rate or policy-action evidence across all three reports.""], ""rbi_mpr_2026_04_p087_c000"": [""Trace the policy-rate or policy-action evidence across all three reports.""], ""rbi_mpr_2026_04_p088_c000"": [""Trace the policy-rate or policy-action evidence across all three reports.""], ""rbi_mpr_2026_04_p090_c000"": [""Trace the policy-rate or policy-action evidence across all three reports.""], ""rbi_mpr_2026_04_p091_c001"": [""Trace the policy-rate or policy-action evidence across all three reports.""], ""rbi_mpr_2026_04_p091_c002"": [""Trace the policy-rate or policy-action evidence across all three reports.""], ""rbi_mpr_2026_04_p093_c000"": [""Trace the policy-rate or policy-action evidence across all three reports.""], ""rbi_mpr_2026_04_p093_c003"": [""Trace the policy-rate or policy-action evidence across all three reports.""], ""rbi_mpr_2026_04_p096_c003"": [""Trace the policy-rate or policy-action evidence across all three reports.""], ""rbi_mpr_2026_04_p099_c003"": [""Trace the policy-rate or policy-action evidence across all three reports.""], ""rbi_mpr_2026_04_p102_c002"": [""Trace the policy-rate or policy-action evidence across all three reports.""], ""rbi_mpr_2026_04_p102_c003"": [""Trace the policy-rate or policy-action evidence across all three reports.""], ""rbi_mpr_2026_04_p102_c004"": [""Trace the policy-rate or policy-action evidence across all three reports.""], ""rbi_mpr_2026_04_p103_c003"": [""Trace the policy-rate or policy-action evidence across all three reports.""], ""rbi_mpr_2026_04_p103_c004"": [""Trace the policy-rate or policy-action evidence across all three reports.""], ""rbi_mpr_2026_04_p105_c000"": [""Trace the policy-rate or policy-action evidence across all three reports.""], ""rbi_mpr_2026_04_p105_c001"": [""Trace the policy-rate or policy-action evidence across all three reports.""], ""rbi_mpr_2026_04_p107_c001"": [""Trace the policy-rate or policy-action evidence across all three reports.""], ""rbi_mpr_2026_04_p107_c004"": [""Trace the policy-rate or policy-action evidence across all three reports.""], ""rbi_mpr_2026_04_p108_c002"": [""Trace the policy-rate or policy-action evidence across all three reports.""], ""rbi_mpr_2026_04_p109_c001"": [""Trace the policy-rate or policy-action evidence across all three reports.""], ""rbi_mpr_2026_04_p111_c001"": [""Trace the policy-rate or policy-action evidence across all three reports.""], ""rbi_mpr_2026_04_p111_c002"": [""Trace the policy-rate or policy-action evidence across all three reports.""], ""rbi_mpr_2026_04_p113_c002"": [""Trace the policy-rate or policy-action evidence across all three reports.""], ""rbi_mpr_2026_04_p114_c000"": [""Trace the policy-rate or policy-action evidence across all three reports.""]}, ""candidate_source_retriever"": {""rbi_mpr_2025_04_p005_c001"": [""bm25""], ""rbi_mpr_2025_04_p008_c001"": [""dense""], ""rbi_mpr_2025_04_p013_c003"": [""dense""], ""rbi_mpr_2025_04_p015_c001"": [""bm25""], ""rbi_mpr_2025_04_p015_c002"": [""bm25""], ""rbi_mpr_2025_04_p015_c004"": [""dense""], ""rbi_mpr_2025_04_p016_c000"": [""bm25""], ""rbi_mpr_2025_04_p016_c002"": [""bm25""], ""rbi_mpr_2025_04_p016_c003"": [""bm25""], ""rbi_mpr_2025_04_p017_c003"": [""dense""], ""rbi_mpr_2025_04_p018_c000"": [""bm25"", ""dense""], ""rbi_mpr_2025_04_p018_c003"": [""dense""], ""rbi_mpr_2025_04_p019_c001"": [""bm25""], ""rbi_mpr_2025_04_p019_c003"": [""dense""], ""rbi_mpr_2025_04_p020_c000"": [""bm25""], ""rbi_mpr_2025_04_p020_c002"": [""dense""], ""rbi_mpr_2025_04_p026_c003"": [""dense""], ""rbi_mpr_2025_04_p027_c000"": [""bm25""], ""rbi_mpr_2025_04_p027_c001"": [""bm25""], ""rbi_mpr_2025_04_p027_c002"": [""bm25""], ""rbi_mpr_2025_04_p028_c000"": [""bm25""], ""rbi_mpr_2025_04_p028_c001"": [""bm25""], ""rbi_mpr_2025_04_p028_c002"": [""bm25""], ""rbi_mpr_2025_04_p028_c003"": [""bm25""], ""rbi_mpr_2025_04_p029_c002"": [""bm25""], ""rbi_mpr_2025_04_p029_c003"": [""bm25""], ""rbi_mpr_2025_04_p029_c004"": [""bm25""], ""rbi_mpr_2025_04_p030_c003"": [""dense""], ""rbi_mpr_2025_04_p030_c004"": [""dense""], ""rbi_mpr_2025_04_p031_c002"": [""dense""], ""rbi_mpr_2025_04_p031_c003"": [""dense""], ""rbi_mpr_2025_04_p037_c000"": [""bm25""], ""rbi_mpr_2025_04_p038_c000"": [""bm25""], ""rbi_mpr_2025_04_p038_c002"": [""bm25""], ""rbi_mpr_2025_04_p039_c002"": [""bm25""], ""rbi_mpr_2025_04_p039_c004"": [""dense""], ""rbi_mpr_2025_04_p040_c000"": [""bm25"", ""dense""], ""rbi_mpr_2025_04_p040_c003"": [""dense""], ""rbi_mpr_2025_04_p041_c000"": [""bm25""], ""rbi_mpr_2025_04_p041_c001"": [""bm25"", ""dense""], ""rbi_mpr_2025_04_p041_c002"": [""dense""], ""rbi_mpr_2025_04_p041_c003"": [""dense""], ""rbi_mpr_2025_04_p042_c003"": [""dense""], ""rbi_mpr_2025_04_p044_c001"": [""bm25""], ""rbi_mpr_2025_04_p044_c002"": [""bm25""], ""rbi_mpr_2025_04_p047_c002"": [""dense""], ""rbi_mpr_2025_04_p048_c000"": [""dense""], ""rbi_mpr_2025_04_p049_c000"": [""dense""], ""rbi_mpr_2025_04_p050_c000"": [""bm25"", ""dense""], ""rbi_mpr_2025_04_p050_c002"": [""dense""], ""rbi_mpr_2025_04_p051_c002"": [""dense""], ""rbi_mpr_2025_04_p052_c000"": [""dense""], ""rbi_mpr_2025_04_p053_c000"": [""dense""], ""rbi_mpr_2025_04_p053_c002"": [""dense""], ""rbi_mpr_2025_04_p055_c000"": [""bm25""], ""rbi_mpr_2025_04_p056_c001"": [""dense""], ""rbi_mpr_2025_04_p060_c000"": [""bm25""], ""rbi_mpr_2025_04_p061_c000"": [""bm25""], ""rbi_mpr_2025_04_p064_c000"": [""dense""], ""rbi_mpr_2025_04_p066_c000"": [""dense""], ""rbi_mpr_2025_04_p068_c000"": [""dense""], ""rbi_mpr_2025_04_p069_c003"": [""bm25""], ""rbi_mpr_2025_04_p070_c002"": [""bm25""], ""rbi_mpr_2025_04_p071_c001"": [""bm25""], ""rbi_mpr_2025_04_p073_c003"": [""bm25""], ""rbi_mpr_2025_04_p074_c000"": [""bm25""], ""rbi_mpr_2025_04_p075_c001"": [""dense""], ""rbi_mpr_2025_04_p075_c002"": [""dense""], ""rbi_mpr_2025_04_p076_c005"": [""dense""], ""rbi_mpr_2025_04_p077_c002"": [""dense""], ""rbi_mpr_2025_04_p078_c003"": [""dense""], ""rbi_mpr_2025_04_p079_c000"": [""bm25""], ""rbi_mpr_2025_04_p079_c001"": [""bm25""], ""rbi_mpr_2025_04_p085_c000"": [""bm25""], ""rbi_mpr_2025_04_p085_c001"": [""bm25""], ""rbi_mpr_2025_04_p085_c002"": [""dense""], ""rbi_mpr_2025_04_p088_c000"": [""bm25""], ""rbi_mpr_2025_04_p091_c000"": [""bm25""], ""rbi_mpr_2025_04_p094_c000"": [""dense""], ""rbi_mpr_2025_04_p094_c002"": [""dense""], ""rbi_mpr_2025_04_p094_c003"": [""dense""], ""rbi_mpr_2025_04_p103_c003"": [""dense""], ""rbi_mpr_2025_04_p107_c000"": [""dense""], ""rbi_mpr_2025_04_p107_c001"": [""bm25""], ""rbi_mpr_2025_04_p107_c002"": [""dense""], ""rbi_mpr_2025_04_p108_c000"": [""bm25"", ""dense""], ""rbi_mpr_2025_04_p108_c003"": [""dense""], ""rbi_mpr_2025_04_p109_c000"": [""bm25""], ""rbi_mpr_2025_04_p109_c003"": [""bm25""], ""rbi_mpr_2025_04_p110_c000"": [""bm25""], ""rbi_mpr_2025_04_p110_c001"": [""bm25""], ""rbi_mpr_2025_04_p111_c001"": [""bm25""], ""rbi_mpr_2025_04_p112_c000"": [""dense""], ""rbi_mpr_2025_04_p112_c001"": [""dense""], ""rbi_mpr_2025_04_p113_c003"": [""dense""], ""rbi_mpr_2025_10_p008_c000"": [""dense""], ""rbi_mpr_2025_10_p008_c001"": [""dense""], ""rbi_mpr_2025_10_p009_c005"": [""bm25""], ""rbi_mpr_2025_10_p010_c001"": [""dense""], ""rbi_mpr_2025_10_p010_c002"": [""bm25"", ""dense""], ""rbi_mpr_2025_10_p011_c001"": [""dense""], ""rbi_mpr_2025_10_p011_c003"": [""bm25""], ""rbi_mpr_2025_10_p011_c004"": [""bm25"", ""dense""], ""rbi_mpr_2025_10_p011_c005"": [""dense""], ""rbi_mpr_2025_10_p014_c000"": [""bm25""], ""rbi_mpr_2025_10_p014_c001"": [""bm25""], ""rbi_mpr_2025_10_p014_c003"": [""bm25""], ""rbi_mpr_2025_10_p015_c002"": [""dense""], ""rbi_mpr_2025_10_p015_c003"": [""dense""], ""rbi_mpr_2025_10_p016_c000"": [""dense""], ""rbi_mpr_2025_10_p016_c002"": [""bm25""], ""rbi_mpr_2025_10_p016_c003"": [""bm25"", ""dense""], ""rbi_mpr_2025_10_p017_c003"": [""bm25""], ""rbi_mpr_2025_10_p019_c000"": [""bm25""], ""rbi_mpr_2025_10_p019_c002"": [""bm25""], ""rbi_mpr_2025_10_p019_c003"": [""bm25""], ""rbi_mpr_2025_10_p020_c000"": [""bm25""], ""rbi_mpr_2025_10_p020_c002"": [""dense""], ""rbi_mpr_2025_10_p021_c000"": [""bm25""], ""rbi_mpr_2025_10_p021_c001"": [""bm25""], ""rbi_mpr_2025_10_p025_c003"": [""dense""], ""rbi_mpr_2025_10_p027_c001"": [""bm25""], ""rbi_mpr_2025_10_p027_c002"": [""bm25""], ""rbi_mpr_2025_10_p028_c000"": [""bm25""], ""rbi_mpr_2025_10_p032_c003"": [""bm25""], ""rbi_mpr_2025_10_p033_c000"": [""dense""], ""rbi_mpr_2025_10_p033_c001"": [""bm25"", ""dense""], ""rbi_mpr_2025_10_p033_c004"": [""dense""], ""rbi_mpr_2025_10_p034_c003"": [""bm25""], ""rbi_mpr_2025_10_p034_c004"": [""bm25""], ""rbi_mpr_2025_10_p034_c005"": [""bm25""], ""rbi_mpr_2025_10_p035_c000"": [""bm25"", ""dense""], ""rbi_mpr_2025_10_p035_c001"": [""dense""], ""rbi_mpr_2025_10_p035_c002"": [""bm25""], ""rbi_mpr_2025_10_p036_c000"": [""dense""], ""rbi_mpr_2025_10_p036_c001"": [""dense""], ""rbi_mpr_2025_10_p040_c001"": [""bm25""], ""rbi_mpr_2025_10_p040_c002"": [""bm25""], ""rbi_mpr_2025_10_p041_c000"": [""dense""], ""rbi_mpr_2025_10_p041_c004"": [""bm25""], ""rbi_mpr_2025_10_p042_c002"": [""bm25""], ""rbi_mpr_2025_10_p042_c003"": [""dense""], ""rbi_mpr_2025_10_p044_c000"": [""dense""], ""rbi_mpr_2025_10_p045_c000"": [""bm25""], ""rbi_mpr_2025_10_p047_c001"": [""dense""], ""rbi_mpr_2025_10_p049_c002"": [""bm25"", ""dense""], ""rbi_mpr_2025_10_p051_c001"": [""dense""], ""rbi_mpr_2025_10_p051_c002"": [""dense""], ""rbi_mpr_2025_10_p051_c003"": [""dense""], ""rbi_mpr_2025_10_p055_c001"": [""bm25""], ""rbi_mpr_2025_10_p055_c002"": [""bm25""], ""rbi_mpr_2025_10_p055_c003"": [""bm25""], ""rbi_mpr_2025_10_p055_c004"": [""bm25""], ""rbi_mpr_2025_10_p056_c002"": [""dense""], ""rbi_mpr_2025_10_p057_c000"": [""bm25""], ""rbi_mpr_2025_10_p059_c000"": [""bm25""], ""rbi_mpr_2025_10_p059_c001"": [""dense""], ""rbi_mpr_2025_10_p061_c004"": [""dense""], ""rbi_mpr_2025_10_p065_c004"": [""bm25""], ""rbi_mpr_2025_10_p069_c004"": [""bm25""], ""rbi_mpr_2025_10_p070_c001"": [""dense""], ""rbi_mpr_2025_10_p070_c002"": [""dense""], ""rbi_mpr_2025_10_p070_c003"": [""dense""], ""rbi_mpr_2025_10_p071_c000"": [""dense""], ""rbi_mpr_2025_10_p071_c003"": [""dense""], ""rbi_mpr_2025_10_p073_c002"": [""dense""], ""rbi_mpr_2025_10_p073_c003"": [""dense""], ""rbi_mpr_2025_10_p075_c000"": [""bm25""], ""rbi_mpr_2025_10_p076_c000"": [""bm25""], ""rbi_mpr_2025_10_p076_c001"": [""bm25""], ""rbi_mpr_2025_10_p076_c003"": [""dense""], ""rbi_mpr_2025_10_p083_c000"": [""bm25""], ""rbi_mpr_2025_10_p083_c001"": [""bm25""], ""rbi_mpr_2025_10_p084_c003"": [""bm25""], ""rbi_mpr_2025_10_p085_c001"": [""bm25""], ""rbi_mpr_2025_10_p086_c000"": [""dense""], ""rbi_mpr_2025_10_p086_c002"": [""bm25""], ""rbi_mpr_2025_10_p090_c000"": [""dense""], ""rbi_mpr_2025_10_p091_c000"": [""bm25""], ""rbi_mpr_2025_10_p093_c003"": [""dense""], ""rbi_mpr_2025_10_p101_c000"": [""dense""], ""rbi_mpr_2025_10_p102_c001"": [""bm25""], ""rbi_mpr_2025_10_p103_c000"": [""dense""], ""rbi_mpr_2025_10_p103_c001"": [""dense""], ""rbi_mpr_2025_10_p103_c002"": [""dense""], ""rbi_mpr_2025_10_p103_c003"": [""dense""], ""rbi_mpr_2025_10_p104_c000"": [""dense""], ""rbi_mpr_2025_10_p104_c001"": [""dense""], ""rbi_mpr_2025_10_p106_c000"": [""dense""], ""rbi_mpr_2026_04_p010_c000"": [""dense""], ""rbi_mpr_2026_04_p014_c000"": [""bm25"", ""dense""], ""rbi_mpr_2026_04_p017_c000"": [""bm25""], ""rbi_mpr_2026_04_p017_c001"": [""bm25""], ""rbi_mpr_2026_04_p018_c001"": [""bm25""], ""rbi_mpr_2026_04_p018_c002"": [""bm25""], ""rbi_mpr_2026_04_p020_c000"": [""dense""], ""rbi_mpr_2026_04_p020_c001"": [""bm25"", ""dense""], ""rbi_mpr_2026_04_p020_c002"": [""bm25"", ""dense""], ""rbi_mpr_2026_04_p020_c003"": [""bm25"", ""dense""], ""rbi_mpr_2026_04_p021_c003"": [""dense""], ""rbi_mpr_2026_04_p023_c000"": [""bm25""], ""rbi_mpr_2026_04_p023_c001"": [""bm25""], ""rbi_mpr_2026_04_p030_c002"": [""dense""], ""rbi_mpr_2026_04_p030_c003"": [""dense""], ""rbi_mpr_2026_04_p031_c003"": [""dense""], ""rbi_mpr_2026_04_p032_c003"": [""dense""], ""rbi_mpr_2026_04_p035_c003"": [""bm25""], ""rbi_mpr_2026_04_p038_c002"": [""bm25""], ""rbi_mpr_2026_04_p042_c001"": [""bm25""], ""rbi_mpr_2026_04_p043_c000"": [""bm25""], ""rbi_mpr_2026_04_p044_c000"": [""bm25""], ""rbi_mpr_2026_04_p044_c001"": [""dense""], ""rbi_mpr_2026_04_p047_c004"": [""bm25""], ""rbi_mpr_2026_04_p049_c001"": [""bm25""], ""rbi_mpr_2026_04_p050_c000"": [""bm25"", ""dense""], ""rbi_mpr_2026_04_p050_c001"": [""bm25""], ""rbi_mpr_2026_04_p050_c002"": [""bm25""], ""rbi_mpr_2026_04_p055_c000"": [""dense""], ""rbi_mpr_2026_04_p057_c002"": [""dense""], ""rbi_mpr_2026_04_p058_c000"": [""dense""], ""rbi_mpr_2026_04_p058_c001"": [""dense""], ""rbi_mpr_2026_04_p058_c002"": [""dense""], ""rbi_mpr_2026_04_p058_c005"": [""dense""], ""rbi_mpr_2026_04_p060_c003"": [""dense""], ""rbi_mpr_2026_04_p062_c002"": [""dense""], ""rbi_mpr_2026_04_p062_c003"": [""dense""], ""rbi_mpr_2026_04_p063_c002"": [""dense""], ""rbi_mpr_2026_04_p063_c003"": [""dense""], ""rbi_mpr_2026_04_p064_c000"": [""dense""], ""rbi_mpr_2026_04_p064_c004"": [""dense""], ""rbi_mpr_2026_04_p065_c002"": [""dense""], ""rbi_mpr_2026_04_p066_c002"": [""dense""], ""rbi_mpr_2026_04_p067_c002"": [""bm25""], ""rbi_mpr_2026_04_p069_c003"": [""bm25""], ""rbi_mpr_2026_04_p070_c000"": [""bm25""], ""rbi_mpr_2026_04_p070_c004"": [""dense""], ""rbi_mpr_2026_04_p071_c000"": [""bm25""], ""rbi_mpr_2026_04_p073_c000"": [""bm25""], ""rbi_mpr_2026_04_p074_c000"": [""dense""], ""rbi_mpr_2026_04_p076_c002"": [""dense""], ""rbi_mpr_2026_04_p076_c003"": [""dense""], ""rbi_mpr_2026_04_p077_c000"": [""bm25""], ""rbi_mpr_2026_04_p077_c001"": [""dense""], ""rbi_mpr_2026_04_p079_c004"": [""dense""], ""rbi_mpr_2026_04_p080_c000"": [""dense""], ""rbi_mpr_2026_04_p080_c001"": [""dense""], ""rbi_mpr_2026_04_p080_c003"": [""dense""], ""rbi_mpr_2026_04_p081_c001"": [""bm25""], ""rbi_mpr_2026_04_p081_c002"": [""bm25""], ""rbi_mpr_2026_04_p081_c004"": [""bm25""], ""rbi_mpr_2026_04_p081_c005"": [""bm25""], ""rbi_mpr_2026_04_p082_c000"": [""dense""], ""rbi_mpr_2026_04_p082_c001"": [""bm25""], ""rbi_mpr_2026_04_p082_c004"": [""dense""], ""rbi_mpr_2026_04_p083_c000"": [""bm25""], ""rbi_mpr_2026_04_p083_c003"": [""bm25""], ""rbi_mpr_2026_04_p083_c004"": [""bm25""], ""rbi_mpr_2026_04_p085_c006"": [""dense""], ""rbi_mpr_2026_04_p087_c000"": [""bm25""], ""rbi_mpr_2026_04_p088_c000"": [""bm25""], ""rbi_mpr_2026_04_p090_c000"": [""dense""], ""rbi_mpr_2026_04_p091_c001"": [""dense""], ""rbi_mpr_2026_04_p091_c002"": [""dense""], ""rbi_mpr_2026_04_p093_c000"": [""dense""], ""rbi_mpr_2026_04_p093_c003"": [""bm25""], ""rbi_mpr_2026_04_p096_c003"": [""bm25""], ""rbi_mpr_2026_04_p099_c003"": [""bm25""], ""rbi_mpr_2026_04_p102_c002"": [""dense""], ""rbi_mpr_2026_04_p102_c003"": [""bm25""], ""rbi_mpr_2026_04_p102_c004"": [""bm25""], ""rbi_mpr_2026_04_p103_c003"": [""bm25"", ""dense""], ""rbi_mpr_2026_04_p103_c004"": [""dense""], ""rbi_mpr_2026_04_p105_c000"": [""bm25""], ""rbi_mpr_2026_04_p105_c001"": [""bm25""], ""rbi_mpr_2026_04_p107_c001"": [""bm25""], ""rbi_mpr_2026_04_p107_c004"": [""bm25""], ""rbi_mpr_2026_04_p108_c002"": [""bm25"", ""dense""], ""rbi_mpr_2026_04_p109_c001"": [""dense""], ""rbi_mpr_2026_04_p111_c001"": [""bm25""], ""rbi_mpr_2026_04_p111_c002"": [""dense""], ""rbi_mpr_2026_04_p113_c002"": [""bm25""], ""rbi_mpr_2026_04_p114_c000"": [""bm25""]}, ""candidate_union_ids"": [""rbi_mpr_2026_04_p103_c004"", ""rbi_mpr_2026_04_p020_c000"", ""rbi_mpr_2026_04_p050_c000"", ""rbi_mpr_2026_04_p074_c000"", ""rbi_mpr_2026_04_p103_c003"", ""rbi_mpr_2026_04_p020_c003"", ""rbi_mpr_2026_04_p111_c002"", ""rbi_mpr_2026_04_p020_c001"", ""rbi_mpr_2026_04_p014_c000"", ""rbi_mpr_2026_04_p058_c005"", ""rbi_mpr_2026_04_p058_c000"", ""rbi_mpr_2026_04_p032_c003"", ""rbi_mpr_2026_04_p076_c003"", ""rbi_mpr_2026_04_p090_c000"", ""rbi_mpr_2026_04_p091_c001"", ""rbi_mpr_2026_04_p079_c004"", ""rbi_mpr_2026_04_p093_c000"", ""rbi_mpr_2026_04_p058_c002"", ""rbi_mpr_2026_04_p021_c003"", ""rbi_mpr_2026_04_p108_c002"", ""rbi_mpr_2026_04_p020_c002"", ""rbi_mpr_2026_04_p058_c001"", ""rbi_mpr_2026_04_p080_c000"", ""rbi_mpr_2026_04_p062_c003"", ""rbi_mpr_2026_04_p077_c001"", ""rbi_mpr_2026_04_p060_c003"", ""rbi_mpr_2026_04_p055_c000"", ""rbi_mpr_2026_04_p066_c002"", ""rbi_mpr_2026_04_p082_c000"", ""rbi_mpr_2026_04_p063_c003"", ""rbi_mpr_2026_04_p044_c001"", ""rbi_mpr_2026_04_p076_c002"", ""rbi_mpr_2026_04_p030_c002"", ""rbi_mpr_2026_04_p064_c004"", ""rbi_mpr_2026_04_p082_c004"", ""rbi_mpr_2026_04_p080_c001"", ""rbi_mpr_2026_04_p080_c003"", ""rbi_mpr_2026_04_p031_c003"", ""rbi_mpr_2026_04_p065_c002"", ""rbi_mpr_2026_04_p030_c003"", ""rbi_mpr_2026_04_p102_c002"", ""rbi_mpr_2026_04_p057_c002"", ""rbi_mpr_2026_04_p091_c002"", ""rbi_mpr_2026_04_p010_c000"", ""rbi_mpr_2026_04_p109_c001"", ""rbi_mpr_2026_04_p062_c002"", ""rbi_mpr_2026_04_p070_c004"", ""rbi_mpr_2026_04_p064_c000"", ""rbi_mpr_2026_04_p063_c002"", ""rbi_mpr_2026_04_p085_c006"", ""rbi_mpr_2026_04_p107_c004"", ""rbi_mpr_2026_04_p017_c001"", ""rbi_mpr_2026_04_p023_c000"", ""rbi_mpr_2026_04_p018_c002"", ""rbi_mpr_2026_04_p105_c000"", ""rbi_mpr_2026_04_p049_c001"", ""rbi_mpr_2026_04_p114_c000"", ""rbi_mpr_2026_04_p082_c001"", ""rbi_mpr_2026_04_p044_c000"", ""rbi_mpr_2026_04_p018_c001"", ""rbi_mpr_2026_04_p081_c004"", ""rbi_mpr_2026_04_p077_c000"", ""rbi_mpr_2026_04_p107_c001"", ""rbi_mpr_2026_04_p088_c000"", ""rbi_mpr_2026_04_p081_c002"", ""rbi_mpr_2026_04_p047_c004"", ""rbi_mpr_2026_04_p099_c003"", ""rbi_mpr_2026_04_p043_c000"", ""rbi_mpr_2026_04_p081_c005"", ""rbi_mpr_2026_04_p102_c004"", ""rbi_mpr_2026_04_p083_c000"", ""rbi_mpr_2026_04_p038_c002"", ""rbi_mpr_2026_04_p105_c001"", ""rbi_mpr_2026_04_p071_c000"", ""rbi_mpr_2026_04_p042_c001"", ""rbi_mpr_2026_04_p069_c003"", ""rbi_mpr_2026_04_p087_c000"", ""rbi_mpr_2026_04_p113_c002"", ""rbi_mpr_2026_04_p067_c002"", ""rbi_mpr_2026_04_p083_c003"", ""rbi_mpr_2026_04_p111_c001"", ""rbi_mpr_2026_04_p073_c000"", ""rbi_mpr_2026_04_p070_c000"", ""rbi_mpr_2026_04_p050_c001"", ""rbi_mpr_2026_04_p035_c003"", ""rbi_mpr_2026_04_p081_c001"", ""rbi_mpr_2026_04_p102_c003"", ""rbi_mpr_2026_04_p023_c001"", ""rbi_mpr_2026_04_p017_c000"", ""rbi_mpr_2026_04_p083_c004"", ""rbi_mpr_2026_04_p093_c003"", ""rbi_mpr_2026_04_p050_c002"", ""rbi_mpr_2026_04_p096_c003""], ""candidate_union_pages"": [103, 20, 50, 74, 103, 20, 111, 20, 14, 58, 58, 32, 76, 90, 91, 79, 93, 58, 21, 108, 20, 58, 80, 62, 77, 60, 55, 66, 82, 63, 44, 76, 30, 64, 82, 80, 80, 31, 65, 30, 102, 57, 91, 10, 109, 62, 70, 64, 63, 85, 107, 17, 23, 18, 105, 49, 114, 82, 44, 18, 81, 77, 107, 88, 81, 47, 99, 43, 81, 102, 83, 38, 105, 71, 42, 69, 87, 113, 67, 83, 111, 73, 70, 50, 35, 81, 102, 23, 17, 83, 93, 50, 96], ""dense_candidate_ids"": [""rbi_mpr_2026_04_p103_c004"", ""rbi_mpr_2026_04_p020_c000"", ""rbi_mpr_2026_04_p050_c000"", ""rbi_mpr_2026_04_p074_c000"", ""rbi_mpr_2026_04_p103_c003"", ""rbi_mpr_2026_04_p020_c003"", ""rbi_mpr_2026_04_p111_c002"", ""rbi_mpr_2026_04_p020_c001"", ""rbi_mpr_2026_04_p014_c000"", ""rbi_mpr_2026_04_p058_c005"", ""rbi_mpr_2026_04_p058_c000"", ""rbi_mpr_2026_04_p032_c003"", ""rbi_mpr_2026_04_p076_c003"", ""rbi_mpr_2026_04_p090_c000"", ""rbi_mpr_2026_04_p091_c001"", ""rbi_mpr_2026_04_p079_c004"", ""rbi_mpr_2026_04_p093_c000"", ""rbi_mpr_2026_04_p058_c002"", ""rbi_mpr_2026_04_p021_c003"", ""rbi_mpr_2026_04_p108_c002"", ""rbi_mpr_2026_04_p020_c002"", ""rbi_mpr_2026_04_p058_c001"", ""rbi_mpr_2026_04_p080_c000"", ""rbi_mpr_2026_04_p062_c003"", ""rbi_mpr_2026_04_p077_c001"", ""rbi_mpr_2026_04_p060_c003"", ""rbi_mpr_2026_04_p055_c000"", ""rbi_mpr_2026_04_p066_c002"", ""rbi_mpr_2026_04_p082_c000"", ""rbi_mpr_2026_04_p063_c003"", ""rbi_mpr_2026_04_p044_c001"", ""rbi_mpr_2026_04_p076_c002"", ""rbi_mpr_2026_04_p030_c002"", ""rbi_mpr_2026_04_p064_c004"", ""rbi_mpr_2026_04_p082_c004"", ""rbi_mpr_2026_04_p080_c001"", ""rbi_mpr_2026_04_p080_c003"", ""rbi_mpr_2026_04_p031_c003"", ""rbi_mpr_2026_04_p065_c002"", ""rbi_mpr_2026_04_p030_c003"", ""rbi_mpr_2026_04_p102_c002"", ""rbi_mpr_2026_04_p057_c002"", ""rbi_mpr_2026_04_p091_c002"", ""rbi_mpr_2026_04_p010_c000"", ""rbi_mpr_2026_04_p109_c001"", ""rbi_mpr_2026_04_p062_c002"", ""rbi_mpr_2026_04_p070_c004"", ""rbi_mpr_2026_04_p064_c000"", ""rbi_mpr_2026_04_p063_c002"", ""rbi_mpr_2026_04_p085_c006""], ""dense_candidate_pages"": [103, 20, 50, 74, 103, 20, 111, 20, 14, 58, 58, 32, 76, 90, 91, 79, 93, 58, 21, 108, 20, 58, 80, 62, 77, 60, 55, 66, 82, 63, 44, 76, 30, 64, 82, 80, 80, 31, 65, 30, 102, 57, 91, 10, 109, 62, 70, 64, 63, 85], ""dense_candidate_scores"": [0.1517155219367542, 0.11881358464672476, 0.10376328221827258, 0.10370436092405444, 0.10194532005460366, 0.09626299764466795, 0.09012329763469196, 0.08978334115460307, 0.08581563683578752, 0.07974311890233798, 0.07389330491641988, 0.06750030234689341, 0.06630130880045548, 0.06625300851206206, 0.05876789680392125, 0.05834828278014681, 0.05349987791484767, 0.051380565784325816, 0.050704277453120006, 0.04806133287669889, 0.04796810404779284, 0.047438233868313806, 0.04711184867344542, 0.04708698203282402, 0.04629453698712216, 0.04452335782530037, 0.037515011267514886, 0.03711486908775252, 0.03685271569001469, 0.03292757968819515, 0.026323505701326133, 0.02516379301770033, 0.022587861930411512, 0.021649504495165006, 0.020122608467312397, 0.017012086753511402, 0.015318794967737692, 0.012313893256304942, 0.011972166608578694, 0.011517064938358024, 0.010131023678228712, 0.008534838231424202, 0.007465994153187938, 0.007249780820327012, 0.005952500823161677, 0.0018522868126278347, 0.001678051740883868, 0.000919071292899698, 0.0007378398443028678, 4.2079669084982285e-05], ""dense_first_evidence_rank"": null, ""evidence_rank_after_reranking"": null, ""evidence_rank_before_reranking"": null, ""expected_evidence"": [""reduced the policy repo rate by 25 bps in the December meeting""], ""loss_stage"": ""not_in_candidate_union"", ""report_id"": ""rbi_mpr_2026_04"", ""reranker_input_ids"": [""rbi_mpr_2026_04_p103_c003"", ""rbi_mpr_2026_04_p020_c002"", ""rbi_mpr_2026_04_p020_c001"", ""rbi_mpr_2026_04_p020_c003"", ""rbi_mpr_2026_04_p014_c000"", ""rbi_mpr_2026_04_p050_c000"", ""rbi_mpr_2026_04_p108_c002"", ""rbi_mpr_2026_04_p103_c004"", ""rbi_mpr_2026_04_p107_c004"", ""rbi_mpr_2026_04_p020_c000"", ""rbi_mpr_2026_04_p017_c001"", ""rbi_mpr_2026_04_p074_c000"", ""rbi_mpr_2026_04_p023_c000"", ""rbi_mpr_2026_04_p018_c002"", ""rbi_mpr_2026_04_p105_c000"", ""rbi_mpr_2026_04_p111_c002"", ""rbi_mpr_2026_04_p049_c001"", ""rbi_mpr_2026_04_p114_c000"", ""rbi_mpr_2026_04_p058_c005"", ""rbi_mpr_2026_04_p082_c001"", ""rbi_mpr_2026_04_p058_c000"", ""rbi_mpr_2026_04_p044_c000"", ""rbi_mpr_2026_04_p032_c003"", ""rbi_mpr_2026_04_p018_c001"", ""rbi_mpr_2026_04_p076_c003"", ""rbi_mpr_2026_04_p081_c004"", ""rbi_mpr_2026_04_p090_c000"", ""rbi_mpr_2026_04_p077_c000"", ""rbi_mpr_2026_04_p091_c001"", ""rbi_mpr_2026_04_p107_c001""], ""reranker_input_pages"": [103, 20, 20, 20, 14, 50, 108, 103, 107, 20, 17, 74, 23, 18, 105, 111, 49, 114, 58, 82, 58, 44, 32, 18, 76, 81, 90, 77, 91, 107], ""reranker_input_ranks"": [1, 2, 3, 4, 5, 6, 7, 8, 9, 10, 11, 12, 13, 14, 15, 16, 17, 18, 19, 20, 21, 22, 23, 24, 25, 26, 27, 28, 29, 30], ""reranker_output_ids"": [""rbi_mpr_2026_04_p020_c000"", ""rbi_mpr_2026_04_p020_c003"", ""rbi_mpr_2026_04_p020_c002"", ""rbi_mpr_2026_04_p103_c004"", ""rbi_mpr_2026_04_p105_c000"", ""rbi_mpr_2026_04_p020_c001"", ""rbi_mpr_2026_04_p050_c000"", ""rbi_mpr_2026_04_p074_c000"", ""rbi_mpr_2026_04_p103_c003"", ""rbi_mpr_2026_04_p058_c000"", ""rbi_mpr_2026_04_p114_c000"", ""rbi_mpr_2026_04_p014_c000"", ""rbi_mpr_2026_04_p044_c000"", ""rbi_mpr_2026_04_p023_c000"", ""rbi_mpr_2026_04_p032_c003"", ""rbi_mpr_2026_04_p049_c001"", ""rbi_mpr_2026_04_p090_c000"", ""rbi_mpr_2026_04_p108_c002"", ""rbi_mpr_2026_04_p077_c000"", ""rbi_mpr_2026_04_p018_c002"", ""rbi_mpr_2026_04_p107_c004"", ""rbi_mpr_2026_04_p018_c001"", ""rbi_mpr_2026_04_p107_c001"", ""rbi_mpr_2026_04_p017_c001"", ""rbi_mpr_2026_04_p076_c003"", ""rbi_mpr_2026_04_p082_c001"", ""rbi_mpr_2026_04_p111_c002"", ""rbi_mpr_2026_04_p091_c001"", ""rbi_mpr_2026_04_p058_c005"", ""rbi_mpr_2026_04_p081_c004""], ""reranker_output_pages"": [20, 20, 20, 103, 105, 20, 50, 74, 103, 58, 114, 14, 44, 23, 32, 49, 90, 108, 77, 18, 107, 18, 107, 17, 76, 82, 111, 91, 58, 81], ""reranker_scores"": [-4.119576454162598, -4.680034160614014, -4.7850446701049805, -4.804893493652344, -5.1931939125061035, -6.084610939025879, -6.372352600097656, -6.479006290435791, -6.676745414733887, -7.211379528045654, -7.281883239746094, -7.639726638793945, -7.734456539154053, -8.288484573364258, -8.872244834899902, -8.90412712097168, -9.554300308227539, -9.770463943481445, -9.843194961547852, -9.929495811462402, -10.163637161254883, -10.72221851348877, -10.790316581726074, -10.875345230102539, -10.947622299194336, -10.957042694091797, -11.04820442199707, -11.250970840454102, -11.31419563293457, -11.346538543701172], ""rrf_candidate_ids"": [""rbi_mpr_2026_04_p103_c003"", ""rbi_mpr_2026_04_p020_c002"", ""rbi_mpr_2026_04_p020_c001"", ""rbi_mpr_2026_04_p020_c003"", ""rbi_mpr_2026_04_p014_c000"", ""rbi_mpr_2026_04_p050_c000"", ""rbi_mpr_2026_04_p108_c002"", ""rbi_mpr_2026_04_p103_c004"", ""rbi_mpr_2026_04_p107_c004"", ""rbi_mpr_2026_04_p020_c000"", ""rbi_mpr_2026_04_p017_c001"", ""rbi_mpr_2026_04_p074_c000"", ""rbi_mpr_2026_04_p023_c000"", ""rbi_mpr_2026_04_p018_c002"", ""rbi_mpr_2026_04_p105_c000"", ""rbi_mpr_2026_04_p111_c002"", ""rbi_mpr_2026_04_p049_c001"", ""rbi_mpr_2026_04_p114_c000"", ""rbi_mpr_2026_04_p058_c005"", ""rbi_mpr_2026_04_p082_c001"", ""rbi_mpr_2026_04_p058_c000"", ""rbi_mpr_2026_04_p044_c000"", ""rbi_mpr_2026_04_p032_c003"", ""rbi_mpr_2026_04_p018_c001"", ""rbi_mpr_2026_04_p076_c003"", ""rbi_mpr_2026_04_p081_c004"", ""rbi_mpr_2026_04_p090_c000"", ""rbi_mpr_2026_04_p077_c000"", ""rbi_mpr_2026_04_p091_c001"", ""rbi_mpr_2026_04_p107_c001""], ""rrf_candidate_pages"": [103, 20, 20, 20, 14, 50, 108, 103, 107, 20, 17, 74, 23, 18, 105, 111, 49, 114, 58, 82, 58, 44, 32, 18, 76, 81, 90, 77, 91, 107], ""rrf_first_evidence_rank"": null, ""rrf_scores"": [0.029877369007803793, 0.028474711270410194, 0.02786377708978328, 0.027346637102734665, 0.027313266443701224, 0.026984126984126985, 0.02348901098901099, 0.01639344262295082, 0.01639344262295082, 0.016129032258064516, 0.015873015873015872, 0.015625, 0.015625, 0.015384615384615385, 0.015151515151515152, 0.014925373134328358, 0.014925373134328358, 0.014705882352941176, 0.014285714285714285, 0.014285714285714285, 0.014084507042253521, 0.014084507042253521, 0.013888888888888888, 0.013888888888888888, 0.0136986301369863, 0.0136986301369863, 0.013513513513513514, 0.013513513513513514, 0.013333333333333334, 0.013333333333333334], ""selected_chunk_ids_after_dedup"": [""rbi_mpr_2026_04_p020_c000"", ""rbi_mpr_2026_04_p020_c003"", ""rbi_mpr_2026_04_p020_c002""], ""selected_chunk_ids_before_dedup"": [""rbi_mpr_2026_04_p020_c000"", ""rbi_mpr_2026_04_p020_c003"", ""rbi_mpr_2026_04_p020_c002""], ""selected_pages"": [20, 20, 20]}}","{""rbi_mpr_2025_04"": false, ""rbi_mpr_2025_10"": false, ""rbi_mpr_2026_04"": false}","{""rbi_mpr_2025_04"": 0.0, ""rbi_mpr_2025_10"": 0.0, ""rbi_mpr_2026_04"": 0.0}",[],[],0.10720000136643648,trend_all_reports,trend_dev_002,[],0.0,"{""rbi_mpr_2025_04"": 3, ""rbi_mpr_2025_10"": 3, ""rbi_mpr_2026_04"": 3}",1.0,"[""rbi_mpr_2025_04"", ""rbi_mpr_2025_10"", ""rbi_mpr_2026_04""]",6877.061299994239,0.10069999552797526,8154,9,0.007700000423938036,dev,6982.743199987453,6
False,8.109899994451553,0.5999000131851062,False,04a5ce7716e7f739c55089569953118657c56d931da37da67b3f680d0125b949,0,0.020699997548945248,bf7cf18e02abb87a6e22fe9b686d8f93fa34ceb3f67abc575741c0a63080b56d,0.2440999960526824,118.28769999556243,0,1466,0.6666666666666666,[],RRF_K60,[],0.6043999892426655,d063b65fcefc1858e3315b9e67356a80310b8ae9b4d0864e98dd7c18d8553c1a,0.5,How did crude-oil assumptions or risks evolve across the three MPRs?,How did crude-oil assumptions or risks evolve across the three MPRs?,"{""rbi_mpr_2025_04"": {""accepted_evidence_found"": true, ""accepted_pages"": [14], ""bm25_candidate_ids"": [""rbi_mpr_2025_04_p021_c000"", ""rbi_mpr_2025_04_p021_c001"", ""rbi_mpr_2025_04_p028_c001"", ""rbi_mpr_2025_04_p029_c003"", ""rbi_mpr_2025_04_p111_c001"", ""rbi_mpr_2025_04_p073_c003"", ""rbi_mpr_2025_04_p018_c000"", ""rbi_mpr_2025_04_p020_c000"", ""rbi_mpr_2025_04_p028_c000"", ""rbi_mpr_2025_04_p029_c002"", ""rbi_mpr_2025_04_p019_c004"", ""rbi_mpr_2025_04_p110_c002"", ""rbi_mpr_2025_04_p111_c002"", ""rbi_mpr_2025_04_p068_c002"", ""rbi_mpr_2025_04_p021_c004"", ""rbi_mpr_2025_04_p019_c003"", ""rbi_mpr_2025_04_p021_c003"", ""rbi_mpr_2025_04_p099_c000"", ""rbi_mpr_2025_04_p044_c002"", ""rbi_mpr_2025_04_p015_c002"", ""rbi_mpr_2025_04_p110_c000"", ""rbi_mpr_2025_04_p110_c001"", ""rbi_mpr_2025_04_p015_c001"", ""rbi_mpr_2025_04_p027_c000"", ""rbi_mpr_2025_04_p055_c000"", ""rbi_mpr_2025_04_p044_c001"", ""rbi_mpr_2025_04_p060_c000"", ""rbi_mpr_2025_04_p005_c001"", ""rbi_mpr_2025_04_p012_c003"", ""rbi_mpr_2025_04_p068_c001"", ""rbi_mpr_2025_04_p114_c001"", ""rbi_mpr_2025_04_p070_c002"", ""rbi_mpr_2025_04_p011_c000"", ""rbi_mpr_2025_04_p012_c004"", ""rbi_mpr_2025_04_p038_c002"", ""rbi_mpr_2025_04_p047_c000"", ""rbi_mpr_2025_04_p018_c001"", ""rbi_mpr_2025_04_p036_c001"", ""rbi_mpr_2025_04_p028_c002"", ""rbi_mpr_2025_04_p027_c001"", ""rbi_mpr_2025_04_p027_c002"", ""rbi_mpr_2025_04_p039_c002"", ""rbi_mpr_2025_04_p110_c003"", ""rbi_mpr_2025_04_p012_c002"", ""rbi_mpr_2025_04_p036_c002"", ""rbi_mpr_2025_04_p028_c003"", ""rbi_mpr_2025_04_p038_c000"", ""rbi_mpr_2025_04_p019_c001"", ""rbi_mpr_2025_04_p079_c000"", ""rbi_mpr_2025_04_p087_c001""], ""bm25_candidate_pages"": [21, 21, 28, 29, 111, 73, 18, 20, 28, 29, 19, 110, 111, 68, 21, 19, 21, 99, 44, 15, 110, 110, 15, 27, 55, 44, 60, 5, 12, 68, 114, 70, 11, 12, 38, 47, 18, 36, 28, 27, 27, 39, 110, 12, 36, 28, 38, 19, 79, 87], ""bm25_candidate_scores"": [null, null, null, null, null, null, null, null, null, null, null, null, null, null, null, null, null, null, null, null, null, null, null, null, null, null, null, null, null, null, null, null, null, null, null, null, null, null, null, null, null, null, null, null, null, null, null, null, null, null], ""bm25_first_evidence_rank"": null, ""candidate_source_expansion"": {""rbi_mpr_2025_04_p005_c001"": [], ""rbi_mpr_2025_04_p009_c000"": [], ""rbi_mpr_2025_04_p011_c000"": [], ""rbi_mpr_2025_04_p011_c003"": [], ""rbi_mpr_2025_04_p012_c000"": [], ""rbi_mpr_2025_04_p012_c002"": [], ""rbi_mpr_2025_04_p012_c003"": [], ""rbi_mpr_2025_04_p012_c004"": [], ""rbi_mpr_2025_04_p013_c002"": [], ""rbi_mpr_2025_04_p013_c003"": [], ""rbi_mpr_2025_04_p013_c004"": [], ""rbi_mpr_2025_04_p014_c000"": [], ""rbi_mpr_2025_04_p014_c001"": [], ""rbi_mpr_2025_04_p014_c002"": [], ""rbi_mpr_2025_04_p014_c003"": [], ""rbi_mpr_2025_04_p014_c004"": [], ""rbi_mpr_2025_04_p015_c001"": [], ""rbi_mpr_2025_04_p015_c002"": [], ""rbi_mpr_2025_04_p016_c002"": [], ""rbi_mpr_2025_04_p018_c000"": [], ""rbi_mpr_2025_04_p018_c001"": [], ""rbi_mpr_2025_04_p019_c000"": [], ""rbi_mpr_2025_04_p019_c001"": [], ""rbi_mpr_2025_04_p019_c003"": [], ""rbi_mpr_2025_04_p019_c004"": [], ""rbi_mpr_2025_04_p020_c000"": [], ""rbi_mpr_2025_04_p021_c000"": [], ""rbi_mpr_2025_04_p021_c001"": [], ""rbi_mpr_2025_04_p021_c003"": [], ""rbi_mpr_2025_04_p021_c004"": [], ""rbi_mpr_2025_04_p022_c000"": [], ""rbi_mpr_2025_04_p022_c001"": [], ""rbi_mpr_2025_04_p022_c002"": [], ""rbi_mpr_2025_04_p022_c003"": [], ""rbi_mpr_2025_04_p023_c003"": [], ""rbi_mpr_2025_04_p025_c003"": [], ""rbi_mpr_2025_04_p027_c000"": [], ""rbi_mpr_2025_04_p027_c001"": [], ""rbi_mpr_2025_04_p027_c002"": [], ""rbi_mpr_2025_04_p028_c000"": [], ""rbi_mpr_2025_04_p028_c001"": [], ""rbi_mpr_2025_04_p028_c002"": [], ""rbi_mpr_2025_04_p028_c003"": [], ""rbi_mpr_2025_04_p029_c002"": [], ""rbi_mpr_2025_04_p029_c003"": [], ""rbi_mpr_2025_04_p036_c000"": [], ""rbi_mpr_2025_04_p036_c001"": [], ""rbi_mpr_2025_04_p036_c002"": [], ""rbi_mpr_2025_04_p038_c000"": [], ""rbi_mpr_2025_04_p038_c001"": [], ""rbi_mpr_2025_04_p038_c002"": [], ""rbi_mpr_2025_04_p039_c002"": [], ""rbi_mpr_2025_04_p043_c000"": [], ""rbi_mpr_2025_04_p044_c001"": [], ""rbi_mpr_2025_04_p044_c002"": [], ""rbi_mpr_2025_04_p047_c000"": [], ""rbi_mpr_2025_04_p055_c000"": [], ""rbi_mpr_2025_04_p060_c000"": [], ""rbi_mpr_2025_04_p068_c001"": [], ""rbi_mpr_2025_04_p068_c002"": [], ""rbi_mpr_2025_04_p069_c002"": [], ""rbi_mpr_2025_04_p069_c004"": [], ""rbi_mpr_2025_04_p070_c002"": [], ""rbi_mpr_2025_04_p073_c002"": [], ""rbi_mpr_2025_04_p073_c003"": [], ""rbi_mpr_2025_04_p073_c006"": [], ""rbi_mpr_2025_04_p074_c001"": [], ""rbi_mpr_2025_04_p074_c002"": [], ""rbi_mpr_2025_04_p075_c002"": [], ""rbi_mpr_2025_04_p077_c001"": [], ""rbi_mpr_2025_04_p077_c002"": [], ""rbi_mpr_2025_04_p078_c003"": [], ""rbi_mpr_2025_04_p079_c000"": [], ""rbi_mpr_2025_04_p085_c000"": [], ""rbi_mpr_2025_04_p086_c000"": [], ""rbi_mpr_2025_04_p086_c001"": [], ""rbi_mpr_2025_04_p087_c001"": [], ""rbi_mpr_2025_04_p093_c001"": [], ""rbi_mpr_2025_04_p095_c000"": [], ""rbi_mpr_2025_04_p099_c000"": [], ""rbi_mpr_2025_04_p103_c002"": [], ""rbi_mpr_2025_04_p104_c000"": [], ""rbi_mpr_2025_04_p104_c003"": [], ""rbi_mpr_2025_04_p110_c000"": [], ""rbi_mpr_2025_04_p110_c001"": [], ""rbi_mpr_2025_04_p110_c002"": [], ""rbi_mpr_2025_04_p110_c003"": [], ""rbi_mpr_2025_04_p111_c001"": [], ""rbi_mpr_2025_04_p111_c002"": [], ""rbi_mpr_2025_04_p111_c003"": [], ""rbi_mpr_2025_04_p111_c004"": [], ""rbi_mpr_2025_04_p114_c001"": [], ""rbi_mpr_2025_10_p007_c002"": [], ""rbi_mpr_2025_10_p009_c000"": [], ""rbi_mpr_2025_10_p009_c001"": [], ""rbi_mpr_2025_10_p009_c003"": [], ""rbi_mpr_2025_10_p009_c004"": [], ""rbi_mpr_2025_10_p009_c005"": [], ""rbi_mpr_2025_10_p010_c001"": [], ""rbi_mpr_2025_10_p010_c002"": [], ""rbi_mpr_2025_10_p010_c003"": [], ""rbi_mpr_2025_10_p010_c004"": [], ""rbi_mpr_2025_10_p011_c001"": [], ""rbi_mpr_2025_10_p011_c003"": [], ""rbi_mpr_2025_10_p011_c004"": [], ""rbi_mpr_2025_10_p012_c000"": [], ""rbi_mpr_2025_10_p012_c001"": [], ""rbi_mpr_2025_10_p012_c002"": [], ""rbi_mpr_2025_10_p012_c003"": [], ""rbi_mpr_2025_10_p012_c004"": [], ""rbi_mpr_2025_10_p013_c000"": [], ""rbi_mpr_2025_10_p013_c004"": [], ""rbi_mpr_2025_10_p014_c000"": [], ""rbi_mpr_2025_10_p014_c001"": [], ""rbi_mpr_2025_10_p014_c003"": [], ""rbi_mpr_2025_10_p016_c002"": [], ""rbi_mpr_2025_10_p016_c003"": [], ""rbi_mpr_2025_10_p016_c004"": [], ""rbi_mpr_2025_10_p017_c000"": [], ""rbi_mpr_2025_10_p017_c003"": [], ""rbi_mpr_2025_10_p017_c004"": [], ""rbi_mpr_2025_10_p018_c000"": [], ""rbi_mpr_2025_10_p019_c002"": [], ""rbi_mpr_2025_10_p019_c003"": [], ""rbi_mpr_2025_10_p020_c000"": [], ""rbi_mpr_2025_10_p020_c001"": [], ""rbi_mpr_2025_10_p021_c000"": [], ""rbi_mpr_2025_10_p021_c001"": [], ""rbi_mpr_2025_10_p021_c002"": [], ""rbi_mpr_2025_10_p021_c003"": [], ""rbi_mpr_2025_10_p021_c004"": [], ""rbi_mpr_2025_10_p021_c005"": [], ""rbi_mpr_2025_10_p022_c000"": [], ""rbi_mpr_2025_10_p022_c001"": [], ""rbi_mpr_2025_10_p022_c002"": [], ""rbi_mpr_2025_10_p023_c003"": [], ""rbi_mpr_2025_10_p027_c001"": [], ""rbi_mpr_2025_10_p027_c002"": [], ""rbi_mpr_2025_10_p031_c000"": [], ""rbi_mpr_2025_10_p031_c002"": [], ""rbi_mpr_2025_10_p032_c003"": [], ""rbi_mpr_2025_10_p032_c004"": [], ""rbi_mpr_2025_10_p034_c003"": [], ""rbi_mpr_2025_10_p034_c004"": [], ""rbi_mpr_2025_10_p034_c005"": [], ""rbi_mpr_2025_10_p035_c002"": [], ""rbi_mpr_2025_10_p037_c000"": [], ""rbi_mpr_2025_10_p037_c001"": [], ""rbi_mpr_2025_10_p041_c003"": [], ""rbi_mpr_2025_10_p041_c004"": [], ""rbi_mpr_2025_10_p042_c002"": [], ""rbi_mpr_2025_10_p049_c002"": [], ""rbi_mpr_2025_10_p055_c000"": [], ""rbi_mpr_2025_10_p055_c001"": [], ""rbi_mpr_2025_10_p055_c002"": [], ""rbi_mpr_2025_10_p063_c000"": [], ""rbi_mpr_2025_10_p065_c003"": [], ""rbi_mpr_2025_10_p065_c004"": [], ""rbi_mpr_2025_10_p066_c001"": [], ""rbi_mpr_2025_10_p068_c003"": [], ""rbi_mpr_2025_10_p069_c000"": [], ""rbi_mpr_2025_10_p074_c001"": [], ""rbi_mpr_2025_10_p074_c002"": [], ""rbi_mpr_2025_10_p076_c000"": [], ""rbi_mpr_2025_10_p076_c001"": [], ""rbi_mpr_2025_10_p080_c001"": [], ""rbi_mpr_2025_10_p080_c002"": [], ""rbi_mpr_2025_10_p081_c000"": [], ""rbi_mpr_2025_10_p084_c000"": [], ""rbi_mpr_2025_10_p091_c000"": [], ""rbi_mpr_2025_10_p094_c003"": [], ""rbi_mpr_2025_10_p097_c001"": [], ""rbi_mpr_2025_10_p097_c004"": [], ""rbi_mpr_2025_10_p099_c002"": [], ""rbi_mpr_2025_10_p099_c003"": [], ""rbi_mpr_2025_10_p100_c002"": [], ""rbi_mpr_2025_10_p100_c003"": [], ""rbi_mpr_2025_10_p102_c001"": [], ""rbi_mpr_2025_10_p103_c000"": [], ""rbi_mpr_2025_10_p105_c001"": [], ""rbi_mpr_2025_10_p110_c001"": [], ""rbi_mpr_2026_04_p005_c003"": [], ""rbi_mpr_2026_04_p005_c004"": [], ""rbi_mpr_2026_04_p005_c005"": [], ""rbi_mpr_2026_04_p013_c000"": [], ""rbi_mpr_2026_04_p013_c001"": [], ""rbi_mpr_2026_04_p014_c000"": [], ""rbi_mpr_2026_04_p016_c001"": [], ""rbi_mpr_2026_04_p016_c002"": [], ""rbi_mpr_2026_04_p017_c001"": [], ""rbi_mpr_2026_04_p017_c002"": [], ""rbi_mpr_2026_04_p018_c001"": [], ""rbi_mpr_2026_04_p018_c002"": [], ""rbi_mpr_2026_04_p018_c003"": [], ""rbi_mpr_2026_04_p020_c000"": [], ""rbi_mpr_2026_04_p020_c001"": [], ""rbi_mpr_2026_04_p020_c002"": [], ""rbi_mpr_2026_04_p020_c003"": [], ""rbi_mpr_2026_04_p021_c000"": [], ""rbi_mpr_2026_04_p022_c002"": [], ""rbi_mpr_2026_04_p022_c003"": [], ""rbi_mpr_2026_04_p023_c000"": [], ""rbi_mpr_2026_04_p023_c001"": [], ""rbi_mpr_2026_04_p026_c002"": [], ""rbi_mpr_2026_04_p029_c001"": [], ""rbi_mpr_2026_04_p034_c000"": [], ""rbi_mpr_2026_04_p034_c001"": [], ""rbi_mpr_2026_04_p040_c000"": [], ""rbi_mpr_2026_04_p040_c001"": [], ""rbi_mpr_2026_04_p049_c001"": [], ""rbi_mpr_2026_04_p050_c000"": [], ""rbi_mpr_2026_04_p050_c001"": [], ""rbi_mpr_2026_04_p059_c000"": [], ""rbi_mpr_2026_04_p068_c002"": [], ""rbi_mpr_2026_04_p078_c001"": [], ""rbi_mpr_2026_04_p079_c000"": [], ""rbi_mpr_2026_04_p081_c004"": [], ""rbi_mpr_2026_04_p081_c005"": [], ""rbi_mpr_2026_04_p082_c001"": [], ""rbi_mpr_2026_04_p083_c000"": [], ""rbi_mpr_2026_04_p083_c003"": [], ""rbi_mpr_2026_04_p086_c000"": [], ""rbi_mpr_2026_04_p086_c001"": [], ""rbi_mpr_2026_04_p086_c003"": [], ""rbi_mpr_2026_04_p087_c000"": [], ""rbi_mpr_2026_04_p087_c001"": [], ""rbi_mpr_2026_04_p087_c002"": [], ""rbi_mpr_2026_04_p088_c000"": [], ""rbi_mpr_2026_04_p088_c001"": [], ""rbi_mpr_2026_04_p088_c002"": [], ""rbi_mpr_2026_04_p088_c003"": [], ""rbi_mpr_2026_04_p088_c004"": [], ""rbi_mpr_2026_04_p089_c002"": [], ""rbi_mpr_2026_04_p089_c003"": [], ""rbi_mpr_2026_04_p090_c003"": [], ""rbi_mpr_2026_04_p090_c004"": [], ""rbi_mpr_2026_04_p095_c000"": [], ""rbi_mpr_2026_04_p095_c001"": [], ""rbi_mpr_2026_04_p099_c002"": [], ""rbi_mpr_2026_04_p100_c001"": [], ""rbi_mpr_2026_04_p100_c002"": [], ""rbi_mpr_2026_04_p100_c003"": [], ""rbi_mpr_2026_04_p101_c004"": [], ""rbi_mpr_2026_04_p101_c005"": [], ""rbi_mpr_2026_04_p103_c003"": [], ""rbi_mpr_2026_04_p105_c000"": [], ""rbi_mpr_2026_04_p105_c001"": [], ""rbi_mpr_2026_04_p105_c002"": [], ""rbi_mpr_2026_04_p105_c003"": [], ""rbi_mpr_2026_04_p105_c004"": [], ""rbi_mpr_2026_04_p106_c002"": [], ""rbi_mpr_2026_04_p106_c003"": [], ""rbi_mpr_2026_04_p107_c001"": [], ""rbi_mpr_2026_04_p107_c004"": [], ""rbi_mpr_2026_04_p108_c002"": [], ""rbi_mpr_2026_04_p109_c001"": [], ""rbi_mpr_2026_04_p110_c000"": [], ""rbi_mpr_2026_04_p111_c001"": [], ""rbi_mpr_2026_04_p112_c000"": [], ""rbi_mpr_2026_04_p112_c001"": [], ""rbi_mpr_2026_04_p112_c002"": [], ""rbi_mpr_2026_04_p112_c003"": [], ""rbi_mpr_2026_04_p112_c004"": [], ""rbi_mpr_2026_04_p113_c000"": [], ""rbi_mpr_2026_04_p113_c001"": [], ""rbi_mpr_2026_04_p113_c002"": [], ""rbi_mpr_2026_04_p113_c003"": [], ""rbi_mpr_2026_04_p114_c000"": [], ""rbi_mpr_2026_04_p114_c001"": [], ""rbi_mpr_2026_04_p114_c002"": [], ""rbi_mpr_2026_04_p115_c004"": []}, ""candidate_source_facet"": {""rbi_mpr_2025_04_p005_c001"": [], ""rbi_mpr_2025_04_p009_c000"": [], ""rbi_mpr_2025_04_p011_c000"": [], ""rbi_mpr_2025_04_p011_c003"": [], ""rbi_mpr_2025_04_p012_c000"": [], ""rbi_mpr_2025_04_p012_c002"": [], ""rbi_mpr_2025_04_p012_c003"": [], ""rbi_mpr_2025_04_p012_c004"": [], ""rbi_mpr_2025_04_p013_c002"": [], ""rbi_mpr_2025_04_p013_c003"": [], ""rbi_mpr_2025_04_p013_c004"": [], ""rbi_mpr_2025_04_p014_c000"": [], ""rbi_mpr_2025_04_p014_c001"": [], ""rbi_mpr_2025_04_p014_c002"": [], ""rbi_mpr_2025_04_p014_c003"": [], ""rbi_mpr_2025_04_p014_c004"": [], ""rbi_mpr_2025_04_p015_c001"": [], ""rbi_mpr_2025_04_p015_c002"": [], ""rbi_mpr_2025_04_p016_c002"": [], ""rbi_mpr_2025_04_p018_c000"": [], ""rbi_mpr_2025_04_p018_c001"": [], ""rbi_mpr_2025_04_p019_c000"": [], ""rbi_mpr_2025_04_p019_c001"": [], ""rbi_mpr_2025_04_p019_c003"": [], ""rbi_mpr_2025_04_p019_c004"": [], ""rbi_mpr_2025_04_p020_c000"": [], ""rbi_mpr_2025_04_p021_c000"": [], ""rbi_mpr_2025_04_p021_c001"": [], ""rbi_mpr_2025_04_p021_c003"": [], ""rbi_mpr_2025_04_p021_c004"": [], ""rbi_mpr_2025_04_p022_c000"": [], ""rbi_mpr_2025_04_p022_c001"": [], ""rbi_mpr_2025_04_p022_c002"": [], ""rbi_mpr_2025_04_p022_c003"": [], ""rbi_mpr_2025_04_p023_c003"": [], ""rbi_mpr_2025_04_p025_c003"": [], ""rbi_mpr_2025_04_p027_c000"": [], ""rbi_mpr_2025_04_p027_c001"": [], ""rbi_mpr_2025_04_p027_c002"": [], ""rbi_mpr_2025_04_p028_c000"": [], ""rbi_mpr_2025_04_p028_c001"": [], ""rbi_mpr_2025_04_p028_c002"": [], ""rbi_mpr_2025_04_p028_c003"": [], ""rbi_mpr_2025_04_p029_c002"": [], ""rbi_mpr_2025_04_p029_c003"": [], ""rbi_mpr_2025_04_p036_c000"": [], ""rbi_mpr_2025_04_p036_c001"": [], ""rbi_mpr_2025_04_p036_c002"": [], ""rbi_mpr_2025_04_p038_c000"": [], ""rbi_mpr_2025_04_p038_c001"": [], ""rbi_mpr_2025_04_p038_c002"": [], ""rbi_mpr_2025_04_p039_c002"": [], ""rbi_mpr_2025_04_p043_c000"": [], ""rbi_mpr_2025_04_p044_c001"": [], ""rbi_mpr_2025_04_p044_c002"": [], ""rbi_mpr_2025_04_p047_c000"": [], ""rbi_mpr_2025_04_p055_c000"": [], ""rbi_mpr_2025_04_p060_c000"": [], ""rbi_mpr_2025_04_p068_c001"": [], ""rbi_mpr_2025_04_p068_c002"": [], ""rbi_mpr_2025_04_p069_c002"": [], ""rbi_mpr_2025_04_p069_c004"": [], ""rbi_mpr_2025_04_p070_c002"": [], ""rbi_mpr_2025_04_p073_c002"": [], ""rbi_mpr_2025_04_p073_c003"": [], ""rbi_mpr_2025_04_p073_c006"": [], ""rbi_mpr_2025_04_p074_c001"": [], ""rbi_mpr_2025_04_p074_c002"": [], ""rbi_mpr_2025_04_p075_c002"": [], ""rbi_mpr_2025_04_p077_c001"": [], ""rbi_mpr_2025_04_p077_c002"": [], ""rbi_mpr_2025_04_p078_c003"": [], ""rbi_mpr_2025_04_p079_c000"": [], ""rbi_mpr_2025_04_p085_c000"": [], ""rbi_mpr_2025_04_p086_c000"": [], ""rbi_mpr_2025_04_p086_c001"": [], ""rbi_mpr_2025_04_p087_c001"": [], ""rbi_mpr_2025_04_p093_c001"": [], ""rbi_mpr_2025_04_p095_c000"": [], ""rbi_mpr_2025_04_p099_c000"": [], ""rbi_mpr_2025_04_p103_c002"": [], ""rbi_mpr_2025_04_p104_c000"": [], ""rbi_mpr_2025_04_p104_c003"": [], ""rbi_mpr_2025_04_p110_c000"": [], ""rbi_mpr_2025_04_p110_c001"": [], ""rbi_mpr_2025_04_p110_c002"": [], ""rbi_mpr_2025_04_p110_c003"": [], ""rbi_mpr_2025_04_p111_c001"": [], ""rbi_mpr_2025_04_p111_c002"": [], ""rbi_mpr_2025_04_p111_c003"": [], ""rbi_mpr_2025_04_p111_c004"": [], ""rbi_mpr_2025_04_p114_c001"": [], ""rbi_mpr_2025_10_p007_c002"": [], ""rbi_mpr_2025_10_p009_c000"": [], ""rbi_mpr_2025_10_p009_c001"": [], ""rbi_mpr_2025_10_p009_c003"": [], ""rbi_mpr_2025_10_p009_c004"": [], ""rbi_mpr_2025_10_p009_c005"": [], ""rbi_mpr_2025_10_p010_c001"": [], ""rbi_mpr_2025_10_p010_c002"": [], ""rbi_mpr_2025_10_p010_c003"": [], ""rbi_mpr_2025_10_p010_c004"": [], ""rbi_mpr_2025_10_p011_c001"": [], ""rbi_mpr_2025_10_p011_c003"": [], ""rbi_mpr_2025_10_p011_c004"": [], ""rbi_mpr_2025_10_p012_c000"": [], ""rbi_mpr_2025_10_p012_c001"": [], ""rbi_mpr_2025_10_p012_c002"": [], ""rbi_mpr_2025_10_p012_c003"": [], ""rbi_mpr_2025_10_p012_c004"": [], ""rbi_mpr_2025_10_p013_c000"": [], ""rbi_mpr_2025_10_p013_c004"": [], ""rbi_mpr_2025_10_p014_c000"": [], ""rbi_mpr_2025_10_p014_c001"": [], ""rbi_mpr_2025_10_p014_c003"": [], ""rbi_mpr_2025_10_p016_c002"": [], ""rbi_mpr_2025_10_p016_c003"": [], ""rbi_mpr_2025_10_p016_c004"": [], ""rbi_mpr_2025_10_p017_c000"": [], ""rbi_mpr_2025_10_p017_c003"": [], ""rbi_mpr_2025_10_p017_c004"": [], ""rbi_mpr_2025_10_p018_c000"": [], ""rbi_mpr_2025_10_p019_c002"": [], ""rbi_mpr_2025_10_p019_c003"": [], ""rbi_mpr_2025_10_p020_c000"": [], ""rbi_mpr_2025_10_p020_c001"": [], ""rbi_mpr_2025_10_p021_c000"": [], ""rbi_mpr_2025_10_p021_c001"": [], ""rbi_mpr_2025_10_p021_c002"": [], ""rbi_mpr_2025_10_p021_c003"": [], ""rbi_mpr_2025_10_p021_c004"": [], ""rbi_mpr_2025_10_p021_c005"": [], ""rbi_mpr_2025_10_p022_c000"": [], ""rbi_mpr_2025_10_p022_c001"": [], ""rbi_mpr_2025_10_p022_c002"": [], ""rbi_mpr_2025_10_p023_c003"": [], ""rbi_mpr_2025_10_p027_c001"": [], ""rbi_mpr_2025_10_p027_c002"": [], ""rbi_mpr_2025_10_p031_c000"": [], ""rbi_mpr_2025_10_p031_c002"": [], ""rbi_mpr_2025_10_p032_c003"": [], ""rbi_mpr_2025_10_p032_c004"": [], ""rbi_mpr_2025_10_p034_c003"": [], ""rbi_mpr_2025_10_p034_c004"": [], ""rbi_mpr_2025_10_p034_c005"": [], ""rbi_mpr_2025_10_p035_c002"": [], ""rbi_mpr_2025_10_p037_c000"": [], ""rbi_mpr_2025_10_p037_c001"": [], ""rbi_mpr_2025_10_p041_c003"": [], ""rbi_mpr_2025_10_p041_c004"": [], ""rbi_mpr_2025_10_p042_c002"": [], ""rbi_mpr_2025_10_p049_c002"": [], ""rbi_mpr_2025_10_p055_c000"": [], ""rbi_mpr_2025_10_p055_c001"": [], ""rbi_mpr_2025_10_p055_c002"": [], ""rbi_mpr_2025_10_p063_c000"": [], ""rbi_mpr_2025_10_p065_c003"": [], ""rbi_mpr_2025_10_p065_c004"": [], ""rbi_mpr_2025_10_p066_c001"": [], ""rbi_mpr_2025_10_p068_c003"": [], ""rbi_mpr_2025_10_p069_c000"": [], ""rbi_mpr_2025_10_p074_c001"": [], ""rbi_mpr_2025_10_p074_c002"": [], ""rbi_mpr_2025_10_p076_c000"": [], ""rbi_mpr_2025_10_p076_c001"": [], ""rbi_mpr_2025_10_p080_c001"": [], ""rbi_mpr_2025_10_p080_c002"": [], ""rbi_mpr_2025_10_p081_c000"": [], ""rbi_mpr_2025_10_p084_c000"": [], ""rbi_mpr_2025_10_p091_c000"": [], ""rbi_mpr_2025_10_p094_c003"": [], ""rbi_mpr_2025_10_p097_c001"": [], ""rbi_mpr_2025_10_p097_c004"": [], ""rbi_mpr_2025_10_p099_c002"": [], ""rbi_mpr_2025_10_p099_c003"": [], ""rbi_mpr_2025_10_p100_c002"": [], ""rbi_mpr_2025_10_p100_c003"": [], ""rbi_mpr_2025_10_p102_c001"": [], ""rbi_mpr_2025_10_p103_c000"": [], ""rbi_mpr_2025_10_p105_c001"": [], ""rbi_mpr_2025_10_p110_c001"": [], ""rbi_mpr_2026_04_p005_c003"": [], ""rbi_mpr_2026_04_p005_c004"": [], ""rbi_mpr_2026_04_p005_c005"": [], ""rbi_mpr_2026_04_p013_c000"": [], ""rbi_mpr_2026_04_p013_c001"": [], ""rbi_mpr_2026_04_p014_c000"": [], ""rbi_mpr_2026_04_p016_c001"": [], ""rbi_mpr_2026_04_p016_c002"": [], ""rbi_mpr_2026_04_p017_c001"": [], ""rbi_mpr_2026_04_p017_c002"": [], ""rbi_mpr_2026_04_p018_c001"": [], ""rbi_mpr_2026_04_p018_c002"": [], ""rbi_mpr_2026_04_p018_c003"": [], ""rbi_mpr_2026_04_p020_c000"": [], ""rbi_mpr_2026_04_p020_c001"": [], ""rbi_mpr_2026_04_p020_c002"": [], ""rbi_mpr_2026_04_p020_c003"": [], ""rbi_mpr_2026_04_p021_c000"": [], ""rbi_mpr_2026_04_p022_c002"": [], ""rbi_mpr_2026_04_p022_c003"": [], ""rbi_mpr_2026_04_p023_c000"": [], ""rbi_mpr_2026_04_p023_c001"": [], ""rbi_mpr_2026_04_p026_c002"": [], ""rbi_mpr_2026_04_p029_c001"": [], ""rbi_mpr_2026_04_p034_c000"": [], ""rbi_mpr_2026_04_p034_c001"": [], ""rbi_mpr_2026_04_p040_c000"": [], ""rbi_mpr_2026_04_p040_c001"": [], ""rbi_mpr_2026_04_p049_c001"": [], ""rbi_mpr_2026_04_p050_c000"": [], ""rbi_mpr_2026_04_p050_c001"": [], ""rbi_mpr_2026_04_p059_c000"": [], ""rbi_mpr_2026_04_p068_c002"": [], ""rbi_mpr_2026_04_p078_c001"": [], ""rbi_mpr_2026_04_p079_c000"": [], ""rbi_mpr_2026_04_p081_c004"": [], ""rbi_mpr_2026_04_p081_c005"": [], ""rbi_mpr_2026_04_p082_c001"": [], ""rbi_mpr_2026_04_p083_c000"": [], ""rbi_mpr_2026_04_p083_c003"": [], ""rbi_mpr_2026_04_p086_c000"": [], ""rbi_mpr_2026_04_p086_c001"": [], ""rbi_mpr_2026_04_p086_c003"": [], ""rbi_mpr_2026_04_p087_c000"": [], ""rbi_mpr_2026_04_p087_c001"": [], ""rbi_mpr_2026_04_p087_c002"": [], ""rbi_mpr_2026_04_p088_c000"": [], ""rbi_mpr_2026_04_p088_c001"": [], ""rbi_mpr_2026_04_p088_c002"": [], ""rbi_mpr_2026_04_p088_c003"": [], ""rbi_mpr_2026_04_p088_c004"": [], ""rbi_mpr_2026_04_p089_c002"": [], ""rbi_mpr_2026_04_p089_c003"": [], ""rbi_mpr_2026_04_p090_c003"": [], ""rbi_mpr_2026_04_p090_c004"": [], ""rbi_mpr_2026_04_p095_c000"": [], ""rbi_mpr_2026_04_p095_c001"": [], ""rbi_mpr_2026_04_p099_c002"": [], ""rbi_mpr_2026_04_p100_c001"": [], ""rbi_mpr_2026_04_p100_c002"": [], ""rbi_mpr_2026_04_p100_c003"": [], ""rbi_mpr_2026_04_p101_c004"": [], ""rbi_mpr_2026_04_p101_c005"": [], ""rbi_mpr_2026_04_p103_c003"": [], ""rbi_mpr_2026_04_p105_c000"": [], ""rbi_mpr_2026_04_p105_c001"": [], ""rbi_mpr_2026_04_p105_c002"": [], ""rbi_mpr_2026_04_p105_c003"": [], ""rbi_mpr_2026_04_p105_c004"": [], ""rbi_mpr_2026_04_p106_c002"": [], ""rbi_mpr_2026_04_p106_c003"": [], ""rbi_mpr_2026_04_p107_c001"": [], ""rbi_mpr_2026_04_p107_c004"": [], ""rbi_mpr_2026_04_p108_c002"": [], ""rbi_mpr_2026_04_p109_c001"": [], ""rbi_mpr_2026_04_p110_c000"": [], ""rbi_mpr_2026_04_p111_c001"": [], ""rbi_mpr_2026_04_p112_c000"": [], ""rbi_mpr_2026_04_p112_c001"": [], ""rbi_mpr_2026_04_p112_c002"": [], ""rbi_mpr_2026_04_p112_c003"": [], ""rbi_mpr_2026_04_p112_c004"": [], ""rbi_mpr_2026_04_p113_c000"": [], ""rbi_mpr_2026_04_p113_c001"": [], ""rbi_mpr_2026_04_p113_c002"": [], ""rbi_mpr_2026_04_p113_c003"": [], ""rbi_mpr_2026_04_p114_c000"": [], ""rbi_mpr_2026_04_p114_c001"": [], ""rbi_mpr_2026_04_p114_c002"": [], ""rbi_mpr_2026_04_p115_c004"": []}, ""candidate_source_query"": {""rbi_mpr_2025_04_p005_c001"": [""How did crude-oil assumptions or risks evolve across the three MPRs?""], ""rbi_mpr_2025_04_p009_c000"": [""How did crude-oil assumptions or risks evolve across the three MPRs?""], ""rbi_mpr_2025_04_p011_c000"": [""How did crude-oil assumptions or risks evolve across the three MPRs?""], ""rbi_mpr_2025_04_p011_c003"": [""How did crude-oil assumptions or risks evolve across the three MPRs?""], ""rbi_mpr_2025_04_p012_c000"": [""How did crude-oil assumptions or risks evolve across the three MPRs?""], ""rbi_mpr_2025_04_p012_c002"": [""How did crude-oil assumptions or risks evolve across the three MPRs?""], ""rbi_mpr_2025_04_p012_c003"": [""How did crude-oil assumptions or risks evolve across the three MPRs?""], ""rbi_mpr_2025_04_p012_c004"": [""How did crude-oil assumptions or risks evolve across the three MPRs?""], ""rbi_mpr_2025_04_p013_c002"": [""How did crude-oil assumptions or risks evolve across the three MPRs?""], ""rbi_mpr_2025_04_p013_c003"": [""How did crude-oil assumptions or risks evolve across the three MPRs?""], ""rbi_mpr_2025_04_p013_c004"": [""How did crude-oil assumptions or risks evolve across the three MPRs?""], ""rbi_mpr_2025_04_p014_c000"": [""How did crude-oil assumptions or risks evolve across the three MPRs?""], ""rbi_mpr_2025_04_p014_c001"": [""How did crude-oil assumptions or risks evolve across the three MPRs?""], ""rbi_mpr_2025_04_p014_c002"": [""How did crude-oil assumptions or risks evolve across the three MPRs?""], ""rbi_mpr_2025_04_p014_c003"": [""How did crude-oil assumptions or risks evolve across the three MPRs?""], ""rbi_mpr_2025_04_p014_c004"": [""How did crude-oil assumptions or risks evolve across the three MPRs?""], ""rbi_mpr_2025_04_p015_c001"": [""How did crude-oil assumptions or risks evolve across the three MPRs?""], ""rbi_mpr_2025_04_p015_c002"": [""How did crude-oil assumptions or risks evolve across the three MPRs?""], ""rbi_mpr_2025_04_p016_c002"": [""How did crude-oil assumptions or risks evolve across the three MPRs?""], ""rbi_mpr_2025_04_p018_c000"": [""How did crude-oil assumptions or risks evolve across the three MPRs?""], ""rbi_mpr_2025_04_p018_c001"": [""How did crude-oil assumptions or risks evolve across the three MPRs?""], ""rbi_mpr_2025_04_p019_c000"": [""How did crude-oil assumptions or risks evolve across the three MPRs?""], ""rbi_mpr_2025_04_p019_c001"": [""How did crude-oil assumptions or risks evolve across the three MPRs?""], ""rbi_mpr_2025_04_p019_c003"": [""How did crude-oil assumptions or risks evolve across the three MPRs?""], ""rbi_mpr_2025_04_p019_c004"": [""How did crude-oil assumptions or risks evolve across the three MPRs?""], ""rbi_mpr_2025_04_p020_c000"": [""How did crude-oil assumptions or risks evolve across the three MPRs?""], ""rbi_mpr_2025_04_p021_c000"": [""How did crude-oil assumptions or risks evolve across the three MPRs?""], ""rbi_mpr_2025_04_p021_c001"": [""How did crude-oil assumptions or risks evolve across the three MPRs?""], ""rbi_mpr_2025_04_p021_c003"": [""How did crude-oil assumptions or risks evolve across the three MPRs?""], ""rbi_mpr_2025_04_p021_c004"": [""How did crude-oil assumptions or risks evolve across the three MPRs?""], ""rbi_mpr_2025_04_p022_c000"": [""How did crude-oil assumptions or risks evolve across the three MPRs?""], ""rbi_mpr_2025_04_p022_c001"": [""How did crude-oil assumptions or risks evolve across the three MPRs?""], ""rbi_mpr_2025_04_p022_c002"": [""How did crude-oil assumptions or risks evolve across the three MPRs?""], ""rbi_mpr_2025_04_p022_c003"": [""How did crude-oil assumptions or risks evolve across the three MPRs?""], ""rbi_mpr_2025_04_p023_c003"": [""How did crude-oil assumptions or risks evolve across the three MPRs?""], ""rbi_mpr_2025_04_p025_c003"": [""How did crude-oil assumptions or risks evolve across the three MPRs?""], ""rbi_mpr_2025_04_p027_c000"": [""How did crude-oil assumptions or risks evolve across the three MPRs?""], ""rbi_mpr_2025_04_p027_c001"": [""How did crude-oil assumptions or risks evolve across the three MPRs?""], ""rbi_mpr_2025_04_p027_c002"": [""How did crude-oil assumptions or risks evolve across the three MPRs?""], ""rbi_mpr_2025_04_p028_c000"": [""How did crude-oil assumptions or risks evolve across the three MPRs?""], ""rbi_mpr_2025_04_p028_c001"": [""How did crude-oil assumptions or risks evolve across the three MPRs?""], ""rbi_mpr_2025_04_p028_c002"": [""How did crude-oil assumptions or risks evolve across the three MPRs?""], ""rbi_mpr_2025_04_p028_c003"": [""How did crude-oil assumptions or risks evolve across the three MPRs?""], ""rbi_mpr_2025_04_p029_c002"": [""How did crude-oil assumptions or risks evolve across the three MPRs?""], ""rbi_mpr_2025_04_p029_c003"": [""How did crude-oil assumptions or risks evolve across the three MPRs?""], ""rbi_mpr_2025_04_p036_c000"": [""How did crude-oil assumptions or risks evolve across the three MPRs?""], ""rbi_mpr_2025_04_p036_c001"": [""How did crude-oil assumptions or risks evolve across the three MPRs?""], ""rbi_mpr_2025_04_p036_c002"": [""How did crude-oil assumptions or risks evolve across the three MPRs?""], ""rbi_mpr_2025_04_p038_c000"": [""How did crude-oil assumptions or risks evolve across the three MPRs?""], ""rbi_mpr_2025_04_p038_c001"": [""How did crude-oil assumptions or risks evolve across the three MPRs?""], ""rbi_mpr_2025_04_p038_c002"": [""How did crude-oil assumptions or risks evolve across the three MPRs?""], ""rbi_mpr_2025_04_p039_c002"": [""How did crude-oil assumptions or risks evolve across the three MPRs?""], ""rbi_mpr_2025_04_p043_c000"": [""How did crude-oil assumptions or risks evolve across the three MPRs?""], ""rbi_mpr_2025_04_p044_c001"": [""How did crude-oil assumptions or risks evolve across the three MPRs?""], ""rbi_mpr_2025_04_p044_c002"": [""How did crude-oil assumptions or risks evolve across the three MPRs?""], ""rbi_mpr_2025_04_p047_c000"": [""How did crude-oil assumptions or risks evolve across the three MPRs?""], ""rbi_mpr_2025_04_p055_c000"": [""How did crude-oil assumptions or risks evolve across the three MPRs?""], ""rbi_mpr_2025_04_p060_c000"": [""How did crude-oil assumptions or risks evolve across the three MPRs?""], ""rbi_mpr_2025_04_p068_c001"": [""How did crude-oil assumptions or risks evolve across the three MPRs?""], ""rbi_mpr_2025_04_p068_c002"": [""How did crude-oil assumptions or risks evolve across the three MPRs?""], ""rbi_mpr_2025_04_p069_c002"": [""How did crude-oil assumptions or risks evolve across the three MPRs?""], ""rbi_mpr_2025_04_p069_c004"": [""How did crude-oil assumptions or risks evolve across the three MPRs?""], ""rbi_mpr_2025_04_p070_c002"": [""How did crude-oil assumptions or risks evolve across the three MPRs?""], ""rbi_mpr_2025_04_p073_c002"": [""How did crude-oil assumptions or risks evolve across the three MPRs?""], ""rbi_mpr_2025_04_p073_c003"": [""How did crude-oil assumptions or risks evolve across the three MPRs?""], ""rbi_mpr_2025_04_p073_c006"": [""How did crude-oil assumptions or risks evolve across the three MPRs?""], ""rbi_mpr_2025_04_p074_c001"": [""How did crude-oil assumptions or risks evolve across the three MPRs?""], ""rbi_mpr_2025_04_p074_c002"": [""How did crude-oil assumptions or risks evolve across the three MPRs?""], ""rbi_mpr_2025_04_p075_c002"": [""How did crude-oil assumptions or risks evolve across the three MPRs?""], ""rbi_mpr_2025_04_p077_c001"": [""How did crude-oil assumptions or risks evolve across the three MPRs?""], ""rbi_mpr_2025_04_p077_c002"": [""How did crude-oil assumptions or risks evolve across the three MPRs?""], ""rbi_mpr_2025_04_p078_c003"": [""How did crude-oil assumptions or risks evolve across the three MPRs?""], ""rbi_mpr_2025_04_p079_c000"": [""How did crude-oil assumptions or risks evolve across the three MPRs?""], ""rbi_mpr_2025_04_p085_c000"": [""How did crude-oil assumptions or risks evolve across the three MPRs?""], ""rbi_mpr_2025_04_p086_c000"": [""How did crude-oil assumptions or risks evolve across the three MPRs?""], ""rbi_mpr_2025_04_p086_c001"": [""How did crude-oil assumptions or risks evolve across the three MPRs?""], ""rbi_mpr_2025_04_p087_c001"": [""How did crude-oil assumptions or risks evolve across the three MPRs?""], ""rbi_mpr_2025_04_p093_c001"": [""How did crude-oil assumptions or risks evolve across the three MPRs?""], ""rbi_mpr_2025_04_p095_c000"": [""How did crude-oil assumptions or risks evolve across the three MPRs?""], ""rbi_mpr_2025_04_p099_c000"": [""How did crude-oil assumptions or risks evolve across the three MPRs?""], ""rbi_mpr_2025_04_p103_c002"": [""How did crude-oil assumptions or risks evolve across the three MPRs?""], ""rbi_mpr_2025_04_p104_c000"": [""How did crude-oil assumptions or risks evolve across the three MPRs?""], ""rbi_mpr_2025_04_p104_c003"": [""How did crude-oil assumptions or risks evolve across the three MPRs?""], ""rbi_mpr_2025_04_p110_c000"": [""How did crude-oil assumptions or risks evolve across the three MPRs?""], ""rbi_mpr_2025_04_p110_c001"": [""How did crude-oil assumptions or risks evolve across the three MPRs?""], ""rbi_mpr_2025_04_p110_c002"": [""How did crude-oil assumptions or risks evolve across the three MPRs?""], ""rbi_mpr_2025_04_p110_c003"": [""How did crude-oil assumptions or risks evolve across the three MPRs?""], ""rbi_mpr_2025_04_p111_c001"": [""How did crude-oil assumptions or risks evolve across the three MPRs?""], ""rbi_mpr_2025_04_p111_c002"": [""How did crude-oil assumptions or risks evolve across the three MPRs?""], ""rbi_mpr_2025_04_p111_c003"": [""How did crude-oil assumptions or risks evolve across the three MPRs?""], ""rbi_mpr_2025_04_p111_c004"": [""How did crude-oil assumptions or risks evolve across the three MPRs?""], ""rbi_mpr_2025_04_p114_c001"": [""How did crude-oil assumptions or risks evolve across the three MPRs?""], ""rbi_mpr_2025_10_p007_c002"": [""How did crude-oil assumptions or risks evolve across the three MPRs?""], ""rbi_mpr_2025_10_p009_c000"": [""How did crude-oil assumptions or risks evolve across the three MPRs?""], ""rbi_mpr_2025_10_p009_c001"": [""How did crude-oil assumptions or risks evolve across the three MPRs?""], ""rbi_mpr_2025_10_p009_c003"": [""How did crude-oil assumptions or risks evolve across the three MPRs?""], ""rbi_mpr_2025_10_p009_c004"": [""How did crude-oil assumptions or risks evolve across the three MPRs?""], ""rbi_mpr_2025_10_p009_c005"": [""How did crude-oil assumptions or risks evolve across the three MPRs?""], ""rbi_mpr_2025_10_p010_c001"": [""How did crude-oil assumptions or risks evolve across the three MPRs?""], ""rbi_mpr_2025_10_p010_c002"": [""How did crude-oil assumptions or risks evolve across the three MPRs?""], ""rbi_mpr_2025_10_p010_c003"": [""How did crude-oil assumptions or risks evolve across the three MPRs?""], ""rbi_mpr_2025_10_p010_c004"": [""How did crude-oil assumptions or risks evolve across the three MPRs?""], ""rbi_mpr_2025_10_p011_c001"": [""How did crude-oil assumptions or risks evolve across the three MPRs?""], ""rbi_mpr_2025_10_p011_c003"": [""How did crude-oil assumptions or risks evolve across the three MPRs?""], ""rbi_mpr_2025_10_p011_c004"": [""How did crude-oil assumptions or risks evolve across the three MPRs?""], ""rbi_mpr_2025_10_p012_c000"": [""How did crude-oil assumptions or risks evolve across the three MPRs?""], ""rbi_mpr_2025_10_p012_c001"": [""How did crude-oil assumptions or risks evolve across the three MPRs?""], ""rbi_mpr_2025_10_p012_c002"": [""How did crude-oil assumptions or risks evolve across the three MPRs?""], ""rbi_mpr_2025_10_p012_c003"": [""How did crude-oil assumptions or risks evolve across the three MPRs?""], ""rbi_mpr_2025_10_p012_c004"": [""How did crude-oil assumptions or risks evolve across the three MPRs?""], ""rbi_mpr_2025_10_p013_c000"": [""How did crude-oil assumptions or risks evolve across the three MPRs?""], ""rbi_mpr_2025_10_p013_c004"": [""How did crude-oil assumptions or risks evolve across the three MPRs?""], ""rbi_mpr_2025_10_p014_c000"": [""How did crude-oil assumptions or risks evolve across the three MPRs?""], ""rbi_mpr_2025_10_p014_c001"": [""How did crude-oil assumptions or risks evolve across the three MPRs?""], ""rbi_mpr_2025_10_p014_c003"": [""How did crude-oil assumptions or risks evolve across the three MPRs?""], ""rbi_mpr_2025_10_p016_c002"": [""How did crude-oil assumptions or risks evolve across the three MPRs?""], ""rbi_mpr_2025_10_p016_c003"": [""How did crude-oil assumptions or risks evolve across the three MPRs?""], ""rbi_mpr_2025_10_p016_c004"": [""How did crude-oil assumptions or risks evolve across the three MPRs?""], ""rbi_mpr_2025_10_p017_c000"": [""How did crude-oil assumptions or risks evolve across the three MPRs?""], ""rbi_mpr_2025_10_p017_c003"": [""How did crude-oil assumptions or risks evolve across the three MPRs?""], ""rbi_mpr_2025_10_p017_c004"": [""How did crude-oil assumptions or risks evolve across the three MPRs?""], ""rbi_mpr_2025_10_p018_c000"": [""How did crude-oil assumptions or risks evolve across the three MPRs?""], ""rbi_mpr_2025_10_p019_c002"": [""How did crude-oil assumptions or risks evolve across the three MPRs?""], ""rbi_mpr_2025_10_p019_c003"": [""How did crude-oil assumptions or risks evolve across the three MPRs?""], ""rbi_mpr_2025_10_p020_c000"": [""How did crude-oil assumptions or risks evolve across the three MPRs?""], ""rbi_mpr_2025_10_p020_c001"": [""How did crude-oil assumptions or risks evolve across the three MPRs?""], ""rbi_mpr_2025_10_p021_c000"": [""How did crude-oil assumptions or risks evolve across the three MPRs?""], ""rbi_mpr_2025_10_p021_c001"": [""How did crude-oil assumptions or risks evolve across the three MPRs?""], ""rbi_mpr_2025_10_p021_c002"": [""How did crude-oil assumptions or risks evolve across the three MPRs?""], ""rbi_mpr_2025_10_p021_c003"": [""How did crude-oil assumptions or risks evolve across the three MPRs?""], ""rbi_mpr_2025_10_p021_c004"": [""How did crude-oil assumptions or risks evolve across the three MPRs?""], ""rbi_mpr_2025_10_p021_c005"": [""How did crude-oil assumptions or risks evolve across the three MPRs?""], ""rbi_mpr_2025_10_p022_c000"": [""How did crude-oil assumptions or risks evolve across the three MPRs?""], ""rbi_mpr_2025_10_p022_c001"": [""How did crude-oil assumptions or risks evolve across the three MPRs?""], ""rbi_mpr_2025_10_p022_c002"": [""How did crude-oil assumptions or risks evolve across the three MPRs?""], ""rbi_mpr_2025_10_p023_c003"": [""How did crude-oil assumptions or risks evolve across the three MPRs?""], ""rbi_mpr_2025_10_p027_c001"": [""How did crude-oil assumptions or risks evolve across the three MPRs?""], ""rbi_mpr_2025_10_p027_c002"": [""How did crude-oil assumptions or risks evolve across the three MPRs?""], ""rbi_mpr_2025_10_p031_c000"": [""How did crude-oil assumptions or risks evolve across the three MPRs?""], ""rbi_mpr_2025_10_p031_c002"": [""How did crude-oil assumptions or risks evolve across the three MPRs?""], ""rbi_mpr_2025_10_p032_c003"": [""How did crude-oil assumptions or risks evolve across the three MPRs?""], ""rbi_mpr_2025_10_p032_c004"": [""How did crude-oil assumptions or risks evolve across the three MPRs?""], ""rbi_mpr_2025_10_p034_c003"": [""How did crude-oil assumptions or risks evolve across the three MPRs?""], ""rbi_mpr_2025_10_p034_c004"": [""How did crude-oil assumptions or risks evolve across the three MPRs?""], ""rbi_mpr_2025_10_p034_c005"": [""How did crude-oil assumptions or risks evolve across the three MPRs?""], ""rbi_mpr_2025_10_p035_c002"": [""How did crude-oil assumptions or risks evolve across the three MPRs?""], ""rbi_mpr_2025_10_p037_c000"": [""How did crude-oil assumptions or risks evolve across the three MPRs?""], ""rbi_mpr_2025_10_p037_c001"": [""How did crude-oil assumptions or risks evolve across the three MPRs?""], ""rbi_mpr_2025_10_p041_c003"": [""How did crude-oil assumptions or risks evolve across the three MPRs?""], ""rbi_mpr_2025_10_p041_c004"": [""How did crude-oil assumptions or risks evolve across the three MPRs?""], ""rbi_mpr_2025_10_p042_c002"": [""How did crude-oil assumptions or risks evolve across the three MPRs?""], ""rbi_mpr_2025_10_p049_c002"": [""How did crude-oil assumptions or risks evolve across the three MPRs?""], ""rbi_mpr_2025_10_p055_c000"": [""How did crude-oil assumptions or risks evolve across the three MPRs?""], ""rbi_mpr_2025_10_p055_c001"": [""How did crude-oil assumptions or risks evolve across the three MPRs?""], ""rbi_mpr_2025_10_p055_c002"": [""How did crude-oil assumptions or risks evolve across the three MPRs?""], ""rbi_mpr_2025_10_p063_c000"": [""How did crude-oil assumptions or risks evolve across the three MPRs?""], ""rbi_mpr_2025_10_p065_c003"": [""How did crude-oil assumptions or risks evolve across the three MPRs?""], ""rbi_mpr_2025_10_p065_c004"": [""How did crude-oil assumptions or risks evolve across the three MPRs?""], ""rbi_mpr_2025_10_p066_c001"": [""How did crude-oil assumptions or risks evolve across the three MPRs?""], ""rbi_mpr_2025_10_p068_c003"": [""How did crude-oil assumptions or risks evolve across the three MPRs?""], ""rbi_mpr_2025_10_p069_c000"": [""How did crude-oil assumptions or risks evolve across the three MPRs?""], ""rbi_mpr_2025_10_p074_c001"": [""How did crude-oil assumptions or risks evolve across the three MPRs?""], ""rbi_mpr_2025_10_p074_c002"": [""How did crude-oil assumptions or risks evolve across the three MPRs?""], ""rbi_mpr_2025_10_p076_c000"": [""How did crude-oil assumptions or risks evolve across the three MPRs?""], ""rbi_mpr_2025_10_p076_c001"": [""How did crude-oil assumptions or risks evolve across the three MPRs?""], ""rbi_mpr_2025_10_p080_c001"": [""How did crude-oil assumptions or risks evolve across the three MPRs?""], ""rbi_mpr_2025_10_p080_c002"": [""How did crude-oil assumptions or risks evolve across the three MPRs?""], ""rbi_mpr_2025_10_p081_c000"": [""How did crude-oil assumptions or risks evolve across the three MPRs?""], ""rbi_mpr_2025_10_p084_c000"": [""How did crude-oil assumptions or risks evolve across the three MPRs?""], ""rbi_mpr_2025_10_p091_c000"": [""How did crude-oil assumptions or risks evolve across the three MPRs?""], ""rbi_mpr_2025_10_p094_c003"": [""How did crude-oil assumptions or risks evolve across the three MPRs?""], ""rbi_mpr_2025_10_p097_c001"": [""How did crude-oil assumptions or risks evolve across the three MPRs?""], ""rbi_mpr_2025_10_p097_c004"": [""How did crude-oil assumptions or risks evolve across the three MPRs?""], ""rbi_mpr_2025_10_p099_c002"": [""How did crude-oil assumptions or risks evolve across the three MPRs?""], ""rbi_mpr_2025_10_p099_c003"": [""How did crude-oil assumptions or risks evolve across the three MPRs?""], ""rbi_mpr_2025_10_p100_c002"": [""How did crude-oil assumptions or risks evolve across the three MPRs?""], ""rbi_mpr_2025_10_p100_c003"": [""How did crude-oil assumptions or risks evolve across the three MPRs?""], ""rbi_mpr_2025_10_p102_c001"": [""How did crude-oil assumptions or risks evolve across the three MPRs?""], ""rbi_mpr_2025_10_p103_c000"": [""How did crude-oil assumptions or risks evolve across the three MPRs?""], ""rbi_mpr_2025_10_p105_c001"": [""How did crude-oil assumptions or risks evolve across the three MPRs?""], ""rbi_mpr_2025_10_p110_c001"": [""How did crude-oil assumptions or risks evolve across the three MPRs?""], ""rbi_mpr_2026_04_p005_c003"": [""How did crude-oil assumptions or risks evolve across the three MPRs?""], ""rbi_mpr_2026_04_p005_c004"": [""How did crude-oil assumptions or risks evolve across the three MPRs?""], ""rbi_mpr_2026_04_p005_c005"": [""How did crude-oil assumptions or risks evolve across the three MPRs?""], ""rbi_mpr_2026_04_p013_c000"": [""How did crude-oil assumptions or risks evolve across the three MPRs?""], ""rbi_mpr_2026_04_p013_c001"": [""How did crude-oil assumptions or risks evolve across the three MPRs?""], ""rbi_mpr_2026_04_p014_c000"": [""How did crude-oil assumptions or risks evolve across the three MPRs?""], ""rbi_mpr_2026_04_p016_c001"": [""How did crude-oil assumptions or risks evolve across the three MPRs?""], ""rbi_mpr_2026_04_p016_c002"": [""How did crude-oil assumptions or risks evolve across the three MPRs?""], ""rbi_mpr_2026_04_p017_c001"": [""How did crude-oil assumptions or risks evolve across the three MPRs?""], ""rbi_mpr_2026_04_p017_c002"": [""How did crude-oil assumptions or risks evolve across the three MPRs?""], ""rbi_mpr_2026_04_p018_c001"": [""How did crude-oil assumptions or risks evolve across the three MPRs?""], ""rbi_mpr_2026_04_p018_c002"": [""How did crude-oil assumptions or risks evolve across the three MPRs?""], ""rbi_mpr_2026_04_p018_c003"": [""How did crude-oil assumptions or risks evolve across the three MPRs?""], ""rbi_mpr_2026_04_p020_c000"": [""How did crude-oil assumptions or risks evolve across the three MPRs?""], ""rbi_mpr_2026_04_p020_c001"": [""How did crude-oil assumptions or risks evolve across the three MPRs?""], ""rbi_mpr_2026_04_p020_c002"": [""How did crude-oil assumptions or risks evolve across the three MPRs?""], ""rbi_mpr_2026_04_p020_c003"": [""How did crude-oil assumptions or risks evolve across the three MPRs?""], ""rbi_mpr_2026_04_p021_c000"": [""How did crude-oil assumptions or risks evolve across the three MPRs?""], ""rbi_mpr_2026_04_p022_c002"": [""How did crude-oil assumptions or risks evolve across the three MPRs?""], ""rbi_mpr_2026_04_p022_c003"": [""How did crude-oil assumptions or risks evolve across the three MPRs?""], ""rbi_mpr_2026_04_p023_c000"": [""How did crude-oil assumptions or risks evolve across the three MPRs?""], ""rbi_mpr_2026_04_p023_c001"": [""How did crude-oil assumptions or risks evolve across the three MPRs?""], ""rbi_mpr_2026_04_p026_c002"": [""How did crude-oil assumptions or risks evolve across the three MPRs?""], ""rbi_mpr_2026_04_p029_c001"": [""How did crude-oil assumptions or risks evolve across the three MPRs?""], ""rbi_mpr_2026_04_p034_c000"": [""How did crude-oil assumptions or risks evolve across the three MPRs?""], ""rbi_mpr_2026_04_p034_c001"": [""How did crude-oil assumptions or risks evolve across the three MPRs?""], ""rbi_mpr_2026_04_p040_c000"": [""How did crude-oil assumptions or risks evolve across the three MPRs?""], ""rbi_mpr_2026_04_p040_c001"": [""How did crude-oil assumptions or risks evolve across the three MPRs?""], ""rbi_mpr_2026_04_p049_c001"": [""How did crude-oil assumptions or risks evolve across the three MPRs?""], ""rbi_mpr_2026_04_p050_c000"": [""How did crude-oil assumptions or risks evolve across the three MPRs?""], ""rbi_mpr_2026_04_p050_c001"": [""How did crude-oil assumptions or risks evolve across the three MPRs?""], ""rbi_mpr_2026_04_p059_c000"": [""How did crude-oil assumptions or risks evolve across the three MPRs?""], ""rbi_mpr_2026_04_p068_c002"": [""How did crude-oil assumptions or risks evolve across the three MPRs?""], ""rbi_mpr_2026_04_p078_c001"": [""How did crude-oil assumptions or risks evolve across the three MPRs?""], ""rbi_mpr_2026_04_p079_c000"": [""How did crude-oil assumptions or risks evolve across the three MPRs?""], ""rbi_mpr_2026_04_p081_c004"": [""How did crude-oil assumptions or risks evolve across the three MPRs?""], ""rbi_mpr_2026_04_p081_c005"": [""How did crude-oil assumptions or risks evolve across the three MPRs?""], ""rbi_mpr_2026_04_p082_c001"": [""How did crude-oil assumptions or risks evolve across the three MPRs?""], ""rbi_mpr_2026_04_p083_c000"": [""How did crude-oil assumptions or risks evolve across the three MPRs?""], ""rbi_mpr_2026_04_p083_c003"": [""How did crude-oil assumptions or risks evolve across the three MPRs?""], ""rbi_mpr_2026_04_p086_c000"": [""How did crude-oil assumptions or risks evolve across the three MPRs?""], ""rbi_mpr_2026_04_p086_c001"": [""How did crude-oil assumptions or risks evolve across the three MPRs?""], ""rbi_mpr_2026_04_p086_c003"": [""How did crude-oil assumptions or risks evolve across the three MPRs?""], ""rbi_mpr_2026_04_p087_c000"": [""How did crude-oil assumptions or risks evolve across the three MPRs?""], ""rbi_mpr_2026_04_p087_c001"": [""How did crude-oil assumptions or risks evolve across the three MPRs?""], ""rbi_mpr_2026_04_p087_c002"": [""How did crude-oil assumptions or risks evolve across the three MPRs?""], ""rbi_mpr_2026_04_p088_c000"": [""How did crude-oil assumptions or risks evolve across the three MPRs?""], ""rbi_mpr_2026_04_p088_c001"": [""How did crude-oil assumptions or risks evolve across the three MPRs?""], ""rbi_mpr_2026_04_p088_c002"": [""How did crude-oil assumptions or risks evolve across the three MPRs?""], ""rbi_mpr_2026_04_p088_c003"": [""How did crude-oil assumptions or risks evolve across the three MPRs?""], ""rbi_mpr_2026_04_p088_c004"": [""How did crude-oil assumptions or risks evolve across the three MPRs?""], ""rbi_mpr_2026_04_p089_c002"": [""How did crude-oil assumptions or risks evolve across the three MPRs?""], ""rbi_mpr_2026_04_p089_c003"": [""How did crude-oil assumptions or risks evolve across the three MPRs?""], ""rbi_mpr_2026_04_p090_c003"": [""How did crude-oil assumptions or risks evolve across the three MPRs?""], ""rbi_mpr_2026_04_p090_c004"": [""How did crude-oil assumptions or risks evolve across the three MPRs?""], ""rbi_mpr_2026_04_p095_c000"": [""How did crude-oil assumptions or risks evolve across the three MPRs?""], ""rbi_mpr_2026_04_p095_c001"": [""How did crude-oil assumptions or risks evolve across the three MPRs?""], ""rbi_mpr_2026_04_p099_c002"": [""How did crude-oil assumptions or risks evolve across the three MPRs?""], ""rbi_mpr_2026_04_p100_c001"": [""How did crude-oil assumptions or risks evolve across the three MPRs?""], ""rbi_mpr_2026_04_p100_c002"": [""How did crude-oil assumptions or risks evolve across the three MPRs?""], ""rbi_mpr_2026_04_p100_c003"": [""How did crude-oil assumptions or risks evolve across the three MPRs?""], ""rbi_mpr_2026_04_p101_c004"": [""How did crude-oil assumptions or risks evolve across the three MPRs?""], ""rbi_mpr_2026_04_p101_c005"": [""How did crude-oil assumptions or risks evolve across the three MPRs?""], ""rbi_mpr_2026_04_p103_c003"": [""How did crude-oil assumptions or risks evolve across the three MPRs?""], ""rbi_mpr_2026_04_p105_c000"": [""How did crude-oil assumptions or risks evolve across the three MPRs?""], ""rbi_mpr_2026_04_p105_c001"": [""How did crude-oil assumptions or risks evolve across the three MPRs?""], ""rbi_mpr_2026_04_p105_c002"": [""How did crude-oil assumptions or risks evolve across the three MPRs?""], ""rbi_mpr_2026_04_p105_c003"": [""How did crude-oil assumptions or risks evolve across the three MPRs?""], ""rbi_mpr_2026_04_p105_c004"": [""How did crude-oil assumptions or risks evolve across the three MPRs?""], ""rbi_mpr_2026_04_p106_c002"": [""How did crude-oil assumptions or risks evolve across the three MPRs?""], ""rbi_mpr_2026_04_p106_c003"": [""How did crude-oil assumptions or risks evolve across the three MPRs?""], ""rbi_mpr_2026_04_p107_c001"": [""How did crude-oil assumptions or risks evolve across the three MPRs?""], ""rbi_mpr_2026_04_p107_c004"": [""How did crude-oil assumptions or risks evolve across the three MPRs?""], ""rbi_mpr_2026_04_p108_c002"": [""How did crude-oil assumptions or risks evolve across the three MPRs?""], ""rbi_mpr_2026_04_p109_c001"": [""How did crude-oil assumptions or risks evolve across the three MPRs?""], ""rbi_mpr_2026_04_p110_c000"": [""How did crude-oil assumptions or risks evolve across the three MPRs?""], ""rbi_mpr_2026_04_p111_c001"": [""How did crude-oil assumptions or risks evolve across the three MPRs?""], ""rbi_mpr_2026_04_p112_c000"": [""How did crude-oil assumptions or risks evolve across the three MPRs?""], ""rbi_mpr_2026_04_p112_c001"": [""How did crude-oil assumptions or risks evolve across the three MPRs?""], ""rbi_mpr_2026_04_p112_c002"": [""How did crude-oil assumptions or risks evolve across the three MPRs?""], ""rbi_mpr_2026_04_p112_c003"": [""How did crude-oil assumptions or risks evolve across the three MPRs?""], ""rbi_mpr_2026_04_p112_c004"": [""How did crude-oil assumptions or risks evolve across the three MPRs?""], ""rbi_mpr_2026_04_p113_c000"": [""How did crude-oil assumptions or risks evolve across the three MPRs?""], ""rbi_mpr_2026_04_p113_c001"": [""How did crude-oil assumptions or risks evolve across the three MPRs?""], ""rbi_mpr_2026_04_p113_c002"": [""How did crude-oil assumptions or risks evolve across the three MPRs?""], ""rbi_mpr_2026_04_p113_c003"": [""How did crude-oil assumptions or risks evolve across the three MPRs?""], ""rbi_mpr_2026_04_p114_c000"": [""How did crude-oil assumptions or risks evolve across the three MPRs?""], ""rbi_mpr_2026_04_p114_c001"": [""How did crude-oil assumptions or risks evolve across the three MPRs?""], ""rbi_mpr_2026_04_p114_c002"": [""How did crude-oil assumptions or risks evolve across the three MPRs?""], ""rbi_mpr_2026_04_p115_c004"": [""How did crude-oil assumptions or risks evolve across the three MPRs?""]}, ""candidate_source_retriever"": {""rbi_mpr_2025_04_p005_c001"": [""bm25"", ""dense""], ""rbi_mpr_2025_04_p009_c000"": [""dense""], ""rbi_mpr_2025_04_p011_c000"": [""bm25"", ""dense""], ""rbi_mpr_2025_04_p011_c003"": [""dense""], ""rbi_mpr_2025_04_p012_c000"": [""dense""], ""rbi_mpr_2025_04_p012_c002"": [""bm25""], ""rbi_mpr_2025_04_p012_c003"": [""bm25"", ""dense""], ""rbi_mpr_2025_04_p012_c004"": [""bm25""], ""rbi_mpr_2025_04_p013_c002"": [""dense""], ""rbi_mpr_2025_04_p013_c003"": [""dense""], ""rbi_mpr_2025_04_p013_c004"": [""dense""], ""rbi_mpr_2025_04_p014_c000"": [""dense""], ""rbi_mpr_2025_04_p014_c001"": [""dense""], ""rbi_mpr_2025_04_p014_c002"": [""dense""], ""rbi_mpr_2025_04_p014_c003"": [""dense""], ""rbi_mpr_2025_04_p014_c004"": [""dense""], ""rbi_mpr_2025_04_p015_c001"": [""bm25""], ""rbi_mpr_2025_04_p015_c002"": [""bm25""], ""rbi_mpr_2025_04_p016_c002"": [""dense""], ""rbi_mpr_2025_04_p018_c000"": [""bm25""], ""rbi_mpr_2025_04_p018_c001"": [""bm25""], ""rbi_mpr_2025_04_p019_c000"": [""dense""], ""rbi_mpr_2025_04_p019_c001"": [""bm25""], ""rbi_mpr_2025_04_p019_c003"": [""bm25""], ""rbi_mpr_2025_04_p019_c004"": [""bm25""], ""rbi_mpr_2025_04_p020_c000"": [""bm25""], ""rbi_mpr_2025_04_p021_c000"": [""bm25""], ""rbi_mpr_2025_04_p021_c001"": [""bm25""], ""rbi_mpr_2025_04_p021_c003"": [""bm25""], ""rbi_mpr_2025_04_p021_c004"": [""bm25""], ""rbi_mpr_2025_04_p022_c000"": [""dense""], ""rbi_mpr_2025_04_p022_c001"": [""dense""], ""rbi_mpr_2025_04_p022_c002"": [""dense""], ""rbi_mpr_2025_04_p022_c003"": [""dense""], ""rbi_mpr_2025_04_p023_c003"": [""dense""], ""rbi_mpr_2025_04_p025_c003"": [""dense""], ""rbi_mpr_2025_04_p027_c000"": [""bm25""], ""rbi_mpr_2025_04_p027_c001"": [""bm25""], ""rbi_mpr_2025_04_p027_c002"": [""bm25""], ""rbi_mpr_2025_04_p028_c000"": [""bm25""], ""rbi_mpr_2025_04_p028_c001"": [""bm25""], ""rbi_mpr_2025_04_p028_c002"": [""bm25""], ""rbi_mpr_2025_04_p028_c003"": [""bm25""], ""rbi_mpr_2025_04_p029_c002"": [""bm25""], ""rbi_mpr_2025_04_p029_c003"": [""bm25"", ""dense""], ""rbi_mpr_2025_04_p036_c000"": [""dense""], ""rbi_mpr_2025_04_p036_c001"": [""bm25""], ""rbi_mpr_2025_04_p036_c002"": [""bm25""], ""rbi_mpr_2025_04_p038_c000"": [""bm25""], ""rbi_mpr_2025_04_p038_c001"": [""dense""], ""rbi_mpr_2025_04_p038_c002"": [""bm25""], ""rbi_mpr_2025_04_p039_c002"": [""bm25""], ""rbi_mpr_2025_04_p043_c000"": [""dense""], ""rbi_mpr_2025_04_p044_c001"": [""bm25""], ""rbi_mpr_2025_04_p044_c002"": [""bm25""], ""rbi_mpr_2025_04_p047_c000"": [""bm25""], ""rbi_mpr_2025_04_p055_c000"": [""bm25""], ""rbi_mpr_2025_04_p060_c000"": [""bm25""], ""rbi_mpr_2025_04_p068_c001"": [""bm25""], ""rbi_mpr_2025_04_p068_c002"": [""bm25""], ""rbi_mpr_2025_04_p069_c002"": [""dense""], ""rbi_mpr_2025_04_p069_c004"": [""dense""], ""rbi_mpr_2025_04_p070_c002"": [""bm25""], ""rbi_mpr_2025_04_p073_c002"": [""dense""], ""rbi_mpr_2025_04_p073_c003"": [""bm25"", ""dense""], ""rbi_mpr_2025_04_p073_c006"": [""dense""], ""rbi_mpr_2025_04_p074_c001"": [""dense""], ""rbi_mpr_2025_04_p074_c002"": [""dense""], ""rbi_mpr_2025_04_p075_c002"": [""dense""], ""rbi_mpr_2025_04_p077_c001"": [""dense""], ""rbi_mpr_2025_04_p077_c002"": [""dense""], ""rbi_mpr_2025_04_p078_c003"": [""dense""], ""rbi_mpr_2025_04_p079_c000"": [""bm25""], ""rbi_mpr_2025_04_p085_c000"": [""dense""], ""rbi_mpr_2025_04_p086_c000"": [""dense""], ""rbi_mpr_2025_04_p086_c001"": [""dense""], ""rbi_mpr_2025_04_p087_c001"": [""bm25""], ""rbi_mpr_2025_04_p093_c001"": [""dense""], ""rbi_mpr_2025_04_p095_c000"": [""dense""], ""rbi_mpr_2025_04_p099_c000"": [""bm25""], ""rbi_mpr_2025_04_p103_c002"": [""dense""], ""rbi_mpr_2025_04_p104_c000"": [""dense""], ""rbi_mpr_2025_04_p104_c003"": [""dense""], ""rbi_mpr_2025_04_p110_c000"": [""bm25""], ""rbi_mpr_2025_04_p110_c001"": [""bm25""], ""rbi_mpr_2025_04_p110_c002"": [""bm25"", ""dense""], ""rbi_mpr_2025_04_p110_c003"": [""bm25""], ""rbi_mpr_2025_04_p111_c001"": [""bm25"", ""dense""], ""rbi_mpr_2025_04_p111_c002"": [""bm25"", ""dense""], ""rbi_mpr_2025_04_p111_c003"": [""dense""], ""rbi_mpr_2025_04_p111_c004"": [""dense""], ""rbi_mpr_2025_04_p114_c001"": [""bm25""], ""rbi_mpr_2025_10_p007_c002"": [""dense""], ""rbi_mpr_2025_10_p009_c000"": [""dense""], ""rbi_mpr_2025_10_p009_c001"": [""dense""], ""rbi_mpr_2025_10_p009_c003"": [""bm25"", ""dense""], ""rbi_mpr_2025_10_p009_c004"": [""dense""], ""rbi_mpr_2025_10_p009_c005"": [""dense""], ""rbi_mpr_2025_10_p010_c001"": [""dense""], ""rbi_mpr_2025_10_p010_c002"": [""bm25"", ""dense""], ""rbi_mpr_2025_10_p010_c003"": [""bm25""], ""rbi_mpr_2025_10_p010_c004"": [""bm25"", ""dense""], ""rbi_mpr_2025_10_p011_c001"": [""dense""], ""rbi_mpr_2025_10_p011_c003"": [""bm25"", ""dense""], ""rbi_mpr_2025_10_p011_c004"": [""bm25""], ""rbi_mpr_2025_10_p012_c000"": [""dense""], ""rbi_mpr_2025_10_p012_c001"": [""dense""], ""rbi_mpr_2025_10_p012_c002"": [""dense""], ""rbi_mpr_2025_10_p012_c003"": [""dense""], ""rbi_mpr_2025_10_p012_c004"": [""dense""], ""rbi_mpr_2025_10_p013_c000"": [""dense""], ""rbi_mpr_2025_10_p013_c004"": [""dense""], ""rbi_mpr_2025_10_p014_c000"": [""bm25""], ""rbi_mpr_2025_10_p014_c001"": [""bm25""], ""rbi_mpr_2025_10_p014_c003"": [""bm25""], ""rbi_mpr_2025_10_p016_c002"": [""bm25""], ""rbi_mpr_2025_10_p016_c003"": [""bm25""], ""rbi_mpr_2025_10_p016_c004"": [""bm25""], ""rbi_mpr_2025_10_p017_c000"": [""bm25""], ""rbi_mpr_2025_10_p017_c003"": [""bm25""], ""rbi_mpr_2025_10_p017_c004"": [""bm25"", ""dense""], ""rbi_mpr_2025_10_p018_c000"": [""bm25""], ""rbi_mpr_2025_10_p019_c002"": [""bm25""], ""rbi_mpr_2025_10_p019_c003"": [""bm25""], ""rbi_mpr_2025_10_p020_c000"": [""bm25"", ""dense""], ""rbi_mpr_2025_10_p020_c001"": [""bm25""], ""rbi_mpr_2025_10_p021_c000"": [""bm25"", ""dense""], ""rbi_mpr_2025_10_p021_c001"": [""bm25""], ""rbi_mpr_2025_10_p021_c002"": [""dense""], ""rbi_mpr_2025_10_p021_c003"": [""dense""], ""rbi_mpr_2025_10_p021_c004"": [""bm25"", ""dense""], ""rbi_mpr_2025_10_p021_c005"": [""bm25""], ""rbi_mpr_2025_10_p022_c000"": [""dense""], ""rbi_mpr_2025_10_p022_c001"": [""dense""], ""rbi_mpr_2025_10_p022_c002"": [""dense""], ""rbi_mpr_2025_10_p023_c003"": [""bm25""], ""rbi_mpr_2025_10_p027_c001"": [""bm25""], ""rbi_mpr_2025_10_p027_c002"": [""bm25""], ""rbi_mpr_2025_10_p031_c000"": [""bm25"", ""dense""], ""rbi_mpr_2025_10_p031_c002"": [""dense""], ""rbi_mpr_2025_10_p032_c003"": [""bm25"", ""dense""], ""rbi_mpr_2025_10_p032_c004"": [""dense""], ""rbi_mpr_2025_10_p034_c003"": [""bm25""], ""rbi_mpr_2025_10_p034_c004"": [""bm25""], ""rbi_mpr_2025_10_p034_c005"": [""bm25""], ""rbi_mpr_2025_10_p035_c002"": [""bm25""], ""rbi_mpr_2025_10_p037_c000"": [""dense""], ""rbi_mpr_2025_10_p037_c001"": [""dense""], ""rbi_mpr_2025_10_p041_c003"": [""dense""], ""rbi_mpr_2025_10_p041_c004"": [""bm25""], ""rbi_mpr_2025_10_p042_c002"": [""bm25""], ""rbi_mpr_2025_10_p049_c002"": [""bm25""], ""rbi_mpr_2025_10_p055_c000"": [""dense""], ""rbi_mpr_2025_10_p055_c001"": [""bm25""], ""rbi_mpr_2025_10_p055_c002"": [""bm25""], ""rbi_mpr_2025_10_p063_c000"": [""bm25""], ""rbi_mpr_2025_10_p065_c003"": [""bm25""], ""rbi_mpr_2025_10_p065_c004"": [""bm25""], ""rbi_mpr_2025_10_p066_c001"": [""dense""], ""rbi_mpr_2025_10_p068_c003"": [""dense""], ""rbi_mpr_2025_10_p069_c000"": [""dense""], ""rbi_mpr_2025_10_p074_c001"": [""dense""], ""rbi_mpr_2025_10_p074_c002"": [""dense""], ""rbi_mpr_2025_10_p076_c000"": [""bm25""], ""rbi_mpr_2025_10_p076_c001"": [""bm25""], ""rbi_mpr_2025_10_p080_c001"": [""dense""], ""rbi_mpr_2025_10_p080_c002"": [""dense""], ""rbi_mpr_2025_10_p081_c000"": [""bm25"", ""dense""], ""rbi_mpr_2025_10_p084_c000"": [""dense""], ""rbi_mpr_2025_10_p091_c000"": [""bm25""], ""rbi_mpr_2025_10_p094_c003"": [""dense""], ""rbi_mpr_2025_10_p097_c001"": [""bm25""], ""rbi_mpr_2025_10_p097_c004"": [""bm25""], ""rbi_mpr_2025_10_p099_c002"": [""dense""], ""rbi_mpr_2025_10_p099_c003"": [""dense""], ""rbi_mpr_2025_10_p100_c002"": [""dense""], ""rbi_mpr_2025_10_p100_c003"": [""dense""], ""rbi_mpr_2025_10_p102_c001"": [""dense""], ""rbi_mpr_2025_10_p103_c000"": [""bm25""], ""rbi_mpr_2025_10_p105_c001"": [""bm25""], ""rbi_mpr_2025_10_p110_c001"": [""bm25""], ""rbi_mpr_2026_04_p005_c003"": [""bm25"", ""dense""], ""rbi_mpr_2026_04_p005_c004"": [""dense""], ""rbi_mpr_2026_04_p005_c005"": [""bm25"", ""dense""], ""rbi_mpr_2026_04_p013_c000"": [""bm25""], ""rbi_mpr_2026_04_p013_c001"": [""bm25""], ""rbi_mpr_2026_04_p014_c000"": [""bm25""], ""rbi_mpr_2026_04_p016_c001"": [""dense""], ""rbi_mpr_2026_04_p016_c002"": [""dense""], ""rbi_mpr_2026_04_p017_c001"": [""bm25""], ""rbi_mpr_2026_04_p017_c002"": [""dense""], ""rbi_mpr_2026_04_p018_c001"": [""bm25""], ""rbi_mpr_2026_04_p018_c002"": [""bm25""], ""rbi_mpr_2026_04_p018_c003"": [""bm25""], ""rbi_mpr_2026_04_p020_c000"": [""bm25""], ""rbi_mpr_2026_04_p020_c001"": [""bm25""], ""rbi_mpr_2026_04_p020_c002"": [""bm25""], ""rbi_mpr_2026_04_p020_c003"": [""bm25""], ""rbi_mpr_2026_04_p021_c000"": [""dense""], ""rbi_mpr_2026_04_p022_c002"": [""dense""], ""rbi_mpr_2026_04_p022_c003"": [""bm25"", ""dense""], ""rbi_mpr_2026_04_p023_c000"": [""bm25""], ""rbi_mpr_2026_04_p023_c001"": [""bm25""], ""rbi_mpr_2026_04_p026_c002"": [""dense""], ""rbi_mpr_2026_04_p029_c001"": [""dense""], ""rbi_mpr_2026_04_p034_c000"": [""dense""], ""rbi_mpr_2026_04_p034_c001"": [""dense""], ""rbi_mpr_2026_04_p040_c000"": [""dense""], ""rbi_mpr_2026_04_p040_c001"": [""dense""], ""rbi_mpr_2026_04_p049_c001"": [""bm25""], ""rbi_mpr_2026_04_p050_c000"": [""bm25""], ""rbi_mpr_2026_04_p050_c001"": [""bm25""], ""rbi_mpr_2026_04_p059_c000"": [""bm25""], ""rbi_mpr_2026_04_p068_c002"": [""dense""], ""rbi_mpr_2026_04_p078_c001"": [""dense""], ""rbi_mpr_2026_04_p079_c000"": [""bm25""], ""rbi_mpr_2026_04_p081_c004"": [""bm25""], ""rbi_mpr_2026_04_p081_c005"": [""bm25""], ""rbi_mpr_2026_04_p082_c001"": [""bm25""], ""rbi_mpr_2026_04_p083_c000"": [""bm25""], ""rbi_mpr_2026_04_p083_c003"": [""bm25""], ""rbi_mpr_2026_04_p086_c000"": [""dense""], ""rbi_mpr_2026_04_p086_c001"": [""dense""], ""rbi_mpr_2026_04_p086_c003"": [""dense""], ""rbi_mpr_2026_04_p087_c000"": [""bm25""], ""rbi_mpr_2026_04_p087_c001"": [""dense""], ""rbi_mpr_2026_04_p087_c002"": [""dense""], ""rbi_mpr_2026_04_p088_c000"": [""bm25"", ""dense""], ""rbi_mpr_2026_04_p088_c001"": [""dense""], ""rbi_mpr_2026_04_p088_c002"": [""dense""], ""rbi_mpr_2026_04_p088_c003"": [""dense""], ""rbi_mpr_2026_04_p088_c004"": [""dense""], ""rbi_mpr_2026_04_p089_c002"": [""bm25""], ""rbi_mpr_2026_04_p089_c003"": [""bm25""], ""rbi_mpr_2026_04_p090_c003"": [""dense""], ""rbi_mpr_2026_04_p090_c004"": [""dense""], ""rbi_mpr_2026_04_p095_c000"": [""dense""], ""rbi_mpr_2026_04_p095_c001"": [""dense""], ""rbi_mpr_2026_04_p099_c002"": [""dense""], ""rbi_mpr_2026_04_p100_c001"": [""bm25"", ""dense""], ""rbi_mpr_2026_04_p100_c002"": [""bm25"", ""dense""], ""rbi_mpr_2026_04_p100_c003"": [""dense""], ""rbi_mpr_2026_04_p101_c004"": [""dense""], ""rbi_mpr_2026_04_p101_c005"": [""dense""], ""rbi_mpr_2026_04_p103_c003"": [""bm25""], ""rbi_mpr_2026_04_p105_c000"": [""bm25""], ""rbi_mpr_2026_04_p105_c001"": [""bm25"", ""dense""], ""rbi_mpr_2026_04_p105_c002"": [""dense""], ""rbi_mpr_2026_04_p105_c003"": [""dense""], ""rbi_mpr_2026_04_p105_c004"": [""dense""], ""rbi_mpr_2026_04_p106_c002"": [""bm25""], ""rbi_mpr_2026_04_p106_c003"": [""dense""], ""rbi_mpr_2026_04_p107_c001"": [""bm25""], ""rbi_mpr_2026_04_p107_c004"": [""bm25""], ""rbi_mpr_2026_04_p108_c002"": [""bm25""], ""rbi_mpr_2026_04_p109_c001"": [""bm25""], ""rbi_mpr_2026_04_p110_c000"": [""bm25""], ""rbi_mpr_2026_04_p111_c001"": [""bm25""], ""rbi_mpr_2026_04_p112_c000"": [""bm25""], ""rbi_mpr_2026_04_p112_c001"": [""bm25""], ""rbi_mpr_2026_04_p112_c002"": [""bm25""], ""rbi_mpr_2026_04_p112_c003"": [""bm25""], ""rbi_mpr_2026_04_p112_c004"": [""bm25""], ""rbi_mpr_2026_04_p113_c000"": [""dense""], ""rbi_mpr_2026_04_p113_c001"": [""dense""], ""rbi_mpr_2026_04_p113_c002"": [""bm25"", ""dense""], ""rbi_mpr_2026_04_p113_c003"": [""dense""], ""rbi_mpr_2026_04_p114_c000"": [""bm25"", ""dense""], ""rbi_mpr_2026_04_p114_c001"": [""dense""], ""rbi_mpr_2026_04_p114_c002"": [""dense""], ""rbi_mpr_2026_04_p115_c004"": [""bm25"", ""dense""]}, ""candidate_union_ids"": [""rbi_mpr_2025_04_p014_c003"", ""rbi_mpr_2025_04_p014_c002"", ""rbi_mpr_2025_04_p022_c000"", ""rbi_mpr_2025_04_p023_c003"", ""rbi_mpr_2025_04_p014_c000"", ""rbi_mpr_2025_04_p011_c003"", ""rbi_mpr_2025_04_p022_c003"", ""rbi_mpr_2025_04_p014_c001"", ""rbi_mpr_2025_04_p022_c001"", ""rbi_mpr_2025_04_p014_c004"", ""rbi_mpr_2025_04_p110_c002"", ""rbi_mpr_2025_04_p016_c002"", ""rbi_mpr_2025_04_p078_c003"", ""rbi_mpr_2025_04_p104_c003"", ""rbi_mpr_2025_04_p036_c000"", ""rbi_mpr_2025_04_p038_c001"", ""rbi_mpr_2025_04_p013_c004"", ""rbi_mpr_2025_04_p013_c003"", ""rbi_mpr_2025_04_p111_c001"", ""rbi_mpr_2025_04_p086_c001"", ""rbi_mpr_2025_04_p043_c000"", ""rbi_mpr_2025_04_p073_c002"", ""rbi_mpr_2025_04_p009_c000"", ""rbi_mpr_2025_04_p069_c004"", ""rbi_mpr_2025_04_p005_c001"", ""rbi_mpr_2025_04_p104_c000"", ""rbi_mpr_2025_04_p073_c003"", ""rbi_mpr_2025_04_p077_c001"", ""rbi_mpr_2025_04_p069_c002"", ""rbi_mpr_2025_04_p095_c000"", ""rbi_mpr_2025_04_p075_c002"", ""rbi_mpr_2025_04_p012_c000"", ""rbi_mpr_2025_04_p013_c002"", ""rbi_mpr_2025_04_p025_c003"", ""rbi_mpr_2025_04_p019_c000"", ""rbi_mpr_2025_04_p103_c002"", ""rbi_mpr_2025_04_p086_c000"", ""rbi_mpr_2025_04_p022_c002"", ""rbi_mpr_2025_04_p074_c001"", ""rbi_mpr_2025_04_p073_c006"", ""rbi_mpr_2025_04_p093_c001"", ""rbi_mpr_2025_04_p111_c004"", ""rbi_mpr_2025_04_p111_c002"", ""rbi_mpr_2025_04_p111_c003"", ""rbi_mpr_2025_04_p085_c000"", ""rbi_mpr_2025_04_p077_c002"", ""rbi_mpr_2025_04_p012_c003"", ""rbi_mpr_2025_04_p029_c003"", ""rbi_mpr_2025_04_p011_c000"", ""rbi_mpr_2025_04_p074_c002"", ""rbi_mpr_2025_04_p021_c000"", ""rbi_mpr_2025_04_p021_c001"", ""rbi_mpr_2025_04_p028_c001"", ""rbi_mpr_2025_04_p018_c000"", ""rbi_mpr_2025_04_p020_c000"", ""rbi_mpr_2025_04_p028_c000"", ""rbi_mpr_2025_04_p029_c002"", ""rbi_mpr_2025_04_p019_c004"", ""rbi_mpr_2025_04_p068_c002"", ""rbi_mpr_2025_04_p021_c004"", ""rbi_mpr_2025_04_p019_c003"", ""rbi_mpr_2025_04_p021_c003"", ""rbi_mpr_2025_04_p099_c000"", ""rbi_mpr_2025_04_p044_c002"", ""rbi_mpr_2025_04_p015_c002"", ""rbi_mpr_2025_04_p110_c000"", ""rbi_mpr_2025_04_p110_c001"", ""rbi_mpr_2025_04_p015_c001"", ""rbi_mpr_2025_04_p027_c000"", ""rbi_mpr_2025_04_p055_c000"", ""rbi_mpr_2025_04_p044_c001"", ""rbi_mpr_2025_04_p060_c000"", ""rbi_mpr_2025_04_p068_c001"", ""rbi_mpr_2025_04_p114_c001"", ""rbi_mpr_2025_04_p070_c002"", ""rbi_mpr_2025_04_p012_c004"", ""rbi_mpr_2025_04_p038_c002"", ""rbi_mpr_2025_04_p047_c000"", ""rbi_mpr_2025_04_p018_c001"", ""rbi_mpr_2025_04_p036_c001"", ""rbi_mpr_2025_04_p028_c002"", ""rbi_mpr_2025_04_p027_c001"", ""rbi_mpr_2025_04_p027_c002"", ""rbi_mpr_2025_04_p039_c002"", ""rbi_mpr_2025_04_p110_c003"", ""rbi_mpr_2025_04_p012_c002"", ""rbi_mpr_2025_04_p036_c002"", ""rbi_mpr_2025_04_p028_c003"", ""rbi_mpr_2025_04_p038_c000"", ""rbi_mpr_2025_04_p019_c001"", ""rbi_mpr_2025_04_p079_c000"", ""rbi_mpr_2025_04_p087_c001""], ""candidate_union_pages"": [14, 14, 22, 23, 14, 11, 22, 14, 22, 14, 110, 16, 78, 104, 36, 38, 13, 13, 111, 86, 43, 73, 9, 69, 5, 104, 73, 77, 69, 95, 75, 12, 13, 25, 19, 103, 86, 22, 74, 73, 93, 111, 111, 111, 85, 77, 12, 29, 11, 74, 21, 21, 28, 18, 20, 28, 29, 19, 68, 21, 19, 21, 99, 44, 15, 110, 110, 15, 27, 55, 44, 60, 68, 114, 70, 12, 38, 47, 18, 36, 28, 27, 27, 39, 110, 12, 36, 28, 38, 19, 79, 87], ""dense_candidate_ids"": [""rbi_mpr_2025_04_p014_c003"", ""rbi_mpr_2025_04_p014_c002"", ""rbi_mpr_2025_04_p022_c000"", ""rbi_mpr_2025_04_p023_c003"", ""rbi_mpr_2025_04_p014_c000"", ""rbi_mpr_2025_04_p011_c003"", ""rbi_mpr_2025_04_p022_c003"", ""rbi_mpr_2025_04_p014_c001"", ""rbi_mpr_2025_04_p022_c001"", ""rbi_mpr_2025_04_p014_c004"", ""rbi_mpr_2025_04_p110_c002"", ""rbi_mpr_2025_04_p016_c002"", ""rbi_mpr_2025_04_p078_c003"", ""rbi_mpr_2025_04_p104_c003"", ""rbi_mpr_2025_04_p036_c000"", ""rbi_mpr_2025_04_p038_c001"", ""rbi_mpr_2025_04_p013_c004"", ""rbi_mpr_2025_04_p013_c003"", ""rbi_mpr_2025_04_p111_c001"", ""rbi_mpr_2025_04_p086_c001"", ""rbi_mpr_2025_04_p043_c000"", ""rbi_mpr_2025_04_p073_c002"", ""rbi_mpr_2025_04_p009_c000"", ""rbi_mpr_2025_04_p069_c004"", ""rbi_mpr_2025_04_p005_c001"", ""rbi_mpr_2025_04_p104_c000"", ""rbi_mpr_2025_04_p073_c003"", ""rbi_mpr_2025_04_p077_c001"", ""rbi_mpr_2025_04_p069_c002"", ""rbi_mpr_2025_04_p095_c000"", ""rbi_mpr_2025_04_p075_c002"", ""rbi_mpr_2025_04_p012_c000"", ""rbi_mpr_2025_04_p013_c002"", ""rbi_mpr_2025_04_p025_c003"", ""rbi_mpr_2025_04_p019_c000"", ""rbi_mpr_2025_04_p103_c002"", ""rbi_mpr_2025_04_p086_c000"", ""rbi_mpr_2025_04_p022_c002"", ""rbi_mpr_2025_04_p074_c001"", ""rbi_mpr_2025_04_p073_c006"", ""rbi_mpr_2025_04_p093_c001"", ""rbi_mpr_2025_04_p111_c004"", ""rbi_mpr_2025_04_p111_c002"", ""rbi_mpr_2025_04_p111_c003"", ""rbi_mpr_2025_04_p085_c000"", ""rbi_mpr_2025_04_p077_c002"", ""rbi_mpr_2025_04_p012_c003"", ""rbi_mpr_2025_04_p029_c003"", ""rbi_mpr_2025_04_p011_c000"", ""rbi_mpr_2025_04_p074_c002""], ""dense_candidate_pages"": [14, 14, 22, 23, 14, 11, 22, 14, 22, 14, 110, 16, 78, 104, 36, 38, 13, 13, 111, 86, 43, 73, 9, 69, 5, 104, 73, 77, 69, 95, 75, 12, 13, 25, 19, 103, 86, 22, 74, 73, 93, 111, 111, 111, 85, 77, 12, 29, 11, 74], ""dense_candidate_scores"": [0.27374135367531416, 0.24032699500108934, 0.23884612333181054, 0.2349330413286651, 0.2267223294765608, 0.22077144734791365, 0.21005645405098905, 0.20821059067360592, 0.18383706817975587, 0.17872819579065935, 0.16951354600702562, 0.1588380021603072, 0.14983130492722618, 0.12595899275586775, 0.12178940503268498, 0.08629366639159808, 0.08555929970314424, 0.08145495530145641, 0.07987166679029611, 0.06768659141731159, 0.06282571108485313, 0.06159089271718099, 0.05406961901301788, 0.05144639916169991, 0.049853248287988094, 0.04852292516159018, 0.04812708196037585, 0.045033418985979234, 0.044370533352599884, 0.042162544252811185, 0.041395303022518926, 0.03899276407000385, 0.038581916590719634, 0.037151115377471844, 0.034171754656236786, 0.03371774880407741, 0.03215780964699222, 0.030727345608532408, 0.028451752963732257, 0.027942028977841482, 0.025164973129458645, 0.02372540537172063, 0.01983474549198294, 0.019103750551410004, 0.01819725613363765, 0.015459902616552168, 0.015305476563608256, 0.012342553113292354, 0.011949828778867855, 0.011931115578128981], ""dense_first_evidence_rank"": 1, ""evidence_rank_after_reranking"": 1, ""evidence_rank_before_reranking"": 9, ""expected_evidence"": [""US$ 70 per barrel during 2025-26""], ""loss_stage"": ""evidence_found"", ""report_id"": ""rbi_mpr_2025_04"", ""reranker_input_ids"": [""rbi_mpr_2025_04_p111_c001"", ""rbi_mpr_2025_04_p110_c002"", ""rbi_mpr_2025_04_p073_c003"", ""rbi_mpr_2025_04_p029_c003"", ""rbi_mpr_2025_04_p111_c002"", ""rbi_mpr_2025_04_p005_c001"", ""rbi_mpr_2025_04_p012_c003"", ""rbi_mpr_2025_04_p011_c000"", ""rbi_mpr_2025_04_p014_c003"", ""rbi_mpr_2025_04_p021_c000"", ""rbi_mpr_2025_04_p014_c002"", ""rbi_mpr_2025_04_p021_c001"", ""rbi_mpr_2025_04_p022_c000"", ""rbi_mpr_2025_04_p028_c001"", ""rbi_mpr_2025_04_p023_c003"", ""rbi_mpr_2025_04_p014_c000"", ""rbi_mpr_2025_04_p011_c003"", ""rbi_mpr_2025_04_p022_c003"", ""rbi_mpr_2025_04_p018_c000"", ""rbi_mpr_2025_04_p014_c001"", ""rbi_mpr_2025_04_p020_c000"", ""rbi_mpr_2025_04_p022_c001"", ""rbi_mpr_2025_04_p028_c000"", ""rbi_mpr_2025_04_p014_c004"", ""rbi_mpr_2025_04_p029_c002"", ""rbi_mpr_2025_04_p019_c004"", ""rbi_mpr_2025_04_p016_c002"", ""rbi_mpr_2025_04_p078_c003"", ""rbi_mpr_2025_04_p104_c003"", ""rbi_mpr_2025_04_p068_c002""], ""reranker_input_pages"": [111, 110, 73, 29, 111, 5, 12, 11, 14, 21, 14, 21, 22, 28, 23, 14, 11, 22, 18, 14, 20, 22, 28, 14, 29, 19, 16, 78, 104, 68], ""reranker_input_ranks"": [1, 2, 3, 4, 5, 6, 7, 8, 9, 10, 11, 12, 13, 14, 15, 16, 17, 18, 19, 20, 21, 22, 23, 24, 25, 26, 27, 28, 29, 30], ""reranker_output_ids"": [""rbi_mpr_2025_04_p014_c001"", ""rbi_mpr_2025_04_p021_c001"", ""rbi_mpr_2025_04_p014_c003"", ""rbi_mpr_2025_04_p023_c003"", ""rbi_mpr_2025_04_p012_c003"", ""rbi_mpr_2025_04_p021_c000"", ""rbi_mpr_2025_04_p022_c001"", ""rbi_mpr_2025_04_p022_c003"", ""rbi_mpr_2025_04_p014_c000"", ""rbi_mpr_2025_04_p011_c000"", ""rbi_mpr_2025_04_p011_c003"", ""rbi_mpr_2025_04_p111_c001"", ""rbi_mpr_2025_04_p022_c000"", ""rbi_mpr_2025_04_p029_c003"", ""rbi_mpr_2025_04_p016_c002"", ""rbi_mpr_2025_04_p110_c002"", ""rbi_mpr_2025_04_p111_c002"", ""rbi_mpr_2025_04_p014_c002"", ""rbi_mpr_2025_04_p020_c000"", ""rbi_mpr_2025_04_p019_c004"", ""rbi_mpr_2025_04_p018_c000"", ""rbi_mpr_2025_04_p068_c002"", ""rbi_mpr_2025_04_p078_c003"", ""rbi_mpr_2025_04_p014_c004"", ""rbi_mpr_2025_04_p073_c003"", ""rbi_mpr_2025_04_p028_c001"", ""rbi_mpr_2025_04_p104_c003"", ""rbi_mpr_2025_04_p005_c001"", ""rbi_mpr_2025_04_p028_c000"", ""rbi_mpr_2025_04_p029_c002""], ""reranker_output_pages"": [14, 21, 14, 23, 12, 21, 22, 22, 14, 11, 11, 111, 22, 29, 16, 110, 111, 14, 20, 19, 18, 68, 78, 14, 73, 28, 104, 5, 28, 29], ""reranker_scores"": [-2.913273811340332, -4.267687797546387, -4.955618858337402, -5.6492719650268555, -5.935699462890625, -6.055762767791748, -6.517268657684326, -6.60114860534668, -6.6952009201049805, -7.048166275024414, -7.912564277648926, -8.502948760986328, -9.025994300842285, -9.02629280090332, -9.120405197143555, -9.12345027923584, -9.620521545410156, -9.90322208404541, -10.071069717407227, -10.079249382019043, -10.32732105255127, -10.348827362060547, -10.373568534851074, -10.558456420898438, -10.91034984588623, -10.99024486541748, -11.043460845947266, -11.13970947265625, -11.273066520690918, -11.37165355682373], ""rrf_candidate_ids"": [""rbi_mpr_2025_04_p111_c001"", ""rbi_mpr_2025_04_p110_c002"", ""rbi_mpr_2025_04_p073_c003"", ""rbi_mpr_2025_04_p029_c003"", ""rbi_mpr_2025_04_p111_c002"", ""rbi_mpr_2025_04_p005_c001"", ""rbi_mpr_2025_04_p012_c003"", ""rbi_mpr_2025_04_p011_c000"", ""rbi_mpr_2025_04_p014_c003"", ""rbi_mpr_2025_04_p021_c000"", ""rbi_mpr_2025_04_p014_c002"", ""rbi_mpr_2025_04_p021_c001"", ""rbi_mpr_2025_04_p022_c000"", ""rbi_mpr_2025_04_p028_c001"", ""rbi_mpr_2025_04_p023_c003"", ""rbi_mpr_2025_04_p014_c000"", ""rbi_mpr_2025_04_p011_c003"", ""rbi_mpr_2025_04_p022_c003"", ""rbi_mpr_2025_04_p018_c000"", ""rbi_mpr_2025_04_p014_c001"", ""rbi_mpr_2025_04_p020_c000"", ""rbi_mpr_2025_04_p022_c001"", ""rbi_mpr_2025_04_p028_c000"", ""rbi_mpr_2025_04_p014_c004"", ""rbi_mpr_2025_04_p029_c002"", ""rbi_mpr_2025_04_p019_c004"", ""rbi_mpr_2025_04_p016_c002"", ""rbi_mpr_2025_04_p078_c003"", ""rbi_mpr_2025_04_p104_c003"", ""rbi_mpr_2025_04_p068_c002""], ""rrf_candidate_pages"": [111, 110, 73, 29, 111, 5, 12, 11, 14, 21, 14, 21, 22, 28, 23, 14, 11, 22, 18, 14, 20, 22, 28, 14, 29, 19, 16, 78, 104, 68], ""rrf_first_evidence_rank"": 9, ""rrf_scores"": [0.02804284323271665, 0.02797339593114241, 0.02664576802507837, 0.02488425925925926, 0.02340736800106397, 0.023128342245989305, 0.02058174944870314, 0.019927000098648517, 0.01639344262295082, 0.01639344262295082, 0.016129032258064516, 0.016129032258064516, 0.015873015873015872, 0.015873015873015872, 0.015625, 0.015384615384615385, 0.015151515151515152, 0.014925373134328358, 0.014925373134328358, 0.014705882352941176, 0.014705882352941176, 0.014492753623188406, 0.014492753623188406, 0.014285714285714285, 0.014285714285714285, 0.014084507042253521, 0.013888888888888888, 0.0136986301369863, 0.013513513513513514, 0.013513513513513514], ""selected_chunk_ids_after_dedup"": [""rbi_mpr_2025_04_p014_c001"", ""rbi_mpr_2025_04_p021_c001""], ""selected_chunk_ids_before_dedup"": [""rbi_mpr_2025_04_p014_c001"", ""rbi_mpr_2025_04_p021_c001""], ""selected_pages"": [14, 21]}, ""rbi_mpr_2025_10"": {""accepted_evidence_found"": true, ""accepted_pages"": [12], ""bm25_candidate_ids"": [""rbi_mpr_2025_10_p021_c000"", ""rbi_mpr_2025_10_p020_c000"", ""rbi_mpr_2025_10_p034_c005"", ""rbi_mpr_2025_10_p042_c002"", ""rbi_mpr_2025_10_p027_c002"", ""rbi_mpr_2025_10_p016_c002"", ""rbi_mpr_2025_10_p020_c001"", ""rbi_mpr_2025_10_p019_c002"", ""rbi_mpr_2025_10_p017_c004"", ""rbi_mpr_2025_10_p014_c000"", ""rbi_mpr_2025_10_p019_c003"", ""rbi_mpr_2025_10_p014_c003"", ""rbi_mpr_2025_10_p031_c000"", ""rbi_mpr_2025_10_p021_c001"", ""rbi_mpr_2025_10_p034_c004"", ""rbi_mpr_2025_10_p016_c003"", ""rbi_mpr_2025_10_p009_c003"", ""rbi_mpr_2025_10_p097_c004"", ""rbi_mpr_2025_10_p105_c001"", ""rbi_mpr_2025_10_p021_c005"", ""rbi_mpr_2025_10_p017_c000"", ""rbi_mpr_2025_10_p014_c001"", ""rbi_mpr_2025_10_p021_c004"", ""rbi_mpr_2025_10_p032_c003"", ""rbi_mpr_2025_10_p010_c002"", ""rbi_mpr_2025_10_p011_c003"", ""rbi_mpr_2025_10_p049_c002"", ""rbi_mpr_2025_10_p017_c003"", ""rbi_mpr_2025_10_p110_c001"", ""rbi_mpr_2025_10_p076_c000"", ""rbi_mpr_2025_10_p076_c001"", ""rbi_mpr_2025_10_p091_c000"", ""rbi_mpr_2025_10_p065_c004"", ""rbi_mpr_2025_10_p055_c002"", ""rbi_mpr_2025_10_p034_c003"", ""rbi_mpr_2025_10_p065_c003"", ""rbi_mpr_2025_10_p027_c001"", ""rbi_mpr_2025_10_p103_c000"", ""rbi_mpr_2025_10_p055_c001"", ""rbi_mpr_2025_10_p016_c004"", ""rbi_mpr_2025_10_p018_c000"", ""rbi_mpr_2025_10_p010_c004"", ""rbi_mpr_2025_10_p041_c004"", ""rbi_mpr_2025_10_p023_c003"", ""rbi_mpr_2025_10_p097_c001"", ""rbi_mpr_2025_10_p081_c000"", ""rbi_mpr_2025_10_p035_c002"", ""rbi_mpr_2025_10_p063_c000"", ""rbi_mpr_2025_10_p010_c003"", ""rbi_mpr_2025_10_p011_c004""], ""bm25_candidate_pages"": [21, 20, 34, 42, 27, 16, 20, 19, 17, 14, 19, 14, 31, 21, 34, 16, 9, 97, 105, 21, 17, 14, 21, 32, 10, 11, 49, 17, 110, 76, 76, 91, 65, 55, 34, 65, 27, 103, 55, 16, 18, 10, 41, 23, 97, 81, 35, 63, 10, 11], ""bm25_candidate_scores"": [null, null, null, null, null, null, null, null, null, null, null, null, null, null, null, null, null, null, null, null, null, null, null, null, null, null, null, null, null, null, null, null, null, null, null, null, null, null, null, null, null, null, null, null, null, null, null, null, null, null], ""bm25_first_evidence_rank"": null, ""candidate_source_expansion"": {""rbi_mpr_2025_04_p005_c001"": [], ""rbi_mpr_2025_04_p009_c000"": [], ""rbi_mpr_2025_04_p011_c000"": [], ""rbi_mpr_2025_04_p011_c003"": [], ""rbi_mpr_2025_04_p012_c000"": [], ""rbi_mpr_2025_04_p012_c002"": [], ""rbi_mpr_2025_04_p012_c003"": [], ""rbi_mpr_2025_04_p012_c004"": [], ""rbi_mpr_2025_04_p013_c002"": [], ""rbi_mpr_2025_04_p013_c003"": [], ""rbi_mpr_2025_04_p013_c004"": [], ""rbi_mpr_2025_04_p014_c000"": [], ""rbi_mpr_2025_04_p014_c001"": [], ""rbi_mpr_2025_04_p014_c002"": [], ""rbi_mpr_2025_04_p014_c003"": [], ""rbi_mpr_2025_04_p014_c004"": [], ""rbi_mpr_2025_04_p015_c001"": [], ""rbi_mpr_2025_04_p015_c002"": [], ""rbi_mpr_2025_04_p016_c002"": [], ""rbi_mpr_2025_04_p018_c000"": [], ""rbi_mpr_2025_04_p018_c001"": [], ""rbi_mpr_2025_04_p019_c000"": [], ""rbi_mpr_2025_04_p019_c001"": [], ""rbi_mpr_2025_04_p019_c003"": [], ""rbi_mpr_2025_04_p019_c004"": [], ""rbi_mpr_2025_04_p020_c000"": [], ""rbi_mpr_2025_04_p021_c000"": [], ""rbi_mpr_2025_04_p021_c001"": [], ""rbi_mpr_2025_04_p021_c003"": [], ""rbi_mpr_2025_04_p021_c004"": [], ""rbi_mpr_2025_04_p022_c000"": [], ""rbi_mpr_2025_04_p022_c001"": [], ""rbi_mpr_2025_04_p022_c002"": [], ""rbi_mpr_2025_04_p022_c003"": [], ""rbi_mpr_2025_04_p023_c003"": [], ""rbi_mpr_2025_04_p025_c003"": [], ""rbi_mpr_2025_04_p027_c000"": [], ""rbi_mpr_2025_04_p027_c001"": [], ""rbi_mpr_2025_04_p027_c002"": [], ""rbi_mpr_2025_04_p028_c000"": [], ""rbi_mpr_2025_04_p028_c001"": [], ""rbi_mpr_2025_04_p028_c002"": [], ""rbi_mpr_2025_04_p028_c003"": [], ""rbi_mpr_2025_04_p029_c002"": [], ""rbi_mpr_2025_04_p029_c003"": [], ""rbi_mpr_2025_04_p036_c000"": [], ""rbi_mpr_2025_04_p036_c001"": [], ""rbi_mpr_2025_04_p036_c002"": [], ""rbi_mpr_2025_04_p038_c000"": [], ""rbi_mpr_2025_04_p038_c001"": [], ""rbi_mpr_2025_04_p038_c002"": [], ""rbi_mpr_2025_04_p039_c002"": [], ""rbi_mpr_2025_04_p043_c000"": [], ""rbi_mpr_2025_04_p044_c001"": [], ""rbi_mpr_2025_04_p044_c002"": [], ""rbi_mpr_2025_04_p047_c000"": [], ""rbi_mpr_2025_04_p055_c000"": [], ""rbi_mpr_2025_04_p060_c000"": [], ""rbi_mpr_2025_04_p068_c001"": [], ""rbi_mpr_2025_04_p068_c002"": [], ""rbi_mpr_2025_04_p069_c002"": [], ""rbi_mpr_2025_04_p069_c004"": [], ""rbi_mpr_2025_04_p070_c002"": [], ""rbi_mpr_2025_04_p073_c002"": [], ""rbi_mpr_2025_04_p073_c003"": [], ""rbi_mpr_2025_04_p073_c006"": [], ""rbi_mpr_2025_04_p074_c001"": [], ""rbi_mpr_2025_04_p074_c002"": [], ""rbi_mpr_2025_04_p075_c002"": [], ""rbi_mpr_2025_04_p077_c001"": [], ""rbi_mpr_2025_04_p077_c002"": [], ""rbi_mpr_2025_04_p078_c003"": [], ""rbi_mpr_2025_04_p079_c000"": [], ""rbi_mpr_2025_04_p085_c000"": [], ""rbi_mpr_2025_04_p086_c000"": [], ""rbi_mpr_2025_04_p086_c001"": [], ""rbi_mpr_2025_04_p087_c001"": [], ""rbi_mpr_2025_04_p093_c001"": [], ""rbi_mpr_2025_04_p095_c000"": [], ""rbi_mpr_2025_04_p099_c000"": [], ""rbi_mpr_2025_04_p103_c002"": [], ""rbi_mpr_2025_04_p104_c000"": [], ""rbi_mpr_2025_04_p104_c003"": [], ""rbi_mpr_2025_04_p110_c000"": [], ""rbi_mpr_2025_04_p110_c001"": [], ""rbi_mpr_2025_04_p110_c002"": [], ""rbi_mpr_2025_04_p110_c003"": [], ""rbi_mpr_2025_04_p111_c001"": [], ""rbi_mpr_2025_04_p111_c002"": [], ""rbi_mpr_2025_04_p111_c003"": [], ""rbi_mpr_2025_04_p111_c004"": [], ""rbi_mpr_2025_04_p114_c001"": [], ""rbi_mpr_2025_10_p007_c002"": [], ""rbi_mpr_2025_10_p009_c000"": [], ""rbi_mpr_2025_10_p009_c001"": [], ""rbi_mpr_2025_10_p009_c003"": [], ""rbi_mpr_2025_10_p009_c004"": [], ""rbi_mpr_2025_10_p009_c005"": [], ""rbi_mpr_2025_10_p010_c001"": [], ""rbi_mpr_2025_10_p010_c002"": [], ""rbi_mpr_2025_10_p010_c003"": [], ""rbi_mpr_2025_10_p010_c004"": [], ""rbi_mpr_2025_10_p011_c001"": [], ""rbi_mpr_2025_10_p011_c003"": [], ""rbi_mpr_2025_10_p011_c004"": [], ""rbi_mpr_2025_10_p012_c000"": [], ""rbi_mpr_2025_10_p012_c001"": [], ""rbi_mpr_2025_10_p012_c002"": [], ""rbi_mpr_2025_10_p012_c003"": [], ""rbi_mpr_2025_10_p012_c004"": [], ""rbi_mpr_2025_10_p013_c000"": [], ""rbi_mpr_2025_10_p013_c004"": [], ""rbi_mpr_2025_10_p014_c000"": [], ""rbi_mpr_2025_10_p014_c001"": [], ""rbi_mpr_2025_10_p014_c003"": [], ""rbi_mpr_2025_10_p016_c002"": [], ""rbi_mpr_2025_10_p016_c003"": [], ""rbi_mpr_2025_10_p016_c004"": [], ""rbi_mpr_2025_10_p017_c000"": [], ""rbi_mpr_2025_10_p017_c003"": [], ""rbi_mpr_2025_10_p017_c004"": [], ""rbi_mpr_2025_10_p018_c000"": [], ""rbi_mpr_2025_10_p019_c002"": [], ""rbi_mpr_2025_10_p019_c003"": [], ""rbi_mpr_2025_10_p020_c000"": [], ""rbi_mpr_2025_10_p020_c001"": [], ""rbi_mpr_2025_10_p021_c000"": [], ""rbi_mpr_2025_10_p021_c001"": [], ""rbi_mpr_2025_10_p021_c002"": [], ""rbi_mpr_2025_10_p021_c003"": [], ""rbi_mpr_2025_10_p021_c004"": [], ""rbi_mpr_2025_10_p021_c005"": [], ""rbi_mpr_2025_10_p022_c000"": [], ""rbi_mpr_2025_10_p022_c001"": [], ""rbi_mpr_2025_10_p022_c002"": [], ""rbi_mpr_2025_10_p023_c003"": [], ""rbi_mpr_2025_10_p027_c001"": [], ""rbi_mpr_2025_10_p027_c002"": [], ""rbi_mpr_2025_10_p031_c000"": [], ""rbi_mpr_2025_10_p031_c002"": [], ""rbi_mpr_2025_10_p032_c003"": [], ""rbi_mpr_2025_10_p032_c004"": [], ""rbi_mpr_2025_10_p034_c003"": [], ""rbi_mpr_2025_10_p034_c004"": [], ""rbi_mpr_2025_10_p034_c005"": [], ""rbi_mpr_2025_10_p035_c002"": [], ""rbi_mpr_2025_10_p037_c000"": [], ""rbi_mpr_2025_10_p037_c001"": [], ""rbi_mpr_2025_10_p041_c003"": [], ""rbi_mpr_2025_10_p041_c004"": [], ""rbi_mpr_2025_10_p042_c002"": [], ""rbi_mpr_2025_10_p049_c002"": [], ""rbi_mpr_2025_10_p055_c000"": [], ""rbi_mpr_2025_10_p055_c001"": [], ""rbi_mpr_2025_10_p055_c002"": [], ""rbi_mpr_2025_10_p063_c000"": [], ""rbi_mpr_2025_10_p065_c003"": [], ""rbi_mpr_2025_10_p065_c004"": [], ""rbi_mpr_2025_10_p066_c001"": [], ""rbi_mpr_2025_10_p068_c003"": [], ""rbi_mpr_2025_10_p069_c000"": [], ""rbi_mpr_2025_10_p074_c001"": [], ""rbi_mpr_2025_10_p074_c002"": [], ""rbi_mpr_2025_10_p076_c000"": [], ""rbi_mpr_2025_10_p076_c001"": [], ""rbi_mpr_2025_10_p080_c001"": [], ""rbi_mpr_2025_10_p080_c002"": [], ""rbi_mpr_2025_10_p081_c000"": [], ""rbi_mpr_2025_10_p084_c000"": [], ""rbi_mpr_2025_10_p091_c000"": [], ""rbi_mpr_2025_10_p094_c003"": [], ""rbi_mpr_2025_10_p097_c001"": [], ""rbi_mpr_2025_10_p097_c004"": [], ""rbi_mpr_2025_10_p099_c002"": [], ""rbi_mpr_2025_10_p099_c003"": [], ""rbi_mpr_2025_10_p100_c002"": [], ""rbi_mpr_2025_10_p100_c003"": [], ""rbi_mpr_2025_10_p102_c001"": [], ""rbi_mpr_2025_10_p103_c000"": [], ""rbi_mpr_2025_10_p105_c001"": [], ""rbi_mpr_2025_10_p110_c001"": [], ""rbi_mpr_2026_04_p005_c003"": [], ""rbi_mpr_2026_04_p005_c004"": [], ""rbi_mpr_2026_04_p005_c005"": [], ""rbi_mpr_2026_04_p013_c000"": [], ""rbi_mpr_2026_04_p013_c001"": [], ""rbi_mpr_2026_04_p014_c000"": [], ""rbi_mpr_2026_04_p016_c001"": [], ""rbi_mpr_2026_04_p016_c002"": [], ""rbi_mpr_2026_04_p017_c001"": [], ""rbi_mpr_2026_04_p017_c002"": [], ""rbi_mpr_2026_04_p018_c001"": [], ""rbi_mpr_2026_04_p018_c002"": [], ""rbi_mpr_2026_04_p018_c003"": [], ""rbi_mpr_2026_04_p020_c000"": [], ""rbi_mpr_2026_04_p020_c001"": [], ""rbi_mpr_2026_04_p020_c002"": [], ""rbi_mpr_2026_04_p020_c003"": [], ""rbi_mpr_2026_04_p021_c000"": [], ""rbi_mpr_2026_04_p022_c002"": [], ""rbi_mpr_2026_04_p022_c003"": [], ""rbi_mpr_2026_04_p023_c000"": [], ""rbi_mpr_2026_04_p023_c001"": [], ""rbi_mpr_2026_04_p026_c002"": [], ""rbi_mpr_2026_04_p029_c001"": [], ""rbi_mpr_2026_04_p034_c000"": [], ""rbi_mpr_2026_04_p034_c001"": [], ""rbi_mpr_2026_04_p040_c000"": [], ""rbi_mpr_2026_04_p040_c001"": [], ""rbi_mpr_2026_04_p049_c001"": [], ""rbi_mpr_2026_04_p050_c000"": [], ""rbi_mpr_2026_04_p050_c001"": [], ""rbi_mpr_2026_04_p059_c000"": [], ""rbi_mpr_2026_04_p068_c002"": [], ""rbi_mpr_2026_04_p078_c001"": [], ""rbi_mpr_2026_04_p079_c000"": [], ""rbi_mpr_2026_04_p081_c004"": [], ""rbi_mpr_2026_04_p081_c005"": [], ""rbi_mpr_2026_04_p082_c001"": [], ""rbi_mpr_2026_04_p083_c000"": [], ""rbi_mpr_2026_04_p083_c003"": [], ""rbi_mpr_2026_04_p086_c000"": [], ""rbi_mpr_2026_04_p086_c001"": [], ""rbi_mpr_2026_04_p086_c003"": [], ""rbi_mpr_2026_04_p087_c000"": [], ""rbi_mpr_2026_04_p087_c001"": [], ""rbi_mpr_2026_04_p087_c002"": [], ""rbi_mpr_2026_04_p088_c000"": [], ""rbi_mpr_2026_04_p088_c001"": [], ""rbi_mpr_2026_04_p088_c002"": [], ""rbi_mpr_2026_04_p088_c003"": [], ""rbi_mpr_2026_04_p088_c004"": [], ""rbi_mpr_2026_04_p089_c002"": [], ""rbi_mpr_2026_04_p089_c003"": [], ""rbi_mpr_2026_04_p090_c003"": [], ""rbi_mpr_2026_04_p090_c004"": [], ""rbi_mpr_2026_04_p095_c000"": [], ""rbi_mpr_2026_04_p095_c001"": [], ""rbi_mpr_2026_04_p099_c002"": [], ""rbi_mpr_2026_04_p100_c001"": [], ""rbi_mpr_2026_04_p100_c002"": [], ""rbi_mpr_2026_04_p100_c003"": [], ""rbi_mpr_2026_04_p101_c004"": [], ""rbi_mpr_2026_04_p101_c005"": [], ""rbi_mpr_2026_04_p103_c003"": [], ""rbi_mpr_2026_04_p105_c000"": [], ""rbi_mpr_2026_04_p105_c001"": [], ""rbi_mpr_2026_04_p105_c002"": [], ""rbi_mpr_2026_04_p105_c003"": [], ""rbi_mpr_2026_04_p105_c004"": [], ""rbi_mpr_2026_04_p106_c002"": [], ""rbi_mpr_2026_04_p106_c003"": [], ""rbi_mpr_2026_04_p107_c001"": [], ""rbi_mpr_2026_04_p107_c004"": [], ""rbi_mpr_2026_04_p108_c002"": [], ""rbi_mpr_2026_04_p109_c001"": [], ""rbi_mpr_2026_04_p110_c000"": [], ""rbi_mpr_2026_04_p111_c001"": [], ""rbi_mpr_2026_04_p112_c000"": [], ""rbi_mpr_2026_04_p112_c001"": [], ""rbi_mpr_2026_04_p112_c002"": [], ""rbi_mpr_2026_04_p112_c003"": [], ""rbi_mpr_2026_04_p112_c004"": [], ""rbi_mpr_2026_04_p113_c000"": [], ""rbi_mpr_2026_04_p113_c001"": [], ""rbi_mpr_2026_04_p113_c002"": [], ""rbi_mpr_2026_04_p113_c003"": [], ""rbi_mpr_2026_04_p114_c000"": [], ""rbi_mpr_2026_04_p114_c001"": [], ""rbi_mpr_2026_04_p114_c002"": [], ""rbi_mpr_2026_04_p115_c004"": []}, ""candidate_source_facet"": {""rbi_mpr_2025_04_p005_c001"": [], ""rbi_mpr_2025_04_p009_c000"": [], ""rbi_mpr_2025_04_p011_c000"": [], ""rbi_mpr_2025_04_p011_c003"": [], ""rbi_mpr_2025_04_p012_c000"": [], ""rbi_mpr_2025_04_p012_c002"": [], ""rbi_mpr_2025_04_p012_c003"": [], ""rbi_mpr_2025_04_p012_c004"": [], ""rbi_mpr_2025_04_p013_c002"": [], ""rbi_mpr_2025_04_p013_c003"": [], ""rbi_mpr_2025_04_p013_c004"": [], ""rbi_mpr_2025_04_p014_c000"": [], ""rbi_mpr_2025_04_p014_c001"": [], ""rbi_mpr_2025_04_p014_c002"": [], ""rbi_mpr_2025_04_p014_c003"": [], ""rbi_mpr_2025_04_p014_c004"": [], ""rbi_mpr_2025_04_p015_c001"": [], ""rbi_mpr_2025_04_p015_c002"": [], ""rbi_mpr_2025_04_p016_c002"": [], ""rbi_mpr_2025_04_p018_c000"": [], ""rbi_mpr_2025_04_p018_c001"": [], ""rbi_mpr_2025_04_p019_c000"": [], ""rbi_mpr_2025_04_p019_c001"": [], ""rbi_mpr_2025_04_p019_c003"": [], ""rbi_mpr_2025_04_p019_c004"": [], ""rbi_mpr_2025_04_p020_c000"": [], ""rbi_mpr_2025_04_p021_c000"": [], ""rbi_mpr_2025_04_p021_c001"": [], ""rbi_mpr_2025_04_p021_c003"": [], ""rbi_mpr_2025_04_p021_c004"": [], ""rbi_mpr_2025_04_p022_c000"": [], ""rbi_mpr_2025_04_p022_c001"": [], ""rbi_mpr_2025_04_p022_c002"": [], ""rbi_mpr_2025_04_p022_c003"": [], ""rbi_mpr_2025_04_p023_c003"": [], ""rbi_mpr_2025_04_p025_c003"": [], ""rbi_mpr_2025_04_p027_c000"": [], ""rbi_mpr_2025_04_p027_c001"": [], ""rbi_mpr_2025_04_p027_c002"": [], ""rbi_mpr_2025_04_p028_c000"": [], ""rbi_mpr_2025_04_p028_c001"": [], ""rbi_mpr_2025_04_p028_c002"": [], ""rbi_mpr_2025_04_p028_c003"": [], ""rbi_mpr_2025_04_p029_c002"": [], ""rbi_mpr_2025_04_p029_c003"": [], ""rbi_mpr_2025_04_p036_c000"": [], ""rbi_mpr_2025_04_p036_c001"": [], ""rbi_mpr_2025_04_p036_c002"": [], ""rbi_mpr_2025_04_p038_c000"": [], ""rbi_mpr_2025_04_p038_c001"": [], ""rbi_mpr_2025_04_p038_c002"": [], ""rbi_mpr_2025_04_p039_c002"": [], ""rbi_mpr_2025_04_p043_c000"": [], ""rbi_mpr_2025_04_p044_c001"": [], ""rbi_mpr_2025_04_p044_c002"": [], ""rbi_mpr_2025_04_p047_c000"": [], ""rbi_mpr_2025_04_p055_c000"": [], ""rbi_mpr_2025_04_p060_c000"": [], ""rbi_mpr_2025_04_p068_c001"": [], ""rbi_mpr_2025_04_p068_c002"": [], ""rbi_mpr_2025_04_p069_c002"": [], ""rbi_mpr_2025_04_p069_c004"": [], ""rbi_mpr_2025_04_p070_c002"": [], ""rbi_mpr_2025_04_p073_c002"": [], ""rbi_mpr_2025_04_p073_c003"": [], ""rbi_mpr_2025_04_p073_c006"": [], ""rbi_mpr_2025_04_p074_c001"": [], ""rbi_mpr_2025_04_p074_c002"": [], ""rbi_mpr_2025_04_p075_c002"": [], ""rbi_mpr_2025_04_p077_c001"": [], ""rbi_mpr_2025_04_p077_c002"": [], ""rbi_mpr_2025_04_p078_c003"": [], ""rbi_mpr_2025_04_p079_c000"": [], ""rbi_mpr_2025_04_p085_c000"": [], ""rbi_mpr_2025_04_p086_c000"": [], ""rbi_mpr_2025_04_p086_c001"": [], ""rbi_mpr_2025_04_p087_c001"": [], ""rbi_mpr_2025_04_p093_c001"": [], ""rbi_mpr_2025_04_p095_c000"": [], ""rbi_mpr_2025_04_p099_c000"": [], ""rbi_mpr_2025_04_p103_c002"": [], ""rbi_mpr_2025_04_p104_c000"": [], ""rbi_mpr_2025_04_p104_c003"": [], ""rbi_mpr_2025_04_p110_c000"": [], ""rbi_mpr_2025_04_p110_c001"": [], ""rbi_mpr_2025_04_p110_c002"": [], ""rbi_mpr_2025_04_p110_c003"": [], ""rbi_mpr_2025_04_p111_c001"": [], ""rbi_mpr_2025_04_p111_c002"": [], ""rbi_mpr_2025_04_p111_c003"": [], ""rbi_mpr_2025_04_p111_c004"": [], ""rbi_mpr_2025_04_p114_c001"": [], ""rbi_mpr_2025_10_p007_c002"": [], ""rbi_mpr_2025_10_p009_c000"": [], ""rbi_mpr_2025_10_p009_c001"": [], ""rbi_mpr_2025_10_p009_c003"": [], ""rbi_mpr_2025_10_p009_c004"": [], ""rbi_mpr_2025_10_p009_c005"": [], ""rbi_mpr_2025_10_p010_c001"": [], ""rbi_mpr_2025_10_p010_c002"": [], ""rbi_mpr_2025_10_p010_c003"": [], ""rbi_mpr_2025_10_p010_c004"": [], ""rbi_mpr_2025_10_p011_c001"": [], ""rbi_mpr_2025_10_p011_c003"": [], ""rbi_mpr_2025_10_p011_c004"": [], ""rbi_mpr_2025_10_p012_c000"": [], ""rbi_mpr_2025_10_p012_c001"": [], ""rbi_mpr_2025_10_p012_c002"": [], ""rbi_mpr_2025_10_p012_c003"": [], ""rbi_mpr_2025_10_p012_c004"": [], ""rbi_mpr_2025_10_p013_c000"": [], ""rbi_mpr_2025_10_p013_c004"": [], ""rbi_mpr_2025_10_p014_c000"": [], ""rbi_mpr_2025_10_p014_c001"": [], ""rbi_mpr_2025_10_p014_c003"": [], ""rbi_mpr_2025_10_p016_c002"": [], ""rbi_mpr_2025_10_p016_c003"": [], ""rbi_mpr_2025_10_p016_c004"": [], ""rbi_mpr_2025_10_p017_c000"": [], ""rbi_mpr_2025_10_p017_c003"": [], ""rbi_mpr_2025_10_p017_c004"": [], ""rbi_mpr_2025_10_p018_c000"": [], ""rbi_mpr_2025_10_p019_c002"": [], ""rbi_mpr_2025_10_p019_c003"": [], ""rbi_mpr_2025_10_p020_c000"": [], ""rbi_mpr_2025_10_p020_c001"": [], ""rbi_mpr_2025_10_p021_c000"": [], ""rbi_mpr_2025_10_p021_c001"": [], ""rbi_mpr_2025_10_p021_c002"": [], ""rbi_mpr_2025_10_p021_c003"": [], ""rbi_mpr_2025_10_p021_c004"": [], ""rbi_mpr_2025_10_p021_c005"": [], ""rbi_mpr_2025_10_p022_c000"": [], ""rbi_mpr_2025_10_p022_c001"": [], ""rbi_mpr_2025_10_p022_c002"": [], ""rbi_mpr_2025_10_p023_c003"": [], ""rbi_mpr_2025_10_p027_c001"": [], ""rbi_mpr_2025_10_p027_c002"": [], ""rbi_mpr_2025_10_p031_c000"": [], ""rbi_mpr_2025_10_p031_c002"": [], ""rbi_mpr_2025_10_p032_c003"": [], ""rbi_mpr_2025_10_p032_c004"": [], ""rbi_mpr_2025_10_p034_c003"": [], ""rbi_mpr_2025_10_p034_c004"": [], ""rbi_mpr_2025_10_p034_c005"": [], ""rbi_mpr_2025_10_p035_c002"": [], ""rbi_mpr_2025_10_p037_c000"": [], ""rbi_mpr_2025_10_p037_c001"": [], ""rbi_mpr_2025_10_p041_c003"": [], ""rbi_mpr_2025_10_p041_c004"": [], ""rbi_mpr_2025_10_p042_c002"": [], ""rbi_mpr_2025_10_p049_c002"": [], ""rbi_mpr_2025_10_p055_c000"": [], ""rbi_mpr_2025_10_p055_c001"": [], ""rbi_mpr_2025_10_p055_c002"": [], ""rbi_mpr_2025_10_p063_c000"": [], ""rbi_mpr_2025_10_p065_c003"": [], ""rbi_mpr_2025_10_p065_c004"": [], ""rbi_mpr_2025_10_p066_c001"": [], ""rbi_mpr_2025_10_p068_c003"": [], ""rbi_mpr_2025_10_p069_c000"": [], ""rbi_mpr_2025_10_p074_c001"": [], ""rbi_mpr_2025_10_p074_c002"": [], ""rbi_mpr_2025_10_p076_c000"": [], ""rbi_mpr_2025_10_p076_c001"": [], ""rbi_mpr_2025_10_p080_c001"": [], ""rbi_mpr_2025_10_p080_c002"": [], ""rbi_mpr_2025_10_p081_c000"": [], ""rbi_mpr_2025_10_p084_c000"": [], ""rbi_mpr_2025_10_p091_c000"": [], ""rbi_mpr_2025_10_p094_c003"": [], ""rbi_mpr_2025_10_p097_c001"": [], ""rbi_mpr_2025_10_p097_c004"": [], ""rbi_mpr_2025_10_p099_c002"": [], ""rbi_mpr_2025_10_p099_c003"": [], ""rbi_mpr_2025_10_p100_c002"": [], ""rbi_mpr_2025_10_p100_c003"": [], ""rbi_mpr_2025_10_p102_c001"": [], ""rbi_mpr_2025_10_p103_c000"": [], ""rbi_mpr_2025_10_p105_c001"": [], ""rbi_mpr_2025_10_p110_c001"": [], ""rbi_mpr_2026_04_p005_c003"": [], ""rbi_mpr_2026_04_p005_c004"": [], ""rbi_mpr_2026_04_p005_c005"": [], ""rbi_mpr_2026_04_p013_c000"": [], ""rbi_mpr_2026_04_p013_c001"": [], ""rbi_mpr_2026_04_p014_c000"": [], ""rbi_mpr_2026_04_p016_c001"": [], ""rbi_mpr_2026_04_p016_c002"": [], ""rbi_mpr_2026_04_p017_c001"": [], ""rbi_mpr_2026_04_p017_c002"": [], ""rbi_mpr_2026_04_p018_c001"": [], ""rbi_mpr_2026_04_p018_c002"": [], ""rbi_mpr_2026_04_p018_c003"": [], ""rbi_mpr_2026_04_p020_c000"": [], ""rbi_mpr_2026_04_p020_c001"": [], ""rbi_mpr_2026_04_p020_c002"": [], ""rbi_mpr_2026_04_p020_c003"": [], ""rbi_mpr_2026_04_p021_c000"": [], ""rbi_mpr_2026_04_p022_c002"": [], ""rbi_mpr_2026_04_p022_c003"": [], ""rbi_mpr_2026_04_p023_c000"": [], ""rbi_mpr_2026_04_p023_c001"": [], ""rbi_mpr_2026_04_p026_c002"": [], ""rbi_mpr_2026_04_p029_c001"": [], ""rbi_mpr_2026_04_p034_c000"": [], ""rbi_mpr_2026_04_p034_c001"": [], ""rbi_mpr_2026_04_p040_c000"": [], ""rbi_mpr_2026_04_p040_c001"": [], ""rbi_mpr_2026_04_p049_c001"": [], ""rbi_mpr_2026_04_p050_c000"": [], ""rbi_mpr_2026_04_p050_c001"": [], ""rbi_mpr_2026_04_p059_c000"": [], ""rbi_mpr_2026_04_p068_c002"": [], ""rbi_mpr_2026_04_p078_c001"": [], ""rbi_mpr_2026_04_p079_c000"": [], ""rbi_mpr_2026_04_p081_c004"": [], ""rbi_mpr_2026_04_p081_c005"": [], ""rbi_mpr_2026_04_p082_c001"": [], ""rbi_mpr_2026_04_p083_c000"": [], ""rbi_mpr_2026_04_p083_c003"": [], ""rbi_mpr_2026_04_p086_c000"": [], ""rbi_mpr_2026_04_p086_c001"": [], ""rbi_mpr_2026_04_p086_c003"": [], ""rbi_mpr_2026_04_p087_c000"": [], ""rbi_mpr_2026_04_p087_c001"": [], ""rbi_mpr_2026_04_p087_c002"": [], ""rbi_mpr_2026_04_p088_c000"": [], ""rbi_mpr_2026_04_p088_c001"": [], ""rbi_mpr_2026_04_p088_c002"": [], ""rbi_mpr_2026_04_p088_c003"": [], ""rbi_mpr_2026_04_p088_c004"": [], ""rbi_mpr_2026_04_p089_c002"": [], ""rbi_mpr_2026_04_p089_c003"": [], ""rbi_mpr_2026_04_p090_c003"": [], ""rbi_mpr_2026_04_p090_c004"": [], ""rbi_mpr_2026_04_p095_c000"": [], ""rbi_mpr_2026_04_p095_c001"": [], ""rbi_mpr_2026_04_p099_c002"": [], ""rbi_mpr_2026_04_p100_c001"": [], ""rbi_mpr_2026_04_p100_c002"": [], ""rbi_mpr_2026_04_p100_c003"": [], ""rbi_mpr_2026_04_p101_c004"": [], ""rbi_mpr_2026_04_p101_c005"": [], ""rbi_mpr_2026_04_p103_c003"": [], ""rbi_mpr_2026_04_p105_c000"": [], ""rbi_mpr_2026_04_p105_c001"": [], ""rbi_mpr_2026_04_p105_c002"": [], ""rbi_mpr_2026_04_p105_c003"": [], ""rbi_mpr_2026_04_p105_c004"": [], ""rbi_mpr_2026_04_p106_c002"": [], ""rbi_mpr_2026_04_p106_c003"": [], ""rbi_mpr_2026_04_p107_c001"": [], ""rbi_mpr_2026_04_p107_c004"": [], ""rbi_mpr_2026_04_p108_c002"": [], ""rbi_mpr_2026_04_p109_c001"": [], ""rbi_mpr_2026_04_p110_c000"": [], ""rbi_mpr_2026_04_p111_c001"": [], ""rbi_mpr_2026_04_p112_c000"": [], ""rbi_mpr_2026_04_p112_c001"": [], ""rbi_mpr_2026_04_p112_c002"": [], ""rbi_mpr_2026_04_p112_c003"": [], ""rbi_mpr_2026_04_p112_c004"": [], ""rbi_mpr_2026_04_p113_c000"": [], ""rbi_mpr_2026_04_p113_c001"": [], ""rbi_mpr_2026_04_p113_c002"": [], ""rbi_mpr_2026_04_p113_c003"": [], ""rbi_mpr_2026_04_p114_c000"": [], ""rbi_mpr_2026_04_p114_c001"": [], ""rbi_mpr_2026_04_p114_c002"": [], ""rbi_mpr_2026_04_p115_c004"": []}, ""candidate_source_query"": {""rbi_mpr_2025_04_p005_c001"": [""How did crude-oil assumptions or risks evolve across the three MPRs?""], ""rbi_mpr_2025_04_p009_c000"": [""How did crude-oil assumptions or risks evolve across the three MPRs?""], ""rbi_mpr_2025_04_p011_c000"": [""How did crude-oil assumptions or risks evolve across the three MPRs?""], ""rbi_mpr_2025_04_p011_c003"": [""How did crude-oil assumptions or risks evolve across the three MPRs?""], ""rbi_mpr_2025_04_p012_c000"": [""How did crude-oil assumptions or risks evolve across the three MPRs?""], ""rbi_mpr_2025_04_p012_c002"": [""How did crude-oil assumptions or risks evolve across the three MPRs?""], ""rbi_mpr_2025_04_p012_c003"": [""How did crude-oil assumptions or risks evolve across the three MPRs?""], ""rbi_mpr_2025_04_p012_c004"": [""How did crude-oil assumptions or risks evolve across the three MPRs?""], ""rbi_mpr_2025_04_p013_c002"": [""How did crude-oil assumptions or risks evolve across the three MPRs?""], ""rbi_mpr_2025_04_p013_c003"": [""How did crude-oil assumptions or risks evolve across the three MPRs?""], ""rbi_mpr_2025_04_p013_c004"": [""How did crude-oil assumptions or risks evolve across the three MPRs?""], ""rbi_mpr_2025_04_p014_c000"": [""How did crude-oil assumptions or risks evolve across the three MPRs?""], ""rbi_mpr_2025_04_p014_c001"": [""How did crude-oil assumptions or risks evolve across the three MPRs?""], ""rbi_mpr_2025_04_p014_c002"": [""How did crude-oil assumptions or risks evolve across the three MPRs?""], ""rbi_mpr_2025_04_p014_c003"": [""How did crude-oil assumptions or risks evolve across the three MPRs?""], ""rbi_mpr_2025_04_p014_c004"": [""How did crude-oil assumptions or risks evolve across the three MPRs?""], ""rbi_mpr_2025_04_p015_c001"": [""How did crude-oil assumptions or risks evolve across the three MPRs?""], ""rbi_mpr_2025_04_p015_c002"": [""How did crude-oil assumptions or risks evolve across the three MPRs?""], ""rbi_mpr_2025_04_p016_c002"": [""How did crude-oil assumptions or risks evolve across the three MPRs?""], ""rbi_mpr_2025_04_p018_c000"": [""How did crude-oil assumptions or risks evolve across the three MPRs?""], ""rbi_mpr_2025_04_p018_c001"": [""How did crude-oil assumptions or risks evolve across the three MPRs?""], ""rbi_mpr_2025_04_p019_c000"": [""How did crude-oil assumptions or risks evolve across the three MPRs?""], ""rbi_mpr_2025_04_p019_c001"": [""How did crude-oil assumptions or risks evolve across the three MPRs?""], ""rbi_mpr_2025_04_p019_c003"": [""How did crude-oil assumptions or risks evolve across the three MPRs?""], ""rbi_mpr_2025_04_p019_c004"": [""How did crude-oil assumptions or risks evolve across the three MPRs?""], ""rbi_mpr_2025_04_p020_c000"": [""How did crude-oil assumptions or risks evolve across the three MPRs?""], ""rbi_mpr_2025_04_p021_c000"": [""How did crude-oil assumptions or risks evolve across the three MPRs?""], ""rbi_mpr_2025_04_p021_c001"": [""How did crude-oil assumptions or risks evolve across the three MPRs?""], ""rbi_mpr_2025_04_p021_c003"": [""How did crude-oil assumptions or risks evolve across the three MPRs?""], ""rbi_mpr_2025_04_p021_c004"": [""How did crude-oil assumptions or risks evolve across the three MPRs?""], ""rbi_mpr_2025_04_p022_c000"": [""How did crude-oil assumptions or risks evolve across the three MPRs?""], ""rbi_mpr_2025_04_p022_c001"": [""How did crude-oil assumptions or risks evolve across the three MPRs?""], ""rbi_mpr_2025_04_p022_c002"": [""How did crude-oil assumptions or risks evolve across the three MPRs?""], ""rbi_mpr_2025_04_p022_c003"": [""How did crude-oil assumptions or risks evolve across the three MPRs?""], ""rbi_mpr_2025_04_p023_c003"": [""How did crude-oil assumptions or risks evolve across the three MPRs?""], ""rbi_mpr_2025_04_p025_c003"": [""How did crude-oil assumptions or risks evolve across the three MPRs?""], ""rbi_mpr_2025_04_p027_c000"": [""How did crude-oil assumptions or risks evolve across the three MPRs?""], ""rbi_mpr_2025_04_p027_c001"": [""How did crude-oil assumptions or risks evolve across the three MPRs?""], ""rbi_mpr_2025_04_p027_c002"": [""How did crude-oil assumptions or risks evolve across the three MPRs?""], ""rbi_mpr_2025_04_p028_c000"": [""How did crude-oil assumptions or risks evolve across the three MPRs?""], ""rbi_mpr_2025_04_p028_c001"": [""How did crude-oil assumptions or risks evolve across the three MPRs?""], ""rbi_mpr_2025_04_p028_c002"": [""How did crude-oil assumptions or risks evolve across the three MPRs?""], ""rbi_mpr_2025_04_p028_c003"": [""How did crude-oil assumptions or risks evolve across the three MPRs?""], ""rbi_mpr_2025_04_p029_c002"": [""How did crude-oil assumptions or risks evolve across the three MPRs?""], ""rbi_mpr_2025_04_p029_c003"": [""How did crude-oil assumptions or risks evolve across the three MPRs?""], ""rbi_mpr_2025_04_p036_c000"": [""How did crude-oil assumptions or risks evolve across the three MPRs?""], ""rbi_mpr_2025_04_p036_c001"": [""How did crude-oil assumptions or risks evolve across the three MPRs?""], ""rbi_mpr_2025_04_p036_c002"": [""How did crude-oil assumptions or risks evolve across the three MPRs?""], ""rbi_mpr_2025_04_p038_c000"": [""How did crude-oil assumptions or risks evolve across the three MPRs?""], ""rbi_mpr_2025_04_p038_c001"": [""How did crude-oil assumptions or risks evolve across the three MPRs?""], ""rbi_mpr_2025_04_p038_c002"": [""How did crude-oil assumptions or risks evolve across the three MPRs?""], ""rbi_mpr_2025_04_p039_c002"": [""How did crude-oil assumptions or risks evolve across the three MPRs?""], ""rbi_mpr_2025_04_p043_c000"": [""How did crude-oil assumptions or risks evolve across the three MPRs?""], ""rbi_mpr_2025_04_p044_c001"": [""How did crude-oil assumptions or risks evolve across the three MPRs?""], ""rbi_mpr_2025_04_p044_c002"": [""How did crude-oil assumptions or risks evolve across the three MPRs?""], ""rbi_mpr_2025_04_p047_c000"": [""How did crude-oil assumptions or risks evolve across the three MPRs?""], ""rbi_mpr_2025_04_p055_c000"": [""How did crude-oil assumptions or risks evolve across the three MPRs?""], ""rbi_mpr_2025_04_p060_c000"": [""How did crude-oil assumptions or risks evolve across the three MPRs?""], ""rbi_mpr_2025_04_p068_c001"": [""How did crude-oil assumptions or risks evolve across the three MPRs?""], ""rbi_mpr_2025_04_p068_c002"": [""How did crude-oil assumptions or risks evolve across the three MPRs?""], ""rbi_mpr_2025_04_p069_c002"": [""How did crude-oil assumptions or risks evolve across the three MPRs?""], ""rbi_mpr_2025_04_p069_c004"": [""How did crude-oil assumptions or risks evolve across the three MPRs?""], ""rbi_mpr_2025_04_p070_c002"": [""How did crude-oil assumptions or risks evolve across the three MPRs?""], ""rbi_mpr_2025_04_p073_c002"": [""How did crude-oil assumptions or risks evolve across the three MPRs?""], ""rbi_mpr_2025_04_p073_c003"": [""How did crude-oil assumptions or risks evolve across the three MPRs?""], ""rbi_mpr_2025_04_p073_c006"": [""How did crude-oil assumptions or risks evolve across the three MPRs?""], ""rbi_mpr_2025_04_p074_c001"": [""How did crude-oil assumptions or risks evolve across the three MPRs?""], ""rbi_mpr_2025_04_p074_c002"": [""How did crude-oil assumptions or risks evolve across the three MPRs?""], ""rbi_mpr_2025_04_p075_c002"": [""How did crude-oil assumptions or risks evolve across the three MPRs?""], ""rbi_mpr_2025_04_p077_c001"": [""How did crude-oil assumptions or risks evolve across the three MPRs?""], ""rbi_mpr_2025_04_p077_c002"": [""How did crude-oil assumptions or risks evolve across the three MPRs?""], ""rbi_mpr_2025_04_p078_c003"": [""How did crude-oil assumptions or risks evolve across the three MPRs?""], ""rbi_mpr_2025_04_p079_c000"": [""How did crude-oil assumptions or risks evolve across the three MPRs?""], ""rbi_mpr_2025_04_p085_c000"": [""How did crude-oil assumptions or risks evolve across the three MPRs?""], ""rbi_mpr_2025_04_p086_c000"": [""How did crude-oil assumptions or risks evolve across the three MPRs?""], ""rbi_mpr_2025_04_p086_c001"": [""How did crude-oil assumptions or risks evolve across the three MPRs?""], ""rbi_mpr_2025_04_p087_c001"": [""How did crude-oil assumptions or risks evolve across the three MPRs?""], ""rbi_mpr_2025_04_p093_c001"": [""How did crude-oil assumptions or risks evolve across the three MPRs?""], ""rbi_mpr_2025_04_p095_c000"": [""How did crude-oil assumptions or risks evolve across the three MPRs?""], ""rbi_mpr_2025_04_p099_c000"": [""How did crude-oil assumptions or risks evolve across the three MPRs?""], ""rbi_mpr_2025_04_p103_c002"": [""How did crude-oil assumptions or risks evolve across the three MPRs?""], ""rbi_mpr_2025_04_p104_c000"": [""How did crude-oil assumptions or risks evolve across the three MPRs?""], ""rbi_mpr_2025_04_p104_c003"": [""How did crude-oil assumptions or risks evolve across the three MPRs?""], ""rbi_mpr_2025_04_p110_c000"": [""How did crude-oil assumptions or risks evolve across the three MPRs?""], ""rbi_mpr_2025_04_p110_c001"": [""How did crude-oil assumptions or risks evolve across the three MPRs?""], ""rbi_mpr_2025_04_p110_c002"": [""How did crude-oil assumptions or risks evolve across the three MPRs?""], ""rbi_mpr_2025_04_p110_c003"": [""How did crude-oil assumptions or risks evolve across the three MPRs?""], ""rbi_mpr_2025_04_p111_c001"": [""How did crude-oil assumptions or risks evolve across the three MPRs?""], ""rbi_mpr_2025_04_p111_c002"": [""How did crude-oil assumptions or risks evolve across the three MPRs?""], ""rbi_mpr_2025_04_p111_c003"": [""How did crude-oil assumptions or risks evolve across the three MPRs?""], ""rbi_mpr_2025_04_p111_c004"": [""How did crude-oil assumptions or risks evolve across the three MPRs?""], ""rbi_mpr_2025_04_p114_c001"": [""How did crude-oil assumptions or risks evolve across the three MPRs?""], ""rbi_mpr_2025_10_p007_c002"": [""How did crude-oil assumptions or risks evolve across the three MPRs?""], ""rbi_mpr_2025_10_p009_c000"": [""How did crude-oil assumptions or risks evolve across the three MPRs?""], ""rbi_mpr_2025_10_p009_c001"": [""How did crude-oil assumptions or risks evolve across the three MPRs?""], ""rbi_mpr_2025_10_p009_c003"": [""How did crude-oil assumptions or risks evolve across the three MPRs?""], ""rbi_mpr_2025_10_p009_c004"": [""How did crude-oil assumptions or risks evolve across the three MPRs?""], ""rbi_mpr_2025_10_p009_c005"": [""How did crude-oil assumptions or risks evolve across the three MPRs?""], ""rbi_mpr_2025_10_p010_c001"": [""How did crude-oil assumptions or risks evolve across the three MPRs?""], ""rbi_mpr_2025_10_p010_c002"": [""How did crude-oil assumptions or risks evolve across the three MPRs?""], ""rbi_mpr_2025_10_p010_c003"": [""How did crude-oil assumptions or risks evolve across the three MPRs?""], ""rbi_mpr_2025_10_p010_c004"": [""How did crude-oil assumptions or risks evolve across the three MPRs?""], ""rbi_mpr_2025_10_p011_c001"": [""How did crude-oil assumptions or risks evolve across the three MPRs?""], ""rbi_mpr_2025_10_p011_c003"": [""How did crude-oil assumptions or risks evolve across the three MPRs?""], ""rbi_mpr_2025_10_p011_c004"": [""How did crude-oil assumptions or risks evolve across the three MPRs?""], ""rbi_mpr_2025_10_p012_c000"": [""How did crude-oil assumptions or risks evolve across the three MPRs?""], ""rbi_mpr_2025_10_p012_c001"": [""How did crude-oil assumptions or risks evolve across the three MPRs?""], ""rbi_mpr_2025_10_p012_c002"": [""How did crude-oil assumptions or risks evolve across the three MPRs?""], ""rbi_mpr_2025_10_p012_c003"": [""How did crude-oil assumptions or risks evolve across the three MPRs?""], ""rbi_mpr_2025_10_p012_c004"": [""How did crude-oil assumptions or risks evolve across the three MPRs?""], ""rbi_mpr_2025_10_p013_c000"": [""How did crude-oil assumptions or risks evolve across the three MPRs?""], ""rbi_mpr_2025_10_p013_c004"": [""How did crude-oil assumptions or risks evolve across the three MPRs?""], ""rbi_mpr_2025_10_p014_c000"": [""How did crude-oil assumptions or risks evolve across the three MPRs?""], ""rbi_mpr_2025_10_p014_c001"": [""How did crude-oil assumptions or risks evolve across the three MPRs?""], ""rbi_mpr_2025_10_p014_c003"": [""How did crude-oil assumptions or risks evolve across the three MPRs?""], ""rbi_mpr_2025_10_p016_c002"": [""How did crude-oil assumptions or risks evolve across the three MPRs?""], ""rbi_mpr_2025_10_p016_c003"": [""How did crude-oil assumptions or risks evolve across the three MPRs?""], ""rbi_mpr_2025_10_p016_c004"": [""How did crude-oil assumptions or risks evolve across the three MPRs?""], ""rbi_mpr_2025_10_p017_c000"": [""How did crude-oil assumptions or risks evolve across the three MPRs?""], ""rbi_mpr_2025_10_p017_c003"": [""How did crude-oil assumptions or risks evolve across the three MPRs?""], ""rbi_mpr_2025_10_p017_c004"": [""How did crude-oil assumptions or risks evolve across the three MPRs?""], ""rbi_mpr_2025_10_p018_c000"": [""How did crude-oil assumptions or risks evolve across the three MPRs?""], ""rbi_mpr_2025_10_p019_c002"": [""How did crude-oil assumptions or risks evolve across the three MPRs?""], ""rbi_mpr_2025_10_p019_c003"": [""How did crude-oil assumptions or risks evolve across the three MPRs?""], ""rbi_mpr_2025_10_p020_c000"": [""How did crude-oil assumptions or risks evolve across the three MPRs?""], ""rbi_mpr_2025_10_p020_c001"": [""How did crude-oil assumptions or risks evolve across the three MPRs?""], ""rbi_mpr_2025_10_p021_c000"": [""How did crude-oil assumptions or risks evolve across the three MPRs?""], ""rbi_mpr_2025_10_p021_c001"": [""How did crude-oil assumptions or risks evolve across the three MPRs?""], ""rbi_mpr_2025_10_p021_c002"": [""How did crude-oil assumptions or risks evolve across the three MPRs?""], ""rbi_mpr_2025_10_p021_c003"": [""How did crude-oil assumptions or risks evolve across the three MPRs?""], ""rbi_mpr_2025_10_p021_c004"": [""How did crude-oil assumptions or risks evolve across the three MPRs?""], ""rbi_mpr_2025_10_p021_c005"": [""How did crude-oil assumptions or risks evolve across the three MPRs?""], ""rbi_mpr_2025_10_p022_c000"": [""How did crude-oil assumptions or risks evolve across the three MPRs?""], ""rbi_mpr_2025_10_p022_c001"": [""How did crude-oil assumptions or risks evolve across the three MPRs?""], ""rbi_mpr_2025_10_p022_c002"": [""How did crude-oil assumptions or risks evolve across the three MPRs?""], ""rbi_mpr_2025_10_p023_c003"": [""How did crude-oil assumptions or risks evolve across the three MPRs?""], ""rbi_mpr_2025_10_p027_c001"": [""How did crude-oil assumptions or risks evolve across the three MPRs?""], ""rbi_mpr_2025_10_p027_c002"": [""How did crude-oil assumptions or risks evolve across the three MPRs?""], ""rbi_mpr_2025_10_p031_c000"": [""How did crude-oil assumptions or risks evolve across the three MPRs?""], ""rbi_mpr_2025_10_p031_c002"": [""How did crude-oil assumptions or risks evolve across the three MPRs?""], ""rbi_mpr_2025_10_p032_c003"": [""How did crude-oil assumptions or risks evolve across the three MPRs?""], ""rbi_mpr_2025_10_p032_c004"": [""How did crude-oil assumptions or risks evolve across the three MPRs?""], ""rbi_mpr_2025_10_p034_c003"": [""How did crude-oil assumptions or risks evolve across the three MPRs?""], ""rbi_mpr_2025_10_p034_c004"": [""How did crude-oil assumptions or risks evolve across the three MPRs?""], ""rbi_mpr_2025_10_p034_c005"": [""How did crude-oil assumptions or risks evolve across the three MPRs?""], ""rbi_mpr_2025_10_p035_c002"": [""How did crude-oil assumptions or risks evolve across the three MPRs?""], ""rbi_mpr_2025_10_p037_c000"": [""How did crude-oil assumptions or risks evolve across the three MPRs?""], ""rbi_mpr_2025_10_p037_c001"": [""How did crude-oil assumptions or risks evolve across the three MPRs?""], ""rbi_mpr_2025_10_p041_c003"": [""How did crude-oil assumptions or risks evolve across the three MPRs?""], ""rbi_mpr_2025_10_p041_c004"": [""How did crude-oil assumptions or risks evolve across the three MPRs?""], ""rbi_mpr_2025_10_p042_c002"": [""How did crude-oil assumptions or risks evolve across the three MPRs?""], ""rbi_mpr_2025_10_p049_c002"": [""How did crude-oil assumptions or risks evolve across the three MPRs?""], ""rbi_mpr_2025_10_p055_c000"": [""How did crude-oil assumptions or risks evolve across the three MPRs?""], ""rbi_mpr_2025_10_p055_c001"": [""How did crude-oil assumptions or risks evolve across the three MPRs?""], ""rbi_mpr_2025_10_p055_c002"": [""How did crude-oil assumptions or risks evolve across the three MPRs?""], ""rbi_mpr_2025_10_p063_c000"": [""How did crude-oil assumptions or risks evolve across the three MPRs?""], ""rbi_mpr_2025_10_p065_c003"": [""How did crude-oil assumptions or risks evolve across the three MPRs?""], ""rbi_mpr_2025_10_p065_c004"": [""How did crude-oil assumptions or risks evolve across the three MPRs?""], ""rbi_mpr_2025_10_p066_c001"": [""How did crude-oil assumptions or risks evolve across the three MPRs?""], ""rbi_mpr_2025_10_p068_c003"": [""How did crude-oil assumptions or risks evolve across the three MPRs?""], ""rbi_mpr_2025_10_p069_c000"": [""How did crude-oil assumptions or risks evolve across the three MPRs?""], ""rbi_mpr_2025_10_p074_c001"": [""How did crude-oil assumptions or risks evolve across the three MPRs?""], ""rbi_mpr_2025_10_p074_c002"": [""How did crude-oil assumptions or risks evolve across the three MPRs?""], ""rbi_mpr_2025_10_p076_c000"": [""How did crude-oil assumptions or risks evolve across the three MPRs?""], ""rbi_mpr_2025_10_p076_c001"": [""How did crude-oil assumptions or risks evolve across the three MPRs?""], ""rbi_mpr_2025_10_p080_c001"": [""How did crude-oil assumptions or risks evolve across the three MPRs?""], ""rbi_mpr_2025_10_p080_c002"": [""How did crude-oil assumptions or risks evolve across the three MPRs?""], ""rbi_mpr_2025_10_p081_c000"": [""How did crude-oil assumptions or risks evolve across the three MPRs?""], ""rbi_mpr_2025_10_p084_c000"": [""How did crude-oil assumptions or risks evolve across the three MPRs?""], ""rbi_mpr_2025_10_p091_c000"": [""How did crude-oil assumptions or risks evolve across the three MPRs?""], ""rbi_mpr_2025_10_p094_c003"": [""How did crude-oil assumptions or risks evolve across the three MPRs?""], ""rbi_mpr_2025_10_p097_c001"": [""How did crude-oil assumptions or risks evolve across the three MPRs?""], ""rbi_mpr_2025_10_p097_c004"": [""How did crude-oil assumptions or risks evolve across the three MPRs?""], ""rbi_mpr_2025_10_p099_c002"": [""How did crude-oil assumptions or risks evolve across the three MPRs?""], ""rbi_mpr_2025_10_p099_c003"": [""How did crude-oil assumptions or risks evolve across the three MPRs?""], ""rbi_mpr_2025_10_p100_c002"": [""How did crude-oil assumptions or risks evolve across the three MPRs?""], ""rbi_mpr_2025_10_p100_c003"": [""How did crude-oil assumptions or risks evolve across the three MPRs?""], ""rbi_mpr_2025_10_p102_c001"": [""How did crude-oil assumptions or risks evolve across the three MPRs?""], ""rbi_mpr_2025_10_p103_c000"": [""How did crude-oil assumptions or risks evolve across the three MPRs?""], ""rbi_mpr_2025_10_p105_c001"": [""How did crude-oil assumptions or risks evolve across the three MPRs?""], ""rbi_mpr_2025_10_p110_c001"": [""How did crude-oil assumptions or risks evolve across the three MPRs?""], ""rbi_mpr_2026_04_p005_c003"": [""How did crude-oil assumptions or risks evolve across the three MPRs?""], ""rbi_mpr_2026_04_p005_c004"": [""How did crude-oil assumptions or risks evolve across the three MPRs?""], ""rbi_mpr_2026_04_p005_c005"": [""How did crude-oil assumptions or risks evolve across the three MPRs?""], ""rbi_mpr_2026_04_p013_c000"": [""How did crude-oil assumptions or risks evolve across the three MPRs?""], ""rbi_mpr_2026_04_p013_c001"": [""How did crude-oil assumptions or risks evolve across the three MPRs?""], ""rbi_mpr_2026_04_p014_c000"": [""How did crude-oil assumptions or risks evolve across the three MPRs?""], ""rbi_mpr_2026_04_p016_c001"": [""How did crude-oil assumptions or risks evolve across the three MPRs?""], ""rbi_mpr_2026_04_p016_c002"": [""How did crude-oil assumptions or risks evolve across the three MPRs?""], ""rbi_mpr_2026_04_p017_c001"": [""How did crude-oil assumptions or risks evolve across the three MPRs?""], ""rbi_mpr_2026_04_p017_c002"": [""How did crude-oil assumptions or risks evolve across the three MPRs?""], ""rbi_mpr_2026_04_p018_c001"": [""How did crude-oil assumptions or risks evolve across the three MPRs?""], ""rbi_mpr_2026_04_p018_c002"": [""How did crude-oil assumptions or risks evolve across the three MPRs?""], ""rbi_mpr_2026_04_p018_c003"": [""How did crude-oil assumptions or risks evolve across the three MPRs?""], ""rbi_mpr_2026_04_p020_c000"": [""How did crude-oil assumptions or risks evolve across the three MPRs?""], ""rbi_mpr_2026_04_p020_c001"": [""How did crude-oil assumptions or risks evolve across the three MPRs?""], ""rbi_mpr_2026_04_p020_c002"": [""How did crude-oil assumptions or risks evolve across the three MPRs?""], ""rbi_mpr_2026_04_p020_c003"": [""How did crude-oil assumptions or risks evolve across the three MPRs?""], ""rbi_mpr_2026_04_p021_c000"": [""How did crude-oil assumptions or risks evolve across the three MPRs?""], ""rbi_mpr_2026_04_p022_c002"": [""How did crude-oil assumptions or risks evolve across the three MPRs?""], ""rbi_mpr_2026_04_p022_c003"": [""How did crude-oil assumptions or risks evolve across the three MPRs?""], ""rbi_mpr_2026_04_p023_c000"": [""How did crude-oil assumptions or risks evolve across the three MPRs?""], ""rbi_mpr_2026_04_p023_c001"": [""How did crude-oil assumptions or risks evolve across the three MPRs?""], ""rbi_mpr_2026_04_p026_c002"": [""How did crude-oil assumptions or risks evolve across the three MPRs?""], ""rbi_mpr_2026_04_p029_c001"": [""How did crude-oil assumptions or risks evolve across the three MPRs?""], ""rbi_mpr_2026_04_p034_c000"": [""How did crude-oil assumptions or risks evolve across the three MPRs?""], ""rbi_mpr_2026_04_p034_c001"": [""How did crude-oil assumptions or risks evolve across the three MPRs?""], ""rbi_mpr_2026_04_p040_c000"": [""How did crude-oil assumptions or risks evolve across the three MPRs?""], ""rbi_mpr_2026_04_p040_c001"": [""How did crude-oil assumptions or risks evolve across the three MPRs?""], ""rbi_mpr_2026_04_p049_c001"": [""How did crude-oil assumptions or risks evolve across the three MPRs?""], ""rbi_mpr_2026_04_p050_c000"": [""How did crude-oil assumptions or risks evolve across the three MPRs?""], ""rbi_mpr_2026_04_p050_c001"": [""How did crude-oil assumptions or risks evolve across the three MPRs?""], ""rbi_mpr_2026_04_p059_c000"": [""How did crude-oil assumptions or risks evolve across the three MPRs?""], ""rbi_mpr_2026_04_p068_c002"": [""How did crude-oil assumptions or risks evolve across the three MPRs?""], ""rbi_mpr_2026_04_p078_c001"": [""How did crude-oil assumptions or risks evolve across the three MPRs?""], ""rbi_mpr_2026_04_p079_c000"": [""How did crude-oil assumptions or risks evolve across the three MPRs?""], ""rbi_mpr_2026_04_p081_c004"": [""How did crude-oil assumptions or risks evolve across the three MPRs?""], ""rbi_mpr_2026_04_p081_c005"": [""How did crude-oil assumptions or risks evolve across the three MPRs?""], ""rbi_mpr_2026_04_p082_c001"": [""How did crude-oil assumptions or risks evolve across the three MPRs?""], ""rbi_mpr_2026_04_p083_c000"": [""How did crude-oil assumptions or risks evolve across the three MPRs?""], ""rbi_mpr_2026_04_p083_c003"": [""How did crude-oil assumptions or risks evolve across the three MPRs?""], ""rbi_mpr_2026_04_p086_c000"": [""How did crude-oil assumptions or risks evolve across the three MPRs?""], ""rbi_mpr_2026_04_p086_c001"": [""How did crude-oil assumptions or risks evolve across the three MPRs?""], ""rbi_mpr_2026_04_p086_c003"": [""How did crude-oil assumptions or risks evolve across the three MPRs?""], ""rbi_mpr_2026_04_p087_c000"": [""How did crude-oil assumptions or risks evolve across the three MPRs?""], ""rbi_mpr_2026_04_p087_c001"": [""How did crude-oil assumptions or risks evolve across the three MPRs?""], ""rbi_mpr_2026_04_p087_c002"": [""How did crude-oil assumptions or risks evolve across the three MPRs?""], ""rbi_mpr_2026_04_p088_c000"": [""How did crude-oil assumptions or risks evolve across the three MPRs?""], ""rbi_mpr_2026_04_p088_c001"": [""How did crude-oil assumptions or risks evolve across the three MPRs?""], ""rbi_mpr_2026_04_p088_c002"": [""How did crude-oil assumptions or risks evolve across the three MPRs?""], ""rbi_mpr_2026_04_p088_c003"": [""How did crude-oil assumptions or risks evolve across the three MPRs?""], ""rbi_mpr_2026_04_p088_c004"": [""How did crude-oil assumptions or risks evolve across the three MPRs?""], ""rbi_mpr_2026_04_p089_c002"": [""How did crude-oil assumptions or risks evolve across the three MPRs?""], ""rbi_mpr_2026_04_p089_c003"": [""How did crude-oil assumptions or risks evolve across the three MPRs?""], ""rbi_mpr_2026_04_p090_c003"": [""How did crude-oil assumptions or risks evolve across the three MPRs?""], ""rbi_mpr_2026_04_p090_c004"": [""How did crude-oil assumptions or risks evolve across the three MPRs?""], ""rbi_mpr_2026_04_p095_c000"": [""How did crude-oil assumptions or risks evolve across the three MPRs?""], ""rbi_mpr_2026_04_p095_c001"": [""How did crude-oil assumptions or risks evolve across the three MPRs?""], ""rbi_mpr_2026_04_p099_c002"": [""How did crude-oil assumptions or risks evolve across the three MPRs?""], ""rbi_mpr_2026_04_p100_c001"": [""How did crude-oil assumptions or risks evolve across the three MPRs?""], ""rbi_mpr_2026_04_p100_c002"": [""How did crude-oil assumptions or risks evolve across the three MPRs?""], ""rbi_mpr_2026_04_p100_c003"": [""How did crude-oil assumptions or risks evolve across the three MPRs?""], ""rbi_mpr_2026_04_p101_c004"": [""How did crude-oil assumptions or risks evolve across the three MPRs?""], ""rbi_mpr_2026_04_p101_c005"": [""How did crude-oil assumptions or risks evolve across the three MPRs?""], ""rbi_mpr_2026_04_p103_c003"": [""How did crude-oil assumptions or risks evolve across the three MPRs?""], ""rbi_mpr_2026_04_p105_c000"": [""How did crude-oil assumptions or risks evolve across the three MPRs?""], ""rbi_mpr_2026_04_p105_c001"": [""How did crude-oil assumptions or risks evolve across the three MPRs?""], ""rbi_mpr_2026_04_p105_c002"": [""How did crude-oil assumptions or risks evolve across the three MPRs?""], ""rbi_mpr_2026_04_p105_c003"": [""How did crude-oil assumptions or risks evolve across the three MPRs?""], ""rbi_mpr_2026_04_p105_c004"": [""How did crude-oil assumptions or risks evolve across the three MPRs?""], ""rbi_mpr_2026_04_p106_c002"": [""How did crude-oil assumptions or risks evolve across the three MPRs?""], ""rbi_mpr_2026_04_p106_c003"": [""How did crude-oil assumptions or risks evolve across the three MPRs?""], ""rbi_mpr_2026_04_p107_c001"": [""How did crude-oil assumptions or risks evolve across the three MPRs?""], ""rbi_mpr_2026_04_p107_c004"": [""How did crude-oil assumptions or risks evolve across the three MPRs?""], ""rbi_mpr_2026_04_p108_c002"": [""How did crude-oil assumptions or risks evolve across the three MPRs?""], ""rbi_mpr_2026_04_p109_c001"": [""How did crude-oil assumptions or risks evolve across the three MPRs?""], ""rbi_mpr_2026_04_p110_c000"": [""How did crude-oil assumptions or risks evolve across the three MPRs?""], ""rbi_mpr_2026_04_p111_c001"": [""How did crude-oil assumptions or risks evolve across the three MPRs?""], ""rbi_mpr_2026_04_p112_c000"": [""How did crude-oil assumptions or risks evolve across the three MPRs?""], ""rbi_mpr_2026_04_p112_c001"": [""How did crude-oil assumptions or risks evolve across the three MPRs?""], ""rbi_mpr_2026_04_p112_c002"": [""How did crude-oil assumptions or risks evolve across the three MPRs?""], ""rbi_mpr_2026_04_p112_c003"": [""How did crude-oil assumptions or risks evolve across the three MPRs?""], ""rbi_mpr_2026_04_p112_c004"": [""How did crude-oil assumptions or risks evolve across the three MPRs?""], ""rbi_mpr_2026_04_p113_c000"": [""How did crude-oil assumptions or risks evolve across the three MPRs?""], ""rbi_mpr_2026_04_p113_c001"": [""How did crude-oil assumptions or risks evolve across the three MPRs?""], ""rbi_mpr_2026_04_p113_c002"": [""How did crude-oil assumptions or risks evolve across the three MPRs?""], ""rbi_mpr_2026_04_p113_c003"": [""How did crude-oil assumptions or risks evolve across the three MPRs?""], ""rbi_mpr_2026_04_p114_c000"": [""How did crude-oil assumptions or risks evolve across the three MPRs?""], ""rbi_mpr_2026_04_p114_c001"": [""How did crude-oil assumptions or risks evolve across the three MPRs?""], ""rbi_mpr_2026_04_p114_c002"": [""How did crude-oil assumptions or risks evolve across the three MPRs?""], ""rbi_mpr_2026_04_p115_c004"": [""How did crude-oil assumptions or risks evolve across the three MPRs?""]}, ""candidate_source_retriever"": {""rbi_mpr_2025_04_p005_c001"": [""bm25"", ""dense""], ""rbi_mpr_2025_04_p009_c000"": [""dense""], ""rbi_mpr_2025_04_p011_c000"": [""bm25"", ""dense""], ""rbi_mpr_2025_04_p011_c003"": [""dense""], ""rbi_mpr_2025_04_p012_c000"": [""dense""], ""rbi_mpr_2025_04_p012_c002"": [""bm25""], ""rbi_mpr_2025_04_p012_c003"": [""bm25"", ""dense""], ""rbi_mpr_2025_04_p012_c004"": [""bm25""], ""rbi_mpr_2025_04_p013_c002"": [""dense""], ""rbi_mpr_2025_04_p013_c003"": [""dense""], ""rbi_mpr_2025_04_p013_c004"": [""dense""], ""rbi_mpr_2025_04_p014_c000"": [""dense""], ""rbi_mpr_2025_04_p014_c001"": [""dense""], ""rbi_mpr_2025_04_p014_c002"": [""dense""], ""rbi_mpr_2025_04_p014_c003"": [""dense""], ""rbi_mpr_2025_04_p014_c004"": [""dense""], ""rbi_mpr_2025_04_p015_c001"": [""bm25""], ""rbi_mpr_2025_04_p015_c002"": [""bm25""], ""rbi_mpr_2025_04_p016_c002"": [""dense""], ""rbi_mpr_2025_04_p018_c000"": [""bm25""], ""rbi_mpr_2025_04_p018_c001"": [""bm25""], ""rbi_mpr_2025_04_p019_c000"": [""dense""], ""rbi_mpr_2025_04_p019_c001"": [""bm25""], ""rbi_mpr_2025_04_p019_c003"": [""bm25""], ""rbi_mpr_2025_04_p019_c004"": [""bm25""], ""rbi_mpr_2025_04_p020_c000"": [""bm25""], ""rbi_mpr_2025_04_p021_c000"": [""bm25""], ""rbi_mpr_2025_04_p021_c001"": [""bm25""], ""rbi_mpr_2025_04_p021_c003"": [""bm25""], ""rbi_mpr_2025_04_p021_c004"": [""bm25""], ""rbi_mpr_2025_04_p022_c000"": [""dense""], ""rbi_mpr_2025_04_p022_c001"": [""dense""], ""rbi_mpr_2025_04_p022_c002"": [""dense""], ""rbi_mpr_2025_04_p022_c003"": [""dense""], ""rbi_mpr_2025_04_p023_c003"": [""dense""], ""rbi_mpr_2025_04_p025_c003"": [""dense""], ""rbi_mpr_2025_04_p027_c000"": [""bm25""], ""rbi_mpr_2025_04_p027_c001"": [""bm25""], ""rbi_mpr_2025_04_p027_c002"": [""bm25""], ""rbi_mpr_2025_04_p028_c000"": [""bm25""], ""rbi_mpr_2025_04_p028_c001"": [""bm25""], ""rbi_mpr_2025_04_p028_c002"": [""bm25""], ""rbi_mpr_2025_04_p028_c003"": [""bm25""], ""rbi_mpr_2025_04_p029_c002"": [""bm25""], ""rbi_mpr_2025_04_p029_c003"": [""bm25"", ""dense""], ""rbi_mpr_2025_04_p036_c000"": [""dense""], ""rbi_mpr_2025_04_p036_c001"": [""bm25""], ""rbi_mpr_2025_04_p036_c002"": [""bm25""], ""rbi_mpr_2025_04_p038_c000"": [""bm25""], ""rbi_mpr_2025_04_p038_c001"": [""dense""], ""rbi_mpr_2025_04_p038_c002"": [""bm25""], ""rbi_mpr_2025_04_p039_c002"": [""bm25""], ""rbi_mpr_2025_04_p043_c000"": [""dense""], ""rbi_mpr_2025_04_p044_c001"": [""bm25""], ""rbi_mpr_2025_04_p044_c002"": [""bm25""], ""rbi_mpr_2025_04_p047_c000"": [""bm25""], ""rbi_mpr_2025_04_p055_c000"": [""bm25""], ""rbi_mpr_2025_04_p060_c000"": [""bm25""], ""rbi_mpr_2025_04_p068_c001"": [""bm25""], ""rbi_mpr_2025_04_p068_c002"": [""bm25""], ""rbi_mpr_2025_04_p069_c002"": [""dense""], ""rbi_mpr_2025_04_p069_c004"": [""dense""], ""rbi_mpr_2025_04_p070_c002"": [""bm25""], ""rbi_mpr_2025_04_p073_c002"": [""dense""], ""rbi_mpr_2025_04_p073_c003"": [""bm25"", ""dense""], ""rbi_mpr_2025_04_p073_c006"": [""dense""], ""rbi_mpr_2025_04_p074_c001"": [""dense""], ""rbi_mpr_2025_04_p074_c002"": [""dense""], ""rbi_mpr_2025_04_p075_c002"": [""dense""], ""rbi_mpr_2025_04_p077_c001"": [""dense""], ""rbi_mpr_2025_04_p077_c002"": [""dense""], ""rbi_mpr_2025_04_p078_c003"": [""dense""], ""rbi_mpr_2025_04_p079_c000"": [""bm25""], ""rbi_mpr_2025_04_p085_c000"": [""dense""], ""rbi_mpr_2025_04_p086_c000"": [""dense""], ""rbi_mpr_2025_04_p086_c001"": [""dense""], ""rbi_mpr_2025_04_p087_c001"": [""bm25""], ""rbi_mpr_2025_04_p093_c001"": [""dense""], ""rbi_mpr_2025_04_p095_c000"": [""dense""], ""rbi_mpr_2025_04_p099_c000"": [""bm25""], ""rbi_mpr_2025_04_p103_c002"": [""dense""], ""rbi_mpr_2025_04_p104_c000"": [""dense""], ""rbi_mpr_2025_04_p104_c003"": [""dense""], ""rbi_mpr_2025_04_p110_c000"": [""bm25""], ""rbi_mpr_2025_04_p110_c001"": [""bm25""], ""rbi_mpr_2025_04_p110_c002"": [""bm25"", ""dense""], ""rbi_mpr_2025_04_p110_c003"": [""bm25""], ""rbi_mpr_2025_04_p111_c001"": [""bm25"", ""dense""], ""rbi_mpr_2025_04_p111_c002"": [""bm25"", ""dense""], ""rbi_mpr_2025_04_p111_c003"": [""dense""], ""rbi_mpr_2025_04_p111_c004"": [""dense""], ""rbi_mpr_2025_04_p114_c001"": [""bm25""], ""rbi_mpr_2025_10_p007_c002"": [""dense""], ""rbi_mpr_2025_10_p009_c000"": [""dense""], ""rbi_mpr_2025_10_p009_c001"": [""dense""], ""rbi_mpr_2025_10_p009_c003"": [""bm25"", ""dense""], ""rbi_mpr_2025_10_p009_c004"": [""dense""], ""rbi_mpr_2025_10_p009_c005"": [""dense""], ""rbi_mpr_2025_10_p010_c001"": [""dense""], ""rbi_mpr_2025_10_p010_c002"": [""bm25"", ""dense""], ""rbi_mpr_2025_10_p010_c003"": [""bm25""], ""rbi_mpr_2025_10_p010_c004"": [""bm25"", ""dense""], ""rbi_mpr_2025_10_p011_c001"": [""dense""], ""rbi_mpr_2025_10_p011_c003"": [""bm25"", ""dense""], ""rbi_mpr_2025_10_p011_c004"": [""bm25""], ""rbi_mpr_2025_10_p012_c000"": [""dense""], ""rbi_mpr_2025_10_p012_c001"": [""dense""], ""rbi_mpr_2025_10_p012_c002"": [""dense""], ""rbi_mpr_2025_10_p012_c003"": [""dense""], ""rbi_mpr_2025_10_p012_c004"": [""dense""], ""rbi_mpr_2025_10_p013_c000"": [""dense""], ""rbi_mpr_2025_10_p013_c004"": [""dense""], ""rbi_mpr_2025_10_p014_c000"": [""bm25""], ""rbi_mpr_2025_10_p014_c001"": [""bm25""], ""rbi_mpr_2025_10_p014_c003"": [""bm25""], ""rbi_mpr_2025_10_p016_c002"": [""bm25""], ""rbi_mpr_2025_10_p016_c003"": [""bm25""], ""rbi_mpr_2025_10_p016_c004"": [""bm25""], ""rbi_mpr_2025_10_p017_c000"": [""bm25""], ""rbi_mpr_2025_10_p017_c003"": [""bm25""], ""rbi_mpr_2025_10_p017_c004"": [""bm25"", ""dense""], ""rbi_mpr_2025_10_p018_c000"": [""bm25""], ""rbi_mpr_2025_10_p019_c002"": [""bm25""], ""rbi_mpr_2025_10_p019_c003"": [""bm25""], ""rbi_mpr_2025_10_p020_c000"": [""bm25"", ""dense""], ""rbi_mpr_2025_10_p020_c001"": [""bm25""], ""rbi_mpr_2025_10_p021_c000"": [""bm25"", ""dense""], ""rbi_mpr_2025_10_p021_c001"": [""bm25""], ""rbi_mpr_2025_10_p021_c002"": [""dense""], ""rbi_mpr_2025_10_p021_c003"": [""dense""], ""rbi_mpr_2025_10_p021_c004"": [""bm25"", ""dense""], ""rbi_mpr_2025_10_p021_c005"": [""bm25""], ""rbi_mpr_2025_10_p022_c000"": [""dense""], ""rbi_mpr_2025_10_p022_c001"": [""dense""], ""rbi_mpr_2025_10_p022_c002"": [""dense""], ""rbi_mpr_2025_10_p023_c003"": [""bm25""], ""rbi_mpr_2025_10_p027_c001"": [""bm25""], ""rbi_mpr_2025_10_p027_c002"": [""bm25""], ""rbi_mpr_2025_10_p031_c000"": [""bm25"", ""dense""], ""rbi_mpr_2025_10_p031_c002"": [""dense""], ""rbi_mpr_2025_10_p032_c003"": [""bm25"", ""dense""], ""rbi_mpr_2025_10_p032_c004"": [""dense""], ""rbi_mpr_2025_10_p034_c003"": [""bm25""], ""rbi_mpr_2025_10_p034_c004"": [""bm25""], ""rbi_mpr_2025_10_p034_c005"": [""bm25""], ""rbi_mpr_2025_10_p035_c002"": [""bm25""], ""rbi_mpr_2025_10_p037_c000"": [""dense""], ""rbi_mpr_2025_10_p037_c001"": [""dense""], ""rbi_mpr_2025_10_p041_c003"": [""dense""], ""rbi_mpr_2025_10_p041_c004"": [""bm25""], ""rbi_mpr_2025_10_p042_c002"": [""bm25""], ""rbi_mpr_2025_10_p049_c002"": [""bm25""], ""rbi_mpr_2025_10_p055_c000"": [""dense""], ""rbi_mpr_2025_10_p055_c001"": [""bm25""], ""rbi_mpr_2025_10_p055_c002"": [""bm25""], ""rbi_mpr_2025_10_p063_c000"": [""bm25""], ""rbi_mpr_2025_10_p065_c003"": [""bm25""], ""rbi_mpr_2025_10_p065_c004"": [""bm25""], ""rbi_mpr_2025_10_p066_c001"": [""dense""], ""rbi_mpr_2025_10_p068_c003"": [""dense""], ""rbi_mpr_2025_10_p069_c000"": [""dense""], ""rbi_mpr_2025_10_p074_c001"": [""dense""], ""rbi_mpr_2025_10_p074_c002"": [""dense""], ""rbi_mpr_2025_10_p076_c000"": [""bm25""], ""rbi_mpr_2025_10_p076_c001"": [""bm25""], ""rbi_mpr_2025_10_p080_c001"": [""dense""], ""rbi_mpr_2025_10_p080_c002"": [""dense""], ""rbi_mpr_2025_10_p081_c000"": [""bm25"", ""dense""], ""rbi_mpr_2025_10_p084_c000"": [""dense""], ""rbi_mpr_2025_10_p091_c000"": [""bm25""], ""rbi_mpr_2025_10_p094_c003"": [""dense""], ""rbi_mpr_2025_10_p097_c001"": [""bm25""], ""rbi_mpr_2025_10_p097_c004"": [""bm25""], ""rbi_mpr_2025_10_p099_c002"": [""dense""], ""rbi_mpr_2025_10_p099_c003"": [""dense""], ""rbi_mpr_2025_10_p100_c002"": [""dense""], ""rbi_mpr_2025_10_p100_c003"": [""dense""], ""rbi_mpr_2025_10_p102_c001"": [""dense""], ""rbi_mpr_2025_10_p103_c000"": [""bm25""], ""rbi_mpr_2025_10_p105_c001"": [""bm25""], ""rbi_mpr_2025_10_p110_c001"": [""bm25""], ""rbi_mpr_2026_04_p005_c003"": [""bm25"", ""dense""], ""rbi_mpr_2026_04_p005_c004"": [""dense""], ""rbi_mpr_2026_04_p005_c005"": [""bm25"", ""dense""], ""rbi_mpr_2026_04_p013_c000"": [""bm25""], ""rbi_mpr_2026_04_p013_c001"": [""bm25""], ""rbi_mpr_2026_04_p014_c000"": [""bm25""], ""rbi_mpr_2026_04_p016_c001"": [""dense""], ""rbi_mpr_2026_04_p016_c002"": [""dense""], ""rbi_mpr_2026_04_p017_c001"": [""bm25""], ""rbi_mpr_2026_04_p017_c002"": [""dense""], ""rbi_mpr_2026_04_p018_c001"": [""bm25""], ""rbi_mpr_2026_04_p018_c002"": [""bm25""], ""rbi_mpr_2026_04_p018_c003"": [""bm25""], ""rbi_mpr_2026_04_p020_c000"": [""bm25""], ""rbi_mpr_2026_04_p020_c001"": [""bm25""], ""rbi_mpr_2026_04_p020_c002"": [""bm25""], ""rbi_mpr_2026_04_p020_c003"": [""bm25""], ""rbi_mpr_2026_04_p021_c000"": [""dense""], ""rbi_mpr_2026_04_p022_c002"": [""dense""], ""rbi_mpr_2026_04_p022_c003"": [""bm25"", ""dense""], ""rbi_mpr_2026_04_p023_c000"": [""bm25""], ""rbi_mpr_2026_04_p023_c001"": [""bm25""], ""rbi_mpr_2026_04_p026_c002"": [""dense""], ""rbi_mpr_2026_04_p029_c001"": [""dense""], ""rbi_mpr_2026_04_p034_c000"": [""dense""], ""rbi_mpr_2026_04_p034_c001"": [""dense""], ""rbi_mpr_2026_04_p040_c000"": [""dense""], ""rbi_mpr_2026_04_p040_c001"": [""dense""], ""rbi_mpr_2026_04_p049_c001"": [""bm25""], ""rbi_mpr_2026_04_p050_c000"": [""bm25""], ""rbi_mpr_2026_04_p050_c001"": [""bm25""], ""rbi_mpr_2026_04_p059_c000"": [""bm25""], ""rbi_mpr_2026_04_p068_c002"": [""dense""], ""rbi_mpr_2026_04_p078_c001"": [""dense""], ""rbi_mpr_2026_04_p079_c000"": [""bm25""], ""rbi_mpr_2026_04_p081_c004"": [""bm25""], ""rbi_mpr_2026_04_p081_c005"": [""bm25""], ""rbi_mpr_2026_04_p082_c001"": [""bm25""], ""rbi_mpr_2026_04_p083_c000"": [""bm25""], ""rbi_mpr_2026_04_p083_c003"": [""bm25""], ""rbi_mpr_2026_04_p086_c000"": [""dense""], ""rbi_mpr_2026_04_p086_c001"": [""dense""], ""rbi_mpr_2026_04_p086_c003"": [""dense""], ""rbi_mpr_2026_04_p087_c000"": [""bm25""], ""rbi_mpr_2026_04_p087_c001"": [""dense""], ""rbi_mpr_2026_04_p087_c002"": [""dense""], ""rbi_mpr_2026_04_p088_c000"": [""bm25"", ""dense""], ""rbi_mpr_2026_04_p088_c001"": [""dense""], ""rbi_mpr_2026_04_p088_c002"": [""dense""], ""rbi_mpr_2026_04_p088_c003"": [""dense""], ""rbi_mpr_2026_04_p088_c004"": [""dense""], ""rbi_mpr_2026_04_p089_c002"": [""bm25""], ""rbi_mpr_2026_04_p089_c003"": [""bm25""], ""rbi_mpr_2026_04_p090_c003"": [""dense""], ""rbi_mpr_2026_04_p090_c004"": [""dense""], ""rbi_mpr_2026_04_p095_c000"": [""dense""], ""rbi_mpr_2026_04_p095_c001"": [""dense""], ""rbi_mpr_2026_04_p099_c002"": [""dense""], ""rbi_mpr_2026_04_p100_c001"": [""bm25"", ""dense""], ""rbi_mpr_2026_04_p100_c002"": [""bm25"", ""dense""], ""rbi_mpr_2026_04_p100_c003"": [""dense""], ""rbi_mpr_2026_04_p101_c004"": [""dense""], ""rbi_mpr_2026_04_p101_c005"": [""dense""], ""rbi_mpr_2026_04_p103_c003"": [""bm25""], ""rbi_mpr_2026_04_p105_c000"": [""bm25""], ""rbi_mpr_2026_04_p105_c001"": [""bm25"", ""dense""], ""rbi_mpr_2026_04_p105_c002"": [""dense""], ""rbi_mpr_2026_04_p105_c003"": [""dense""], ""rbi_mpr_2026_04_p105_c004"": [""dense""], ""rbi_mpr_2026_04_p106_c002"": [""bm25""], ""rbi_mpr_2026_04_p106_c003"": [""dense""], ""rbi_mpr_2026_04_p107_c001"": [""bm25""], ""rbi_mpr_2026_04_p107_c004"": [""bm25""], ""rbi_mpr_2026_04_p108_c002"": [""bm25""], ""rbi_mpr_2026_04_p109_c001"": [""bm25""], ""rbi_mpr_2026_04_p110_c000"": [""bm25""], ""rbi_mpr_2026_04_p111_c001"": [""bm25""], ""rbi_mpr_2026_04_p112_c000"": [""bm25""], ""rbi_mpr_2026_04_p112_c001"": [""bm25""], ""rbi_mpr_2026_04_p112_c002"": [""bm25""], ""rbi_mpr_2026_04_p112_c003"": [""bm25""], ""rbi_mpr_2026_04_p112_c004"": [""bm25""], ""rbi_mpr_2026_04_p113_c000"": [""dense""], ""rbi_mpr_2026_04_p113_c001"": [""dense""], ""rbi_mpr_2026_04_p113_c002"": [""bm25"", ""dense""], ""rbi_mpr_2026_04_p113_c003"": [""dense""], ""rbi_mpr_2026_04_p114_c000"": [""bm25"", ""dense""], ""rbi_mpr_2026_04_p114_c001"": [""dense""], ""rbi_mpr_2026_04_p114_c002"": [""dense""], ""rbi_mpr_2026_04_p115_c004"": [""bm25"", ""dense""]}, ""candidate_union_ids"": [""rbi_mpr_2025_10_p012_c001"", ""rbi_mpr_2025_10_p022_c002"", ""rbi_mpr_2025_10_p012_c003"", ""rbi_mpr_2025_10_p012_c000"", ""rbi_mpr_2025_10_p021_c003"", ""rbi_mpr_2025_10_p021_c002"", ""rbi_mpr_2025_10_p013_c000"", ""rbi_mpr_2025_10_p022_c001"", ""rbi_mpr_2025_10_p012_c004"", ""rbi_mpr_2025_10_p031_c000"", ""rbi_mpr_2025_10_p012_c002"", ""rbi_mpr_2025_10_p099_c002"", ""rbi_mpr_2025_10_p022_c000"", ""rbi_mpr_2025_10_p010_c001"", ""rbi_mpr_2025_10_p074_c002"", ""rbi_mpr_2025_10_p021_c004"", ""rbi_mpr_2025_10_p100_c002"", ""rbi_mpr_2025_10_p099_c003"", ""rbi_mpr_2025_10_p009_c004"", ""rbi_mpr_2025_10_p020_c000"", ""rbi_mpr_2025_10_p011_c003"", ""rbi_mpr_2025_10_p017_c004"", ""rbi_mpr_2025_10_p031_c002"", ""rbi_mpr_2025_10_p037_c000"", ""rbi_mpr_2025_10_p021_c000"", ""rbi_mpr_2025_10_p102_c001"", ""rbi_mpr_2025_10_p007_c002"", ""rbi_mpr_2025_10_p013_c004"", ""rbi_mpr_2025_10_p010_c002"", ""rbi_mpr_2025_10_p080_c001"", ""rbi_mpr_2025_10_p009_c000"", ""rbi_mpr_2025_10_p009_c005"", ""rbi_mpr_2025_10_p032_c003"", ""rbi_mpr_2025_10_p080_c002"", ""rbi_mpr_2025_10_p081_c000"", ""rbi_mpr_2025_10_p055_c000"", ""rbi_mpr_2025_10_p009_c003"", ""rbi_mpr_2025_10_p094_c003"", ""rbi_mpr_2025_10_p074_c001"", ""rbi_mpr_2025_10_p037_c001"", ""rbi_mpr_2025_10_p011_c001"", ""rbi_mpr_2025_10_p066_c001"", ""rbi_mpr_2025_10_p010_c004"", ""rbi_mpr_2025_10_p069_c000"", ""rbi_mpr_2025_10_p009_c001"", ""rbi_mpr_2025_10_p041_c003"", ""rbi_mpr_2025_10_p084_c000"", ""rbi_mpr_2025_10_p068_c003"", ""rbi_mpr_2025_10_p100_c003"", ""rbi_mpr_2025_10_p032_c004"", ""rbi_mpr_2025_10_p034_c005"", ""rbi_mpr_2025_10_p042_c002"", ""rbi_mpr_2025_10_p027_c002"", ""rbi_mpr_2025_10_p016_c002"", ""rbi_mpr_2025_10_p020_c001"", ""rbi_mpr_2025_10_p019_c002"", ""rbi_mpr_2025_10_p014_c000"", ""rbi_mpr_2025_10_p019_c003"", ""rbi_mpr_2025_10_p014_c003"", ""rbi_mpr_2025_10_p021_c001"", ""rbi_mpr_2025_10_p034_c004"", ""rbi_mpr_2025_10_p016_c003"", ""rbi_mpr_2025_10_p097_c004"", ""rbi_mpr_2025_10_p105_c001"", ""rbi_mpr_2025_10_p021_c005"", ""rbi_mpr_2025_10_p017_c000"", ""rbi_mpr_2025_10_p014_c001"", ""rbi_mpr_2025_10_p049_c002"", ""rbi_mpr_2025_10_p017_c003"", ""rbi_mpr_2025_10_p110_c001"", ""rbi_mpr_2025_10_p076_c000"", ""rbi_mpr_2025_10_p076_c001"", ""rbi_mpr_2025_10_p091_c000"", ""rbi_mpr_2025_10_p065_c004"", ""rbi_mpr_2025_10_p055_c002"", ""rbi_mpr_2025_10_p034_c003"", ""rbi_mpr_2025_10_p065_c003"", ""rbi_mpr_2025_10_p027_c001"", ""rbi_mpr_2025_10_p103_c000"", ""rbi_mpr_2025_10_p055_c001"", ""rbi_mpr_2025_10_p016_c004"", ""rbi_mpr_2025_10_p018_c000"", ""rbi_mpr_2025_10_p041_c004"", ""rbi_mpr_2025_10_p023_c003"", ""rbi_mpr_2025_10_p097_c001"", ""rbi_mpr_2025_10_p035_c002"", ""rbi_mpr_2025_10_p063_c000"", ""rbi_mpr_2025_10_p010_c003"", ""rbi_mpr_2025_10_p011_c004""], ""candidate_union_pages"": [12, 22, 12, 12, 21, 21, 13, 22, 12, 31, 12, 99, 22, 10, 74, 21, 100, 99, 9, 20, 11, 17, 31, 37, 21, 102, 7, 13, 10, 80, 9, 9, 32, 80, 81, 55, 9, 94, 74, 37, 11, 66, 10, 69, 9, 41, 84, 68, 100, 32, 34, 42, 27, 16, 20, 19, 14, 19, 14, 21, 34, 16, 97, 105, 21, 17, 14, 49, 17, 110, 76, 76, 91, 65, 55, 34, 65, 27, 103, 55, 16, 18, 41, 23, 97, 35, 63, 10, 11], ""dense_candidate_ids"": [""rbi_mpr_2025_10_p012_c001"", ""rbi_mpr_2025_10_p022_c002"", ""rbi_mpr_2025_10_p012_c003"", ""rbi_mpr_2025_10_p012_c000"", ""rbi_mpr_2025_10_p021_c003"", ""rbi_mpr_2025_10_p021_c002"", ""rbi_mpr_2025_10_p013_c000"", ""rbi_mpr_2025_10_p022_c001"", ""rbi_mpr_2025_10_p012_c004"", ""rbi_mpr_2025_10_p031_c000"", ""rbi_mpr_2025_10_p012_c002"", ""rbi_mpr_2025_10_p099_c002"", ""rbi_mpr_2025_10_p022_c000"", ""rbi_mpr_2025_10_p010_c001"", ""rbi_mpr_2025_10_p074_c002"", ""rbi_mpr_2025_10_p021_c004"", ""rbi_mpr_2025_10_p100_c002"", ""rbi_mpr_2025_10_p099_c003"", ""rbi_mpr_2025_10_p009_c004"", ""rbi_mpr_2025_10_p020_c000"", ""rbi_mpr_2025_10_p011_c003"", ""rbi_mpr_2025_10_p017_c004"", ""rbi_mpr_2025_10_p031_c002"", ""rbi_mpr_2025_10_p037_c000"", ""rbi_mpr_2025_10_p021_c000"", ""rbi_mpr_2025_10_p102_c001"", ""rbi_mpr_2025_10_p007_c002"", ""rbi_mpr_2025_10_p013_c004"", ""rbi_mpr_2025_10_p010_c002"", ""rbi_mpr_2025_10_p080_c001"", ""rbi_mpr_2025_10_p009_c000"", ""rbi_mpr_2025_10_p009_c005"", ""rbi_mpr_2025_10_p032_c003"", ""rbi_mpr_2025_10_p080_c002"", ""rbi_mpr_2025_10_p081_c000"", ""rbi_mpr_2025_10_p055_c000"", ""rbi_mpr_2025_10_p009_c003"", ""rbi_mpr_2025_10_p094_c003"", ""rbi_mpr_2025_10_p074_c001"", ""rbi_mpr_2025_10_p037_c001"", ""rbi_mpr_2025_10_p011_c001"", ""rbi_mpr_2025_10_p066_c001"", ""rbi_mpr_2025_10_p010_c004"", ""rbi_mpr_2025_10_p069_c000"", ""rbi_mpr_2025_10_p009_c001"", ""rbi_mpr_2025_10_p041_c003"", ""rbi_mpr_2025_10_p084_c000"", ""rbi_mpr_2025_10_p068_c003"", ""rbi_mpr_2025_10_p100_c003"", ""rbi_mpr_2025_10_p032_c004""], ""dense_candidate_pages"": [12, 22, 12, 12, 21, 21, 13, 22, 12, 31, 12, 99, 22, 10, 74, 21, 100, 99, 9, 20, 11, 17, 31, 37, 21, 102, 7, 13, 10, 80, 9, 9, 32, 80, 81, 55, 9, 94, 74, 37, 11, 66, 10, 69, 9, 41, 84, 68, 100, 32], ""dense_candidate_scores"": [0.318610972893709, 0.29347598328781266, 0.28832972664408696, 0.28072517076726633, 0.2516944215129625, 0.22466067423480196, 0.18886830607389538, 0.15664451157640624, 0.15177258876963795, 0.14968539253768143, 0.14578571323236245, 0.1424170842182808, 0.12573148406760593, 0.08497927477393741, 0.0787619402690043, 0.07605611259460487, 0.07025502036556552, 0.06720114401616306, 0.06707748516263212, 0.05600213631093942, 0.049896322367166235, 0.04642620374187023, 0.03969779655189409, 0.037175307668517066, 0.03656004797395507, 0.034327782289424125, 0.026827582009516404, 0.01770346365648401, 0.01687763830676159, 0.016721020617695093, 0.016105676629436072, 0.015444561163694193, 0.014404545529839385, 0.01425930748987081, 0.014127809322516782, 0.012142777051350695, 0.012119259109881653, 0.01064942991491269, 0.010508322266098213, 0.00829881587976311, 0.005910944030529941, 0.0038154027225683063, 0.002458611375305564, 0.0012392187541884203, -0.0041831418941320475, -0.004439141851987349, -0.004478254127405323, -0.008847196444044636, -0.012278287087619466, -0.012467695024827474], ""dense_first_evidence_rank"": 1, ""evidence_rank_after_reranking"": 2, ""evidence_rank_before_reranking"": 12, ""expected_evidence"": [""US$ 70 per barrel during H2: 2025-26""], ""loss_stage"": ""evidence_found"", ""report_id"": ""rbi_mpr_2025_10"", ""reranker_input_ids"": [""rbi_mpr_2025_10_p020_c000"", ""rbi_mpr_2025_10_p021_c000"", ""rbi_mpr_2025_10_p031_c000"", ""rbi_mpr_2025_10_p017_c004"", ""rbi_mpr_2025_10_p021_c004"", ""rbi_mpr_2025_10_p011_c003"", ""rbi_mpr_2025_10_p009_c003"", ""rbi_mpr_2025_10_p010_c002"", ""rbi_mpr_2025_10_p032_c003"", ""rbi_mpr_2025_10_p081_c000"", ""rbi_mpr_2025_10_p010_c004"", ""rbi_mpr_2025_10_p012_c001"", ""rbi_mpr_2025_10_p022_c002"", ""rbi_mpr_2025_10_p012_c003"", ""rbi_mpr_2025_10_p034_c005"", ""rbi_mpr_2025_10_p012_c000"", ""rbi_mpr_2025_10_p042_c002"", ""rbi_mpr_2025_10_p021_c003"", ""rbi_mpr_2025_10_p027_c002"", ""rbi_mpr_2025_10_p021_c002"", ""rbi_mpr_2025_10_p016_c002"", ""rbi_mpr_2025_10_p013_c000"", ""rbi_mpr_2025_10_p020_c001"", ""rbi_mpr_2025_10_p022_c001"", ""rbi_mpr_2025_10_p019_c002"", ""rbi_mpr_2025_10_p012_c004"", ""rbi_mpr_2025_10_p014_c000"", ""rbi_mpr_2025_10_p012_c002"", ""rbi_mpr_2025_10_p019_c003"", ""rbi_mpr_2025_10_p099_c002""], ""reranker_input_pages"": [20, 21, 31, 17, 21, 11, 9, 10, 32, 81, 10, 12, 22, 12, 34, 12, 42, 21, 27, 21, 16, 13, 20, 22, 19, 12, 14, 12, 19, 99], ""reranker_input_ranks"": [1, 2, 3, 4, 5, 6, 7, 8, 9, 10, 11, 12, 13, 14, 15, 16, 17, 18, 19, 20, 21, 22, 23, 24, 25, 26, 27, 28, 29, 30], ""reranker_output_ids"": [""rbi_mpr_2025_10_p013_c000"", ""rbi_mpr_2025_10_p012_c001"", ""rbi_mpr_2025_10_p012_c000"", ""rbi_mpr_2025_10_p011_c003"", ""rbi_mpr_2025_10_p012_c003"", ""rbi_mpr_2025_10_p021_c000"", ""rbi_mpr_2025_10_p021_c004"", ""rbi_mpr_2025_10_p022_c002"", ""rbi_mpr_2025_10_p009_c003"", ""rbi_mpr_2025_10_p099_c002"", ""rbi_mpr_2025_10_p022_c001"", ""rbi_mpr_2025_10_p020_c001"", ""rbi_mpr_2025_10_p020_c000"", ""rbi_mpr_2025_10_p017_c004"", ""rbi_mpr_2025_10_p021_c003"", ""rbi_mpr_2025_10_p010_c004"", ""rbi_mpr_2025_10_p021_c002"", ""rbi_mpr_2025_10_p081_c000"", ""rbi_mpr_2025_10_p042_c002"", ""rbi_mpr_2025_10_p012_c002"", ""rbi_mpr_2025_10_p031_c000"", ""rbi_mpr_2025_10_p010_c002"", ""rbi_mpr_2025_10_p014_c000"", ""rbi_mpr_2025_10_p019_c002"", ""rbi_mpr_2025_10_p016_c002"", ""rbi_mpr_2025_10_p019_c003"", ""rbi_mpr_2025_10_p012_c004"", ""rbi_mpr_2025_10_p027_c002"", ""rbi_mpr_2025_10_p032_c003"", ""rbi_mpr_2025_10_p034_c005""], ""reranker_output_pages"": [13, 12, 12, 11, 12, 21, 21, 22, 9, 99, 22, 20, 20, 17, 21, 10, 21, 81, 42, 12, 31, 10, 14, 19, 16, 19, 12, 27, 32, 34], ""reranker_scores"": [0.9466168880462646, -0.4445641040802002, -1.6362693309783936, -5.045666694641113, -5.308446884155273, -5.529908180236816, -5.693933963775635, -6.230894565582275, -6.341314315795898, -6.469938278198242, -6.7842936515808105, -7.032783031463623, -7.92332649230957, -8.18566608428955, -8.405298233032227, -8.548694610595703, -8.650524139404297, -9.670673370361328, -9.954508781433105, -10.187637329101562, -10.403176307678223, -10.53449821472168, -10.576151847839355, -10.796937942504883, -10.906075477600098, -10.939388275146484, -10.988893508911133, -11.142229080200195, -11.219985961914062, -11.224061965942383], ""rrf_candidate_ids"": [""rbi_mpr_2025_10_p020_c000"", ""rbi_mpr_2025_10_p021_c000"", ""rbi_mpr_2025_10_p031_c000"", ""rbi_mpr_2025_10_p017_c004"", ""rbi_mpr_2025_10_p021_c004"", ""rbi_mpr_2025_10_p011_c003"", ""rbi_mpr_2025_10_p009_c003"", ""rbi_mpr_2025_10_p010_c002"", ""rbi_mpr_2025_10_p032_c003"", ""rbi_mpr_2025_10_p081_c000"", ""rbi_mpr_2025_10_p010_c004"", ""rbi_mpr_2025_10_p012_c001"", ""rbi_mpr_2025_10_p022_c002"", ""rbi_mpr_2025_10_p012_c003"", ""rbi_mpr_2025_10_p034_c005"", ""rbi_mpr_2025_10_p012_c000"", ""rbi_mpr_2025_10_p042_c002"", ""rbi_mpr_2025_10_p021_c003"", ""rbi_mpr_2025_10_p027_c002"", ""rbi_mpr_2025_10_p021_c002"", ""rbi_mpr_2025_10_p016_c002"", ""rbi_mpr_2025_10_p013_c000"", ""rbi_mpr_2025_10_p020_c001"", ""rbi_mpr_2025_10_p022_c001"", ""rbi_mpr_2025_10_p019_c002"", ""rbi_mpr_2025_10_p012_c004"", ""rbi_mpr_2025_10_p014_c000"", ""rbi_mpr_2025_10_p012_c002"", ""rbi_mpr_2025_10_p019_c003"", ""rbi_mpr_2025_10_p099_c002""], ""rrf_candidate_pages"": [20, 21, 31, 17, 21, 11, 9, 10, 32, 81, 10, 12, 22, 12, 34, 12, 42, 21, 27, 21, 16, 13, 20, 22, 19, 12, 14, 12, 19, 99], ""rrf_first_evidence_rank"": 12, ""rrf_scores"": [0.028629032258064516, 0.02815814850530376, 0.027984344422700584, 0.026687875574407917, 0.025206087507926443, 0.023973585989089864, 0.023296291337528453, 0.023000660938532716, 0.022657450076804916, 0.019960278053624627, 0.01951265943270512, 0.01639344262295082, 0.016129032258064516, 0.015873015873015872, 0.015873015873015872, 0.015625, 0.015625, 0.015384615384615385, 0.015384615384615385, 0.015151515151515152, 0.015151515151515152, 0.014925373134328358, 0.014925373134328358, 0.014705882352941176, 0.014705882352941176, 0.014492753623188406, 0.014285714285714285, 0.014084507042253521, 0.014084507042253521, 0.013888888888888888], ""selected_chunk_ids_after_dedup"": [""rbi_mpr_2025_10_p013_c000"", ""rbi_mpr_2025_10_p012_c001""], ""selected_chunk_ids_before_dedup"": [""rbi_mpr_2025_10_p013_c000"", ""rbi_mpr_2025_10_p012_c001""], ""selected_pages"": [13, 12]}, ""rbi_mpr_2026_04"": {""accepted_evidence_found"": false, ""accepted_pages"": [5], ""bm25_candidate_ids"": [""rbi_mpr_2026_04_p112_c000"", ""rbi_mpr_2026_04_p023_c000"", ""rbi_mpr_2026_04_p105_c000"", ""rbi_mpr_2026_04_p107_c004"", ""rbi_mpr_2026_04_p112_c001"", ""rbi_mpr_2026_04_p105_c001"", ""rbi_mpr_2026_04_p107_c001"", ""rbi_mpr_2026_04_p059_c000"", ""rbi_mpr_2026_04_p018_c002"", ""rbi_mpr_2026_04_p100_c002"", ""rbi_mpr_2026_04_p020_c002"", ""rbi_mpr_2026_04_p089_c003"", ""rbi_mpr_2026_04_p108_c002"", ""rbi_mpr_2026_04_p111_c001"", ""rbi_mpr_2026_04_p023_c001"", ""rbi_mpr_2026_04_p049_c001"", ""rbi_mpr_2026_04_p089_c002"", ""rbi_mpr_2026_04_p112_c003"", ""rbi_mpr_2026_04_p114_c000"", ""rbi_mpr_2026_04_p103_c003"", ""rbi_mpr_2026_04_p082_c001"", ""rbi_mpr_2026_04_p112_c004"", ""rbi_mpr_2026_04_p018_c001"", ""rbi_mpr_2026_04_p112_c002"", ""rbi_mpr_2026_04_p081_c004"", ""rbi_mpr_2026_04_p109_c001"", ""rbi_mpr_2026_04_p020_c001"", ""rbi_mpr_2026_04_p088_c000"", ""rbi_mpr_2026_04_p014_c000"", ""rbi_mpr_2026_04_p106_c002"", ""rbi_mpr_2026_04_p100_c001"", ""rbi_mpr_2026_04_p013_c000"", ""rbi_mpr_2026_04_p018_c003"", ""rbi_mpr_2026_04_p110_c000"", ""rbi_mpr_2026_04_p020_c003"", ""rbi_mpr_2026_04_p022_c003"", ""rbi_mpr_2026_04_p005_c005"", ""rbi_mpr_2026_04_p081_c005"", ""rbi_mpr_2026_04_p083_c000"", ""rbi_mpr_2026_04_p017_c001"", ""rbi_mpr_2026_04_p050_c000"", ""rbi_mpr_2026_04_p087_c000"", ""rbi_mpr_2026_04_p113_c002"", ""rbi_mpr_2026_04_p083_c003"", ""rbi_mpr_2026_04_p115_c004"", ""rbi_mpr_2026_04_p050_c001"", ""rbi_mpr_2026_04_p013_c001"", ""rbi_mpr_2026_04_p020_c000"", ""rbi_mpr_2026_04_p005_c003"", ""rbi_mpr_2026_04_p079_c000""], ""bm25_candidate_pages"": [112, 23, 105, 107, 112, 105, 107, 59, 18, 100, 20, 89, 108, 111, 23, 49, 89, 112, 114, 103, 82, 112, 18, 112, 81, 109, 20, 88, 14, 106, 100, 13, 18, 110, 20, 22, 5, 81, 83, 17, 50, 87, 113, 83, 115, 50, 13, 20, 5, 79], ""bm25_candidate_scores"": [null, null, null, null, null, null, null, null, null, null, null, null, null, null, null, null, null, null, null, null, null, null, null, null, null, null, null, null, null, null, null, null, null, null, null, null, null, null, null, null, null, null, null, null, null, null, null, null, null, null], ""bm25_first_evidence_rank"": 37, ""candidate_source_expansion"": {""rbi_mpr_2025_04_p005_c001"": [], ""rbi_mpr_2025_04_p009_c000"": [], ""rbi_mpr_2025_04_p011_c000"": [], ""rbi_mpr_2025_04_p011_c003"": [], ""rbi_mpr_2025_04_p012_c000"": [], ""rbi_mpr_2025_04_p012_c002"": [], ""rbi_mpr_2025_04_p012_c003"": [], ""rbi_mpr_2025_04_p012_c004"": [], ""rbi_mpr_2025_04_p013_c002"": [], ""rbi_mpr_2025_04_p013_c003"": [], ""rbi_mpr_2025_04_p013_c004"": [], ""rbi_mpr_2025_04_p014_c000"": [], ""rbi_mpr_2025_04_p014_c001"": [], ""rbi_mpr_2025_04_p014_c002"": [], ""rbi_mpr_2025_04_p014_c003"": [], ""rbi_mpr_2025_04_p014_c004"": [], ""rbi_mpr_2025_04_p015_c001"": [], ""rbi_mpr_2025_04_p015_c002"": [], ""rbi_mpr_2025_04_p016_c002"": [], ""rbi_mpr_2025_04_p018_c000"": [], ""rbi_mpr_2025_04_p018_c001"": [], ""rbi_mpr_2025_04_p019_c000"": [], ""rbi_mpr_2025_04_p019_c001"": [], ""rbi_mpr_2025_04_p019_c003"": [], ""rbi_mpr_2025_04_p019_c004"": [], ""rbi_mpr_2025_04_p020_c000"": [], ""rbi_mpr_2025_04_p021_c000"": [], ""rbi_mpr_2025_04_p021_c001"": [], ""rbi_mpr_2025_04_p021_c003"": [], ""rbi_mpr_2025_04_p021_c004"": [], ""rbi_mpr_2025_04_p022_c000"": [], ""rbi_mpr_2025_04_p022_c001"": [], ""rbi_mpr_2025_04_p022_c002"": [], ""rbi_mpr_2025_04_p022_c003"": [], ""rbi_mpr_2025_04_p023_c003"": [], ""rbi_mpr_2025_04_p025_c003"": [], ""rbi_mpr_2025_04_p027_c000"": [], ""rbi_mpr_2025_04_p027_c001"": [], ""rbi_mpr_2025_04_p027_c002"": [], ""rbi_mpr_2025_04_p028_c000"": [], ""rbi_mpr_2025_04_p028_c001"": [], ""rbi_mpr_2025_04_p028_c002"": [], ""rbi_mpr_2025_04_p028_c003"": [], ""rbi_mpr_2025_04_p029_c002"": [], ""rbi_mpr_2025_04_p029_c003"": [], ""rbi_mpr_2025_04_p036_c000"": [], ""rbi_mpr_2025_04_p036_c001"": [], ""rbi_mpr_2025_04_p036_c002"": [], ""rbi_mpr_2025_04_p038_c000"": [], ""rbi_mpr_2025_04_p038_c001"": [], ""rbi_mpr_2025_04_p038_c002"": [], ""rbi_mpr_2025_04_p039_c002"": [], ""rbi_mpr_2025_04_p043_c000"": [], ""rbi_mpr_2025_04_p044_c001"": [], ""rbi_mpr_2025_04_p044_c002"": [], ""rbi_mpr_2025_04_p047_c000"": [], ""rbi_mpr_2025_04_p055_c000"": [], ""rbi_mpr_2025_04_p060_c000"": [], ""rbi_mpr_2025_04_p068_c001"": [], ""rbi_mpr_2025_04_p068_c002"": [], ""rbi_mpr_2025_04_p069_c002"": [], ""rbi_mpr_2025_04_p069_c004"": [], ""rbi_mpr_2025_04_p070_c002"": [], ""rbi_mpr_2025_04_p073_c002"": [], ""rbi_mpr_2025_04_p073_c003"": [], ""rbi_mpr_2025_04_p073_c006"": [], ""rbi_mpr_2025_04_p074_c001"": [], ""rbi_mpr_2025_04_p074_c002"": [], ""rbi_mpr_2025_04_p075_c002"": [], ""rbi_mpr_2025_04_p077_c001"": [], ""rbi_mpr_2025_04_p077_c002"": [], ""rbi_mpr_2025_04_p078_c003"": [], ""rbi_mpr_2025_04_p079_c000"": [], ""rbi_mpr_2025_04_p085_c000"": [], ""rbi_mpr_2025_04_p086_c000"": [], ""rbi_mpr_2025_04_p086_c001"": [], ""rbi_mpr_2025_04_p087_c001"": [], ""rbi_mpr_2025_04_p093_c001"": [], ""rbi_mpr_2025_04_p095_c000"": [], ""rbi_mpr_2025_04_p099_c000"": [], ""rbi_mpr_2025_04_p103_c002"": [], ""rbi_mpr_2025_04_p104_c000"": [], ""rbi_mpr_2025_04_p104_c003"": [], ""rbi_mpr_2025_04_p110_c000"": [], ""rbi_mpr_2025_04_p110_c001"": [], ""rbi_mpr_2025_04_p110_c002"": [], ""rbi_mpr_2025_04_p110_c003"": [], ""rbi_mpr_2025_04_p111_c001"": [], ""rbi_mpr_2025_04_p111_c002"": [], ""rbi_mpr_2025_04_p111_c003"": [], ""rbi_mpr_2025_04_p111_c004"": [], ""rbi_mpr_2025_04_p114_c001"": [], ""rbi_mpr_2025_10_p007_c002"": [], ""rbi_mpr_2025_10_p009_c000"": [], ""rbi_mpr_2025_10_p009_c001"": [], ""rbi_mpr_2025_10_p009_c003"": [], ""rbi_mpr_2025_10_p009_c004"": [], ""rbi_mpr_2025_10_p009_c005"": [], ""rbi_mpr_2025_10_p010_c001"": [], ""rbi_mpr_2025_10_p010_c002"": [], ""rbi_mpr_2025_10_p010_c003"": [], ""rbi_mpr_2025_10_p010_c004"": [], ""rbi_mpr_2025_10_p011_c001"": [], ""rbi_mpr_2025_10_p011_c003"": [], ""rbi_mpr_2025_10_p011_c004"": [], ""rbi_mpr_2025_10_p012_c000"": [], ""rbi_mpr_2025_10_p012_c001"": [], ""rbi_mpr_2025_10_p012_c002"": [], ""rbi_mpr_2025_10_p012_c003"": [], ""rbi_mpr_2025_10_p012_c004"": [], ""rbi_mpr_2025_10_p013_c000"": [], ""rbi_mpr_2025_10_p013_c004"": [], ""rbi_mpr_2025_10_p014_c000"": [], ""rbi_mpr_2025_10_p014_c001"": [], ""rbi_mpr_2025_10_p014_c003"": [], ""rbi_mpr_2025_10_p016_c002"": [], ""rbi_mpr_2025_10_p016_c003"": [], ""rbi_mpr_2025_10_p016_c004"": [], ""rbi_mpr_2025_10_p017_c000"": [], ""rbi_mpr_2025_10_p017_c003"": [], ""rbi_mpr_2025_10_p017_c004"": [], ""rbi_mpr_2025_10_p018_c000"": [], ""rbi_mpr_2025_10_p019_c002"": [], ""rbi_mpr_2025_10_p019_c003"": [], ""rbi_mpr_2025_10_p020_c000"": [], ""rbi_mpr_2025_10_p020_c001"": [], ""rbi_mpr_2025_10_p021_c000"": [], ""rbi_mpr_2025_10_p021_c001"": [], ""rbi_mpr_2025_10_p021_c002"": [], ""rbi_mpr_2025_10_p021_c003"": [], ""rbi_mpr_2025_10_p021_c004"": [], ""rbi_mpr_2025_10_p021_c005"": [], ""rbi_mpr_2025_10_p022_c000"": [], ""rbi_mpr_2025_10_p022_c001"": [], ""rbi_mpr_2025_10_p022_c002"": [], ""rbi_mpr_2025_10_p023_c003"": [], ""rbi_mpr_2025_10_p027_c001"": [], ""rbi_mpr_2025_10_p027_c002"": [], ""rbi_mpr_2025_10_p031_c000"": [], ""rbi_mpr_2025_10_p031_c002"": [], ""rbi_mpr_2025_10_p032_c003"": [], ""rbi_mpr_2025_10_p032_c004"": [], ""rbi_mpr_2025_10_p034_c003"": [], ""rbi_mpr_2025_10_p034_c004"": [], ""rbi_mpr_2025_10_p034_c005"": [], ""rbi_mpr_2025_10_p035_c002"": [], ""rbi_mpr_2025_10_p037_c000"": [], ""rbi_mpr_2025_10_p037_c001"": [], ""rbi_mpr_2025_10_p041_c003"": [], ""rbi_mpr_2025_10_p041_c004"": [], ""rbi_mpr_2025_10_p042_c002"": [], ""rbi_mpr_2025_10_p049_c002"": [], ""rbi_mpr_2025_10_p055_c000"": [], ""rbi_mpr_2025_10_p055_c001"": [], ""rbi_mpr_2025_10_p055_c002"": [], ""rbi_mpr_2025_10_p063_c000"": [], ""rbi_mpr_2025_10_p065_c003"": [], ""rbi_mpr_2025_10_p065_c004"": [], ""rbi_mpr_2025_10_p066_c001"": [], ""rbi_mpr_2025_10_p068_c003"": [], ""rbi_mpr_2025_10_p069_c000"": [], ""rbi_mpr_2025_10_p074_c001"": [], ""rbi_mpr_2025_10_p074_c002"": [], ""rbi_mpr_2025_10_p076_c000"": [], ""rbi_mpr_2025_10_p076_c001"": [], ""rbi_mpr_2025_10_p080_c001"": [], ""rbi_mpr_2025_10_p080_c002"": [], ""rbi_mpr_2025_10_p081_c000"": [], ""rbi_mpr_2025_10_p084_c000"": [], ""rbi_mpr_2025_10_p091_c000"": [], ""rbi_mpr_2025_10_p094_c003"": [], ""rbi_mpr_2025_10_p097_c001"": [], ""rbi_mpr_2025_10_p097_c004"": [], ""rbi_mpr_2025_10_p099_c002"": [], ""rbi_mpr_2025_10_p099_c003"": [], ""rbi_mpr_2025_10_p100_c002"": [], ""rbi_mpr_2025_10_p100_c003"": [], ""rbi_mpr_2025_10_p102_c001"": [], ""rbi_mpr_2025_10_p103_c000"": [], ""rbi_mpr_2025_10_p105_c001"": [], ""rbi_mpr_2025_10_p110_c001"": [], ""rbi_mpr_2026_04_p005_c003"": [], ""rbi_mpr_2026_04_p005_c004"": [], ""rbi_mpr_2026_04_p005_c005"": [], ""rbi_mpr_2026_04_p013_c000"": [], ""rbi_mpr_2026_04_p013_c001"": [], ""rbi_mpr_2026_04_p014_c000"": [], ""rbi_mpr_2026_04_p016_c001"": [], ""rbi_mpr_2026_04_p016_c002"": [], ""rbi_mpr_2026_04_p017_c001"": [], ""rbi_mpr_2026_04_p017_c002"": [], ""rbi_mpr_2026_04_p018_c001"": [], ""rbi_mpr_2026_04_p018_c002"": [], ""rbi_mpr_2026_04_p018_c003"": [], ""rbi_mpr_2026_04_p020_c000"": [], ""rbi_mpr_2026_04_p020_c001"": [], ""rbi_mpr_2026_04_p020_c002"": [], ""rbi_mpr_2026_04_p020_c003"": [], ""rbi_mpr_2026_04_p021_c000"": [], ""rbi_mpr_2026_04_p022_c002"": [], ""rbi_mpr_2026_04_p022_c003"": [], ""rbi_mpr_2026_04_p023_c000"": [], ""rbi_mpr_2026_04_p023_c001"": [], ""rbi_mpr_2026_04_p026_c002"": [], ""rbi_mpr_2026_04_p029_c001"": [], ""rbi_mpr_2026_04_p034_c000"": [], ""rbi_mpr_2026_04_p034_c001"": [], ""rbi_mpr_2026_04_p040_c000"": [], ""rbi_mpr_2026_04_p040_c001"": [], ""rbi_mpr_2026_04_p049_c001"": [], ""rbi_mpr_2026_04_p050_c000"": [], ""rbi_mpr_2026_04_p050_c001"": [], ""rbi_mpr_2026_04_p059_c000"": [], ""rbi_mpr_2026_04_p068_c002"": [], ""rbi_mpr_2026_04_p078_c001"": [], ""rbi_mpr_2026_04_p079_c000"": [], ""rbi_mpr_2026_04_p081_c004"": [], ""rbi_mpr_2026_04_p081_c005"": [], ""rbi_mpr_2026_04_p082_c001"": [], ""rbi_mpr_2026_04_p083_c000"": [], ""rbi_mpr_2026_04_p083_c003"": [], ""rbi_mpr_2026_04_p086_c000"": [], ""rbi_mpr_2026_04_p086_c001"": [], ""rbi_mpr_2026_04_p086_c003"": [], ""rbi_mpr_2026_04_p087_c000"": [], ""rbi_mpr_2026_04_p087_c001"": [], ""rbi_mpr_2026_04_p087_c002"": [], ""rbi_mpr_2026_04_p088_c000"": [], ""rbi_mpr_2026_04_p088_c001"": [], ""rbi_mpr_2026_04_p088_c002"": [], ""rbi_mpr_2026_04_p088_c003"": [], ""rbi_mpr_2026_04_p088_c004"": [], ""rbi_mpr_2026_04_p089_c002"": [], ""rbi_mpr_2026_04_p089_c003"": [], ""rbi_mpr_2026_04_p090_c003"": [], ""rbi_mpr_2026_04_p090_c004"": [], ""rbi_mpr_2026_04_p095_c000"": [], ""rbi_mpr_2026_04_p095_c001"": [], ""rbi_mpr_2026_04_p099_c002"": [], ""rbi_mpr_2026_04_p100_c001"": [], ""rbi_mpr_2026_04_p100_c002"": [], ""rbi_mpr_2026_04_p100_c003"": [], ""rbi_mpr_2026_04_p101_c004"": [], ""rbi_mpr_2026_04_p101_c005"": [], ""rbi_mpr_2026_04_p103_c003"": [], ""rbi_mpr_2026_04_p105_c000"": [], ""rbi_mpr_2026_04_p105_c001"": [], ""rbi_mpr_2026_04_p105_c002"": [], ""rbi_mpr_2026_04_p105_c003"": [], ""rbi_mpr_2026_04_p105_c004"": [], ""rbi_mpr_2026_04_p106_c002"": [], ""rbi_mpr_2026_04_p106_c003"": [], ""rbi_mpr_2026_04_p107_c001"": [], ""rbi_mpr_2026_04_p107_c004"": [], ""rbi_mpr_2026_04_p108_c002"": [], ""rbi_mpr_2026_04_p109_c001"": [], ""rbi_mpr_2026_04_p110_c000"": [], ""rbi_mpr_2026_04_p111_c001"": [], ""rbi_mpr_2026_04_p112_c000"": [], ""rbi_mpr_2026_04_p112_c001"": [], ""rbi_mpr_2026_04_p112_c002"": [], ""rbi_mpr_2026_04_p112_c003"": [], ""rbi_mpr_2026_04_p112_c004"": [], ""rbi_mpr_2026_04_p113_c000"": [], ""rbi_mpr_2026_04_p113_c001"": [], ""rbi_mpr_2026_04_p113_c002"": [], ""rbi_mpr_2026_04_p113_c003"": [], ""rbi_mpr_2026_04_p114_c000"": [], ""rbi_mpr_2026_04_p114_c001"": [], ""rbi_mpr_2026_04_p114_c002"": [], ""rbi_mpr_2026_04_p115_c004"": []}, ""candidate_source_facet"": {""rbi_mpr_2025_04_p005_c001"": [], ""rbi_mpr_2025_04_p009_c000"": [], ""rbi_mpr_2025_04_p011_c000"": [], ""rbi_mpr_2025_04_p011_c003"": [], ""rbi_mpr_2025_04_p012_c000"": [], ""rbi_mpr_2025_04_p012_c002"": [], ""rbi_mpr_2025_04_p012_c003"": [], ""rbi_mpr_2025_04_p012_c004"": [], ""rbi_mpr_2025_04_p013_c002"": [], ""rbi_mpr_2025_04_p013_c003"": [], ""rbi_mpr_2025_04_p013_c004"": [], ""rbi_mpr_2025_04_p014_c000"": [], ""rbi_mpr_2025_04_p014_c001"": [], ""rbi_mpr_2025_04_p014_c002"": [], ""rbi_mpr_2025_04_p014_c003"": [], ""rbi_mpr_2025_04_p014_c004"": [], ""rbi_mpr_2025_04_p015_c001"": [], ""rbi_mpr_2025_04_p015_c002"": [], ""rbi_mpr_2025_04_p016_c002"": [], ""rbi_mpr_2025_04_p018_c000"": [], ""rbi_mpr_2025_04_p018_c001"": [], ""rbi_mpr_2025_04_p019_c000"": [], ""rbi_mpr_2025_04_p019_c001"": [], ""rbi_mpr_2025_04_p019_c003"": [], ""rbi_mpr_2025_04_p019_c004"": [], ""rbi_mpr_2025_04_p020_c000"": [], ""rbi_mpr_2025_04_p021_c000"": [], ""rbi_mpr_2025_04_p021_c001"": [], ""rbi_mpr_2025_04_p021_c003"": [], ""rbi_mpr_2025_04_p021_c004"": [], ""rbi_mpr_2025_04_p022_c000"": [], ""rbi_mpr_2025_04_p022_c001"": [], ""rbi_mpr_2025_04_p022_c002"": [], ""rbi_mpr_2025_04_p022_c003"": [], ""rbi_mpr_2025_04_p023_c003"": [], ""rbi_mpr_2025_04_p025_c003"": [], ""rbi_mpr_2025_04_p027_c000"": [], ""rbi_mpr_2025_04_p027_c001"": [], ""rbi_mpr_2025_04_p027_c002"": [], ""rbi_mpr_2025_04_p028_c000"": [], ""rbi_mpr_2025_04_p028_c001"": [], ""rbi_mpr_2025_04_p028_c002"": [], ""rbi_mpr_2025_04_p028_c003"": [], ""rbi_mpr_2025_04_p029_c002"": [], ""rbi_mpr_2025_04_p029_c003"": [], ""rbi_mpr_2025_04_p036_c000"": [], ""rbi_mpr_2025_04_p036_c001"": [], ""rbi_mpr_2025_04_p036_c002"": [], ""rbi_mpr_2025_04_p038_c000"": [], ""rbi_mpr_2025_04_p038_c001"": [], ""rbi_mpr_2025_04_p038_c002"": [], ""rbi_mpr_2025_04_p039_c002"": [], ""rbi_mpr_2025_04_p043_c000"": [], ""rbi_mpr_2025_04_p044_c001"": [], ""rbi_mpr_2025_04_p044_c002"": [], ""rbi_mpr_2025_04_p047_c000"": [], ""rbi_mpr_2025_04_p055_c000"": [], ""rbi_mpr_2025_04_p060_c000"": [], ""rbi_mpr_2025_04_p068_c001"": [], ""rbi_mpr_2025_04_p068_c002"": [], ""rbi_mpr_2025_04_p069_c002"": [], ""rbi_mpr_2025_04_p069_c004"": [], ""rbi_mpr_2025_04_p070_c002"": [], ""rbi_mpr_2025_04_p073_c002"": [], ""rbi_mpr_2025_04_p073_c003"": [], ""rbi_mpr_2025_04_p073_c006"": [], ""rbi_mpr_2025_04_p074_c001"": [], ""rbi_mpr_2025_04_p074_c002"": [], ""rbi_mpr_2025_04_p075_c002"": [], ""rbi_mpr_2025_04_p077_c001"": [], ""rbi_mpr_2025_04_p077_c002"": [], ""rbi_mpr_2025_04_p078_c003"": [], ""rbi_mpr_2025_04_p079_c000"": [], ""rbi_mpr_2025_04_p085_c000"": [], ""rbi_mpr_2025_04_p086_c000"": [], ""rbi_mpr_2025_04_p086_c001"": [], ""rbi_mpr_2025_04_p087_c001"": [], ""rbi_mpr_2025_04_p093_c001"": [], ""rbi_mpr_2025_04_p095_c000"": [], ""rbi_mpr_2025_04_p099_c000"": [], ""rbi_mpr_2025_04_p103_c002"": [], ""rbi_mpr_2025_04_p104_c000"": [], ""rbi_mpr_2025_04_p104_c003"": [], ""rbi_mpr_2025_04_p110_c000"": [], ""rbi_mpr_2025_04_p110_c001"": [], ""rbi_mpr_2025_04_p110_c002"": [], ""rbi_mpr_2025_04_p110_c003"": [], ""rbi_mpr_2025_04_p111_c001"": [], ""rbi_mpr_2025_04_p111_c002"": [], ""rbi_mpr_2025_04_p111_c003"": [], ""rbi_mpr_2025_04_p111_c004"": [], ""rbi_mpr_2025_04_p114_c001"": [], ""rbi_mpr_2025_10_p007_c002"": [], ""rbi_mpr_2025_10_p009_c000"": [], ""rbi_mpr_2025_10_p009_c001"": [], ""rbi_mpr_2025_10_p009_c003"": [], ""rbi_mpr_2025_10_p009_c004"": [], ""rbi_mpr_2025_10_p009_c005"": [], ""rbi_mpr_2025_10_p010_c001"": [], ""rbi_mpr_2025_10_p010_c002"": [], ""rbi_mpr_2025_10_p010_c003"": [], ""rbi_mpr_2025_10_p010_c004"": [], ""rbi_mpr_2025_10_p011_c001"": [], ""rbi_mpr_2025_10_p011_c003"": [], ""rbi_mpr_2025_10_p011_c004"": [], ""rbi_mpr_2025_10_p012_c000"": [], ""rbi_mpr_2025_10_p012_c001"": [], ""rbi_mpr_2025_10_p012_c002"": [], ""rbi_mpr_2025_10_p012_c003"": [], ""rbi_mpr_2025_10_p012_c004"": [], ""rbi_mpr_2025_10_p013_c000"": [], ""rbi_mpr_2025_10_p013_c004"": [], ""rbi_mpr_2025_10_p014_c000"": [], ""rbi_mpr_2025_10_p014_c001"": [], ""rbi_mpr_2025_10_p014_c003"": [], ""rbi_mpr_2025_10_p016_c002"": [], ""rbi_mpr_2025_10_p016_c003"": [], ""rbi_mpr_2025_10_p016_c004"": [], ""rbi_mpr_2025_10_p017_c000"": [], ""rbi_mpr_2025_10_p017_c003"": [], ""rbi_mpr_2025_10_p017_c004"": [], ""rbi_mpr_2025_10_p018_c000"": [], ""rbi_mpr_2025_10_p019_c002"": [], ""rbi_mpr_2025_10_p019_c003"": [], ""rbi_mpr_2025_10_p020_c000"": [], ""rbi_mpr_2025_10_p020_c001"": [], ""rbi_mpr_2025_10_p021_c000"": [], ""rbi_mpr_2025_10_p021_c001"": [], ""rbi_mpr_2025_10_p021_c002"": [], ""rbi_mpr_2025_10_p021_c003"": [], ""rbi_mpr_2025_10_p021_c004"": [], ""rbi_mpr_2025_10_p021_c005"": [], ""rbi_mpr_2025_10_p022_c000"": [], ""rbi_mpr_2025_10_p022_c001"": [], ""rbi_mpr_2025_10_p022_c002"": [], ""rbi_mpr_2025_10_p023_c003"": [], ""rbi_mpr_2025_10_p027_c001"": [], ""rbi_mpr_2025_10_p027_c002"": [], ""rbi_mpr_2025_10_p031_c000"": [], ""rbi_mpr_2025_10_p031_c002"": [], ""rbi_mpr_2025_10_p032_c003"": [], ""rbi_mpr_2025_10_p032_c004"": [], ""rbi_mpr_2025_10_p034_c003"": [], ""rbi_mpr_2025_10_p034_c004"": [], ""rbi_mpr_2025_10_p034_c005"": [], ""rbi_mpr_2025_10_p035_c002"": [], ""rbi_mpr_2025_10_p037_c000"": [], ""rbi_mpr_2025_10_p037_c001"": [], ""rbi_mpr_2025_10_p041_c003"": [], ""rbi_mpr_2025_10_p041_c004"": [], ""rbi_mpr_2025_10_p042_c002"": [], ""rbi_mpr_2025_10_p049_c002"": [], ""rbi_mpr_2025_10_p055_c000"": [], ""rbi_mpr_2025_10_p055_c001"": [], ""rbi_mpr_2025_10_p055_c002"": [], ""rbi_mpr_2025_10_p063_c000"": [], ""rbi_mpr_2025_10_p065_c003"": [], ""rbi_mpr_2025_10_p065_c004"": [], ""rbi_mpr_2025_10_p066_c001"": [], ""rbi_mpr_2025_10_p068_c003"": [], ""rbi_mpr_2025_10_p069_c000"": [], ""rbi_mpr_2025_10_p074_c001"": [], ""rbi_mpr_2025_10_p074_c002"": [], ""rbi_mpr_2025_10_p076_c000"": [], ""rbi_mpr_2025_10_p076_c001"": [], ""rbi_mpr_2025_10_p080_c001"": [], ""rbi_mpr_2025_10_p080_c002"": [], ""rbi_mpr_2025_10_p081_c000"": [], ""rbi_mpr_2025_10_p084_c000"": [], ""rbi_mpr_2025_10_p091_c000"": [], ""rbi_mpr_2025_10_p094_c003"": [], ""rbi_mpr_2025_10_p097_c001"": [], ""rbi_mpr_2025_10_p097_c004"": [], ""rbi_mpr_2025_10_p099_c002"": [], ""rbi_mpr_2025_10_p099_c003"": [], ""rbi_mpr_2025_10_p100_c002"": [], ""rbi_mpr_2025_10_p100_c003"": [], ""rbi_mpr_2025_10_p102_c001"": [], ""rbi_mpr_2025_10_p103_c000"": [], ""rbi_mpr_2025_10_p105_c001"": [], ""rbi_mpr_2025_10_p110_c001"": [], ""rbi_mpr_2026_04_p005_c003"": [], ""rbi_mpr_2026_04_p005_c004"": [], ""rbi_mpr_2026_04_p005_c005"": [], ""rbi_mpr_2026_04_p013_c000"": [], ""rbi_mpr_2026_04_p013_c001"": [], ""rbi_mpr_2026_04_p014_c000"": [], ""rbi_mpr_2026_04_p016_c001"": [], ""rbi_mpr_2026_04_p016_c002"": [], ""rbi_mpr_2026_04_p017_c001"": [], ""rbi_mpr_2026_04_p017_c002"": [], ""rbi_mpr_2026_04_p018_c001"": [], ""rbi_mpr_2026_04_p018_c002"": [], ""rbi_mpr_2026_04_p018_c003"": [], ""rbi_mpr_2026_04_p020_c000"": [], ""rbi_mpr_2026_04_p020_c001"": [], ""rbi_mpr_2026_04_p020_c002"": [], ""rbi_mpr_2026_04_p020_c003"": [], ""rbi_mpr_2026_04_p021_c000"": [], ""rbi_mpr_2026_04_p022_c002"": [], ""rbi_mpr_2026_04_p022_c003"": [], ""rbi_mpr_2026_04_p023_c000"": [], ""rbi_mpr_2026_04_p023_c001"": [], ""rbi_mpr_2026_04_p026_c002"": [], ""rbi_mpr_2026_04_p029_c001"": [], ""rbi_mpr_2026_04_p034_c000"": [], ""rbi_mpr_2026_04_p034_c001"": [], ""rbi_mpr_2026_04_p040_c000"": [], ""rbi_mpr_2026_04_p040_c001"": [], ""rbi_mpr_2026_04_p049_c001"": [], ""rbi_mpr_2026_04_p050_c000"": [], ""rbi_mpr_2026_04_p050_c001"": [], ""rbi_mpr_2026_04_p059_c000"": [], ""rbi_mpr_2026_04_p068_c002"": [], ""rbi_mpr_2026_04_p078_c001"": [], ""rbi_mpr_2026_04_p079_c000"": [], ""rbi_mpr_2026_04_p081_c004"": [], ""rbi_mpr_2026_04_p081_c005"": [], ""rbi_mpr_2026_04_p082_c001"": [], ""rbi_mpr_2026_04_p083_c000"": [], ""rbi_mpr_2026_04_p083_c003"": [], ""rbi_mpr_2026_04_p086_c000"": [], ""rbi_mpr_2026_04_p086_c001"": [], ""rbi_mpr_2026_04_p086_c003"": [], ""rbi_mpr_2026_04_p087_c000"": [], ""rbi_mpr_2026_04_p087_c001"": [], ""rbi_mpr_2026_04_p087_c002"": [], ""rbi_mpr_2026_04_p088_c000"": [], ""rbi_mpr_2026_04_p088_c001"": [], ""rbi_mpr_2026_04_p088_c002"": [], ""rbi_mpr_2026_04_p088_c003"": [], ""rbi_mpr_2026_04_p088_c004"": [], ""rbi_mpr_2026_04_p089_c002"": [], ""rbi_mpr_2026_04_p089_c003"": [], ""rbi_mpr_2026_04_p090_c003"": [], ""rbi_mpr_2026_04_p090_c004"": [], ""rbi_mpr_2026_04_p095_c000"": [], ""rbi_mpr_2026_04_p095_c001"": [], ""rbi_mpr_2026_04_p099_c002"": [], ""rbi_mpr_2026_04_p100_c001"": [], ""rbi_mpr_2026_04_p100_c002"": [], ""rbi_mpr_2026_04_p100_c003"": [], ""rbi_mpr_2026_04_p101_c004"": [], ""rbi_mpr_2026_04_p101_c005"": [], ""rbi_mpr_2026_04_p103_c003"": [], ""rbi_mpr_2026_04_p105_c000"": [], ""rbi_mpr_2026_04_p105_c001"": [], ""rbi_mpr_2026_04_p105_c002"": [], ""rbi_mpr_2026_04_p105_c003"": [], ""rbi_mpr_2026_04_p105_c004"": [], ""rbi_mpr_2026_04_p106_c002"": [], ""rbi_mpr_2026_04_p106_c003"": [], ""rbi_mpr_2026_04_p107_c001"": [], ""rbi_mpr_2026_04_p107_c004"": [], ""rbi_mpr_2026_04_p108_c002"": [], ""rbi_mpr_2026_04_p109_c001"": [], ""rbi_mpr_2026_04_p110_c000"": [], ""rbi_mpr_2026_04_p111_c001"": [], ""rbi_mpr_2026_04_p112_c000"": [], ""rbi_mpr_2026_04_p112_c001"": [], ""rbi_mpr_2026_04_p112_c002"": [], ""rbi_mpr_2026_04_p112_c003"": [], ""rbi_mpr_2026_04_p112_c004"": [], ""rbi_mpr_2026_04_p113_c000"": [], ""rbi_mpr_2026_04_p113_c001"": [], ""rbi_mpr_2026_04_p113_c002"": [], ""rbi_mpr_2026_04_p113_c003"": [], ""rbi_mpr_2026_04_p114_c000"": [], ""rbi_mpr_2026_04_p114_c001"": [], ""rbi_mpr_2026_04_p114_c002"": [], ""rbi_mpr_2026_04_p115_c004"": []}, ""candidate_source_query"": {""rbi_mpr_2025_04_p005_c001"": [""How did crude-oil assumptions or risks evolve across the three MPRs?""], ""rbi_mpr_2025_04_p009_c000"": [""How did crude-oil assumptions or risks evolve across the three MPRs?""], ""rbi_mpr_2025_04_p011_c000"": [""How did crude-oil assumptions or risks evolve across the three MPRs?""], ""rbi_mpr_2025_04_p011_c003"": [""How did crude-oil assumptions or risks evolve across the three MPRs?""], ""rbi_mpr_2025_04_p012_c000"": [""How did crude-oil assumptions or risks evolve across the three MPRs?""], ""rbi_mpr_2025_04_p012_c002"": [""How did crude-oil assumptions or risks evolve across the three MPRs?""], ""rbi_mpr_2025_04_p012_c003"": [""How did crude-oil assumptions or risks evolve across the three MPRs?""], ""rbi_mpr_2025_04_p012_c004"": [""How did crude-oil assumptions or risks evolve across the three MPRs?""], ""rbi_mpr_2025_04_p013_c002"": [""How did crude-oil assumptions or risks evolve across the three MPRs?""], ""rbi_mpr_2025_04_p013_c003"": [""How did crude-oil assumptions or risks evolve across the three MPRs?""], ""rbi_mpr_2025_04_p013_c004"": [""How did crude-oil assumptions or risks evolve across the three MPRs?""], ""rbi_mpr_2025_04_p014_c000"": [""How did crude-oil assumptions or risks evolve across the three MPRs?""], ""rbi_mpr_2025_04_p014_c001"": [""How did crude-oil assumptions or risks evolve across the three MPRs?""], ""rbi_mpr_2025_04_p014_c002"": [""How did crude-oil assumptions or risks evolve across the three MPRs?""], ""rbi_mpr_2025_04_p014_c003"": [""How did crude-oil assumptions or risks evolve across the three MPRs?""], ""rbi_mpr_2025_04_p014_c004"": [""How did crude-oil assumptions or risks evolve across the three MPRs?""], ""rbi_mpr_2025_04_p015_c001"": [""How did crude-oil assumptions or risks evolve across the three MPRs?""], ""rbi_mpr_2025_04_p015_c002"": [""How did crude-oil assumptions or risks evolve across the three MPRs?""], ""rbi_mpr_2025_04_p016_c002"": [""How did crude-oil assumptions or risks evolve across the three MPRs?""], ""rbi_mpr_2025_04_p018_c000"": [""How did crude-oil assumptions or risks evolve across the three MPRs?""], ""rbi_mpr_2025_04_p018_c001"": [""How did crude-oil assumptions or risks evolve across the three MPRs?""], ""rbi_mpr_2025_04_p019_c000"": [""How did crude-oil assumptions or risks evolve across the three MPRs?""], ""rbi_mpr_2025_04_p019_c001"": [""How did crude-oil assumptions or risks evolve across the three MPRs?""], ""rbi_mpr_2025_04_p019_c003"": [""How did crude-oil assumptions or risks evolve across the three MPRs?""], ""rbi_mpr_2025_04_p019_c004"": [""How did crude-oil assumptions or risks evolve across the three MPRs?""], ""rbi_mpr_2025_04_p020_c000"": [""How did crude-oil assumptions or risks evolve across the three MPRs?""], ""rbi_mpr_2025_04_p021_c000"": [""How did crude-oil assumptions or risks evolve across the three MPRs?""], ""rbi_mpr_2025_04_p021_c001"": [""How did crude-oil assumptions or risks evolve across the three MPRs?""], ""rbi_mpr_2025_04_p021_c003"": [""How did crude-oil assumptions or risks evolve across the three MPRs?""], ""rbi_mpr_2025_04_p021_c004"": [""How did crude-oil assumptions or risks evolve across the three MPRs?""], ""rbi_mpr_2025_04_p022_c000"": [""How did crude-oil assumptions or risks evolve across the three MPRs?""], ""rbi_mpr_2025_04_p022_c001"": [""How did crude-oil assumptions or risks evolve across the three MPRs?""], ""rbi_mpr_2025_04_p022_c002"": [""How did crude-oil assumptions or risks evolve across the three MPRs?""], ""rbi_mpr_2025_04_p022_c003"": [""How did crude-oil assumptions or risks evolve across the three MPRs?""], ""rbi_mpr_2025_04_p023_c003"": [""How did crude-oil assumptions or risks evolve across the three MPRs?""], ""rbi_mpr_2025_04_p025_c003"": [""How did crude-oil assumptions or risks evolve across the three MPRs?""], ""rbi_mpr_2025_04_p027_c000"": [""How did crude-oil assumptions or risks evolve across the three MPRs?""], ""rbi_mpr_2025_04_p027_c001"": [""How did crude-oil assumptions or risks evolve across the three MPRs?""], ""rbi_mpr_2025_04_p027_c002"": [""How did crude-oil assumptions or risks evolve across the three MPRs?""], ""rbi_mpr_2025_04_p028_c000"": [""How did crude-oil assumptions or risks evolve across the three MPRs?""], ""rbi_mpr_2025_04_p028_c001"": [""How did crude-oil assumptions or risks evolve across the three MPRs?""], ""rbi_mpr_2025_04_p028_c002"": [""How did crude-oil assumptions or risks evolve across the three MPRs?""], ""rbi_mpr_2025_04_p028_c003"": [""How did crude-oil assumptions or risks evolve across the three MPRs?""], ""rbi_mpr_2025_04_p029_c002"": [""How did crude-oil assumptions or risks evolve across the three MPRs?""], ""rbi_mpr_2025_04_p029_c003"": [""How did crude-oil assumptions or risks evolve across the three MPRs?""], ""rbi_mpr_2025_04_p036_c000"": [""How did crude-oil assumptions or risks evolve across the three MPRs?""], ""rbi_mpr_2025_04_p036_c001"": [""How did crude-oil assumptions or risks evolve across the three MPRs?""], ""rbi_mpr_2025_04_p036_c002"": [""How did crude-oil assumptions or risks evolve across the three MPRs?""], ""rbi_mpr_2025_04_p038_c000"": [""How did crude-oil assumptions or risks evolve across the three MPRs?""], ""rbi_mpr_2025_04_p038_c001"": [""How did crude-oil assumptions or risks evolve across the three MPRs?""], ""rbi_mpr_2025_04_p038_c002"": [""How did crude-oil assumptions or risks evolve across the three MPRs?""], ""rbi_mpr_2025_04_p039_c002"": [""How did crude-oil assumptions or risks evolve across the three MPRs?""], ""rbi_mpr_2025_04_p043_c000"": [""How did crude-oil assumptions or risks evolve across the three MPRs?""], ""rbi_mpr_2025_04_p044_c001"": [""How did crude-oil assumptions or risks evolve across the three MPRs?""], ""rbi_mpr_2025_04_p044_c002"": [""How did crude-oil assumptions or risks evolve across the three MPRs?""], ""rbi_mpr_2025_04_p047_c000"": [""How did crude-oil assumptions or risks evolve across the three MPRs?""], ""rbi_mpr_2025_04_p055_c000"": [""How did crude-oil assumptions or risks evolve across the three MPRs?""], ""rbi_mpr_2025_04_p060_c000"": [""How did crude-oil assumptions or risks evolve across the three MPRs?""], ""rbi_mpr_2025_04_p068_c001"": [""How did crude-oil assumptions or risks evolve across the three MPRs?""], ""rbi_mpr_2025_04_p068_c002"": [""How did crude-oil assumptions or risks evolve across the three MPRs?""], ""rbi_mpr_2025_04_p069_c002"": [""How did crude-oil assumptions or risks evolve across the three MPRs?""], ""rbi_mpr_2025_04_p069_c004"": [""How did crude-oil assumptions or risks evolve across the three MPRs?""], ""rbi_mpr_2025_04_p070_c002"": [""How did crude-oil assumptions or risks evolve across the three MPRs?""], ""rbi_mpr_2025_04_p073_c002"": [""How did crude-oil assumptions or risks evolve across the three MPRs?""], ""rbi_mpr_2025_04_p073_c003"": [""How did crude-oil assumptions or risks evolve across the three MPRs?""], ""rbi_mpr_2025_04_p073_c006"": [""How did crude-oil assumptions or risks evolve across the three MPRs?""], ""rbi_mpr_2025_04_p074_c001"": [""How did crude-oil assumptions or risks evolve across the three MPRs?""], ""rbi_mpr_2025_04_p074_c002"": [""How did crude-oil assumptions or risks evolve across the three MPRs?""], ""rbi_mpr_2025_04_p075_c002"": [""How did crude-oil assumptions or risks evolve across the three MPRs?""], ""rbi_mpr_2025_04_p077_c001"": [""How did crude-oil assumptions or risks evolve across the three MPRs?""], ""rbi_mpr_2025_04_p077_c002"": [""How did crude-oil assumptions or risks evolve across the three MPRs?""], ""rbi_mpr_2025_04_p078_c003"": [""How did crude-oil assumptions or risks evolve across the three MPRs?""], ""rbi_mpr_2025_04_p079_c000"": [""How did crude-oil assumptions or risks evolve across the three MPRs?""], ""rbi_mpr_2025_04_p085_c000"": [""How did crude-oil assumptions or risks evolve across the three MPRs?""], ""rbi_mpr_2025_04_p086_c000"": [""How did crude-oil assumptions or risks evolve across the three MPRs?""], ""rbi_mpr_2025_04_p086_c001"": [""How did crude-oil assumptions or risks evolve across the three MPRs?""], ""rbi_mpr_2025_04_p087_c001"": [""How did crude-oil assumptions or risks evolve across the three MPRs?""], ""rbi_mpr_2025_04_p093_c001"": [""How did crude-oil assumptions or risks evolve across the three MPRs?""], ""rbi_mpr_2025_04_p095_c000"": [""How did crude-oil assumptions or risks evolve across the three MPRs?""], ""rbi_mpr_2025_04_p099_c000"": [""How did crude-oil assumptions or risks evolve across the three MPRs?""], ""rbi_mpr_2025_04_p103_c002"": [""How did crude-oil assumptions or risks evolve across the three MPRs?""], ""rbi_mpr_2025_04_p104_c000"": [""How did crude-oil assumptions or risks evolve across the three MPRs?""], ""rbi_mpr_2025_04_p104_c003"": [""How did crude-oil assumptions or risks evolve across the three MPRs?""], ""rbi_mpr_2025_04_p110_c000"": [""How did crude-oil assumptions or risks evolve across the three MPRs?""], ""rbi_mpr_2025_04_p110_c001"": [""How did crude-oil assumptions or risks evolve across the three MPRs?""], ""rbi_mpr_2025_04_p110_c002"": [""How did crude-oil assumptions or risks evolve across the three MPRs?""], ""rbi_mpr_2025_04_p110_c003"": [""How did crude-oil assumptions or risks evolve across the three MPRs?""], ""rbi_mpr_2025_04_p111_c001"": [""How did crude-oil assumptions or risks evolve across the three MPRs?""], ""rbi_mpr_2025_04_p111_c002"": [""How did crude-oil assumptions or risks evolve across the three MPRs?""], ""rbi_mpr_2025_04_p111_c003"": [""How did crude-oil assumptions or risks evolve across the three MPRs?""], ""rbi_mpr_2025_04_p111_c004"": [""How did crude-oil assumptions or risks evolve across the three MPRs?""], ""rbi_mpr_2025_04_p114_c001"": [""How did crude-oil assumptions or risks evolve across the three MPRs?""], ""rbi_mpr_2025_10_p007_c002"": [""How did crude-oil assumptions or risks evolve across the three MPRs?""], ""rbi_mpr_2025_10_p009_c000"": [""How did crude-oil assumptions or risks evolve across the three MPRs?""], ""rbi_mpr_2025_10_p009_c001"": [""How did crude-oil assumptions or risks evolve across the three MPRs?""], ""rbi_mpr_2025_10_p009_c003"": [""How did crude-oil assumptions or risks evolve across the three MPRs?""], ""rbi_mpr_2025_10_p009_c004"": [""How did crude-oil assumptions or risks evolve across the three MPRs?""], ""rbi_mpr_2025_10_p009_c005"": [""How did crude-oil assumptions or risks evolve across the three MPRs?""], ""rbi_mpr_2025_10_p010_c001"": [""How did crude-oil assumptions or risks evolve across the three MPRs?""], ""rbi_mpr_2025_10_p010_c002"": [""How did crude-oil assumptions or risks evolve across the three MPRs?""], ""rbi_mpr_2025_10_p010_c003"": [""How did crude-oil assumptions or risks evolve across the three MPRs?""], ""rbi_mpr_2025_10_p010_c004"": [""How did crude-oil assumptions or risks evolve across the three MPRs?""], ""rbi_mpr_2025_10_p011_c001"": [""How did crude-oil assumptions or risks evolve across the three MPRs?""], ""rbi_mpr_2025_10_p011_c003"": [""How did crude-oil assumptions or risks evolve across the three MPRs?""], ""rbi_mpr_2025_10_p011_c004"": [""How did crude-oil assumptions or risks evolve across the three MPRs?""], ""rbi_mpr_2025_10_p012_c000"": [""How did crude-oil assumptions or risks evolve across the three MPRs?""], ""rbi_mpr_2025_10_p012_c001"": [""How did crude-oil assumptions or risks evolve across the three MPRs?""], ""rbi_mpr_2025_10_p012_c002"": [""How did crude-oil assumptions or risks evolve across the three MPRs?""], ""rbi_mpr_2025_10_p012_c003"": [""How did crude-oil assumptions or risks evolve across the three MPRs?""], ""rbi_mpr_2025_10_p012_c004"": [""How did crude-oil assumptions or risks evolve across the three MPRs?""], ""rbi_mpr_2025_10_p013_c000"": [""How did crude-oil assumptions or risks evolve across the three MPRs?""], ""rbi_mpr_2025_10_p013_c004"": [""How did crude-oil assumptions or risks evolve across the three MPRs?""], ""rbi_mpr_2025_10_p014_c000"": [""How did crude-oil assumptions or risks evolve across the three MPRs?""], ""rbi_mpr_2025_10_p014_c001"": [""How did crude-oil assumptions or risks evolve across the three MPRs?""], ""rbi_mpr_2025_10_p014_c003"": [""How did crude-oil assumptions or risks evolve across the three MPRs?""], ""rbi_mpr_2025_10_p016_c002"": [""How did crude-oil assumptions or risks evolve across the three MPRs?""], ""rbi_mpr_2025_10_p016_c003"": [""How did crude-oil assumptions or risks evolve across the three MPRs?""], ""rbi_mpr_2025_10_p016_c004"": [""How did crude-oil assumptions or risks evolve across the three MPRs?""], ""rbi_mpr_2025_10_p017_c000"": [""How did crude-oil assumptions or risks evolve across the three MPRs?""], ""rbi_mpr_2025_10_p017_c003"": [""How did crude-oil assumptions or risks evolve across the three MPRs?""], ""rbi_mpr_2025_10_p017_c004"": [""How did crude-oil assumptions or risks evolve across the three MPRs?""], ""rbi_mpr_2025_10_p018_c000"": [""How did crude-oil assumptions or risks evolve across the three MPRs?""], ""rbi_mpr_2025_10_p019_c002"": [""How did crude-oil assumptions or risks evolve across the three MPRs?""], ""rbi_mpr_2025_10_p019_c003"": [""How did crude-oil assumptions or risks evolve across the three MPRs?""], ""rbi_mpr_2025_10_p020_c000"": [""How did crude-oil assumptions or risks evolve across the three MPRs?""], ""rbi_mpr_2025_10_p020_c001"": [""How did crude-oil assumptions or risks evolve across the three MPRs?""], ""rbi_mpr_2025_10_p021_c000"": [""How did crude-oil assumptions or risks evolve across the three MPRs?""], ""rbi_mpr_2025_10_p021_c001"": [""How did crude-oil assumptions or risks evolve across the three MPRs?""], ""rbi_mpr_2025_10_p021_c002"": [""How did crude-oil assumptions or risks evolve across the three MPRs?""], ""rbi_mpr_2025_10_p021_c003"": [""How did crude-oil assumptions or risks evolve across the three MPRs?""], ""rbi_mpr_2025_10_p021_c004"": [""How did crude-oil assumptions or risks evolve across the three MPRs?""], ""rbi_mpr_2025_10_p021_c005"": [""How did crude-oil assumptions or risks evolve across the three MPRs?""], ""rbi_mpr_2025_10_p022_c000"": [""How did crude-oil assumptions or risks evolve across the three MPRs?""], ""rbi_mpr_2025_10_p022_c001"": [""How did crude-oil assumptions or risks evolve across the three MPRs?""], ""rbi_mpr_2025_10_p022_c002"": [""How did crude-oil assumptions or risks evolve across the three MPRs?""], ""rbi_mpr_2025_10_p023_c003"": [""How did crude-oil assumptions or risks evolve across the three MPRs?""], ""rbi_mpr_2025_10_p027_c001"": [""How did crude-oil assumptions or risks evolve across the three MPRs?""], ""rbi_mpr_2025_10_p027_c002"": [""How did crude-oil assumptions or risks evolve across the three MPRs?""], ""rbi_mpr_2025_10_p031_c000"": [""How did crude-oil assumptions or risks evolve across the three MPRs?""], ""rbi_mpr_2025_10_p031_c002"": [""How did crude-oil assumptions or risks evolve across the three MPRs?""], ""rbi_mpr_2025_10_p032_c003"": [""How did crude-oil assumptions or risks evolve across the three MPRs?""], ""rbi_mpr_2025_10_p032_c004"": [""How did crude-oil assumptions or risks evolve across the three MPRs?""], ""rbi_mpr_2025_10_p034_c003"": [""How did crude-oil assumptions or risks evolve across the three MPRs?""], ""rbi_mpr_2025_10_p034_c004"": [""How did crude-oil assumptions or risks evolve across the three MPRs?""], ""rbi_mpr_2025_10_p034_c005"": [""How did crude-oil assumptions or risks evolve across the three MPRs?""], ""rbi_mpr_2025_10_p035_c002"": [""How did crude-oil assumptions or risks evolve across the three MPRs?""], ""rbi_mpr_2025_10_p037_c000"": [""How did crude-oil assumptions or risks evolve across the three MPRs?""], ""rbi_mpr_2025_10_p037_c001"": [""How did crude-oil assumptions or risks evolve across the three MPRs?""], ""rbi_mpr_2025_10_p041_c003"": [""How did crude-oil assumptions or risks evolve across the three MPRs?""], ""rbi_mpr_2025_10_p041_c004"": [""How did crude-oil assumptions or risks evolve across the three MPRs?""], ""rbi_mpr_2025_10_p042_c002"": [""How did crude-oil assumptions or risks evolve across the three MPRs?""], ""rbi_mpr_2025_10_p049_c002"": [""How did crude-oil assumptions or risks evolve across the three MPRs?""], ""rbi_mpr_2025_10_p055_c000"": [""How did crude-oil assumptions or risks evolve across the three MPRs?""], ""rbi_mpr_2025_10_p055_c001"": [""How did crude-oil assumptions or risks evolve across the three MPRs?""], ""rbi_mpr_2025_10_p055_c002"": [""How did crude-oil assumptions or risks evolve across the three MPRs?""], ""rbi_mpr_2025_10_p063_c000"": [""How did crude-oil assumptions or risks evolve across the three MPRs?""], ""rbi_mpr_2025_10_p065_c003"": [""How did crude-oil assumptions or risks evolve across the three MPRs?""], ""rbi_mpr_2025_10_p065_c004"": [""How did crude-oil assumptions or risks evolve across the three MPRs?""], ""rbi_mpr_2025_10_p066_c001"": [""How did crude-oil assumptions or risks evolve across the three MPRs?""], ""rbi_mpr_2025_10_p068_c003"": [""How did crude-oil assumptions or risks evolve across the three MPRs?""], ""rbi_mpr_2025_10_p069_c000"": [""How did crude-oil assumptions or risks evolve across the three MPRs?""], ""rbi_mpr_2025_10_p074_c001"": [""How did crude-oil assumptions or risks evolve across the three MPRs?""], ""rbi_mpr_2025_10_p074_c002"": [""How did crude-oil assumptions or risks evolve across the three MPRs?""], ""rbi_mpr_2025_10_p076_c000"": [""How did crude-oil assumptions or risks evolve across the three MPRs?""], ""rbi_mpr_2025_10_p076_c001"": [""How did crude-oil assumptions or risks evolve across the three MPRs?""], ""rbi_mpr_2025_10_p080_c001"": [""How did crude-oil assumptions or risks evolve across the three MPRs?""], ""rbi_mpr_2025_10_p080_c002"": [""How did crude-oil assumptions or risks evolve across the three MPRs?""], ""rbi_mpr_2025_10_p081_c000"": [""How did crude-oil assumptions or risks evolve across the three MPRs?""], ""rbi_mpr_2025_10_p084_c000"": [""How did crude-oil assumptions or risks evolve across the three MPRs?""], ""rbi_mpr_2025_10_p091_c000"": [""How did crude-oil assumptions or risks evolve across the three MPRs?""], ""rbi_mpr_2025_10_p094_c003"": [""How did crude-oil assumptions or risks evolve across the three MPRs?""], ""rbi_mpr_2025_10_p097_c001"": [""How did crude-oil assumptions or risks evolve across the three MPRs?""], ""rbi_mpr_2025_10_p097_c004"": [""How did crude-oil assumptions or risks evolve across the three MPRs?""], ""rbi_mpr_2025_10_p099_c002"": [""How did crude-oil assumptions or risks evolve across the three MPRs?""], ""rbi_mpr_2025_10_p099_c003"": [""How did crude-oil assumptions or risks evolve across the three MPRs?""], ""rbi_mpr_2025_10_p100_c002"": [""How did crude-oil assumptions or risks evolve across the three MPRs?""], ""rbi_mpr_2025_10_p100_c003"": [""How did crude-oil assumptions or risks evolve across the three MPRs?""], ""rbi_mpr_2025_10_p102_c001"": [""How did crude-oil assumptions or risks evolve across the three MPRs?""], ""rbi_mpr_2025_10_p103_c000"": [""How did crude-oil assumptions or risks evolve across the three MPRs?""], ""rbi_mpr_2025_10_p105_c001"": [""How did crude-oil assumptions or risks evolve across the three MPRs?""], ""rbi_mpr_2025_10_p110_c001"": [""How did crude-oil assumptions or risks evolve across the three MPRs?""], ""rbi_mpr_2026_04_p005_c003"": [""How did crude-oil assumptions or risks evolve across the three MPRs?""], ""rbi_mpr_2026_04_p005_c004"": [""How did crude-oil assumptions or risks evolve across the three MPRs?""], ""rbi_mpr_2026_04_p005_c005"": [""How did crude-oil assumptions or risks evolve across the three MPRs?""], ""rbi_mpr_2026_04_p013_c000"": [""How did crude-oil assumptions or risks evolve across the three MPRs?""], ""rbi_mpr_2026_04_p013_c001"": [""How did crude-oil assumptions or risks evolve across the three MPRs?""], ""rbi_mpr_2026_04_p014_c000"": [""How did crude-oil assumptions or risks evolve across the three MPRs?""], ""rbi_mpr_2026_04_p016_c001"": [""How did crude-oil assumptions or risks evolve across the three MPRs?""], ""rbi_mpr_2026_04_p016_c002"": [""How did crude-oil assumptions or risks evolve across the three MPRs?""], ""rbi_mpr_2026_04_p017_c001"": [""How did crude-oil assumptions or risks evolve across the three MPRs?""], ""rbi_mpr_2026_04_p017_c002"": [""How did crude-oil assumptions or risks evolve across the three MPRs?""], ""rbi_mpr_2026_04_p018_c001"": [""How did crude-oil assumptions or risks evolve across the three MPRs?""], ""rbi_mpr_2026_04_p018_c002"": [""How did crude-oil assumptions or risks evolve across the three MPRs?""], ""rbi_mpr_2026_04_p018_c003"": [""How did crude-oil assumptions or risks evolve across the three MPRs?""], ""rbi_mpr_2026_04_p020_c000"": [""How did crude-oil assumptions or risks evolve across the three MPRs?""], ""rbi_mpr_2026_04_p020_c001"": [""How did crude-oil assumptions or risks evolve across the three MPRs?""], ""rbi_mpr_2026_04_p020_c002"": [""How did crude-oil assumptions or risks evolve across the three MPRs?""], ""rbi_mpr_2026_04_p020_c003"": [""How did crude-oil assumptions or risks evolve across the three MPRs?""], ""rbi_mpr_2026_04_p021_c000"": [""How did crude-oil assumptions or risks evolve across the three MPRs?""], ""rbi_mpr_2026_04_p022_c002"": [""How did crude-oil assumptions or risks evolve across the three MPRs?""], ""rbi_mpr_2026_04_p022_c003"": [""How did crude-oil assumptions or risks evolve across the three MPRs?""], ""rbi_mpr_2026_04_p023_c000"": [""How did crude-oil assumptions or risks evolve across the three MPRs?""], ""rbi_mpr_2026_04_p023_c001"": [""How did crude-oil assumptions or risks evolve across the three MPRs?""], ""rbi_mpr_2026_04_p026_c002"": [""How did crude-oil assumptions or risks evolve across the three MPRs?""], ""rbi_mpr_2026_04_p029_c001"": [""How did crude-oil assumptions or risks evolve across the three MPRs?""], ""rbi_mpr_2026_04_p034_c000"": [""How did crude-oil assumptions or risks evolve across the three MPRs?""], ""rbi_mpr_2026_04_p034_c001"": [""How did crude-oil assumptions or risks evolve across the three MPRs?""], ""rbi_mpr_2026_04_p040_c000"": [""How did crude-oil assumptions or risks evolve across the three MPRs?""], ""rbi_mpr_2026_04_p040_c001"": [""How did crude-oil assumptions or risks evolve across the three MPRs?""], ""rbi_mpr_2026_04_p049_c001"": [""How did crude-oil assumptions or risks evolve across the three MPRs?""], ""rbi_mpr_2026_04_p050_c000"": [""How did crude-oil assumptions or risks evolve across the three MPRs?""], ""rbi_mpr_2026_04_p050_c001"": [""How did crude-oil assumptions or risks evolve across the three MPRs?""], ""rbi_mpr_2026_04_p059_c000"": [""How did crude-oil assumptions or risks evolve across the three MPRs?""], ""rbi_mpr_2026_04_p068_c002"": [""How did crude-oil assumptions or risks evolve across the three MPRs?""], ""rbi_mpr_2026_04_p078_c001"": [""How did crude-oil assumptions or risks evolve across the three MPRs?""], ""rbi_mpr_2026_04_p079_c000"": [""How did crude-oil assumptions or risks evolve across the three MPRs?""], ""rbi_mpr_2026_04_p081_c004"": [""How did crude-oil assumptions or risks evolve across the three MPRs?""], ""rbi_mpr_2026_04_p081_c005"": [""How did crude-oil assumptions or risks evolve across the three MPRs?""], ""rbi_mpr_2026_04_p082_c001"": [""How did crude-oil assumptions or risks evolve across the three MPRs?""], ""rbi_mpr_2026_04_p083_c000"": [""How did crude-oil assumptions or risks evolve across the three MPRs?""], ""rbi_mpr_2026_04_p083_c003"": [""How did crude-oil assumptions or risks evolve across the three MPRs?""], ""rbi_mpr_2026_04_p086_c000"": [""How did crude-oil assumptions or risks evolve across the three MPRs?""], ""rbi_mpr_2026_04_p086_c001"": [""How did crude-oil assumptions or risks evolve across the three MPRs?""], ""rbi_mpr_2026_04_p086_c003"": [""How did crude-oil assumptions or risks evolve across the three MPRs?""], ""rbi_mpr_2026_04_p087_c000"": [""How did crude-oil assumptions or risks evolve across the three MPRs?""], ""rbi_mpr_2026_04_p087_c001"": [""How did crude-oil assumptions or risks evolve across the three MPRs?""], ""rbi_mpr_2026_04_p087_c002"": [""How did crude-oil assumptions or risks evolve across the three MPRs?""], ""rbi_mpr_2026_04_p088_c000"": [""How did crude-oil assumptions or risks evolve across the three MPRs?""], ""rbi_mpr_2026_04_p088_c001"": [""How did crude-oil assumptions or risks evolve across the three MPRs?""], ""rbi_mpr_2026_04_p088_c002"": [""How did crude-oil assumptions or risks evolve across the three MPRs?""], ""rbi_mpr_2026_04_p088_c003"": [""How did crude-oil assumptions or risks evolve across the three MPRs?""], ""rbi_mpr_2026_04_p088_c004"": [""How did crude-oil assumptions or risks evolve across the three MPRs?""], ""rbi_mpr_2026_04_p089_c002"": [""How did crude-oil assumptions or risks evolve across the three MPRs?""], ""rbi_mpr_2026_04_p089_c003"": [""How did crude-oil assumptions or risks evolve across the three MPRs?""], ""rbi_mpr_2026_04_p090_c003"": [""How did crude-oil assumptions or risks evolve across the three MPRs?""], ""rbi_mpr_2026_04_p090_c004"": [""How did crude-oil assumptions or risks evolve across the three MPRs?""], ""rbi_mpr_2026_04_p095_c000"": [""How did crude-oil assumptions or risks evolve across the three MPRs?""], ""rbi_mpr_2026_04_p095_c001"": [""How did crude-oil assumptions or risks evolve across the three MPRs?""], ""rbi_mpr_2026_04_p099_c002"": [""How did crude-oil assumptions or risks evolve across the three MPRs?""], ""rbi_mpr_2026_04_p100_c001"": [""How did crude-oil assumptions or risks evolve across the three MPRs?""], ""rbi_mpr_2026_04_p100_c002"": [""How did crude-oil assumptions or risks evolve across the three MPRs?""], ""rbi_mpr_2026_04_p100_c003"": [""How did crude-oil assumptions or risks evolve across the three MPRs?""], ""rbi_mpr_2026_04_p101_c004"": [""How did crude-oil assumptions or risks evolve across the three MPRs?""], ""rbi_mpr_2026_04_p101_c005"": [""How did crude-oil assumptions or risks evolve across the three MPRs?""], ""rbi_mpr_2026_04_p103_c003"": [""How did crude-oil assumptions or risks evolve across the three MPRs?""], ""rbi_mpr_2026_04_p105_c000"": [""How did crude-oil assumptions or risks evolve across the three MPRs?""], ""rbi_mpr_2026_04_p105_c001"": [""How did crude-oil assumptions or risks evolve across the three MPRs?""], ""rbi_mpr_2026_04_p105_c002"": [""How did crude-oil assumptions or risks evolve across the three MPRs?""], ""rbi_mpr_2026_04_p105_c003"": [""How did crude-oil assumptions or risks evolve across the three MPRs?""], ""rbi_mpr_2026_04_p105_c004"": [""How did crude-oil assumptions or risks evolve across the three MPRs?""], ""rbi_mpr_2026_04_p106_c002"": [""How did crude-oil assumptions or risks evolve across the three MPRs?""], ""rbi_mpr_2026_04_p106_c003"": [""How did crude-oil assumptions or risks evolve across the three MPRs?""], ""rbi_mpr_2026_04_p107_c001"": [""How did crude-oil assumptions or risks evolve across the three MPRs?""], ""rbi_mpr_2026_04_p107_c004"": [""How did crude-oil assumptions or risks evolve across the three MPRs?""], ""rbi_mpr_2026_04_p108_c002"": [""How did crude-oil assumptions or risks evolve across the three MPRs?""], ""rbi_mpr_2026_04_p109_c001"": [""How did crude-oil assumptions or risks evolve across the three MPRs?""], ""rbi_mpr_2026_04_p110_c000"": [""How did crude-oil assumptions or risks evolve across the three MPRs?""], ""rbi_mpr_2026_04_p111_c001"": [""How did crude-oil assumptions or risks evolve across the three MPRs?""], ""rbi_mpr_2026_04_p112_c000"": [""How did crude-oil assumptions or risks evolve across the three MPRs?""], ""rbi_mpr_2026_04_p112_c001"": [""How did crude-oil assumptions or risks evolve across the three MPRs?""], ""rbi_mpr_2026_04_p112_c002"": [""How did crude-oil assumptions or risks evolve across the three MPRs?""], ""rbi_mpr_2026_04_p112_c003"": [""How did crude-oil assumptions or risks evolve across the three MPRs?""], ""rbi_mpr_2026_04_p112_c004"": [""How did crude-oil assumptions or risks evolve across the three MPRs?""], ""rbi_mpr_2026_04_p113_c000"": [""How did crude-oil assumptions or risks evolve across the three MPRs?""], ""rbi_mpr_2026_04_p113_c001"": [""How did crude-oil assumptions or risks evolve across the three MPRs?""], ""rbi_mpr_2026_04_p113_c002"": [""How did crude-oil assumptions or risks evolve across the three MPRs?""], ""rbi_mpr_2026_04_p113_c003"": [""How did crude-oil assumptions or risks evolve across the three MPRs?""], ""rbi_mpr_2026_04_p114_c000"": [""How did crude-oil assumptions or risks evolve across the three MPRs?""], ""rbi_mpr_2026_04_p114_c001"": [""How did crude-oil assumptions or risks evolve across the three MPRs?""], ""rbi_mpr_2026_04_p114_c002"": [""How did crude-oil assumptions or risks evolve across the three MPRs?""], ""rbi_mpr_2026_04_p115_c004"": [""How did crude-oil assumptions or risks evolve across the three MPRs?""]}, ""candidate_source_retriever"": {""rbi_mpr_2025_04_p005_c001"": [""bm25"", ""dense""], ""rbi_mpr_2025_04_p009_c000"": [""dense""], ""rbi_mpr_2025_04_p011_c000"": [""bm25"", ""dense""], ""rbi_mpr_2025_04_p011_c003"": [""dense""], ""rbi_mpr_2025_04_p012_c000"": [""dense""], ""rbi_mpr_2025_04_p012_c002"": [""bm25""], ""rbi_mpr_2025_04_p012_c003"": [""bm25"", ""dense""], ""rbi_mpr_2025_04_p012_c004"": [""bm25""], ""rbi_mpr_2025_04_p013_c002"": [""dense""], ""rbi_mpr_2025_04_p013_c003"": [""dense""], ""rbi_mpr_2025_04_p013_c004"": [""dense""], ""rbi_mpr_2025_04_p014_c000"": [""dense""], ""rbi_mpr_2025_04_p014_c001"": [""dense""], ""rbi_mpr_2025_04_p014_c002"": [""dense""], ""rbi_mpr_2025_04_p014_c003"": [""dense""], ""rbi_mpr_2025_04_p014_c004"": [""dense""], ""rbi_mpr_2025_04_p015_c001"": [""bm25""], ""rbi_mpr_2025_04_p015_c002"": [""bm25""], ""rbi_mpr_2025_04_p016_c002"": [""dense""], ""rbi_mpr_2025_04_p018_c000"": [""bm25""], ""rbi_mpr_2025_04_p018_c001"": [""bm25""], ""rbi_mpr_2025_04_p019_c000"": [""dense""], ""rbi_mpr_2025_04_p019_c001"": [""bm25""], ""rbi_mpr_2025_04_p019_c003"": [""bm25""], ""rbi_mpr_2025_04_p019_c004"": [""bm25""], ""rbi_mpr_2025_04_p020_c000"": [""bm25""], ""rbi_mpr_2025_04_p021_c000"": [""bm25""], ""rbi_mpr_2025_04_p021_c001"": [""bm25""], ""rbi_mpr_2025_04_p021_c003"": [""bm25""], ""rbi_mpr_2025_04_p021_c004"": [""bm25""], ""rbi_mpr_2025_04_p022_c000"": [""dense""], ""rbi_mpr_2025_04_p022_c001"": [""dense""], ""rbi_mpr_2025_04_p022_c002"": [""dense""], ""rbi_mpr_2025_04_p022_c003"": [""dense""], ""rbi_mpr_2025_04_p023_c003"": [""dense""], ""rbi_mpr_2025_04_p025_c003"": [""dense""], ""rbi_mpr_2025_04_p027_c000"": [""bm25""], ""rbi_mpr_2025_04_p027_c001"": [""bm25""], ""rbi_mpr_2025_04_p027_c002"": [""bm25""], ""rbi_mpr_2025_04_p028_c000"": [""bm25""], ""rbi_mpr_2025_04_p028_c001"": [""bm25""], ""rbi_mpr_2025_04_p028_c002"": [""bm25""], ""rbi_mpr_2025_04_p028_c003"": [""bm25""], ""rbi_mpr_2025_04_p029_c002"": [""bm25""], ""rbi_mpr_2025_04_p029_c003"": [""bm25"", ""dense""], ""rbi_mpr_2025_04_p036_c000"": [""dense""], ""rbi_mpr_2025_04_p036_c001"": [""bm25""], ""rbi_mpr_2025_04_p036_c002"": [""bm25""], ""rbi_mpr_2025_04_p038_c000"": [""bm25""], ""rbi_mpr_2025_04_p038_c001"": [""dense""], ""rbi_mpr_2025_04_p038_c002"": [""bm25""], ""rbi_mpr_2025_04_p039_c002"": [""bm25""], ""rbi_mpr_2025_04_p043_c000"": [""dense""], ""rbi_mpr_2025_04_p044_c001"": [""bm25""], ""rbi_mpr_2025_04_p044_c002"": [""bm25""], ""rbi_mpr_2025_04_p047_c000"": [""bm25""], ""rbi_mpr_2025_04_p055_c000"": [""bm25""], ""rbi_mpr_2025_04_p060_c000"": [""bm25""], ""rbi_mpr_2025_04_p068_c001"": [""bm25""], ""rbi_mpr_2025_04_p068_c002"": [""bm25""], ""rbi_mpr_2025_04_p069_c002"": [""dense""], ""rbi_mpr_2025_04_p069_c004"": [""dense""], ""rbi_mpr_2025_04_p070_c002"": [""bm25""], ""rbi_mpr_2025_04_p073_c002"": [""dense""], ""rbi_mpr_2025_04_p073_c003"": [""bm25"", ""dense""], ""rbi_mpr_2025_04_p073_c006"": [""dense""], ""rbi_mpr_2025_04_p074_c001"": [""dense""], ""rbi_mpr_2025_04_p074_c002"": [""dense""], ""rbi_mpr_2025_04_p075_c002"": [""dense""], ""rbi_mpr_2025_04_p077_c001"": [""dense""], ""rbi_mpr_2025_04_p077_c002"": [""dense""], ""rbi_mpr_2025_04_p078_c003"": [""dense""], ""rbi_mpr_2025_04_p079_c000"": [""bm25""], ""rbi_mpr_2025_04_p085_c000"": [""dense""], ""rbi_mpr_2025_04_p086_c000"": [""dense""], ""rbi_mpr_2025_04_p086_c001"": [""dense""], ""rbi_mpr_2025_04_p087_c001"": [""bm25""], ""rbi_mpr_2025_04_p093_c001"": [""dense""], ""rbi_mpr_2025_04_p095_c000"": [""dense""], ""rbi_mpr_2025_04_p099_c000"": [""bm25""], ""rbi_mpr_2025_04_p103_c002"": [""dense""], ""rbi_mpr_2025_04_p104_c000"": [""dense""], ""rbi_mpr_2025_04_p104_c003"": [""dense""], ""rbi_mpr_2025_04_p110_c000"": [""bm25""], ""rbi_mpr_2025_04_p110_c001"": [""bm25""], ""rbi_mpr_2025_04_p110_c002"": [""bm25"", ""dense""], ""rbi_mpr_2025_04_p110_c003"": [""bm25""], ""rbi_mpr_2025_04_p111_c001"": [""bm25"", ""dense""], ""rbi_mpr_2025_04_p111_c002"": [""bm25"", ""dense""], ""rbi_mpr_2025_04_p111_c003"": [""dense""], ""rbi_mpr_2025_04_p111_c004"": [""dense""], ""rbi_mpr_2025_04_p114_c001"": [""bm25""], ""rbi_mpr_2025_10_p007_c002"": [""dense""], ""rbi_mpr_2025_10_p009_c000"": [""dense""], ""rbi_mpr_2025_10_p009_c001"": [""dense""], ""rbi_mpr_2025_10_p009_c003"": [""bm25"", ""dense""], ""rbi_mpr_2025_10_p009_c004"": [""dense""], ""rbi_mpr_2025_10_p009_c005"": [""dense""], ""rbi_mpr_2025_10_p010_c001"": [""dense""], ""rbi_mpr_2025_10_p010_c002"": [""bm25"", ""dense""], ""rbi_mpr_2025_10_p010_c003"": [""bm25""], ""rbi_mpr_2025_10_p010_c004"": [""bm25"", ""dense""], ""rbi_mpr_2025_10_p011_c001"": [""dense""], ""rbi_mpr_2025_10_p011_c003"": [""bm25"", ""dense""], ""rbi_mpr_2025_10_p011_c004"": [""bm25""], ""rbi_mpr_2025_10_p012_c000"": [""dense""], ""rbi_mpr_2025_10_p012_c001"": [""dense""], ""rbi_mpr_2025_10_p012_c002"": [""dense""], ""rbi_mpr_2025_10_p012_c003"": [""dense""], ""rbi_mpr_2025_10_p012_c004"": [""dense""], ""rbi_mpr_2025_10_p013_c000"": [""dense""], ""rbi_mpr_2025_10_p013_c004"": [""dense""], ""rbi_mpr_2025_10_p014_c000"": [""bm25""], ""rbi_mpr_2025_10_p014_c001"": [""bm25""], ""rbi_mpr_2025_10_p014_c003"": [""bm25""], ""rbi_mpr_2025_10_p016_c002"": [""bm25""], ""rbi_mpr_2025_10_p016_c003"": [""bm25""], ""rbi_mpr_2025_10_p016_c004"": [""bm25""], ""rbi_mpr_2025_10_p017_c000"": [""bm25""], ""rbi_mpr_2025_10_p017_c003"": [""bm25""], ""rbi_mpr_2025_10_p017_c004"": [""bm25"", ""dense""], ""rbi_mpr_2025_10_p018_c000"": [""bm25""], ""rbi_mpr_2025_10_p019_c002"": [""bm25""], ""rbi_mpr_2025_10_p019_c003"": [""bm25""], ""rbi_mpr_2025_10_p020_c000"": [""bm25"", ""dense""], ""rbi_mpr_2025_10_p020_c001"": [""bm25""], ""rbi_mpr_2025_10_p021_c000"": [""bm25"", ""dense""], ""rbi_mpr_2025_10_p021_c001"": [""bm25""], ""rbi_mpr_2025_10_p021_c002"": [""dense""], ""rbi_mpr_2025_10_p021_c003"": [""dense""], ""rbi_mpr_2025_10_p021_c004"": [""bm25"", ""dense""], ""rbi_mpr_2025_10_p021_c005"": [""bm25""], ""rbi_mpr_2025_10_p022_c000"": [""dense""], ""rbi_mpr_2025_10_p022_c001"": [""dense""], ""rbi_mpr_2025_10_p022_c002"": [""dense""], ""rbi_mpr_2025_10_p023_c003"": [""bm25""], ""rbi_mpr_2025_10_p027_c001"": [""bm25""], ""rbi_mpr_2025_10_p027_c002"": [""bm25""], ""rbi_mpr_2025_10_p031_c000"": [""bm25"", ""dense""], ""rbi_mpr_2025_10_p031_c002"": [""dense""], ""rbi_mpr_2025_10_p032_c003"": [""bm25"", ""dense""], ""rbi_mpr_2025_10_p032_c004"": [""dense""], ""rbi_mpr_2025_10_p034_c003"": [""bm25""], ""rbi_mpr_2025_10_p034_c004"": [""bm25""], ""rbi_mpr_2025_10_p034_c005"": [""bm25""], ""rbi_mpr_2025_10_p035_c002"": [""bm25""], ""rbi_mpr_2025_10_p037_c000"": [""dense""], ""rbi_mpr_2025_10_p037_c001"": [""dense""], ""rbi_mpr_2025_10_p041_c003"": [""dense""], ""rbi_mpr_2025_10_p041_c004"": [""bm25""], ""rbi_mpr_2025_10_p042_c002"": [""bm25""], ""rbi_mpr_2025_10_p049_c002"": [""bm25""], ""rbi_mpr_2025_10_p055_c000"": [""dense""], ""rbi_mpr_2025_10_p055_c001"": [""bm25""], ""rbi_mpr_2025_10_p055_c002"": [""bm25""], ""rbi_mpr_2025_10_p063_c000"": [""bm25""], ""rbi_mpr_2025_10_p065_c003"": [""bm25""], ""rbi_mpr_2025_10_p065_c004"": [""bm25""], ""rbi_mpr_2025_10_p066_c001"": [""dense""], ""rbi_mpr_2025_10_p068_c003"": [""dense""], ""rbi_mpr_2025_10_p069_c000"": [""dense""], ""rbi_mpr_2025_10_p074_c001"": [""dense""], ""rbi_mpr_2025_10_p074_c002"": [""dense""], ""rbi_mpr_2025_10_p076_c000"": [""bm25""], ""rbi_mpr_2025_10_p076_c001"": [""bm25""], ""rbi_mpr_2025_10_p080_c001"": [""dense""], ""rbi_mpr_2025_10_p080_c002"": [""dense""], ""rbi_mpr_2025_10_p081_c000"": [""bm25"", ""dense""], ""rbi_mpr_2025_10_p084_c000"": [""dense""], ""rbi_mpr_2025_10_p091_c000"": [""bm25""], ""rbi_mpr_2025_10_p094_c003"": [""dense""], ""rbi_mpr_2025_10_p097_c001"": [""bm25""], ""rbi_mpr_2025_10_p097_c004"": [""bm25""], ""rbi_mpr_2025_10_p099_c002"": [""dense""], ""rbi_mpr_2025_10_p099_c003"": [""dense""], ""rbi_mpr_2025_10_p100_c002"": [""dense""], ""rbi_mpr_2025_10_p100_c003"": [""dense""], ""rbi_mpr_2025_10_p102_c001"": [""dense""], ""rbi_mpr_2025_10_p103_c000"": [""bm25""], ""rbi_mpr_2025_10_p105_c001"": [""bm25""], ""rbi_mpr_2025_10_p110_c001"": [""bm25""], ""rbi_mpr_2026_04_p005_c003"": [""bm25"", ""dense""], ""rbi_mpr_2026_04_p005_c004"": [""dense""], ""rbi_mpr_2026_04_p005_c005"": [""bm25"", ""dense""], ""rbi_mpr_2026_04_p013_c000"": [""bm25""], ""rbi_mpr_2026_04_p013_c001"": [""bm25""], ""rbi_mpr_2026_04_p014_c000"": [""bm25""], ""rbi_mpr_2026_04_p016_c001"": [""dense""], ""rbi_mpr_2026_04_p016_c002"": [""dense""], ""rbi_mpr_2026_04_p017_c001"": [""bm25""], ""rbi_mpr_2026_04_p017_c002"": [""dense""], ""rbi_mpr_2026_04_p018_c001"": [""bm25""], ""rbi_mpr_2026_04_p018_c002"": [""bm25""], ""rbi_mpr_2026_04_p018_c003"": [""bm25""], ""rbi_mpr_2026_04_p020_c000"": [""bm25""], ""rbi_mpr_2026_04_p020_c001"": [""bm25""], ""rbi_mpr_2026_04_p020_c002"": [""bm25""], ""rbi_mpr_2026_04_p020_c003"": [""bm25""], ""rbi_mpr_2026_04_p021_c000"": [""dense""], ""rbi_mpr_2026_04_p022_c002"": [""dense""], ""rbi_mpr_2026_04_p022_c003"": [""bm25"", ""dense""], ""rbi_mpr_2026_04_p023_c000"": [""bm25""], ""rbi_mpr_2026_04_p023_c001"": [""bm25""], ""rbi_mpr_2026_04_p026_c002"": [""dense""], ""rbi_mpr_2026_04_p029_c001"": [""dense""], ""rbi_mpr_2026_04_p034_c000"": [""dense""], ""rbi_mpr_2026_04_p034_c001"": [""dense""], ""rbi_mpr_2026_04_p040_c000"": [""dense""], ""rbi_mpr_2026_04_p040_c001"": [""dense""], ""rbi_mpr_2026_04_p049_c001"": [""bm25""], ""rbi_mpr_2026_04_p050_c000"": [""bm25""], ""rbi_mpr_2026_04_p050_c001"": [""bm25""], ""rbi_mpr_2026_04_p059_c000"": [""bm25""], ""rbi_mpr_2026_04_p068_c002"": [""dense""], ""rbi_mpr_2026_04_p078_c001"": [""dense""], ""rbi_mpr_2026_04_p079_c000"": [""bm25""], ""rbi_mpr_2026_04_p081_c004"": [""bm25""], ""rbi_mpr_2026_04_p081_c005"": [""bm25""], ""rbi_mpr_2026_04_p082_c001"": [""bm25""], ""rbi_mpr_2026_04_p083_c000"": [""bm25""], ""rbi_mpr_2026_04_p083_c003"": [""bm25""], ""rbi_mpr_2026_04_p086_c000"": [""dense""], ""rbi_mpr_2026_04_p086_c001"": [""dense""], ""rbi_mpr_2026_04_p086_c003"": [""dense""], ""rbi_mpr_2026_04_p087_c000"": [""bm25""], ""rbi_mpr_2026_04_p087_c001"": [""dense""], ""rbi_mpr_2026_04_p087_c002"": [""dense""], ""rbi_mpr_2026_04_p088_c000"": [""bm25"", ""dense""], ""rbi_mpr_2026_04_p088_c001"": [""dense""], ""rbi_mpr_2026_04_p088_c002"": [""dense""], ""rbi_mpr_2026_04_p088_c003"": [""dense""], ""rbi_mpr_2026_04_p088_c004"": [""dense""], ""rbi_mpr_2026_04_p089_c002"": [""bm25""], ""rbi_mpr_2026_04_p089_c003"": [""bm25""], ""rbi_mpr_2026_04_p090_c003"": [""dense""], ""rbi_mpr_2026_04_p090_c004"": [""dense""], ""rbi_mpr_2026_04_p095_c000"": [""dense""], ""rbi_mpr_2026_04_p095_c001"": [""dense""], ""rbi_mpr_2026_04_p099_c002"": [""dense""], ""rbi_mpr_2026_04_p100_c001"": [""bm25"", ""dense""], ""rbi_mpr_2026_04_p100_c002"": [""bm25"", ""dense""], ""rbi_mpr_2026_04_p100_c003"": [""dense""], ""rbi_mpr_2026_04_p101_c004"": [""dense""], ""rbi_mpr_2026_04_p101_c005"": [""dense""], ""rbi_mpr_2026_04_p103_c003"": [""bm25""], ""rbi_mpr_2026_04_p105_c000"": [""bm25""], ""rbi_mpr_2026_04_p105_c001"": [""bm25"", ""dense""], ""rbi_mpr_2026_04_p105_c002"": [""dense""], ""rbi_mpr_2026_04_p105_c003"": [""dense""], ""rbi_mpr_2026_04_p105_c004"": [""dense""], ""rbi_mpr_2026_04_p106_c002"": [""bm25""], ""rbi_mpr_2026_04_p106_c003"": [""dense""], ""rbi_mpr_2026_04_p107_c001"": [""bm25""], ""rbi_mpr_2026_04_p107_c004"": [""bm25""], ""rbi_mpr_2026_04_p108_c002"": [""bm25""], ""rbi_mpr_2026_04_p109_c001"": [""bm25""], ""rbi_mpr_2026_04_p110_c000"": [""bm25""], ""rbi_mpr_2026_04_p111_c001"": [""bm25""], ""rbi_mpr_2026_04_p112_c000"": [""bm25""], ""rbi_mpr_2026_04_p112_c001"": [""bm25""], ""rbi_mpr_2026_04_p112_c002"": [""bm25""], ""rbi_mpr_2026_04_p112_c003"": [""bm25""], ""rbi_mpr_2026_04_p112_c004"": [""bm25""], ""rbi_mpr_2026_04_p113_c000"": [""dense""], ""rbi_mpr_2026_04_p113_c001"": [""dense""], ""rbi_mpr_2026_04_p113_c002"": [""bm25"", ""dense""], ""rbi_mpr_2026_04_p113_c003"": [""dense""], ""rbi_mpr_2026_04_p114_c000"": [""bm25"", ""dense""], ""rbi_mpr_2026_04_p114_c001"": [""dense""], ""rbi_mpr_2026_04_p114_c002"": [""dense""], ""rbi_mpr_2026_04_p115_c004"": [""bm25"", ""dense""]}, ""candidate_union_ids"": [""rbi_mpr_2026_04_p113_c000"", ""rbi_mpr_2026_04_p113_c002"", ""rbi_mpr_2026_04_p106_c003"", ""rbi_mpr_2026_04_p088_c001"", ""rbi_mpr_2026_04_p105_c001"", ""rbi_mpr_2026_04_p114_c002"", ""rbi_mpr_2026_04_p113_c001"", ""rbi_mpr_2026_04_p114_c001"", ""rbi_mpr_2026_04_p115_c004"", ""rbi_mpr_2026_04_p016_c001"", ""rbi_mpr_2026_04_p105_c003"", ""rbi_mpr_2026_04_p095_c001"", ""rbi_mpr_2026_04_p095_c000"", ""rbi_mpr_2026_04_p099_c002"", ""rbi_mpr_2026_04_p005_c005"", ""rbi_mpr_2026_04_p022_c002"", ""rbi_mpr_2026_04_p100_c003"", ""rbi_mpr_2026_04_p105_c004"", ""rbi_mpr_2026_04_p016_c002"", ""rbi_mpr_2026_04_p022_c003"", ""rbi_mpr_2026_04_p105_c002"", ""rbi_mpr_2026_04_p005_c004"", ""rbi_mpr_2026_04_p114_c000"", ""rbi_mpr_2026_04_p034_c000"", ""rbi_mpr_2026_04_p100_c001"", ""rbi_mpr_2026_04_p088_c002"", ""rbi_mpr_2026_04_p086_c000"", ""rbi_mpr_2026_04_p017_c002"", ""rbi_mpr_2026_04_p086_c003"", ""rbi_mpr_2026_04_p090_c003"", ""rbi_mpr_2026_04_p088_c004"", ""rbi_mpr_2026_04_p026_c002"", ""rbi_mpr_2026_04_p113_c003"", ""rbi_mpr_2026_04_p088_c003"", ""rbi_mpr_2026_04_p087_c002"", ""rbi_mpr_2026_04_p101_c005"", ""rbi_mpr_2026_04_p100_c002"", ""rbi_mpr_2026_04_p040_c000"", ""rbi_mpr_2026_04_p068_c002"", ""rbi_mpr_2026_04_p005_c003"", ""rbi_mpr_2026_04_p087_c001"", ""rbi_mpr_2026_04_p029_c001"", ""rbi_mpr_2026_04_p034_c001"", ""rbi_mpr_2026_04_p090_c004"", ""rbi_mpr_2026_04_p040_c001"", ""rbi_mpr_2026_04_p086_c001"", ""rbi_mpr_2026_04_p088_c000"", ""rbi_mpr_2026_04_p078_c001"", ""rbi_mpr_2026_04_p021_c000"", ""rbi_mpr_2026_04_p101_c004"", ""rbi_mpr_2026_04_p112_c000"", ""rbi_mpr_2026_04_p023_c000"", ""rbi_mpr_2026_04_p105_c000"", ""rbi_mpr_2026_04_p107_c004"", ""rbi_mpr_2026_04_p112_c001"", ""rbi_mpr_2026_04_p107_c001"", ""rbi_mpr_2026_04_p059_c000"", ""rbi_mpr_2026_04_p018_c002"", ""rbi_mpr_2026_04_p020_c002"", ""rbi_mpr_2026_04_p089_c003"", ""rbi_mpr_2026_04_p108_c002"", ""rbi_mpr_2026_04_p111_c001"", ""rbi_mpr_2026_04_p023_c001"", ""rbi_mpr_2026_04_p049_c001"", ""rbi_mpr_2026_04_p089_c002"", ""rbi_mpr_2026_04_p112_c003"", ""rbi_mpr_2026_04_p103_c003"", ""rbi_mpr_2026_04_p082_c001"", ""rbi_mpr_2026_04_p112_c004"", ""rbi_mpr_2026_04_p018_c001"", ""rbi_mpr_2026_04_p112_c002"", ""rbi_mpr_2026_04_p081_c004"", ""rbi_mpr_2026_04_p109_c001"", ""rbi_mpr_2026_04_p020_c001"", ""rbi_mpr_2026_04_p014_c000"", ""rbi_mpr_2026_04_p106_c002"", ""rbi_mpr_2026_04_p013_c000"", ""rbi_mpr_2026_04_p018_c003"", ""rbi_mpr_2026_04_p110_c000"", ""rbi_mpr_2026_04_p020_c003"", ""rbi_mpr_2026_04_p081_c005"", ""rbi_mpr_2026_04_p083_c000"", ""rbi_mpr_2026_04_p017_c001"", ""rbi_mpr_2026_04_p050_c000"", ""rbi_mpr_2026_04_p087_c000"", ""rbi_mpr_2026_04_p083_c003"", ""rbi_mpr_2026_04_p050_c001"", ""rbi_mpr_2026_04_p013_c001"", ""rbi_mpr_2026_04_p020_c000"", ""rbi_mpr_2026_04_p079_c000""], ""candidate_union_pages"": [113, 113, 106, 88, 105, 114, 113, 114, 115, 16, 105, 95, 95, 99, 5, 22, 100, 105, 16, 22, 105, 5, 114, 34, 100, 88, 86, 17, 86, 90, 88, 26, 113, 88, 87, 101, 100, 40, 68, 5, 87, 29, 34, 90, 40, 86, 88, 78, 21, 101, 112, 23, 105, 107, 112, 107, 59, 18, 20, 89, 108, 111, 23, 49, 89, 112, 103, 82, 112, 18, 112, 81, 109, 20, 14, 106, 13, 18, 110, 20, 81, 83, 17, 50, 87, 83, 50, 13, 20, 79], ""dense_candidate_ids"": [""rbi_mpr_2026_04_p113_c000"", ""rbi_mpr_2026_04_p113_c002"", ""rbi_mpr_2026_04_p106_c003"", ""rbi_mpr_2026_04_p088_c001"", ""rbi_mpr_2026_04_p105_c001"", ""rbi_mpr_2026_04_p114_c002"", ""rbi_mpr_2026_04_p113_c001"", ""rbi_mpr_2026_04_p114_c001"", ""rbi_mpr_2026_04_p115_c004"", ""rbi_mpr_2026_04_p016_c001"", ""rbi_mpr_2026_04_p105_c003"", ""rbi_mpr_2026_04_p095_c001"", ""rbi_mpr_2026_04_p095_c000"", ""rbi_mpr_2026_04_p099_c002"", ""rbi_mpr_2026_04_p005_c005"", ""rbi_mpr_2026_04_p022_c002"", ""rbi_mpr_2026_04_p100_c003"", ""rbi_mpr_2026_04_p105_c004"", ""rbi_mpr_2026_04_p016_c002"", ""rbi_mpr_2026_04_p022_c003"", ""rbi_mpr_2026_04_p105_c002"", ""rbi_mpr_2026_04_p005_c004"", ""rbi_mpr_2026_04_p114_c000"", ""rbi_mpr_2026_04_p034_c000"", ""rbi_mpr_2026_04_p100_c001"", ""rbi_mpr_2026_04_p088_c002"", ""rbi_mpr_2026_04_p086_c000"", ""rbi_mpr_2026_04_p017_c002"", ""rbi_mpr_2026_04_p086_c003"", ""rbi_mpr_2026_04_p090_c003"", ""rbi_mpr_2026_04_p088_c004"", ""rbi_mpr_2026_04_p026_c002"", ""rbi_mpr_2026_04_p113_c003"", ""rbi_mpr_2026_04_p088_c003"", ""rbi_mpr_2026_04_p087_c002"", ""rbi_mpr_2026_04_p101_c005"", ""rbi_mpr_2026_04_p100_c002"", ""rbi_mpr_2026_04_p040_c000"", ""rbi_mpr_2026_04_p068_c002"", ""rbi_mpr_2026_04_p005_c003"", ""rbi_mpr_2026_04_p087_c001"", ""rbi_mpr_2026_04_p029_c001"", ""rbi_mpr_2026_04_p034_c001"", ""rbi_mpr_2026_04_p090_c004"", ""rbi_mpr_2026_04_p040_c001"", ""rbi_mpr_2026_04_p086_c001"", ""rbi_mpr_2026_04_p088_c000"", ""rbi_mpr_2026_04_p078_c001"", ""rbi_mpr_2026_04_p021_c000"", ""rbi_mpr_2026_04_p101_c004""], ""dense_candidate_pages"": [113, 113, 106, 88, 105, 114, 113, 114, 115, 16, 105, 95, 95, 99, 5, 22, 100, 105, 16, 22, 105, 5, 114, 34, 100, 88, 86, 17, 86, 90, 88, 26, 113, 88, 87, 101, 100, 40, 68, 5, 87, 29, 34, 90, 40, 86, 88, 78, 21, 101], ""dense_candidate_scores"": [0.3043337701074922, 0.2400945129847032, 0.23740318382619152, 0.23518836693694412, 0.2348227008792636, 0.22480254052688964, 0.2229577729675678, 0.22238154125472687, 0.20412521235374792, 0.20327629053104157, 0.18953439486776158, 0.17979746133738073, 0.17857461267468566, 0.1697111304328447, 0.16281599031015948, 0.1627881733901423, 0.16130907188850097, 0.15987641621391857, 0.15865972099110615, 0.15624841549410085, 0.15602992623142042, 0.14515174033706157, 0.14242374342034547, 0.13782198191253203, 0.12670229457620585, 0.1260744751207875, 0.12485946577191553, 0.12338087003245635, 0.11743808009872325, 0.09813676223576528, 0.09418254490847322, 0.09376132930445535, 0.0901114122234119, 0.08805228579256363, 0.08634719288920689, 0.0840891333333873, 0.08230783892792282, 0.06208915276027682, 0.05849950567260398, 0.05832965387310507, 0.05519898596571582, 0.05480794750523177, 0.0546857216445501, 0.05403792458293766, 0.0523304714560644, 0.05100992639852109, 0.048520733525467596, 0.04645553794843382, 0.04457747437878834, 0.0387644124447718], ""dense_first_evidence_rank"": 15, ""evidence_rank_after_reranking"": 7, ""evidence_rank_before_reranking"": 6, ""expected_evidence"": [""surge in global crude oil prices since the West Asia conflict""], ""loss_stage"": ""lost_by_quota"", ""report_id"": ""rbi_mpr_2026_04"", ""reranker_input_ids"": [""rbi_mpr_2026_04_p105_c001"", ""rbi_mpr_2026_04_p113_c002"", ""rbi_mpr_2026_04_p114_c000"", ""rbi_mpr_2026_04_p100_c002"", ""rbi_mpr_2026_04_p115_c004"", ""rbi_mpr_2026_04_p005_c005"", ""rbi_mpr_2026_04_p022_c003"", ""rbi_mpr_2026_04_p100_c001"", ""rbi_mpr_2026_04_p088_c000"", ""rbi_mpr_2026_04_p005_c003"", ""rbi_mpr_2026_04_p113_c000"", ""rbi_mpr_2026_04_p112_c000"", ""rbi_mpr_2026_04_p023_c000"", ""rbi_mpr_2026_04_p106_c003"", ""rbi_mpr_2026_04_p105_c000"", ""rbi_mpr_2026_04_p088_c001"", ""rbi_mpr_2026_04_p107_c004"", ""rbi_mpr_2026_04_p112_c001"", ""rbi_mpr_2026_04_p114_c002"", ""rbi_mpr_2026_04_p113_c001"", ""rbi_mpr_2026_04_p107_c001"", ""rbi_mpr_2026_04_p114_c001"", ""rbi_mpr_2026_04_p059_c000"", ""rbi_mpr_2026_04_p018_c002"", ""rbi_mpr_2026_04_p016_c001"", ""rbi_mpr_2026_04_p105_c003"", ""rbi_mpr_2026_04_p020_c002"", ""rbi_mpr_2026_04_p095_c001"", ""rbi_mpr_2026_04_p089_c003"", ""rbi_mpr_2026_04_p095_c000""], ""reranker_input_pages"": [105, 113, 114, 100, 115, 5, 22, 100, 88, 5, 113, 112, 23, 106, 105, 88, 107, 112, 114, 113, 107, 114, 59, 18, 16, 105, 20, 95, 89, 95], ""reranker_input_ranks"": [1, 2, 3, 4, 5, 6, 7, 8, 9, 10, 11, 12, 13, 14, 15, 16, 17, 18, 19, 20, 21, 22, 23, 24, 25, 26, 27, 28, 29, 30], ""reranker_output_ids"": [""rbi_mpr_2026_04_p105_c001"", ""rbi_mpr_2026_04_p105_c000"", ""rbi_mpr_2026_04_p112_c001"", ""rbi_mpr_2026_04_p022_c003"", ""rbi_mpr_2026_04_p105_c003"", ""rbi_mpr_2026_04_p100_c001"", ""rbi_mpr_2026_04_p005_c005"", ""rbi_mpr_2026_04_p100_c002"", ""rbi_mpr_2026_04_p112_c000"", ""rbi_mpr_2026_04_p114_c000"", ""rbi_mpr_2026_04_p114_c001"", ""rbi_mpr_2026_04_p115_c004"", ""rbi_mpr_2026_04_p113_c002"", ""rbi_mpr_2026_04_p107_c001"", ""rbi_mpr_2026_04_p113_c001"", ""rbi_mpr_2026_04_p095_c001"", ""rbi_mpr_2026_04_p113_c000"", ""rbi_mpr_2026_04_p106_c003"", ""rbi_mpr_2026_04_p023_c000"", ""rbi_mpr_2026_04_p005_c003"", ""rbi_mpr_2026_04_p016_c001"", ""rbi_mpr_2026_04_p018_c002"", ""rbi_mpr_2026_04_p114_c002"", ""rbi_mpr_2026_04_p089_c003"", ""rbi_mpr_2026_04_p095_c000"", ""rbi_mpr_2026_04_p059_c000"", ""rbi_mpr_2026_04_p020_c002"", ""rbi_mpr_2026_04_p088_c001"", ""rbi_mpr_2026_04_p088_c000"", ""rbi_mpr_2026_04_p107_c004""], ""reranker_output_pages"": [105, 105, 112, 22, 105, 100, 5, 100, 112, 114, 114, 115, 113, 107, 113, 95, 113, 106, 23, 5, 16, 18, 114, 89, 95, 59, 20, 88, 88, 107], ""reranker_scores"": [-1.9820711612701416, -2.6309916973114014, -3.350925922393799, -3.5511491298675537, -3.6149520874023438, -3.8408374786376953, -4.20159387588501, -5.115407943725586, -5.184656143188477, -5.795953750610352, -6.248310089111328, -6.501702785491943, -8.129072189331055, -8.664911270141602, -8.670478820800781, -8.778136253356934, -9.012228965759277, -9.188835144042969, -9.457295417785645, -9.506519317626953, -9.697099685668945, -10.068517684936523, -10.11744499206543, -10.345230102539062, -10.614893913269043, -10.630777359008789, -10.917806625366211, -11.011004447937012, -11.135858535766602, -11.333857536315918], ""rrf_candidate_ids"": [""rbi_mpr_2026_04_p105_c001"", ""rbi_mpr_2026_04_p113_c002"", ""rbi_mpr_2026_04_p114_c000"", ""rbi_mpr_2026_04_p100_c002"", ""rbi_mpr_2026_04_p115_c004"", ""rbi_mpr_2026_04_p005_c005"", ""rbi_mpr_2026_04_p022_c003"", ""rbi_mpr_2026_04_p100_c001"", ""rbi_mpr_2026_04_p088_c000"", ""rbi_mpr_2026_04_p005_c003"", ""rbi_mpr_2026_04_p113_c000"", ""rbi_mpr_2026_04_p112_c000"", ""rbi_mpr_2026_04_p023_c000"", ""rbi_mpr_2026_04_p106_c003"", ""rbi_mpr_2026_04_p105_c000"", ""rbi_mpr_2026_04_p088_c001"", ""rbi_mpr_2026_04_p107_c004"", ""rbi_mpr_2026_04_p112_c001"", ""rbi_mpr_2026_04_p114_c002"", ""rbi_mpr_2026_04_p113_c001"", ""rbi_mpr_2026_04_p107_c001"", ""rbi_mpr_2026_04_p114_c001"", ""rbi_mpr_2026_04_p059_c000"", ""rbi_mpr_2026_04_p018_c002"", ""rbi_mpr_2026_04_p016_c001"", ""rbi_mpr_2026_04_p105_c003"", ""rbi_mpr_2026_04_p020_c002"", ""rbi_mpr_2026_04_p095_c001"", ""rbi_mpr_2026_04_p089_c003"", ""rbi_mpr_2026_04_p095_c000""], ""rrf_candidate_pages"": [105, 113, 114, 100, 115, 5, 22, 100, 88, 5, 113, 112, 23, 106, 105, 88, 107, 112, 114, 113, 107, 114, 59, 18, 16, 105, 20, 95, 89, 95], ""rrf_first_evidence_rank"": 6, ""rrf_scores"": [0.030536130536130537, 0.025837770122142185, 0.024706420619185605, 0.02459499263622975, 0.024016563146997932, 0.023642611683848798, 0.02291666666666667, 0.022753716871363933, 0.020709430756159726, 0.019174311926605507, 0.01639344262295082, 0.01639344262295082, 0.016129032258064516, 0.015873015873015872, 0.015873015873015872, 0.015625, 0.015625, 0.015384615384615385, 0.015151515151515152, 0.014925373134328358, 0.014925373134328358, 0.014705882352941176, 0.014705882352941176, 0.014492753623188406, 0.014285714285714285, 0.014084507042253521, 0.014084507042253521, 0.013888888888888888, 0.013888888888888888, 0.0136986301369863], ""selected_chunk_ids_after_dedup"": [""rbi_mpr_2026_04_p105_c001"", ""rbi_mpr_2026_04_p105_c000""], ""selected_chunk_ids_before_dedup"": [""rbi_mpr_2026_04_p105_c001"", ""rbi_mpr_2026_04_p105_c000""], ""selected_pages"": [105, 105]}}","{""rbi_mpr_2025_04"": true, ""rbi_mpr_2025_10"": true, ""rbi_mpr_2026_04"": false}","{""rbi_mpr_2025_04"": 1.0, ""rbi_mpr_2025_10"": 0.5, ""rbi_mpr_2026_04"": 0.0}",[],[],0.1235999952768907,trend_all_reports,trend_dev_003,[],0.0,"{""rbi_mpr_2025_04"": 2, ""rbi_mpr_2025_10"": 2, ""rbi_mpr_2026_04"": 2}",1.0,"[""rbi_mpr_2025_04"", ""rbi_mpr_2025_10"", ""rbi_mpr_2026_04""]",5423.549800005276,0.09560000034980476,5863,6,0.005399997462518513,dev,5551.957799994852,5
False,5.545799998799339,0.6056999991415069,False,04a5ce7716e7f739c55089569953118657c56d931da37da67b3f680d0125b949,0,0.010499992640689015,bf7cf18e02abb87a6e22fe9b686d8f93fa34ceb3f67abc575741c0a63080b56d,0.15700000221841037,104.34930000337772,0,1465,0.0,[],RRF_K60,[],0.5623000033665448,d063b65fcefc1858e3315b9e67356a80310b8ae9b4d0864e98dd7c18d8553c1a,0.0,Compare global-growth assumptions or language across all reports.,Compare global-growth assumptions or language across all reports.,"{""rbi_mpr_2025_04"": {""accepted_evidence_found"": false, ""accepted_pages"": [14], ""bm25_candidate_ids"": [""rbi_mpr_2025_04_p028_c001"", ""rbi_mpr_2025_04_p029_c002"", ""rbi_mpr_2025_04_p028_c000"", ""rbi_mpr_2025_04_p029_c003"", ""rbi_mpr_2025_04_p021_c000"", ""rbi_mpr_2025_04_p021_c001"", ""rbi_mpr_2025_04_p073_c003"", ""rbi_mpr_2025_04_p028_c002"", ""rbi_mpr_2025_04_p041_c000"", ""rbi_mpr_2025_04_p005_c001"", ""rbi_mpr_2025_04_p019_c004"", ""rbi_mpr_2025_04_p019_c001"", ""rbi_mpr_2025_04_p021_c003"", ""rbi_mpr_2025_04_p085_c000"", ""rbi_mpr_2025_04_p021_c004"", ""rbi_mpr_2025_04_p067_c002"", ""rbi_mpr_2025_04_p019_c003"", ""rbi_mpr_2025_04_p074_c000"", ""rbi_mpr_2025_04_p085_c001"", ""rbi_mpr_2025_04_p091_c000"", ""rbi_mpr_2025_04_p041_c001"", ""rbi_mpr_2025_04_p088_c000"", ""rbi_mpr_2025_04_p037_c000"", ""rbi_mpr_2025_04_p088_c002"", ""rbi_mpr_2025_04_p067_c001"", ""rbi_mpr_2025_04_p110_c001"", ""rbi_mpr_2025_04_p110_c000"", ""rbi_mpr_2025_04_p027_c000"", ""rbi_mpr_2025_04_p070_c002"", ""rbi_mpr_2025_04_p020_c000"", ""rbi_mpr_2025_04_p018_c000"", ""rbi_mpr_2025_04_p047_c004"", ""rbi_mpr_2025_04_p092_c003"", ""rbi_mpr_2025_04_p027_c001"", ""rbi_mpr_2025_04_p027_c002"", ""rbi_mpr_2025_04_p038_c000"", ""rbi_mpr_2025_04_p039_c002"", ""rbi_mpr_2025_04_p028_c003"", ""rbi_mpr_2025_04_p098_c003"", ""rbi_mpr_2025_04_p056_c002"", ""rbi_mpr_2025_04_p058_c003"", ""rbi_mpr_2025_04_p029_c004"", ""rbi_mpr_2025_04_p057_c003"", ""rbi_mpr_2025_04_p114_c000"", ""rbi_mpr_2025_04_p109_c003"", ""rbi_mpr_2025_04_p057_c002"", ""rbi_mpr_2025_04_p110_c003"", ""rbi_mpr_2025_04_p016_c003"", ""rbi_mpr_2025_04_p069_c003"", ""rbi_mpr_2025_04_p040_c000""], ""bm25_candidate_pages"": [28, 29, 28, 29, 21, 21, 73, 28, 41, 5, 19, 19, 21, 85, 21, 67, 19, 74, 85, 91, 41, 88, 37, 88, 67, 110, 110, 27, 70, 20, 18, 47, 92, 27, 27, 38, 39, 28, 98, 56, 58, 29, 57, 114, 109, 57, 110, 16, 69, 40], ""bm25_candidate_scores"": [null, null, null, null, null, null, null, null, null, null, null, null, null, null, null, null, null, null, null, null, null, null, null, null, null, null, null, null, null, null, null, null, null, null, null, null, null, null, null, null, null, null, null, null, null, null, null, null, null, null], ""bm25_first_evidence_rank"": null, ""candidate_source_expansion"": {""rbi_mpr_2025_04_p005_c001"": [], ""rbi_mpr_2025_04_p011_c004"": [], ""rbi_mpr_2025_04_p012_c004"": [], ""rbi_mpr_2025_04_p013_c000"": [], ""rbi_mpr_2025_04_p016_c003"": [], ""rbi_mpr_2025_04_p018_c000"": [], ""rbi_mpr_2025_04_p018_c003"": [], ""rbi_mpr_2025_04_p019_c000"": [], ""rbi_mpr_2025_04_p019_c001"": [], ""rbi_mpr_2025_04_p019_c002"": [], ""rbi_mpr_2025_04_p019_c003"": [], ""rbi_mpr_2025_04_p019_c004"": [], ""rbi_mpr_2025_04_p020_c000"": [], ""rbi_mpr_2025_04_p020_c002"": [], ""rbi_mpr_2025_04_p020_c003"": [], ""rbi_mpr_2025_04_p021_c000"": [], ""rbi_mpr_2025_04_p021_c001"": [], ""rbi_mpr_2025_04_p021_c002"": [], ""rbi_mpr_2025_04_p021_c003"": [], ""rbi_mpr_2025_04_p021_c004"": [], ""rbi_mpr_2025_04_p023_c003"": [], ""rbi_mpr_2025_04_p027_c000"": [], ""rbi_mpr_2025_04_p027_c001"": [], ""rbi_mpr_2025_04_p027_c002"": [], ""rbi_mpr_2025_04_p028_c000"": [], ""rbi_mpr_2025_04_p028_c001"": [], ""rbi_mpr_2025_04_p028_c002"": [], ""rbi_mpr_2025_04_p028_c003"": [], ""rbi_mpr_2025_04_p029_c002"": [], ""rbi_mpr_2025_04_p029_c003"": [], ""rbi_mpr_2025_04_p029_c004"": [], ""rbi_mpr_2025_04_p037_c000"": [], ""rbi_mpr_2025_04_p038_c000"": [], ""rbi_mpr_2025_04_p039_c002"": [], ""rbi_mpr_2025_04_p040_c000"": [], ""rbi_mpr_2025_04_p041_c000"": [], ""rbi_mpr_2025_04_p041_c001"": [], ""rbi_mpr_2025_04_p044_c003"": [], ""rbi_mpr_2025_04_p047_c002"": [], ""rbi_mpr_2025_04_p047_c003"": [], ""rbi_mpr_2025_04_p047_c004"": [], ""rbi_mpr_2025_04_p048_c001"": [], ""rbi_mpr_2025_04_p048_c002"": [], ""rbi_mpr_2025_04_p048_c003"": [], ""rbi_mpr_2025_04_p052_c000"": [], ""rbi_mpr_2025_04_p052_c002"": [], ""rbi_mpr_2025_04_p053_c002"": [], ""rbi_mpr_2025_04_p056_c002"": [], ""rbi_mpr_2025_04_p057_c002"": [], ""rbi_mpr_2025_04_p057_c003"": [], ""rbi_mpr_2025_04_p057_c004"": [], ""rbi_mpr_2025_04_p058_c000"": [], ""rbi_mpr_2025_04_p058_c001"": [], ""rbi_mpr_2025_04_p058_c003"": [], ""rbi_mpr_2025_04_p059_c004"": [], ""rbi_mpr_2025_04_p060_c001"": [], ""rbi_mpr_2025_04_p063_c003"": [], ""rbi_mpr_2025_04_p064_c002"": [], ""rbi_mpr_2025_04_p065_c002"": [], ""rbi_mpr_2025_04_p066_c001"": [], ""rbi_mpr_2025_04_p066_c002"": [], ""rbi_mpr_2025_04_p066_c003"": [], ""rbi_mpr_2025_04_p067_c000"": [], ""rbi_mpr_2025_04_p067_c001"": [], ""rbi_mpr_2025_04_p067_c002"": [], ""rbi_mpr_2025_04_p069_c003"": [], ""rbi_mpr_2025_04_p070_c002"": [], ""rbi_mpr_2025_04_p073_c003"": [], ""rbi_mpr_2025_04_p074_c000"": [], ""rbi_mpr_2025_04_p085_c000"": [], ""rbi_mpr_2025_04_p085_c001"": [], ""rbi_mpr_2025_04_p088_c000"": [], ""rbi_mpr_2025_04_p088_c002"": [], ""rbi_mpr_2025_04_p091_c000"": [], ""rbi_mpr_2025_04_p092_c002"": [], ""rbi_mpr_2025_04_p092_c003"": [], ""rbi_mpr_2025_04_p098_c003"": [], ""rbi_mpr_2025_04_p099_c002"": [], ""rbi_mpr_2025_04_p099_c003"": [], ""rbi_mpr_2025_04_p100_c002"": [], ""rbi_mpr_2025_04_p100_c003"": [], ""rbi_mpr_2025_04_p101_c002"": [], ""rbi_mpr_2025_04_p101_c003"": [], ""rbi_mpr_2025_04_p101_c004"": [], ""rbi_mpr_2025_04_p101_c005"": [], ""rbi_mpr_2025_04_p102_c000"": [], ""rbi_mpr_2025_04_p103_c000"": [], ""rbi_mpr_2025_04_p103_c003"": [], ""rbi_mpr_2025_04_p109_c003"": [], ""rbi_mpr_2025_04_p110_c000"": [], ""rbi_mpr_2025_04_p110_c001"": [], ""rbi_mpr_2025_04_p110_c003"": [], ""rbi_mpr_2025_04_p114_c000"": [], ""rbi_mpr_2025_10_p008_c000"": [], ""rbi_mpr_2025_10_p008_c001"": [], ""rbi_mpr_2025_10_p009_c005"": [], ""rbi_mpr_2025_10_p010_c002"": [], ""rbi_mpr_2025_10_p011_c003"": [], ""rbi_mpr_2025_10_p011_c004"": [], ""rbi_mpr_2025_10_p013_c003"": [], ""rbi_mpr_2025_10_p013_c005"": [], ""rbi_mpr_2025_10_p014_c003"": [], ""rbi_mpr_2025_10_p016_c000"": [], ""rbi_mpr_2025_10_p016_c001"": [], ""rbi_mpr_2025_10_p016_c002"": [], ""rbi_mpr_2025_10_p016_c003"": [], ""rbi_mpr_2025_10_p017_c000"": [], ""rbi_mpr_2025_10_p017_c003"": [], ""rbi_mpr_2025_10_p017_c004"": [], ""rbi_mpr_2025_10_p017_c005"": [], ""rbi_mpr_2025_10_p019_c001"": [], ""rbi_mpr_2025_10_p019_c002"": [], ""rbi_mpr_2025_10_p019_c003"": [], ""rbi_mpr_2025_10_p020_c000"": [], ""rbi_mpr_2025_10_p020_c001"": [], ""rbi_mpr_2025_10_p020_c002"": [], ""rbi_mpr_2025_10_p020_c003"": [], ""rbi_mpr_2025_10_p021_c000"": [], ""rbi_mpr_2025_10_p021_c001"": [], ""rbi_mpr_2025_10_p021_c004"": [], ""rbi_mpr_2025_10_p021_c005"": [], ""rbi_mpr_2025_10_p022_c001"": [], ""rbi_mpr_2025_10_p022_c002"": [], ""rbi_mpr_2025_10_p027_c001"": [], ""rbi_mpr_2025_10_p027_c002"": [], ""rbi_mpr_2025_10_p028_c000"": [], ""rbi_mpr_2025_10_p033_c001"": [], ""rbi_mpr_2025_10_p034_c003"": [], ""rbi_mpr_2025_10_p034_c004"": [], ""rbi_mpr_2025_10_p034_c005"": [], ""rbi_mpr_2025_10_p035_c000"": [], ""rbi_mpr_2025_10_p035_c002"": [], ""rbi_mpr_2025_10_p037_c002"": [], ""rbi_mpr_2025_10_p038_c004"": [], ""rbi_mpr_2025_10_p041_c004"": [], ""rbi_mpr_2025_10_p042_c002"": [], ""rbi_mpr_2025_10_p042_c003"": [], ""rbi_mpr_2025_10_p042_c004"": [], ""rbi_mpr_2025_10_p043_c002"": [], ""rbi_mpr_2025_10_p043_c003"": [], ""rbi_mpr_2025_10_p046_c002"": [], ""rbi_mpr_2025_10_p047_c000"": [], ""rbi_mpr_2025_10_p047_c002"": [], ""rbi_mpr_2025_10_p048_c000"": [], ""rbi_mpr_2025_10_p049_c001"": [], ""rbi_mpr_2025_10_p049_c003"": [], ""rbi_mpr_2025_10_p053_c001"": [], ""rbi_mpr_2025_10_p055_c001"": [], ""rbi_mpr_2025_10_p055_c002"": [], ""rbi_mpr_2025_10_p055_c003"": [], ""rbi_mpr_2025_10_p055_c004"": [], ""rbi_mpr_2025_10_p056_c002"": [], ""rbi_mpr_2025_10_p057_c000"": [], ""rbi_mpr_2025_10_p058_c002"": [], ""rbi_mpr_2025_10_p059_c000"": [], ""rbi_mpr_2025_10_p061_c000"": [], ""rbi_mpr_2025_10_p061_c004"": [], ""rbi_mpr_2025_10_p062_c001"": [], ""rbi_mpr_2025_10_p065_c004"": [], ""rbi_mpr_2025_10_p076_c000"": [], ""rbi_mpr_2025_10_p076_c001"": [], ""rbi_mpr_2025_10_p083_c000"": [], ""rbi_mpr_2025_10_p083_c001"": [], ""rbi_mpr_2025_10_p084_c002"": [], ""rbi_mpr_2025_10_p084_c003"": [], ""rbi_mpr_2025_10_p085_c001"": [], ""rbi_mpr_2025_10_p085_c003"": [], ""rbi_mpr_2025_10_p086_c002"": [], ""rbi_mpr_2025_10_p086_c003"": [], ""rbi_mpr_2025_10_p087_c003"": [], ""rbi_mpr_2025_10_p088_c003"": [], ""rbi_mpr_2025_10_p091_c000"": [], ""rbi_mpr_2025_10_p095_c000"": [], ""rbi_mpr_2025_10_p095_c003"": [], ""rbi_mpr_2025_10_p096_c002"": [], ""rbi_mpr_2025_10_p096_c004"": [], ""rbi_mpr_2025_10_p097_c000"": [], ""rbi_mpr_2025_10_p097_c002"": [], ""rbi_mpr_2025_10_p097_c003"": [], ""rbi_mpr_2025_10_p097_c004"": [], ""rbi_mpr_2025_10_p098_c000"": [], ""rbi_mpr_2025_10_p102_c003"": [], ""rbi_mpr_2026_04_p013_c000"": [], ""rbi_mpr_2026_04_p013_c001"": [], ""rbi_mpr_2026_04_p013_c003"": [], ""rbi_mpr_2026_04_p013_c004"": [], ""rbi_mpr_2026_04_p015_c001"": [], ""rbi_mpr_2026_04_p015_c002"": [], ""rbi_mpr_2026_04_p015_c003"": [], ""rbi_mpr_2026_04_p017_c001"": [], ""rbi_mpr_2026_04_p017_c002"": [], ""rbi_mpr_2026_04_p018_c001"": [], ""rbi_mpr_2026_04_p021_c003"": [], ""rbi_mpr_2026_04_p023_c000"": [], ""rbi_mpr_2026_04_p035_c003"": [], ""rbi_mpr_2026_04_p038_c002"": [], ""rbi_mpr_2026_04_p042_c001"": [], ""rbi_mpr_2026_04_p043_c000"": [], ""rbi_mpr_2026_04_p044_c000"": [], ""rbi_mpr_2026_04_p044_c001"": [], ""rbi_mpr_2026_04_p044_c002"": [], ""rbi_mpr_2026_04_p047_c004"": [], ""rbi_mpr_2026_04_p049_c001"": [], ""rbi_mpr_2026_04_p050_c000"": [], ""rbi_mpr_2026_04_p050_c001"": [], ""rbi_mpr_2026_04_p055_c003"": [], ""rbi_mpr_2026_04_p056_c000"": [], ""rbi_mpr_2026_04_p056_c001"": [], ""rbi_mpr_2026_04_p056_c002"": [], ""rbi_mpr_2026_04_p056_c003"": [], ""rbi_mpr_2026_04_p057_c001"": [], ""rbi_mpr_2026_04_p057_c004"": [], ""rbi_mpr_2026_04_p058_c000"": [], ""rbi_mpr_2026_04_p058_c001"": [], ""rbi_mpr_2026_04_p058_c002"": [], ""rbi_mpr_2026_04_p059_c000"": [], ""rbi_mpr_2026_04_p059_c003"": [], ""rbi_mpr_2026_04_p061_c000"": [], ""rbi_mpr_2026_04_p062_c003"": [], ""rbi_mpr_2026_04_p066_c003"": [], ""rbi_mpr_2026_04_p067_c001"": [], ""rbi_mpr_2026_04_p067_c002"": [], ""rbi_mpr_2026_04_p069_c001"": [], ""rbi_mpr_2026_04_p069_c003"": [], ""rbi_mpr_2026_04_p070_c000"": [], ""rbi_mpr_2026_04_p071_c000"": [], ""rbi_mpr_2026_04_p071_c001"": [], ""rbi_mpr_2026_04_p073_c000"": [], ""rbi_mpr_2026_04_p073_c001"": [], ""rbi_mpr_2026_04_p073_c002"": [], ""rbi_mpr_2026_04_p075_c000"": [], ""rbi_mpr_2026_04_p076_c001"": [], ""rbi_mpr_2026_04_p076_c002"": [], ""rbi_mpr_2026_04_p076_c003"": [], ""rbi_mpr_2026_04_p077_c000"": [], ""rbi_mpr_2026_04_p077_c001"": [], ""rbi_mpr_2026_04_p077_c003"": [], ""rbi_mpr_2026_04_p081_c001"": [], ""rbi_mpr_2026_04_p081_c002"": [], ""rbi_mpr_2026_04_p081_c004"": [], ""rbi_mpr_2026_04_p081_c005"": [], ""rbi_mpr_2026_04_p082_c001"": [], ""rbi_mpr_2026_04_p083_c000"": [], ""rbi_mpr_2026_04_p083_c003"": [], ""rbi_mpr_2026_04_p083_c004"": [], ""rbi_mpr_2026_04_p083_c007"": [], ""rbi_mpr_2026_04_p087_c000"": [], ""rbi_mpr_2026_04_p096_c001"": [], ""rbi_mpr_2026_04_p096_c002"": [], ""rbi_mpr_2026_04_p096_c003"": [], ""rbi_mpr_2026_04_p096_c004"": [], ""rbi_mpr_2026_04_p099_c003"": [], ""rbi_mpr_2026_04_p100_c002"": [], ""rbi_mpr_2026_04_p101_c001"": [], ""rbi_mpr_2026_04_p102_c003"": [], ""rbi_mpr_2026_04_p102_c004"": [], ""rbi_mpr_2026_04_p103_c003"": [], ""rbi_mpr_2026_04_p105_c001"": [], ""rbi_mpr_2026_04_p107_c000"": [], ""rbi_mpr_2026_04_p107_c004"": [], ""rbi_mpr_2026_04_p108_c002"": [], ""rbi_mpr_2026_04_p109_c001"": [], ""rbi_mpr_2026_04_p109_c003"": [], ""rbi_mpr_2026_04_p110_c001"": [], ""rbi_mpr_2026_04_p111_c000"": [], ""rbi_mpr_2026_04_p111_c001"": [], ""rbi_mpr_2026_04_p111_c002"": [], ""rbi_mpr_2026_04_p111_c003"": [], ""rbi_mpr_2026_04_p112_c000"": [], ""rbi_mpr_2026_04_p112_c001"": [], ""rbi_mpr_2026_04_p112_c003"": [], ""rbi_mpr_2026_04_p112_c004"": [], ""rbi_mpr_2026_04_p113_c002"": [], ""rbi_mpr_2026_04_p114_c000"": []}, ""candidate_source_facet"": {""rbi_mpr_2025_04_p005_c001"": [], ""rbi_mpr_2025_04_p011_c004"": [], ""rbi_mpr_2025_04_p012_c004"": [], ""rbi_mpr_2025_04_p013_c000"": [], ""rbi_mpr_2025_04_p016_c003"": [], ""rbi_mpr_2025_04_p018_c000"": [], ""rbi_mpr_2025_04_p018_c003"": [], ""rbi_mpr_2025_04_p019_c000"": [], ""rbi_mpr_2025_04_p019_c001"": [], ""rbi_mpr_2025_04_p019_c002"": [], ""rbi_mpr_2025_04_p019_c003"": [], ""rbi_mpr_2025_04_p019_c004"": [], ""rbi_mpr_2025_04_p020_c000"": [], ""rbi_mpr_2025_04_p020_c002"": [], ""rbi_mpr_2025_04_p020_c003"": [], ""rbi_mpr_2025_04_p021_c000"": [], ""rbi_mpr_2025_04_p021_c001"": [], ""rbi_mpr_2025_04_p021_c002"": [], ""rbi_mpr_2025_04_p021_c003"": [], ""rbi_mpr_2025_04_p021_c004"": [], ""rbi_mpr_2025_04_p023_c003"": [], ""rbi_mpr_2025_04_p027_c000"": [], ""rbi_mpr_2025_04_p027_c001"": [], ""rbi_mpr_2025_04_p027_c002"": [], ""rbi_mpr_2025_04_p028_c000"": [], ""rbi_mpr_2025_04_p028_c001"": [], ""rbi_mpr_2025_04_p028_c002"": [], ""rbi_mpr_2025_04_p028_c003"": [], ""rbi_mpr_2025_04_p029_c002"": [], ""rbi_mpr_2025_04_p029_c003"": [], ""rbi_mpr_2025_04_p029_c004"": [], ""rbi_mpr_2025_04_p037_c000"": [], ""rbi_mpr_2025_04_p038_c000"": [], ""rbi_mpr_2025_04_p039_c002"": [], ""rbi_mpr_2025_04_p040_c000"": [], ""rbi_mpr_2025_04_p041_c000"": [], ""rbi_mpr_2025_04_p041_c001"": [], ""rbi_mpr_2025_04_p044_c003"": [], ""rbi_mpr_2025_04_p047_c002"": [], ""rbi_mpr_2025_04_p047_c003"": [], ""rbi_mpr_2025_04_p047_c004"": [], ""rbi_mpr_2025_04_p048_c001"": [], ""rbi_mpr_2025_04_p048_c002"": [], ""rbi_mpr_2025_04_p048_c003"": [], ""rbi_mpr_2025_04_p052_c000"": [], ""rbi_mpr_2025_04_p052_c002"": [], ""rbi_mpr_2025_04_p053_c002"": [], ""rbi_mpr_2025_04_p056_c002"": [], ""rbi_mpr_2025_04_p057_c002"": [], ""rbi_mpr_2025_04_p057_c003"": [], ""rbi_mpr_2025_04_p057_c004"": [], ""rbi_mpr_2025_04_p058_c000"": [], ""rbi_mpr_2025_04_p058_c001"": [], ""rbi_mpr_2025_04_p058_c003"": [], ""rbi_mpr_2025_04_p059_c004"": [], ""rbi_mpr_2025_04_p060_c001"": [], ""rbi_mpr_2025_04_p063_c003"": [], ""rbi_mpr_2025_04_p064_c002"": [], ""rbi_mpr_2025_04_p065_c002"": [], ""rbi_mpr_2025_04_p066_c001"": [], ""rbi_mpr_2025_04_p066_c002"": [], ""rbi_mpr_2025_04_p066_c003"": [], ""rbi_mpr_2025_04_p067_c000"": [], ""rbi_mpr_2025_04_p067_c001"": [], ""rbi_mpr_2025_04_p067_c002"": [], ""rbi_mpr_2025_04_p069_c003"": [], ""rbi_mpr_2025_04_p070_c002"": [], ""rbi_mpr_2025_04_p073_c003"": [], ""rbi_mpr_2025_04_p074_c000"": [], ""rbi_mpr_2025_04_p085_c000"": [], ""rbi_mpr_2025_04_p085_c001"": [], ""rbi_mpr_2025_04_p088_c000"": [], ""rbi_mpr_2025_04_p088_c002"": [], ""rbi_mpr_2025_04_p091_c000"": [], ""rbi_mpr_2025_04_p092_c002"": [], ""rbi_mpr_2025_04_p092_c003"": [], ""rbi_mpr_2025_04_p098_c003"": [], ""rbi_mpr_2025_04_p099_c002"": [], ""rbi_mpr_2025_04_p099_c003"": [], ""rbi_mpr_2025_04_p100_c002"": [], ""rbi_mpr_2025_04_p100_c003"": [], ""rbi_mpr_2025_04_p101_c002"": [], ""rbi_mpr_2025_04_p101_c003"": [], ""rbi_mpr_2025_04_p101_c004"": [], ""rbi_mpr_2025_04_p101_c005"": [], ""rbi_mpr_2025_04_p102_c000"": [], ""rbi_mpr_2025_04_p103_c000"": [], ""rbi_mpr_2025_04_p103_c003"": [], ""rbi_mpr_2025_04_p109_c003"": [], ""rbi_mpr_2025_04_p110_c000"": [], ""rbi_mpr_2025_04_p110_c001"": [], ""rbi_mpr_2025_04_p110_c003"": [], ""rbi_mpr_2025_04_p114_c000"": [], ""rbi_mpr_2025_10_p008_c000"": [], ""rbi_mpr_2025_10_p008_c001"": [], ""rbi_mpr_2025_10_p009_c005"": [], ""rbi_mpr_2025_10_p010_c002"": [], ""rbi_mpr_2025_10_p011_c003"": [], ""rbi_mpr_2025_10_p011_c004"": [], ""rbi_mpr_2025_10_p013_c003"": [], ""rbi_mpr_2025_10_p013_c005"": [], ""rbi_mpr_2025_10_p014_c003"": [], ""rbi_mpr_2025_10_p016_c000"": [], ""rbi_mpr_2025_10_p016_c001"": [], ""rbi_mpr_2025_10_p016_c002"": [], ""rbi_mpr_2025_10_p016_c003"": [], ""rbi_mpr_2025_10_p017_c000"": [], ""rbi_mpr_2025_10_p017_c003"": [], ""rbi_mpr_2025_10_p017_c004"": [], ""rbi_mpr_2025_10_p017_c005"": [], ""rbi_mpr_2025_10_p019_c001"": [], ""rbi_mpr_2025_10_p019_c002"": [], ""rbi_mpr_2025_10_p019_c003"": [], ""rbi_mpr_2025_10_p020_c000"": [], ""rbi_mpr_2025_10_p020_c001"": [], ""rbi_mpr_2025_10_p020_c002"": [], ""rbi_mpr_2025_10_p020_c003"": [], ""rbi_mpr_2025_10_p021_c000"": [], ""rbi_mpr_2025_10_p021_c001"": [], ""rbi_mpr_2025_10_p021_c004"": [], ""rbi_mpr_2025_10_p021_c005"": [], ""rbi_mpr_2025_10_p022_c001"": [], ""rbi_mpr_2025_10_p022_c002"": [], ""rbi_mpr_2025_10_p027_c001"": [], ""rbi_mpr_2025_10_p027_c002"": [], ""rbi_mpr_2025_10_p028_c000"": [], ""rbi_mpr_2025_10_p033_c001"": [], ""rbi_mpr_2025_10_p034_c003"": [], ""rbi_mpr_2025_10_p034_c004"": [], ""rbi_mpr_2025_10_p034_c005"": [], ""rbi_mpr_2025_10_p035_c000"": [], ""rbi_mpr_2025_10_p035_c002"": [], ""rbi_mpr_2025_10_p037_c002"": [], ""rbi_mpr_2025_10_p038_c004"": [], ""rbi_mpr_2025_10_p041_c004"": [], ""rbi_mpr_2025_10_p042_c002"": [], ""rbi_mpr_2025_10_p042_c003"": [], ""rbi_mpr_2025_10_p042_c004"": [], ""rbi_mpr_2025_10_p043_c002"": [], ""rbi_mpr_2025_10_p043_c003"": [], ""rbi_mpr_2025_10_p046_c002"": [], ""rbi_mpr_2025_10_p047_c000"": [], ""rbi_mpr_2025_10_p047_c002"": [], ""rbi_mpr_2025_10_p048_c000"": [], ""rbi_mpr_2025_10_p049_c001"": [], ""rbi_mpr_2025_10_p049_c003"": [], ""rbi_mpr_2025_10_p053_c001"": [], ""rbi_mpr_2025_10_p055_c001"": [], ""rbi_mpr_2025_10_p055_c002"": [], ""rbi_mpr_2025_10_p055_c003"": [], ""rbi_mpr_2025_10_p055_c004"": [], ""rbi_mpr_2025_10_p056_c002"": [], ""rbi_mpr_2025_10_p057_c000"": [], ""rbi_mpr_2025_10_p058_c002"": [], ""rbi_mpr_2025_10_p059_c000"": [], ""rbi_mpr_2025_10_p061_c000"": [], ""rbi_mpr_2025_10_p061_c004"": [], ""rbi_mpr_2025_10_p062_c001"": [], ""rbi_mpr_2025_10_p065_c004"": [], ""rbi_mpr_2025_10_p076_c000"": [], ""rbi_mpr_2025_10_p076_c001"": [], ""rbi_mpr_2025_10_p083_c000"": [], ""rbi_mpr_2025_10_p083_c001"": [], ""rbi_mpr_2025_10_p084_c002"": [], ""rbi_mpr_2025_10_p084_c003"": [], ""rbi_mpr_2025_10_p085_c001"": [], ""rbi_mpr_2025_10_p085_c003"": [], ""rbi_mpr_2025_10_p086_c002"": [], ""rbi_mpr_2025_10_p086_c003"": [], ""rbi_mpr_2025_10_p087_c003"": [], ""rbi_mpr_2025_10_p088_c003"": [], ""rbi_mpr_2025_10_p091_c000"": [], ""rbi_mpr_2025_10_p095_c000"": [], ""rbi_mpr_2025_10_p095_c003"": [], ""rbi_mpr_2025_10_p096_c002"": [], ""rbi_mpr_2025_10_p096_c004"": [], ""rbi_mpr_2025_10_p097_c000"": [], ""rbi_mpr_2025_10_p097_c002"": [], ""rbi_mpr_2025_10_p097_c003"": [], ""rbi_mpr_2025_10_p097_c004"": [], ""rbi_mpr_2025_10_p098_c000"": [], ""rbi_mpr_2025_10_p102_c003"": [], ""rbi_mpr_2026_04_p013_c000"": [], ""rbi_mpr_2026_04_p013_c001"": [], ""rbi_mpr_2026_04_p013_c003"": [], ""rbi_mpr_2026_04_p013_c004"": [], ""rbi_mpr_2026_04_p015_c001"": [], ""rbi_mpr_2026_04_p015_c002"": [], ""rbi_mpr_2026_04_p015_c003"": [], ""rbi_mpr_2026_04_p017_c001"": [], ""rbi_mpr_2026_04_p017_c002"": [], ""rbi_mpr_2026_04_p018_c001"": [], ""rbi_mpr_2026_04_p021_c003"": [], ""rbi_mpr_2026_04_p023_c000"": [], ""rbi_mpr_2026_04_p035_c003"": [], ""rbi_mpr_2026_04_p038_c002"": [], ""rbi_mpr_2026_04_p042_c001"": [], ""rbi_mpr_2026_04_p043_c000"": [], ""rbi_mpr_2026_04_p044_c000"": [], ""rbi_mpr_2026_04_p044_c001"": [], ""rbi_mpr_2026_04_p044_c002"": [], ""rbi_mpr_2026_04_p047_c004"": [], ""rbi_mpr_2026_04_p049_c001"": [], ""rbi_mpr_2026_04_p050_c000"": [], ""rbi_mpr_2026_04_p050_c001"": [], ""rbi_mpr_2026_04_p055_c003"": [], ""rbi_mpr_2026_04_p056_c000"": [], ""rbi_mpr_2026_04_p056_c001"": [], ""rbi_mpr_2026_04_p056_c002"": [], ""rbi_mpr_2026_04_p056_c003"": [], ""rbi_mpr_2026_04_p057_c001"": [], ""rbi_mpr_2026_04_p057_c004"": [], ""rbi_mpr_2026_04_p058_c000"": [], ""rbi_mpr_2026_04_p058_c001"": [], ""rbi_mpr_2026_04_p058_c002"": [], ""rbi_mpr_2026_04_p059_c000"": [], ""rbi_mpr_2026_04_p059_c003"": [], ""rbi_mpr_2026_04_p061_c000"": [], ""rbi_mpr_2026_04_p062_c003"": [], ""rbi_mpr_2026_04_p066_c003"": [], ""rbi_mpr_2026_04_p067_c001"": [], ""rbi_mpr_2026_04_p067_c002"": [], ""rbi_mpr_2026_04_p069_c001"": [], ""rbi_mpr_2026_04_p069_c003"": [], ""rbi_mpr_2026_04_p070_c000"": [], ""rbi_mpr_2026_04_p071_c000"": [], ""rbi_mpr_2026_04_p071_c001"": [], ""rbi_mpr_2026_04_p073_c000"": [], ""rbi_mpr_2026_04_p073_c001"": [], ""rbi_mpr_2026_04_p073_c002"": [], ""rbi_mpr_2026_04_p075_c000"": [], ""rbi_mpr_2026_04_p076_c001"": [], ""rbi_mpr_2026_04_p076_c002"": [], ""rbi_mpr_2026_04_p076_c003"": [], ""rbi_mpr_2026_04_p077_c000"": [], ""rbi_mpr_2026_04_p077_c001"": [], ""rbi_mpr_2026_04_p077_c003"": [], ""rbi_mpr_2026_04_p081_c001"": [], ""rbi_mpr_2026_04_p081_c002"": [], ""rbi_mpr_2026_04_p081_c004"": [], ""rbi_mpr_2026_04_p081_c005"": [], ""rbi_mpr_2026_04_p082_c001"": [], ""rbi_mpr_2026_04_p083_c000"": [], ""rbi_mpr_2026_04_p083_c003"": [], ""rbi_mpr_2026_04_p083_c004"": [], ""rbi_mpr_2026_04_p083_c007"": [], ""rbi_mpr_2026_04_p087_c000"": [], ""rbi_mpr_2026_04_p096_c001"": [], ""rbi_mpr_2026_04_p096_c002"": [], ""rbi_mpr_2026_04_p096_c003"": [], ""rbi_mpr_2026_04_p096_c004"": [], ""rbi_mpr_2026_04_p099_c003"": [], ""rbi_mpr_2026_04_p100_c002"": [], ""rbi_mpr_2026_04_p101_c001"": [], ""rbi_mpr_2026_04_p102_c003"": [], ""rbi_mpr_2026_04_p102_c004"": [], ""rbi_mpr_2026_04_p103_c003"": [], ""rbi_mpr_2026_04_p105_c001"": [], ""rbi_mpr_2026_04_p107_c000"": [], ""rbi_mpr_2026_04_p107_c004"": [], ""rbi_mpr_2026_04_p108_c002"": [], ""rbi_mpr_2026_04_p109_c001"": [], ""rbi_mpr_2026_04_p109_c003"": [], ""rbi_mpr_2026_04_p110_c001"": [], ""rbi_mpr_2026_04_p111_c000"": [], ""rbi_mpr_2026_04_p111_c001"": [], ""rbi_mpr_2026_04_p111_c002"": [], ""rbi_mpr_2026_04_p111_c003"": [], ""rbi_mpr_2026_04_p112_c000"": [], ""rbi_mpr_2026_04_p112_c001"": [], ""rbi_mpr_2026_04_p112_c003"": [], ""rbi_mpr_2026_04_p112_c004"": [], ""rbi_mpr_2026_04_p113_c002"": [], ""rbi_mpr_2026_04_p114_c000"": []}, ""candidate_source_query"": {""rbi_mpr_2025_04_p005_c001"": [""Compare global-growth assumptions or language across all reports.""], ""rbi_mpr_2025_04_p011_c004"": [""Compare global-growth assumptions or language across all reports.""], ""rbi_mpr_2025_04_p012_c004"": [""Compare global-growth assumptions or language across all reports.""], ""rbi_mpr_2025_04_p013_c000"": [""Compare global-growth assumptions or language across all reports.""], ""rbi_mpr_2025_04_p016_c003"": [""Compare global-growth assumptions or language across all reports.""], ""rbi_mpr_2025_04_p018_c000"": [""Compare global-growth assumptions or language across all reports.""], ""rbi_mpr_2025_04_p018_c003"": [""Compare global-growth assumptions or language across all reports.""], ""rbi_mpr_2025_04_p019_c000"": [""Compare global-growth assumptions or language across all reports.""], ""rbi_mpr_2025_04_p019_c001"": [""Compare global-growth assumptions or language across all reports.""], ""rbi_mpr_2025_04_p019_c002"": [""Compare global-growth assumptions or language across all reports.""], ""rbi_mpr_2025_04_p019_c003"": [""Compare global-growth assumptions or language across all reports.""], ""rbi_mpr_2025_04_p019_c004"": [""Compare global-growth assumptions or language across all reports.""], ""rbi_mpr_2025_04_p020_c000"": [""Compare global-growth assumptions or language across all reports.""], ""rbi_mpr_2025_04_p020_c002"": [""Compare global-growth assumptions or language across all reports.""], ""rbi_mpr_2025_04_p020_c003"": [""Compare global-growth assumptions or language across all reports.""], ""rbi_mpr_2025_04_p021_c000"": [""Compare global-growth assumptions or language across all reports.""], ""rbi_mpr_2025_04_p021_c001"": [""Compare global-growth assumptions or language across all reports.""], ""rbi_mpr_2025_04_p021_c002"": [""Compare global-growth assumptions or language across all reports.""], ""rbi_mpr_2025_04_p021_c003"": [""Compare global-growth assumptions or language across all reports.""], ""rbi_mpr_2025_04_p021_c004"": [""Compare global-growth assumptions or language across all reports.""], ""rbi_mpr_2025_04_p023_c003"": [""Compare global-growth assumptions or language across all reports.""], ""rbi_mpr_2025_04_p027_c000"": [""Compare global-growth assumptions or language across all reports.""], ""rbi_mpr_2025_04_p027_c001"": [""Compare global-growth assumptions or language across all reports.""], ""rbi_mpr_2025_04_p027_c002"": [""Compare global-growth assumptions or language across all reports.""], ""rbi_mpr_2025_04_p028_c000"": [""Compare global-growth assumptions or language across all reports.""], ""rbi_mpr_2025_04_p028_c001"": [""Compare global-growth assumptions or language across all reports.""], ""rbi_mpr_2025_04_p028_c002"": [""Compare global-growth assumptions or language across all reports.""], ""rbi_mpr_2025_04_p028_c003"": [""Compare global-growth assumptions or language across all reports.""], ""rbi_mpr_2025_04_p029_c002"": [""Compare global-growth assumptions or language across all reports.""], ""rbi_mpr_2025_04_p029_c003"": [""Compare global-growth assumptions or language across all reports.""], ""rbi_mpr_2025_04_p029_c004"": [""Compare global-growth assumptions or language across all reports.""], ""rbi_mpr_2025_04_p037_c000"": [""Compare global-growth assumptions or language across all reports.""], ""rbi_mpr_2025_04_p038_c000"": [""Compare global-growth assumptions or language across all reports.""], ""rbi_mpr_2025_04_p039_c002"": [""Compare global-growth assumptions or language across all reports.""], ""rbi_mpr_2025_04_p040_c000"": [""Compare global-growth assumptions or language across all reports.""], ""rbi_mpr_2025_04_p041_c000"": [""Compare global-growth assumptions or language across all reports.""], ""rbi_mpr_2025_04_p041_c001"": [""Compare global-growth assumptions or language across all reports.""], ""rbi_mpr_2025_04_p044_c003"": [""Compare global-growth assumptions or language across all reports.""], ""rbi_mpr_2025_04_p047_c002"": [""Compare global-growth assumptions or language across all reports.""], ""rbi_mpr_2025_04_p047_c003"": [""Compare global-growth assumptions or language across all reports.""], ""rbi_mpr_2025_04_p047_c004"": [""Compare global-growth assumptions or language across all reports.""], ""rbi_mpr_2025_04_p048_c001"": [""Compare global-growth assumptions or language across all reports.""], ""rbi_mpr_2025_04_p048_c002"": [""Compare global-growth assumptions or language across all reports.""], ""rbi_mpr_2025_04_p048_c003"": [""Compare global-growth assumptions or language across all reports.""], ""rbi_mpr_2025_04_p052_c000"": [""Compare global-growth assumptions or language across all reports.""], ""rbi_mpr_2025_04_p052_c002"": [""Compare global-growth assumptions or language across all reports.""], ""rbi_mpr_2025_04_p053_c002"": [""Compare global-growth assumptions or language across all reports.""], ""rbi_mpr_2025_04_p056_c002"": [""Compare global-growth assumptions or language across all reports.""], ""rbi_mpr_2025_04_p057_c002"": [""Compare global-growth assumptions or language across all reports.""], ""rbi_mpr_2025_04_p057_c003"": [""Compare global-growth assumptions or language across all reports.""], ""rbi_mpr_2025_04_p057_c004"": [""Compare global-growth assumptions or language across all reports.""], ""rbi_mpr_2025_04_p058_c000"": [""Compare global-growth assumptions or language across all reports.""], ""rbi_mpr_2025_04_p058_c001"": [""Compare global-growth assumptions or language across all reports.""], ""rbi_mpr_2025_04_p058_c003"": [""Compare global-growth assumptions or language across all reports.""], ""rbi_mpr_2025_04_p059_c004"": [""Compare global-growth assumptions or language across all reports.""], ""rbi_mpr_2025_04_p060_c001"": [""Compare global-growth assumptions or language across all reports.""], ""rbi_mpr_2025_04_p063_c003"": [""Compare global-growth assumptions or language across all reports.""], ""rbi_mpr_2025_04_p064_c002"": [""Compare global-growth assumptions or language across all reports.""], ""rbi_mpr_2025_04_p065_c002"": [""Compare global-growth assumptions or language across all reports.""], ""rbi_mpr_2025_04_p066_c001"": [""Compare global-growth assumptions or language across all reports.""], ""rbi_mpr_2025_04_p066_c002"": [""Compare global-growth assumptions or language across all reports.""], ""rbi_mpr_2025_04_p066_c003"": [""Compare global-growth assumptions or language across all reports.""], ""rbi_mpr_2025_04_p067_c000"": [""Compare global-growth assumptions or language across all reports.""], ""rbi_mpr_2025_04_p067_c001"": [""Compare global-growth assumptions or language across all reports.""], ""rbi_mpr_2025_04_p067_c002"": [""Compare global-growth assumptions or language across all reports.""], ""rbi_mpr_2025_04_p069_c003"": [""Compare global-growth assumptions or language across all reports.""], ""rbi_mpr_2025_04_p070_c002"": [""Compare global-growth assumptions or language across all reports.""], ""rbi_mpr_2025_04_p073_c003"": [""Compare global-growth assumptions or language across all reports.""], ""rbi_mpr_2025_04_p074_c000"": [""Compare global-growth assumptions or language across all reports.""], ""rbi_mpr_2025_04_p085_c000"": [""Compare global-growth assumptions or language across all reports.""], ""rbi_mpr_2025_04_p085_c001"": [""Compare global-growth assumptions or language across all reports.""], ""rbi_mpr_2025_04_p088_c000"": [""Compare global-growth assumptions or language across all reports.""], ""rbi_mpr_2025_04_p088_c002"": [""Compare global-growth assumptions or language across all reports.""], ""rbi_mpr_2025_04_p091_c000"": [""Compare global-growth assumptions or language across all reports.""], ""rbi_mpr_2025_04_p092_c002"": [""Compare global-growth assumptions or language across all reports.""], ""rbi_mpr_2025_04_p092_c003"": [""Compare global-growth assumptions or language across all reports.""], ""rbi_mpr_2025_04_p098_c003"": [""Compare global-growth assumptions or language across all reports.""], ""rbi_mpr_2025_04_p099_c002"": [""Compare global-growth assumptions or language across all reports.""], ""rbi_mpr_2025_04_p099_c003"": [""Compare global-growth assumptions or language across all reports.""], ""rbi_mpr_2025_04_p100_c002"": [""Compare global-growth assumptions or language across all reports.""], ""rbi_mpr_2025_04_p100_c003"": [""Compare global-growth assumptions or language across all reports.""], ""rbi_mpr_2025_04_p101_c002"": [""Compare global-growth assumptions or language across all reports.""], ""rbi_mpr_2025_04_p101_c003"": [""Compare global-growth assumptions or language across all reports.""], ""rbi_mpr_2025_04_p101_c004"": [""Compare global-growth assumptions or language across all reports.""], ""rbi_mpr_2025_04_p101_c005"": [""Compare global-growth assumptions or language across all reports.""], ""rbi_mpr_2025_04_p102_c000"": [""Compare global-growth assumptions or language across all reports.""], ""rbi_mpr_2025_04_p103_c000"": [""Compare global-growth assumptions or language across all reports.""], ""rbi_mpr_2025_04_p103_c003"": [""Compare global-growth assumptions or language across all reports.""], ""rbi_mpr_2025_04_p109_c003"": [""Compare global-growth assumptions or language across all reports.""], ""rbi_mpr_2025_04_p110_c000"": [""Compare global-growth assumptions or language across all reports.""], ""rbi_mpr_2025_04_p110_c001"": [""Compare global-growth assumptions or language across all reports.""], ""rbi_mpr_2025_04_p110_c003"": [""Compare global-growth assumptions or language across all reports.""], ""rbi_mpr_2025_04_p114_c000"": [""Compare global-growth assumptions or language across all reports.""], ""rbi_mpr_2025_10_p008_c000"": [""Compare global-growth assumptions or language across all reports.""], ""rbi_mpr_2025_10_p008_c001"": [""Compare global-growth assumptions or language across all reports.""], ""rbi_mpr_2025_10_p009_c005"": [""Compare global-growth assumptions or language across all reports.""], ""rbi_mpr_2025_10_p010_c002"": [""Compare global-growth assumptions or language across all reports.""], ""rbi_mpr_2025_10_p011_c003"": [""Compare global-growth assumptions or language across all reports.""], ""rbi_mpr_2025_10_p011_c004"": [""Compare global-growth assumptions or language across all reports.""], ""rbi_mpr_2025_10_p013_c003"": [""Compare global-growth assumptions or language across all reports.""], ""rbi_mpr_2025_10_p013_c005"": [""Compare global-growth assumptions or language across all reports.""], ""rbi_mpr_2025_10_p014_c003"": [""Compare global-growth assumptions or language across all reports.""], ""rbi_mpr_2025_10_p016_c000"": [""Compare global-growth assumptions or language across all reports.""], ""rbi_mpr_2025_10_p016_c001"": [""Compare global-growth assumptions or language across all reports.""], ""rbi_mpr_2025_10_p016_c002"": [""Compare global-growth assumptions or language across all reports.""], ""rbi_mpr_2025_10_p016_c003"": [""Compare global-growth assumptions or language across all reports.""], ""rbi_mpr_2025_10_p017_c000"": [""Compare global-growth assumptions or language across all reports.""], ""rbi_mpr_2025_10_p017_c003"": [""Compare global-growth assumptions or language across all reports.""], ""rbi_mpr_2025_10_p017_c004"": [""Compare global-growth assumptions or language across all reports.""], ""rbi_mpr_2025_10_p017_c005"": [""Compare global-growth assumptions or language across all reports.""], ""rbi_mpr_2025_10_p019_c001"": [""Compare global-growth assumptions or language across all reports.""], ""rbi_mpr_2025_10_p019_c002"": [""Compare global-growth assumptions or language across all reports.""], ""rbi_mpr_2025_10_p019_c003"": [""Compare global-growth assumptions or language across all reports.""], ""rbi_mpr_2025_10_p020_c000"": [""Compare global-growth assumptions or language across all reports.""], ""rbi_mpr_2025_10_p020_c001"": [""Compare global-growth assumptions or language across all reports.""], ""rbi_mpr_2025_10_p020_c002"": [""Compare global-growth assumptions or language across all reports.""], ""rbi_mpr_2025_10_p020_c003"": [""Compare global-growth assumptions or language across all reports.""], ""rbi_mpr_2025_10_p021_c000"": [""Compare global-growth assumptions or language across all reports.""], ""rbi_mpr_2025_10_p021_c001"": [""Compare global-growth assumptions or language across all reports.""], ""rbi_mpr_2025_10_p021_c004"": [""Compare global-growth assumptions or language across all reports.""], ""rbi_mpr_2025_10_p021_c005"": [""Compare global-growth assumptions or language across all reports.""], ""rbi_mpr_2025_10_p022_c001"": [""Compare global-growth assumptions or language across all reports.""], ""rbi_mpr_2025_10_p022_c002"": [""Compare global-growth assumptions or language across all reports.""], ""rbi_mpr_2025_10_p027_c001"": [""Compare global-growth assumptions or language across all reports.""], ""rbi_mpr_2025_10_p027_c002"": [""Compare global-growth assumptions or language across all reports.""], ""rbi_mpr_2025_10_p028_c000"": [""Compare global-growth assumptions or language across all reports.""], ""rbi_mpr_2025_10_p033_c001"": [""Compare global-growth assumptions or language across all reports.""], ""rbi_mpr_2025_10_p034_c003"": [""Compare global-growth assumptions or language across all reports.""], ""rbi_mpr_2025_10_p034_c004"": [""Compare global-growth assumptions or language across all reports.""], ""rbi_mpr_2025_10_p034_c005"": [""Compare global-growth assumptions or language across all reports.""], ""rbi_mpr_2025_10_p035_c000"": [""Compare global-growth assumptions or language across all reports.""], ""rbi_mpr_2025_10_p035_c002"": [""Compare global-growth assumptions or language across all reports.""], ""rbi_mpr_2025_10_p037_c002"": [""Compare global-growth assumptions or language across all reports.""], ""rbi_mpr_2025_10_p038_c004"": [""Compare global-growth assumptions or language across all reports.""], ""rbi_mpr_2025_10_p041_c004"": [""Compare global-growth assumptions or language across all reports.""], ""rbi_mpr_2025_10_p042_c002"": [""Compare global-growth assumptions or language across all reports.""], ""rbi_mpr_2025_10_p042_c003"": [""Compare global-growth assumptions or language across all reports.""], ""rbi_mpr_2025_10_p042_c004"": [""Compare global-growth assumptions or language across all reports.""], ""rbi_mpr_2025_10_p043_c002"": [""Compare global-growth assumptions or language across all reports.""], ""rbi_mpr_2025_10_p043_c003"": [""Compare global-growth assumptions or language across all reports.""], ""rbi_mpr_2025_10_p046_c002"": [""Compare global-growth assumptions or language across all reports.""], ""rbi_mpr_2025_10_p047_c000"": [""Compare global-growth assumptions or language across all reports.""], ""rbi_mpr_2025_10_p047_c002"": [""Compare global-growth assumptions or language across all reports.""], ""rbi_mpr_2025_10_p048_c000"": [""Compare global-growth assumptions or language across all reports.""], ""rbi_mpr_2025_10_p049_c001"": [""Compare global-growth assumptions or language across all reports.""], ""rbi_mpr_2025_10_p049_c003"": [""Compare global-growth assumptions or language across all reports.""], ""rbi_mpr_2025_10_p053_c001"": [""Compare global-growth assumptions or language across all reports.""], ""rbi_mpr_2025_10_p055_c001"": [""Compare global-growth assumptions or language across all reports.""], ""rbi_mpr_2025_10_p055_c002"": [""Compare global-growth assumptions or language across all reports.""], ""rbi_mpr_2025_10_p055_c003"": [""Compare global-growth assumptions or language across all reports.""], ""rbi_mpr_2025_10_p055_c004"": [""Compare global-growth assumptions or language across all reports.""], ""rbi_mpr_2025_10_p056_c002"": [""Compare global-growth assumptions or language across all reports.""], ""rbi_mpr_2025_10_p057_c000"": [""Compare global-growth assumptions or language across all reports.""], ""rbi_mpr_2025_10_p058_c002"": [""Compare global-growth assumptions or language across all reports.""], ""rbi_mpr_2025_10_p059_c000"": [""Compare global-growth assumptions or language across all reports.""], ""rbi_mpr_2025_10_p061_c000"": [""Compare global-growth assumptions or language across all reports.""], ""rbi_mpr_2025_10_p061_c004"": [""Compare global-growth assumptions or language across all reports.""], ""rbi_mpr_2025_10_p062_c001"": [""Compare global-growth assumptions or language across all reports.""], ""rbi_mpr_2025_10_p065_c004"": [""Compare global-growth assumptions or language across all reports.""], ""rbi_mpr_2025_10_p076_c000"": [""Compare global-growth assumptions or language across all reports.""], ""rbi_mpr_2025_10_p076_c001"": [""Compare global-growth assumptions or language across all reports.""], ""rbi_mpr_2025_10_p083_c000"": [""Compare global-growth assumptions or language across all reports.""], ""rbi_mpr_2025_10_p083_c001"": [""Compare global-growth assumptions or language across all reports.""], ""rbi_mpr_2025_10_p084_c002"": [""Compare global-growth assumptions or language across all reports.""], ""rbi_mpr_2025_10_p084_c003"": [""Compare global-growth assumptions or language across all reports.""], ""rbi_mpr_2025_10_p085_c001"": [""Compare global-growth assumptions or language across all reports.""], ""rbi_mpr_2025_10_p085_c003"": [""Compare global-growth assumptions or language across all reports.""], ""rbi_mpr_2025_10_p086_c002"": [""Compare global-growth assumptions or language across all reports.""], ""rbi_mpr_2025_10_p086_c003"": [""Compare global-growth assumptions or language across all reports.""], ""rbi_mpr_2025_10_p087_c003"": [""Compare global-growth assumptions or language across all reports.""], ""rbi_mpr_2025_10_p088_c003"": [""Compare global-growth assumptions or language across all reports.""], ""rbi_mpr_2025_10_p091_c000"": [""Compare global-growth assumptions or language across all reports.""], ""rbi_mpr_2025_10_p095_c000"": [""Compare global-growth assumptions or language across all reports.""], ""rbi_mpr_2025_10_p095_c003"": [""Compare global-growth assumptions or language across all reports.""], ""rbi_mpr_2025_10_p096_c002"": [""Compare global-growth assumptions or language across all reports.""], ""rbi_mpr_2025_10_p096_c004"": [""Compare global-growth assumptions or language across all reports.""], ""rbi_mpr_2025_10_p097_c000"": [""Compare global-growth assumptions or language across all reports.""], ""rbi_mpr_2025_10_p097_c002"": [""Compare global-growth assumptions or language across all reports.""], ""rbi_mpr_2025_10_p097_c003"": [""Compare global-growth assumptions or language across all reports.""], ""rbi_mpr_2025_10_p097_c004"": [""Compare global-growth assumptions or language across all reports.""], ""rbi_mpr_2025_10_p098_c000"": [""Compare global-growth assumptions or language across all reports.""], ""rbi_mpr_2025_10_p102_c003"": [""Compare global-growth assumptions or language across all reports.""], ""rbi_mpr_2026_04_p013_c000"": [""Compare global-growth assumptions or language across all reports.""], ""rbi_mpr_2026_04_p013_c001"": [""Compare global-growth assumptions or language across all reports.""], ""rbi_mpr_2026_04_p013_c003"": [""Compare global-growth assumptions or language across all reports.""], ""rbi_mpr_2026_04_p013_c004"": [""Compare global-growth assumptions or language across all reports.""], ""rbi_mpr_2026_04_p015_c001"": [""Compare global-growth assumptions or language across all reports.""], ""rbi_mpr_2026_04_p015_c002"": [""Compare global-growth assumptions or language across all reports.""], ""rbi_mpr_2026_04_p015_c003"": [""Compare global-growth assumptions or language across all reports.""], ""rbi_mpr_2026_04_p017_c001"": [""Compare global-growth assumptions or language across all reports.""], ""rbi_mpr_2026_04_p017_c002"": [""Compare global-growth assumptions or language across all reports.""], ""rbi_mpr_2026_04_p018_c001"": [""Compare global-growth assumptions or language across all reports.""], ""rbi_mpr_2026_04_p021_c003"": [""Compare global-growth assumptions or language across all reports.""], ""rbi_mpr_2026_04_p023_c000"": [""Compare global-growth assumptions or language across all reports.""], ""rbi_mpr_2026_04_p035_c003"": [""Compare global-growth assumptions or language across all reports.""], ""rbi_mpr_2026_04_p038_c002"": [""Compare global-growth assumptions or language across all reports.""], ""rbi_mpr_2026_04_p042_c001"": [""Compare global-growth assumptions or language across all reports.""], ""rbi_mpr_2026_04_p043_c000"": [""Compare global-growth assumptions or language across all reports.""], ""rbi_mpr_2026_04_p044_c000"": [""Compare global-growth assumptions or language across all reports.""], ""rbi_mpr_2026_04_p044_c001"": [""Compare global-growth assumptions or language across all reports.""], ""rbi_mpr_2026_04_p044_c002"": [""Compare global-growth assumptions or language across all reports.""], ""rbi_mpr_2026_04_p047_c004"": [""Compare global-growth assumptions or language across all reports.""], ""rbi_mpr_2026_04_p049_c001"": [""Compare global-growth assumptions or language across all reports.""], ""rbi_mpr_2026_04_p050_c000"": [""Compare global-growth assumptions or language across all reports.""], ""rbi_mpr_2026_04_p050_c001"": [""Compare global-growth assumptions or language across all reports.""], ""rbi_mpr_2026_04_p055_c003"": [""Compare global-growth assumptions or language across all reports.""], ""rbi_mpr_2026_04_p056_c000"": [""Compare global-growth assumptions or language across all reports.""], ""rbi_mpr_2026_04_p056_c001"": [""Compare global-growth assumptions or language across all reports.""], ""rbi_mpr_2026_04_p056_c002"": [""Compare global-growth assumptions or language across all reports.""], ""rbi_mpr_2026_04_p056_c003"": [""Compare global-growth assumptions or language across all reports.""], ""rbi_mpr_2026_04_p057_c001"": [""Compare global-growth assumptions or language across all reports.""], ""rbi_mpr_2026_04_p057_c004"": [""Compare global-growth assumptions or language across all reports.""], ""rbi_mpr_2026_04_p058_c000"": [""Compare global-growth assumptions or language across all reports.""], ""rbi_mpr_2026_04_p058_c001"": [""Compare global-growth assumptions or language across all reports.""], ""rbi_mpr_2026_04_p058_c002"": [""Compare global-growth assumptions or language across all reports.""], ""rbi_mpr_2026_04_p059_c000"": [""Compare global-growth assumptions or language across all reports.""], ""rbi_mpr_2026_04_p059_c003"": [""Compare global-growth assumptions or language across all reports.""], ""rbi_mpr_2026_04_p061_c000"": [""Compare global-growth assumptions or language across all reports.""], ""rbi_mpr_2026_04_p062_c003"": [""Compare global-growth assumptions or language across all reports.""], ""rbi_mpr_2026_04_p066_c003"": [""Compare global-growth assumptions or language across all reports.""], ""rbi_mpr_2026_04_p067_c001"": [""Compare global-growth assumptions or language across all reports.""], ""rbi_mpr_2026_04_p067_c002"": [""Compare global-growth assumptions or language across all reports.""], ""rbi_mpr_2026_04_p069_c001"": [""Compare global-growth assumptions or language across all reports.""], ""rbi_mpr_2026_04_p069_c003"": [""Compare global-growth assumptions or language across all reports.""], ""rbi_mpr_2026_04_p070_c000"": [""Compare global-growth assumptions or language across all reports.""], ""rbi_mpr_2026_04_p071_c000"": [""Compare global-growth assumptions or language across all reports.""], ""rbi_mpr_2026_04_p071_c001"": [""Compare global-growth assumptions or language across all reports.""], ""rbi_mpr_2026_04_p073_c000"": [""Compare global-growth assumptions or language across all reports.""], ""rbi_mpr_2026_04_p073_c001"": [""Compare global-growth assumptions or language across all reports.""], ""rbi_mpr_2026_04_p073_c002"": [""Compare global-growth assumptions or language across all reports.""], ""rbi_mpr_2026_04_p075_c000"": [""Compare global-growth assumptions or language across all reports.""], ""rbi_mpr_2026_04_p076_c001"": [""Compare global-growth assumptions or language across all reports.""], ""rbi_mpr_2026_04_p076_c002"": [""Compare global-growth assumptions or language across all reports.""], ""rbi_mpr_2026_04_p076_c003"": [""Compare global-growth assumptions or language across all reports.""], ""rbi_mpr_2026_04_p077_c000"": [""Compare global-growth assumptions or language across all reports.""], ""rbi_mpr_2026_04_p077_c001"": [""Compare global-growth assumptions or language across all reports.""], ""rbi_mpr_2026_04_p077_c003"": [""Compare global-growth assumptions or language across all reports.""], ""rbi_mpr_2026_04_p081_c001"": [""Compare global-growth assumptions or language across all reports.""], ""rbi_mpr_2026_04_p081_c002"": [""Compare global-growth assumptions or language across all reports.""], ""rbi_mpr_2026_04_p081_c004"": [""Compare global-growth assumptions or language across all reports.""], ""rbi_mpr_2026_04_p081_c005"": [""Compare global-growth assumptions or language across all reports.""], ""rbi_mpr_2026_04_p082_c001"": [""Compare global-growth assumptions or language across all reports.""], ""rbi_mpr_2026_04_p083_c000"": [""Compare global-growth assumptions or language across all reports.""], ""rbi_mpr_2026_04_p083_c003"": [""Compare global-growth assumptions or language across all reports.""], ""rbi_mpr_2026_04_p083_c004"": [""Compare global-growth assumptions or language across all reports.""], ""rbi_mpr_2026_04_p083_c007"": [""Compare global-growth assumptions or language across all reports.""], ""rbi_mpr_2026_04_p087_c000"": [""Compare global-growth assumptions or language across all reports.""], ""rbi_mpr_2026_04_p096_c001"": [""Compare global-growth assumptions or language across all reports.""], ""rbi_mpr_2026_04_p096_c002"": [""Compare global-growth assumptions or language across all reports.""], ""rbi_mpr_2026_04_p096_c003"": [""Compare global-growth assumptions or language across all reports.""], ""rbi_mpr_2026_04_p096_c004"": [""Compare global-growth assumptions or language across all reports.""], ""rbi_mpr_2026_04_p099_c003"": [""Compare global-growth assumptions or language across all reports.""], ""rbi_mpr_2026_04_p100_c002"": [""Compare global-growth assumptions or language across all reports.""], ""rbi_mpr_2026_04_p101_c001"": [""Compare global-growth assumptions or language across all reports.""], ""rbi_mpr_2026_04_p102_c003"": [""Compare global-growth assumptions or language across all reports.""], ""rbi_mpr_2026_04_p102_c004"": [""Compare global-growth assumptions or language across all reports.""], ""rbi_mpr_2026_04_p103_c003"": [""Compare global-growth assumptions or language across all reports.""], ""rbi_mpr_2026_04_p105_c001"": [""Compare global-growth assumptions or language across all reports.""], ""rbi_mpr_2026_04_p107_c000"": [""Compare global-growth assumptions or language across all reports.""], ""rbi_mpr_2026_04_p107_c004"": [""Compare global-growth assumptions or language across all reports.""], ""rbi_mpr_2026_04_p108_c002"": [""Compare global-growth assumptions or language across all reports.""], ""rbi_mpr_2026_04_p109_c001"": [""Compare global-growth assumptions or language across all reports.""], ""rbi_mpr_2026_04_p109_c003"": [""Compare global-growth assumptions or language across all reports.""], ""rbi_mpr_2026_04_p110_c001"": [""Compare global-growth assumptions or language across all reports.""], ""rbi_mpr_2026_04_p111_c000"": [""Compare global-growth assumptions or language across all reports.""], ""rbi_mpr_2026_04_p111_c001"": [""Compare global-growth assumptions or language across all reports.""], ""rbi_mpr_2026_04_p111_c002"": [""Compare global-growth assumptions or language across all reports.""], ""rbi_mpr_2026_04_p111_c003"": [""Compare global-growth assumptions or language across all reports.""], ""rbi_mpr_2026_04_p112_c000"": [""Compare global-growth assumptions or language across all reports.""], ""rbi_mpr_2026_04_p112_c001"": [""Compare global-growth assumptions or language across all reports.""], ""rbi_mpr_2026_04_p112_c003"": [""Compare global-growth assumptions or language across all reports.""], ""rbi_mpr_2026_04_p112_c004"": [""Compare global-growth assumptions or language across all reports.""], ""rbi_mpr_2026_04_p113_c002"": [""Compare global-growth assumptions or language across all reports.""], ""rbi_mpr_2026_04_p114_c000"": [""Compare global-growth assumptions or language across all reports.""]}, ""candidate_source_retriever"": {""rbi_mpr_2025_04_p005_c001"": [""bm25""], ""rbi_mpr_2025_04_p011_c004"": [""dense""], ""rbi_mpr_2025_04_p012_c004"": [""dense""], ""rbi_mpr_2025_04_p013_c000"": [""dense""], ""rbi_mpr_2025_04_p016_c003"": [""bm25""], ""rbi_mpr_2025_04_p018_c000"": [""bm25""], ""rbi_mpr_2025_04_p018_c003"": [""dense""], ""rbi_mpr_2025_04_p019_c000"": [""dense""], ""rbi_mpr_2025_04_p019_c001"": [""bm25""], ""rbi_mpr_2025_04_p019_c002"": [""dense""], ""rbi_mpr_2025_04_p019_c003"": [""bm25""], ""rbi_mpr_2025_04_p019_c004"": [""bm25""], ""rbi_mpr_2025_04_p020_c000"": [""bm25"", ""dense""], ""rbi_mpr_2025_04_p020_c002"": [""dense""], ""rbi_mpr_2025_04_p020_c003"": [""dense""], ""rbi_mpr_2025_04_p021_c000"": [""bm25"", ""dense""], ""rbi_mpr_2025_04_p021_c001"": [""bm25"", ""dense""], ""rbi_mpr_2025_04_p021_c002"": [""dense""], ""rbi_mpr_2025_04_p021_c003"": [""bm25"", ""dense""], ""rbi_mpr_2025_04_p021_c004"": [""bm25""], ""rbi_mpr_2025_04_p023_c003"": [""dense""], ""rbi_mpr_2025_04_p027_c000"": [""bm25""], ""rbi_mpr_2025_04_p027_c001"": [""bm25""], ""rbi_mpr_2025_04_p027_c002"": [""bm25""], ""rbi_mpr_2025_04_p028_c000"": [""bm25""], ""rbi_mpr_2025_04_p028_c001"": [""bm25""], ""rbi_mpr_2025_04_p028_c002"": [""bm25""], ""rbi_mpr_2025_04_p028_c003"": [""bm25""], ""rbi_mpr_2025_04_p029_c002"": [""bm25""], ""rbi_mpr_2025_04_p029_c003"": [""bm25""], ""rbi_mpr_2025_04_p029_c004"": [""bm25""], ""rbi_mpr_2025_04_p037_c000"": [""bm25""], ""rbi_mpr_2025_04_p038_c000"": [""bm25""], ""rbi_mpr_2025_04_p039_c002"": [""bm25""], ""rbi_mpr_2025_04_p040_c000"": [""bm25""], ""rbi_mpr_2025_04_p041_c000"": [""bm25""], ""rbi_mpr_2025_04_p041_c001"": [""bm25""], ""rbi_mpr_2025_04_p044_c003"": [""dense""], ""rbi_mpr_2025_04_p047_c002"": [""dense""], ""rbi_mpr_2025_04_p047_c003"": [""dense""], ""rbi_mpr_2025_04_p047_c004"": [""bm25"", ""dense""], ""rbi_mpr_2025_04_p048_c001"": [""dense""], ""rbi_mpr_2025_04_p048_c002"": [""dense""], ""rbi_mpr_2025_04_p048_c003"": [""dense""], ""rbi_mpr_2025_04_p052_c000"": [""dense""], ""rbi_mpr_2025_04_p052_c002"": [""dense""], ""rbi_mpr_2025_04_p053_c002"": [""dense""], ""rbi_mpr_2025_04_p056_c002"": [""bm25""], ""rbi_mpr_2025_04_p057_c002"": [""bm25""], ""rbi_mpr_2025_04_p057_c003"": [""bm25""], ""rbi_mpr_2025_04_p057_c004"": [""dense""], ""rbi_mpr_2025_04_p058_c000"": [""dense""], ""rbi_mpr_2025_04_p058_c001"": [""dense""], ""rbi_mpr_2025_04_p058_c003"": [""bm25""], ""rbi_mpr_2025_04_p059_c004"": [""dense""], ""rbi_mpr_2025_04_p060_c001"": [""dense""], ""rbi_mpr_2025_04_p063_c003"": [""dense""], ""rbi_mpr_2025_04_p064_c002"": [""dense""], ""rbi_mpr_2025_04_p065_c002"": [""dense""], ""rbi_mpr_2025_04_p066_c001"": [""dense""], ""rbi_mpr_2025_04_p066_c002"": [""dense""], ""rbi_mpr_2025_04_p066_c003"": [""dense""], ""rbi_mpr_2025_04_p067_c000"": [""dense""], ""rbi_mpr_2025_04_p067_c001"": [""bm25""], ""rbi_mpr_2025_04_p067_c002"": [""bm25""], ""rbi_mpr_2025_04_p069_c003"": [""bm25""], ""rbi_mpr_2025_04_p070_c002"": [""bm25""], ""rbi_mpr_2025_04_p073_c003"": [""bm25""], ""rbi_mpr_2025_04_p074_c000"": [""bm25""], ""rbi_mpr_2025_04_p085_c000"": [""bm25""], ""rbi_mpr_2025_04_p085_c001"": [""bm25""], ""rbi_mpr_2025_04_p088_c000"": [""bm25""], ""rbi_mpr_2025_04_p088_c002"": [""bm25""], ""rbi_mpr_2025_04_p091_c000"": [""bm25"", ""dense""], ""rbi_mpr_2025_04_p092_c002"": [""dense""], ""rbi_mpr_2025_04_p092_c003"": [""bm25""], ""rbi_mpr_2025_04_p098_c003"": [""bm25""], ""rbi_mpr_2025_04_p099_c002"": [""dense""], ""rbi_mpr_2025_04_p099_c003"": [""dense""], ""rbi_mpr_2025_04_p100_c002"": [""dense""], ""rbi_mpr_2025_04_p100_c003"": [""dense""], ""rbi_mpr_2025_04_p101_c002"": [""dense""], ""rbi_mpr_2025_04_p101_c003"": [""dense""], ""rbi_mpr_2025_04_p101_c004"": [""dense""], ""rbi_mpr_2025_04_p101_c005"": [""dense""], ""rbi_mpr_2025_04_p102_c000"": [""dense""], ""rbi_mpr_2025_04_p103_c000"": [""dense""], ""rbi_mpr_2025_04_p103_c003"": [""dense""], ""rbi_mpr_2025_04_p109_c003"": [""bm25""], ""rbi_mpr_2025_04_p110_c000"": [""bm25""], ""rbi_mpr_2025_04_p110_c001"": [""bm25""], ""rbi_mpr_2025_04_p110_c003"": [""bm25"", ""dense""], ""rbi_mpr_2025_04_p114_c000"": [""bm25""], ""rbi_mpr_2025_10_p008_c000"": [""dense""], ""rbi_mpr_2025_10_p008_c001"": [""dense""], ""rbi_mpr_2025_10_p009_c005"": [""bm25"", ""dense""], ""rbi_mpr_2025_10_p010_c002"": [""bm25""], ""rbi_mpr_2025_10_p011_c003"": [""bm25""], ""rbi_mpr_2025_10_p011_c004"": [""bm25""], ""rbi_mpr_2025_10_p013_c003"": [""dense""], ""rbi_mpr_2025_10_p013_c005"": [""dense""], ""rbi_mpr_2025_10_p014_c003"": [""bm25""], ""rbi_mpr_2025_10_p016_c000"": [""dense""], ""rbi_mpr_2025_10_p016_c001"": [""dense""], ""rbi_mpr_2025_10_p016_c002"": [""bm25""], ""rbi_mpr_2025_10_p016_c003"": [""bm25""], ""rbi_mpr_2025_10_p017_c000"": [""bm25""], ""rbi_mpr_2025_10_p017_c003"": [""bm25""], ""rbi_mpr_2025_10_p017_c004"": [""bm25""], ""rbi_mpr_2025_10_p017_c005"": [""dense""], ""rbi_mpr_2025_10_p019_c001"": [""dense""], ""rbi_mpr_2025_10_p019_c002"": [""bm25"", ""dense""], ""rbi_mpr_2025_10_p019_c003"": [""bm25""], ""rbi_mpr_2025_10_p020_c000"": [""bm25"", ""dense""], ""rbi_mpr_2025_10_p020_c001"": [""bm25"", ""dense""], ""rbi_mpr_2025_10_p020_c002"": [""dense""], ""rbi_mpr_2025_10_p020_c003"": [""dense""], ""rbi_mpr_2025_10_p021_c000"": [""bm25""], ""rbi_mpr_2025_10_p021_c001"": [""bm25""], ""rbi_mpr_2025_10_p021_c004"": [""bm25"", ""dense""], ""rbi_mpr_2025_10_p021_c005"": [""bm25""], ""rbi_mpr_2025_10_p022_c001"": [""dense""], ""rbi_mpr_2025_10_p022_c002"": [""dense""], ""rbi_mpr_2025_10_p027_c001"": [""bm25""], ""rbi_mpr_2025_10_p027_c002"": [""bm25""], ""rbi_mpr_2025_10_p028_c000"": [""bm25""], ""rbi_mpr_2025_10_p033_c001"": [""bm25""], ""rbi_mpr_2025_10_p034_c003"": [""bm25""], ""rbi_mpr_2025_10_p034_c004"": [""bm25""], ""rbi_mpr_2025_10_p034_c005"": [""bm25""], ""rbi_mpr_2025_10_p035_c000"": [""bm25""], ""rbi_mpr_2025_10_p035_c002"": [""bm25""], ""rbi_mpr_2025_10_p037_c002"": [""bm25""], ""rbi_mpr_2025_10_p038_c004"": [""dense""], ""rbi_mpr_2025_10_p041_c004"": [""bm25""], ""rbi_mpr_2025_10_p042_c002"": [""bm25"", ""dense""], ""rbi_mpr_2025_10_p042_c003"": [""dense""], ""rbi_mpr_2025_10_p042_c004"": [""bm25"", ""dense""], ""rbi_mpr_2025_10_p043_c002"": [""dense""], ""rbi_mpr_2025_10_p043_c003"": [""dense""], ""rbi_mpr_2025_10_p046_c002"": [""dense""], ""rbi_mpr_2025_10_p047_c000"": [""dense""], ""rbi_mpr_2025_10_p047_c002"": [""bm25""], ""rbi_mpr_2025_10_p048_c000"": [""dense""], ""rbi_mpr_2025_10_p049_c001"": [""dense""], ""rbi_mpr_2025_10_p049_c003"": [""dense""], ""rbi_mpr_2025_10_p053_c001"": [""bm25"", ""dense""], ""rbi_mpr_2025_10_p055_c001"": [""bm25""], ""rbi_mpr_2025_10_p055_c002"": [""bm25""], ""rbi_mpr_2025_10_p055_c003"": [""bm25""], ""rbi_mpr_2025_10_p055_c004"": [""bm25""], ""rbi_mpr_2025_10_p056_c002"": [""dense""], ""rbi_mpr_2025_10_p057_c000"": [""bm25""], ""rbi_mpr_2025_10_p058_c002"": [""dense""], ""rbi_mpr_2025_10_p059_c000"": [""bm25""], ""rbi_mpr_2025_10_p061_c000"": [""dense""], ""rbi_mpr_2025_10_p061_c004"": [""dense""], ""rbi_mpr_2025_10_p062_c001"": [""dense""], ""rbi_mpr_2025_10_p065_c004"": [""bm25""], ""rbi_mpr_2025_10_p076_c000"": [""bm25""], ""rbi_mpr_2025_10_p076_c001"": [""bm25""], ""rbi_mpr_2025_10_p083_c000"": [""bm25"", ""dense""], ""rbi_mpr_2025_10_p083_c001"": [""bm25""], ""rbi_mpr_2025_10_p084_c002"": [""bm25"", ""dense""], ""rbi_mpr_2025_10_p084_c003"": [""bm25""], ""rbi_mpr_2025_10_p085_c001"": [""dense""], ""rbi_mpr_2025_10_p085_c003"": [""dense""], ""rbi_mpr_2025_10_p086_c002"": [""bm25"", ""dense""], ""rbi_mpr_2025_10_p086_c003"": [""dense""], ""rbi_mpr_2025_10_p087_c003"": [""dense""], ""rbi_mpr_2025_10_p088_c003"": [""bm25""], ""rbi_mpr_2025_10_p091_c000"": [""bm25""], ""rbi_mpr_2025_10_p095_c000"": [""dense""], ""rbi_mpr_2025_10_p095_c003"": [""dense""], ""rbi_mpr_2025_10_p096_c002"": [""dense""], ""rbi_mpr_2025_10_p096_c004"": [""dense""], ""rbi_mpr_2025_10_p097_c000"": [""dense""], ""rbi_mpr_2025_10_p097_c002"": [""dense""], ""rbi_mpr_2025_10_p097_c003"": [""dense""], ""rbi_mpr_2025_10_p097_c004"": [""dense""], ""rbi_mpr_2025_10_p098_c000"": [""dense""], ""rbi_mpr_2025_10_p102_c003"": [""bm25""], ""rbi_mpr_2026_04_p013_c000"": [""dense""], ""rbi_mpr_2026_04_p013_c001"": [""dense""], ""rbi_mpr_2026_04_p013_c003"": [""dense""], ""rbi_mpr_2026_04_p013_c004"": [""dense""], ""rbi_mpr_2026_04_p015_c001"": [""dense""], ""rbi_mpr_2026_04_p015_c002"": [""dense""], ""rbi_mpr_2026_04_p015_c003"": [""dense""], ""rbi_mpr_2026_04_p017_c001"": [""bm25""], ""rbi_mpr_2026_04_p017_c002"": [""bm25""], ""rbi_mpr_2026_04_p018_c001"": [""bm25""], ""rbi_mpr_2026_04_p021_c003"": [""dense""], ""rbi_mpr_2026_04_p023_c000"": [""bm25""], ""rbi_mpr_2026_04_p035_c003"": [""bm25""], ""rbi_mpr_2026_04_p038_c002"": [""bm25""], ""rbi_mpr_2026_04_p042_c001"": [""bm25""], ""rbi_mpr_2026_04_p043_c000"": [""bm25""], ""rbi_mpr_2026_04_p044_c000"": [""bm25""], ""rbi_mpr_2026_04_p044_c001"": [""dense""], ""rbi_mpr_2026_04_p044_c002"": [""dense""], ""rbi_mpr_2026_04_p047_c004"": [""bm25""], ""rbi_mpr_2026_04_p049_c001"": [""bm25""], ""rbi_mpr_2026_04_p050_c000"": [""bm25""], ""rbi_mpr_2026_04_p050_c001"": [""bm25""], ""rbi_mpr_2026_04_p055_c003"": [""dense""], ""rbi_mpr_2026_04_p056_c000"": [""dense""], ""rbi_mpr_2026_04_p056_c001"": [""dense""], ""rbi_mpr_2026_04_p056_c002"": [""bm25"", ""dense""], ""rbi_mpr_2026_04_p056_c003"": [""dense""], ""rbi_mpr_2026_04_p057_c001"": [""dense""], ""rbi_mpr_2026_04_p057_c004"": [""dense""], ""rbi_mpr_2026_04_p058_c000"": [""dense""], ""rbi_mpr_2026_04_p058_c001"": [""dense""], ""rbi_mpr_2026_04_p058_c002"": [""dense""], ""rbi_mpr_2026_04_p059_c000"": [""dense""], ""rbi_mpr_2026_04_p059_c003"": [""dense""], ""rbi_mpr_2026_04_p061_c000"": [""dense""], ""rbi_mpr_2026_04_p062_c003"": [""dense""], ""rbi_mpr_2026_04_p066_c003"": [""dense""], ""rbi_mpr_2026_04_p067_c001"": [""dense""], ""rbi_mpr_2026_04_p067_c002"": [""bm25"", ""dense""], ""rbi_mpr_2026_04_p069_c001"": [""bm25""], ""rbi_mpr_2026_04_p069_c003"": [""bm25""], ""rbi_mpr_2026_04_p070_c000"": [""bm25""], ""rbi_mpr_2026_04_p071_c000"": [""bm25""], ""rbi_mpr_2026_04_p071_c001"": [""bm25""], ""rbi_mpr_2026_04_p073_c000"": [""bm25"", ""dense""], ""rbi_mpr_2026_04_p073_c001"": [""dense""], ""rbi_mpr_2026_04_p073_c002"": [""dense""], ""rbi_mpr_2026_04_p075_c000"": [""dense""], ""rbi_mpr_2026_04_p076_c001"": [""dense""], ""rbi_mpr_2026_04_p076_c002"": [""dense""], ""rbi_mpr_2026_04_p076_c003"": [""dense""], ""rbi_mpr_2026_04_p077_c000"": [""bm25""], ""rbi_mpr_2026_04_p077_c001"": [""dense""], ""rbi_mpr_2026_04_p077_c003"": [""dense""], ""rbi_mpr_2026_04_p081_c001"": [""bm25""], ""rbi_mpr_2026_04_p081_c002"": [""bm25""], ""rbi_mpr_2026_04_p081_c004"": [""bm25""], ""rbi_mpr_2026_04_p081_c005"": [""bm25""], ""rbi_mpr_2026_04_p082_c001"": [""bm25""], ""rbi_mpr_2026_04_p083_c000"": [""bm25""], ""rbi_mpr_2026_04_p083_c003"": [""bm25""], ""rbi_mpr_2026_04_p083_c004"": [""bm25""], ""rbi_mpr_2026_04_p083_c007"": [""bm25""], ""rbi_mpr_2026_04_p087_c000"": [""bm25""], ""rbi_mpr_2026_04_p096_c001"": [""dense""], ""rbi_mpr_2026_04_p096_c002"": [""dense""], ""rbi_mpr_2026_04_p096_c003"": [""bm25""], ""rbi_mpr_2026_04_p096_c004"": [""bm25""], ""rbi_mpr_2026_04_p099_c003"": [""bm25""], ""rbi_mpr_2026_04_p100_c002"": [""bm25""], ""rbi_mpr_2026_04_p101_c001"": [""dense""], ""rbi_mpr_2026_04_p102_c003"": [""bm25""], ""rbi_mpr_2026_04_p102_c004"": [""bm25"", ""dense""], ""rbi_mpr_2026_04_p103_c003"": [""bm25""], ""rbi_mpr_2026_04_p105_c001"": [""bm25""], ""rbi_mpr_2026_04_p107_c000"": [""dense""], ""rbi_mpr_2026_04_p107_c004"": [""bm25""], ""rbi_mpr_2026_04_p108_c002"": [""bm25""], ""rbi_mpr_2026_04_p109_c001"": [""bm25""], ""rbi_mpr_2026_04_p109_c003"": [""dense""], ""rbi_mpr_2026_04_p110_c001"": [""dense""], ""rbi_mpr_2026_04_p111_c000"": [""dense""], ""rbi_mpr_2026_04_p111_c001"": [""bm25"", ""dense""], ""rbi_mpr_2026_04_p111_c002"": [""dense""], ""rbi_mpr_2026_04_p111_c003"": [""dense""], ""rbi_mpr_2026_04_p112_c000"": [""bm25"", ""dense""], ""rbi_mpr_2026_04_p112_c001"": [""bm25"", ""dense""], ""rbi_mpr_2026_04_p112_c003"": [""bm25"", ""dense""], ""rbi_mpr_2026_04_p112_c004"": [""bm25""], ""rbi_mpr_2026_04_p113_c002"": [""bm25""], ""rbi_mpr_2026_04_p114_c000"": [""bm25""]}, ""candidate_union_ids"": [""rbi_mpr_2025_04_p047_c004"", ""rbi_mpr_2025_04_p021_c003"", ""rbi_mpr_2025_04_p048_c003"", ""rbi_mpr_2025_04_p066_c002"", ""rbi_mpr_2025_04_p101_c003"", ""rbi_mpr_2025_04_p020_c003"", ""rbi_mpr_2025_04_p065_c002"", ""rbi_mpr_2025_04_p099_c002"", ""rbi_mpr_2025_04_p013_c000"", ""rbi_mpr_2025_04_p100_c003"", ""rbi_mpr_2025_04_p064_c002"", ""rbi_mpr_2025_04_p053_c002"", ""rbi_mpr_2025_04_p101_c002"", ""rbi_mpr_2025_04_p023_c003"", ""rbi_mpr_2025_04_p101_c005"", ""rbi_mpr_2025_04_p021_c000"", ""rbi_mpr_2025_04_p102_c000"", ""rbi_mpr_2025_04_p060_c001"", ""rbi_mpr_2025_04_p019_c000"", ""rbi_mpr_2025_04_p052_c002"", ""rbi_mpr_2025_04_p047_c003"", ""rbi_mpr_2025_04_p048_c002"", ""rbi_mpr_2025_04_p020_c002"", ""rbi_mpr_2025_04_p091_c000"", ""rbi_mpr_2025_04_p099_c003"", ""rbi_mpr_2025_04_p100_c002"", ""rbi_mpr_2025_04_p058_c000"", ""rbi_mpr_2025_04_p092_c002"", ""rbi_mpr_2025_04_p047_c002"", ""rbi_mpr_2025_04_p063_c003"", ""rbi_mpr_2025_04_p021_c001"", ""rbi_mpr_2025_04_p058_c001"", ""rbi_mpr_2025_04_p021_c002"", ""rbi_mpr_2025_04_p044_c003"", ""rbi_mpr_2025_04_p011_c004"", ""rbi_mpr_2025_04_p019_c002"", ""rbi_mpr_2025_04_p066_c003"", ""rbi_mpr_2025_04_p057_c004"", ""rbi_mpr_2025_04_p066_c001"", ""rbi_mpr_2025_04_p020_c000"", ""rbi_mpr_2025_04_p018_c003"", ""rbi_mpr_2025_04_p101_c004"", ""rbi_mpr_2025_04_p059_c004"", ""rbi_mpr_2025_04_p110_c003"", ""rbi_mpr_2025_04_p067_c000"", ""rbi_mpr_2025_04_p052_c000"", ""rbi_mpr_2025_04_p103_c000"", ""rbi_mpr_2025_04_p048_c001"", ""rbi_mpr_2025_04_p103_c003"", ""rbi_mpr_2025_04_p012_c004"", ""rbi_mpr_2025_04_p028_c001"", ""rbi_mpr_2025_04_p029_c002"", ""rbi_mpr_2025_04_p028_c000"", ""rbi_mpr_2025_04_p029_c003"", ""rbi_mpr_2025_04_p073_c003"", ""rbi_mpr_2025_04_p028_c002"", ""rbi_mpr_2025_04_p041_c000"", ""rbi_mpr_2025_04_p005_c001"", ""rbi_mpr_2025_04_p019_c004"", ""rbi_mpr_2025_04_p019_c001"", ""rbi_mpr_2025_04_p085_c000"", ""rbi_mpr_2025_04_p021_c004"", ""rbi_mpr_2025_04_p067_c002"", ""rbi_mpr_2025_04_p019_c003"", ""rbi_mpr_2025_04_p074_c000"", ""rbi_mpr_2025_04_p085_c001"", ""rbi_mpr_2025_04_p041_c001"", ""rbi_mpr_2025_04_p088_c000"", ""rbi_mpr_2025_04_p037_c000"", ""rbi_mpr_2025_04_p088_c002"", ""rbi_mpr_2025_04_p067_c001"", ""rbi_mpr_2025_04_p110_c001"", ""rbi_mpr_2025_04_p110_c000"", ""rbi_mpr_2025_04_p027_c000"", ""rbi_mpr_2025_04_p070_c002"", ""rbi_mpr_2025_04_p018_c000"", ""rbi_mpr_2025_04_p092_c003"", ""rbi_mpr_2025_04_p027_c001"", ""rbi_mpr_2025_04_p027_c002"", ""rbi_mpr_2025_04_p038_c000"", ""rbi_mpr_2025_04_p039_c002"", ""rbi_mpr_2025_04_p028_c003"", ""rbi_mpr_2025_04_p098_c003"", ""rbi_mpr_2025_04_p056_c002"", ""rbi_mpr_2025_04_p058_c003"", ""rbi_mpr_2025_04_p029_c004"", ""rbi_mpr_2025_04_p057_c003"", ""rbi_mpr_2025_04_p114_c000"", ""rbi_mpr_2025_04_p109_c003"", ""rbi_mpr_2025_04_p057_c002"", ""rbi_mpr_2025_04_p016_c003"", ""rbi_mpr_2025_04_p069_c003"", ""rbi_mpr_2025_04_p040_c000""], ""candidate_union_pages"": [47, 21, 48, 66, 101, 20, 65, 99, 13, 100, 64, 53, 101, 23, 101, 21, 102, 60, 19, 52, 47, 48, 20, 91, 99, 100, 58, 92, 47, 63, 21, 58, 21, 44, 11, 19, 66, 57, 66, 20, 18, 101, 59, 110, 67, 52, 103, 48, 103, 12, 28, 29, 28, 29, 73, 28, 41, 5, 19, 19, 85, 21, 67, 19, 74, 85, 41, 88, 37, 88, 67, 110, 110, 27, 70, 18, 92, 27, 27, 38, 39, 28, 98, 56, 58, 29, 57, 114, 109, 57, 16, 69, 40], ""dense_candidate_ids"": [""rbi_mpr_2025_04_p047_c004"", ""rbi_mpr_2025_04_p021_c003"", ""rbi_mpr_2025_04_p048_c003"", ""rbi_mpr_2025_04_p066_c002"", ""rbi_mpr_2025_04_p101_c003"", ""rbi_mpr_2025_04_p020_c003"", ""rbi_mpr_2025_04_p065_c002"", ""rbi_mpr_2025_04_p099_c002"", ""rbi_mpr_2025_04_p013_c000"", ""rbi_mpr_2025_04_p100_c003"", ""rbi_mpr_2025_04_p064_c002"", ""rbi_mpr_2025_04_p053_c002"", ""rbi_mpr_2025_04_p101_c002"", ""rbi_mpr_2025_04_p023_c003"", ""rbi_mpr_2025_04_p101_c005"", ""rbi_mpr_2025_04_p021_c000"", ""rbi_mpr_2025_04_p102_c000"", ""rbi_mpr_2025_04_p060_c001"", ""rbi_mpr_2025_04_p019_c000"", ""rbi_mpr_2025_04_p052_c002"", ""rbi_mpr_2025_04_p047_c003"", ""rbi_mpr_2025_04_p048_c002"", ""rbi_mpr_2025_04_p020_c002"", ""rbi_mpr_2025_04_p091_c000"", ""rbi_mpr_2025_04_p099_c003"", ""rbi_mpr_2025_04_p100_c002"", ""rbi_mpr_2025_04_p058_c000"", ""rbi_mpr_2025_04_p092_c002"", ""rbi_mpr_2025_04_p047_c002"", ""rbi_mpr_2025_04_p063_c003"", ""rbi_mpr_2025_04_p021_c001"", ""rbi_mpr_2025_04_p058_c001"", ""rbi_mpr_2025_04_p021_c002"", ""rbi_mpr_2025_04_p044_c003"", ""rbi_mpr_2025_04_p011_c004"", ""rbi_mpr_2025_04_p019_c002"", ""rbi_mpr_2025_04_p066_c003"", ""rbi_mpr_2025_04_p057_c004"", ""rbi_mpr_2025_04_p066_c001"", ""rbi_mpr_2025_04_p020_c000"", ""rbi_mpr_2025_04_p018_c003"", ""rbi_mpr_2025_04_p101_c004"", ""rbi_mpr_2025_04_p059_c004"", ""rbi_mpr_2025_04_p110_c003"", ""rbi_mpr_2025_04_p067_c000"", ""rbi_mpr_2025_04_p052_c000"", ""rbi_mpr_2025_04_p103_c000"", ""rbi_mpr_2025_04_p048_c001"", ""rbi_mpr_2025_04_p103_c003"", ""rbi_mpr_2025_04_p012_c004""], ""dense_candidate_pages"": [47, 21, 48, 66, 101, 20, 65, 99, 13, 100, 64, 53, 101, 23, 101, 21, 102, 60, 19, 52, 47, 48, 20, 91, 99, 100, 58, 92, 47, 63, 21, 58, 21, 44, 11, 19, 66, 57, 66, 20, 18, 101, 59, 110, 67, 52, 103, 48, 103, 12], ""dense_candidate_scores"": [0.26087594387366675, 0.25476026756734205, 0.2486196403266988, 0.17802661935034703, 0.17602987025529493, 0.16604654624851944, 0.15821051987967705, 0.15656662420035816, 0.15513506434383706, 0.15217247806830936, 0.15040163608127555, 0.14850401637392108, 0.14762103989761788, 0.14619167167721947, 0.1431919961750021, 0.14190322984123593, 0.1374343994936259, 0.133357366249773, 0.12444389784559806, 0.12435640098808953, 0.12324414565588704, 0.12309637880500779, 0.1230297867843606, 0.12236993572407406, 0.11976930658355778, 0.11957155357034466, 0.11841538122199391, 0.1182963585217991, 0.11716538998885773, 0.11631208489390621, 0.11603433716221945, 0.11429679118550928, 0.10933180813722898, 0.10841899169218006, 0.10827628246312215, 0.10712794942859427, 0.10681353393870308, 0.10639214974729116, 0.10488910883569558, 0.10316631425596434, 0.10274644735109884, 0.0980276018981221, 0.09785884591668448, 0.09642914052149787, 0.09508684769012299, 0.09342954931297753, 0.08969280972400173, 0.08918671036708292, 0.08702112099689618, 0.08393167270735058], ""dense_first_evidence_rank"": null, ""evidence_rank_after_reranking"": null, ""evidence_rank_before_reranking"": null, ""expected_evidence"": [""3.1 per cent in 2025 3.0 per cent in 2026""], ""loss_stage"": ""not_in_candidate_union"", ""report_id"": ""rbi_mpr_2025_04"", ""reranker_input_ids"": [""rbi_mpr_2025_04_p021_c003"", ""rbi_mpr_2025_04_p021_c000"", ""rbi_mpr_2025_04_p047_c004"", ""rbi_mpr_2025_04_p021_c001"", ""rbi_mpr_2025_04_p091_c000"", ""rbi_mpr_2025_04_p020_c000"", ""rbi_mpr_2025_04_p110_c003"", ""rbi_mpr_2025_04_p028_c001"", ""rbi_mpr_2025_04_p029_c002"", ""rbi_mpr_2025_04_p048_c003"", ""rbi_mpr_2025_04_p028_c000"", ""rbi_mpr_2025_04_p066_c002"", ""rbi_mpr_2025_04_p029_c003"", ""rbi_mpr_2025_04_p101_c003"", ""rbi_mpr_2025_04_p020_c003"", ""rbi_mpr_2025_04_p065_c002"", ""rbi_mpr_2025_04_p073_c003"", ""rbi_mpr_2025_04_p099_c002"", ""rbi_mpr_2025_04_p028_c002"", ""rbi_mpr_2025_04_p013_c000"", ""rbi_mpr_2025_04_p041_c000"", ""rbi_mpr_2025_04_p100_c003"", ""rbi_mpr_2025_04_p005_c001"", ""rbi_mpr_2025_04_p064_c002"", ""rbi_mpr_2025_04_p019_c004"", ""rbi_mpr_2025_04_p053_c002"", ""rbi_mpr_2025_04_p019_c001"", ""rbi_mpr_2025_04_p101_c002"", ""rbi_mpr_2025_04_p023_c003"", ""rbi_mpr_2025_04_p085_c000""], ""reranker_input_pages"": [21, 21, 47, 21, 91, 20, 110, 28, 29, 48, 28, 66, 29, 101, 20, 65, 73, 99, 28, 13, 41, 100, 5, 64, 19, 53, 19, 101, 23, 85], ""reranker_input_ranks"": [1, 2, 3, 4, 5, 6, 7, 8, 9, 10, 11, 12, 13, 14, 15, 16, 17, 18, 19, 20, 21, 22, 23, 24, 25, 26, 27, 28, 29, 30], ""reranker_output_ids"": [""rbi_mpr_2025_04_p021_c001"", ""rbi_mpr_2025_04_p021_c003"", ""rbi_mpr_2025_04_p020_c000"", ""rbi_mpr_2025_04_p021_c000"", ""rbi_mpr_2025_04_p013_c000"", ""rbi_mpr_2025_04_p100_c003"", ""rbi_mpr_2025_04_p023_c003"", ""rbi_mpr_2025_04_p099_c002"", ""rbi_mpr_2025_04_p019_c001"", ""rbi_mpr_2025_04_p101_c003"", ""rbi_mpr_2025_04_p066_c002"", ""rbi_mpr_2025_04_p110_c003"", ""rbi_mpr_2025_04_p048_c003"", ""rbi_mpr_2025_04_p019_c004"", ""rbi_mpr_2025_04_p073_c003"", ""rbi_mpr_2025_04_p047_c004"", ""rbi_mpr_2025_04_p101_c002"", ""rbi_mpr_2025_04_p085_c000"", ""rbi_mpr_2025_04_p091_c000"", ""rbi_mpr_2025_04_p020_c003"", ""rbi_mpr_2025_04_p064_c002"", ""rbi_mpr_2025_04_p029_c003"", ""rbi_mpr_2025_04_p053_c002"", ""rbi_mpr_2025_04_p005_c001"", ""rbi_mpr_2025_04_p028_c001"", ""rbi_mpr_2025_04_p028_c000"", ""rbi_mpr_2025_04_p028_c002"", ""rbi_mpr_2025_04_p065_c002"", ""rbi_mpr_2025_04_p041_c000"", ""rbi_mpr_2025_04_p029_c002""], ""reranker_output_pages"": [21, 21, 20, 21, 13, 100, 23, 99, 19, 101, 66, 110, 48, 19, 73, 47, 101, 85, 91, 20, 64, 29, 53, 5, 28, 28, 28, 65, 41, 29], ""reranker_scores"": [-0.49866577982902527, -1.0222141742706299, -3.2436795234680176, -3.5981593132019043, -4.941624641418457, -5.992421627044678, -6.4716620445251465, -6.485311508178711, -6.748808860778809, -7.11640739440918, -7.158590316772461, -7.814907550811768, -8.237386703491211, -8.309307098388672, -8.483078002929688, -8.89875602722168, -8.991440773010254, -9.228202819824219, -9.344460487365723, -9.366642951965332, -9.835407257080078, -10.17164421081543, -10.182462692260742, -10.206356048583984, -10.294564247131348, -10.354398727416992, -10.364409446716309, -10.40427017211914, -10.482358932495117, -10.687993049621582], ""rrf_candidate_ids"": [""rbi_mpr_2025_04_p021_c003"", ""rbi_mpr_2025_04_p021_c000"", ""rbi_mpr_2025_04_p047_c004"", ""rbi_mpr_2025_04_p021_c001"", ""rbi_mpr_2025_04_p091_c000"", ""rbi_mpr_2025_04_p020_c000"", ""rbi_mpr_2025_04_p110_c003"", ""rbi_mpr_2025_04_p028_c001"", ""rbi_mpr_2025_04_p029_c002"", ""rbi_mpr_2025_04_p048_c003"", ""rbi_mpr_2025_04_p028_c000"", ""rbi_mpr_2025_04_p066_c002"", ""rbi_mpr_2025_04_p029_c003"", ""rbi_mpr_2025_04_p101_c003"", ""rbi_mpr_2025_04_p020_c003"", ""rbi_mpr_2025_04_p065_c002"", ""rbi_mpr_2025_04_p073_c003"", ""rbi_mpr_2025_04_p099_c002"", ""rbi_mpr_2025_04_p028_c002"", ""rbi_mpr_2025_04_p013_c000"", ""rbi_mpr_2025_04_p041_c000"", ""rbi_mpr_2025_04_p100_c003"", ""rbi_mpr_2025_04_p005_c001"", ""rbi_mpr_2025_04_p064_c002"", ""rbi_mpr_2025_04_p019_c004"", ""rbi_mpr_2025_04_p053_c002"", ""rbi_mpr_2025_04_p019_c001"", ""rbi_mpr_2025_04_p101_c002"", ""rbi_mpr_2025_04_p023_c003"", ""rbi_mpr_2025_04_p085_c000""], ""rrf_candidate_pages"": [21, 21, 47, 21, 91, 20, 110, 28, 29, 48, 28, 66, 29, 101, 20, 65, 73, 99, 28, 13, 41, 100, 5, 64, 19, 53, 19, 101, 23, 85], ""rrf_first_evidence_rank"": null, ""rrf_scores"": [0.029827662395050816, 0.02854251012145749, 0.027263007840342125, 0.026140526140526144, 0.024404761904761905, 0.021111111111111112, 0.01896117900790798, 0.01639344262295082, 0.016129032258064516, 0.015873015873015872, 0.015873015873015872, 0.015625, 0.015625, 0.015384615384615385, 0.015151515151515152, 0.014925373134328358, 0.014925373134328358, 0.014705882352941176, 0.014705882352941176, 0.014492753623188406, 0.014492753623188406, 0.014285714285714285, 0.014285714285714285, 0.014084507042253521, 0.014084507042253521, 0.013888888888888888, 0.013888888888888888, 0.0136986301369863, 0.013513513513513514, 0.013513513513513514], ""selected_chunk_ids_after_dedup"": [""rbi_mpr_2025_04_p021_c001"", ""rbi_mpr_2025_04_p021_c003""], ""selected_chunk_ids_before_dedup"": [""rbi_mpr_2025_04_p021_c001"", ""rbi_mpr_2025_04_p021_c003""], ""selected_pages"": [21, 21]}, ""rbi_mpr_2025_10"": {""accepted_evidence_found"": false, ""accepted_pages"": [12], ""bm25_candidate_ids"": [""rbi_mpr_2025_10_p027_c002"", ""rbi_mpr_2025_10_p034_c005"", ""rbi_mpr_2025_10_p021_c000"", ""rbi_mpr_2025_10_p020_c000"", ""rbi_mpr_2025_10_p016_c002"", ""rbi_mpr_2025_10_p055_c002"", ""rbi_mpr_2025_10_p083_c001"", ""rbi_mpr_2025_10_p042_c002"", ""rbi_mpr_2025_10_p028_c000"", ""rbi_mpr_2025_10_p059_c000"", ""rbi_mpr_2025_10_p034_c004"", ""rbi_mpr_2025_10_p035_c000"", ""rbi_mpr_2025_10_p021_c005"", ""rbi_mpr_2025_10_p033_c001"", ""rbi_mpr_2025_10_p055_c003"", ""rbi_mpr_2025_10_p019_c002"", ""rbi_mpr_2025_10_p019_c003"", ""rbi_mpr_2025_10_p055_c004"", ""rbi_mpr_2025_10_p083_c000"", ""rbi_mpr_2025_10_p014_c003"", ""rbi_mpr_2025_10_p017_c000"", ""rbi_mpr_2025_10_p020_c001"", ""rbi_mpr_2025_10_p021_c004"", ""rbi_mpr_2025_10_p084_c003"", ""rbi_mpr_2025_10_p088_c003"", ""rbi_mpr_2025_10_p021_c001"", ""rbi_mpr_2025_10_p055_c001"", ""rbi_mpr_2025_10_p017_c004"", ""rbi_mpr_2025_10_p086_c002"", ""rbi_mpr_2025_10_p011_c003"", ""rbi_mpr_2025_10_p017_c003"", ""rbi_mpr_2025_10_p010_c002"", ""rbi_mpr_2025_10_p009_c005"", ""rbi_mpr_2025_10_p027_c001"", ""rbi_mpr_2025_10_p091_c000"", ""rbi_mpr_2025_10_p011_c004"", ""rbi_mpr_2025_10_p076_c000"", ""rbi_mpr_2025_10_p016_c003"", ""rbi_mpr_2025_10_p034_c003"", ""rbi_mpr_2025_10_p076_c001"", ""rbi_mpr_2025_10_p037_c002"", ""rbi_mpr_2025_10_p035_c002"", ""rbi_mpr_2025_10_p042_c004"", ""rbi_mpr_2025_10_p065_c004"", ""rbi_mpr_2025_10_p041_c004"", ""rbi_mpr_2025_10_p047_c002"", ""rbi_mpr_2025_10_p102_c003"", ""rbi_mpr_2025_10_p084_c002"", ""rbi_mpr_2025_10_p057_c000"", ""rbi_mpr_2025_10_p053_c001""], ""bm25_candidate_pages"": [27, 34, 21, 20, 16, 55, 83, 42, 28, 59, 34, 35, 21, 33, 55, 19, 19, 55, 83, 14, 17, 20, 21, 84, 88, 21, 55, 17, 86, 11, 17, 10, 9, 27, 91, 11, 76, 16, 34, 76, 37, 35, 42, 65, 41, 47, 102, 84, 57, 53], ""bm25_candidate_scores"": [null, null, null, null, null, null, null, null, null, null, null, null, null, null, null, null, null, null, null, null, null, null, null, null, null, null, null, null, null, null, null, null, null, null, null, null, null, null, null, null, null, null, null, null, null, null, null, null, null, null], ""bm25_first_evidence_rank"": null, ""candidate_source_expansion"": {""rbi_mpr_2025_04_p005_c001"": [], ""rbi_mpr_2025_04_p011_c004"": [], ""rbi_mpr_2025_04_p012_c004"": [], ""rbi_mpr_2025_04_p013_c000"": [], ""rbi_mpr_2025_04_p016_c003"": [], ""rbi_mpr_2025_04_p018_c000"": [], ""rbi_mpr_2025_04_p018_c003"": [], ""rbi_mpr_2025_04_p019_c000"": [], ""rbi_mpr_2025_04_p019_c001"": [], ""rbi_mpr_2025_04_p019_c002"": [], ""rbi_mpr_2025_04_p019_c003"": [], ""rbi_mpr_2025_04_p019_c004"": [], ""rbi_mpr_2025_04_p020_c000"": [], ""rbi_mpr_2025_04_p020_c002"": [], ""rbi_mpr_2025_04_p020_c003"": [], ""rbi_mpr_2025_04_p021_c000"": [], ""rbi_mpr_2025_04_p021_c001"": [], ""rbi_mpr_2025_04_p021_c002"": [], ""rbi_mpr_2025_04_p021_c003"": [], ""rbi_mpr_2025_04_p021_c004"": [], ""rbi_mpr_2025_04_p023_c003"": [], ""rbi_mpr_2025_04_p027_c000"": [], ""rbi_mpr_2025_04_p027_c001"": [], ""rbi_mpr_2025_04_p027_c002"": [], ""rbi_mpr_2025_04_p028_c000"": [], ""rbi_mpr_2025_04_p028_c001"": [], ""rbi_mpr_2025_04_p028_c002"": [], ""rbi_mpr_2025_04_p028_c003"": [], ""rbi_mpr_2025_04_p029_c002"": [], ""rbi_mpr_2025_04_p029_c003"": [], ""rbi_mpr_2025_04_p029_c004"": [], ""rbi_mpr_2025_04_p037_c000"": [], ""rbi_mpr_2025_04_p038_c000"": [], ""rbi_mpr_2025_04_p039_c002"": [], ""rbi_mpr_2025_04_p040_c000"": [], ""rbi_mpr_2025_04_p041_c000"": [], ""rbi_mpr_2025_04_p041_c001"": [], ""rbi_mpr_2025_04_p044_c003"": [], ""rbi_mpr_2025_04_p047_c002"": [], ""rbi_mpr_2025_04_p047_c003"": [], ""rbi_mpr_2025_04_p047_c004"": [], ""rbi_mpr_2025_04_p048_c001"": [], ""rbi_mpr_2025_04_p048_c002"": [], ""rbi_mpr_2025_04_p048_c003"": [], ""rbi_mpr_2025_04_p052_c000"": [], ""rbi_mpr_2025_04_p052_c002"": [], ""rbi_mpr_2025_04_p053_c002"": [], ""rbi_mpr_2025_04_p056_c002"": [], ""rbi_mpr_2025_04_p057_c002"": [], ""rbi_mpr_2025_04_p057_c003"": [], ""rbi_mpr_2025_04_p057_c004"": [], ""rbi_mpr_2025_04_p058_c000"": [], ""rbi_mpr_2025_04_p058_c001"": [], ""rbi_mpr_2025_04_p058_c003"": [], ""rbi_mpr_2025_04_p059_c004"": [], ""rbi_mpr_2025_04_p060_c001"": [], ""rbi_mpr_2025_04_p063_c003"": [], ""rbi_mpr_2025_04_p064_c002"": [], ""rbi_mpr_2025_04_p065_c002"": [], ""rbi_mpr_2025_04_p066_c001"": [], ""rbi_mpr_2025_04_p066_c002"": [], ""rbi_mpr_2025_04_p066_c003"": [], ""rbi_mpr_2025_04_p067_c000"": [], ""rbi_mpr_2025_04_p067_c001"": [], ""rbi_mpr_2025_04_p067_c002"": [], ""rbi_mpr_2025_04_p069_c003"": [], ""rbi_mpr_2025_04_p070_c002"": [], ""rbi_mpr_2025_04_p073_c003"": [], ""rbi_mpr_2025_04_p074_c000"": [], ""rbi_mpr_2025_04_p085_c000"": [], ""rbi_mpr_2025_04_p085_c001"": [], ""rbi_mpr_2025_04_p088_c000"": [], ""rbi_mpr_2025_04_p088_c002"": [], ""rbi_mpr_2025_04_p091_c000"": [], ""rbi_mpr_2025_04_p092_c002"": [], ""rbi_mpr_2025_04_p092_c003"": [], ""rbi_mpr_2025_04_p098_c003"": [], ""rbi_mpr_2025_04_p099_c002"": [], ""rbi_mpr_2025_04_p099_c003"": [], ""rbi_mpr_2025_04_p100_c002"": [], ""rbi_mpr_2025_04_p100_c003"": [], ""rbi_mpr_2025_04_p101_c002"": [], ""rbi_mpr_2025_04_p101_c003"": [], ""rbi_mpr_2025_04_p101_c004"": [], ""rbi_mpr_2025_04_p101_c005"": [], ""rbi_mpr_2025_04_p102_c000"": [], ""rbi_mpr_2025_04_p103_c000"": [], ""rbi_mpr_2025_04_p103_c003"": [], ""rbi_mpr_2025_04_p109_c003"": [], ""rbi_mpr_2025_04_p110_c000"": [], ""rbi_mpr_2025_04_p110_c001"": [], ""rbi_mpr_2025_04_p110_c003"": [], ""rbi_mpr_2025_04_p114_c000"": [], ""rbi_mpr_2025_10_p008_c000"": [], ""rbi_mpr_2025_10_p008_c001"": [], ""rbi_mpr_2025_10_p009_c005"": [], ""rbi_mpr_2025_10_p010_c002"": [], ""rbi_mpr_2025_10_p011_c003"": [], ""rbi_mpr_2025_10_p011_c004"": [], ""rbi_mpr_2025_10_p013_c003"": [], ""rbi_mpr_2025_10_p013_c005"": [], ""rbi_mpr_2025_10_p014_c003"": [], ""rbi_mpr_2025_10_p016_c000"": [], ""rbi_mpr_2025_10_p016_c001"": [], ""rbi_mpr_2025_10_p016_c002"": [], ""rbi_mpr_2025_10_p016_c003"": [], ""rbi_mpr_2025_10_p017_c000"": [], ""rbi_mpr_2025_10_p017_c003"": [], ""rbi_mpr_2025_10_p017_c004"": [], ""rbi_mpr_2025_10_p017_c005"": [], ""rbi_mpr_2025_10_p019_c001"": [], ""rbi_mpr_2025_10_p019_c002"": [], ""rbi_mpr_2025_10_p019_c003"": [], ""rbi_mpr_2025_10_p020_c000"": [], ""rbi_mpr_2025_10_p020_c001"": [], ""rbi_mpr_2025_10_p020_c002"": [], ""rbi_mpr_2025_10_p020_c003"": [], ""rbi_mpr_2025_10_p021_c000"": [], ""rbi_mpr_2025_10_p021_c001"": [], ""rbi_mpr_2025_10_p021_c004"": [], ""rbi_mpr_2025_10_p021_c005"": [], ""rbi_mpr_2025_10_p022_c001"": [], ""rbi_mpr_2025_10_p022_c002"": [], ""rbi_mpr_2025_10_p027_c001"": [], ""rbi_mpr_2025_10_p027_c002"": [], ""rbi_mpr_2025_10_p028_c000"": [], ""rbi_mpr_2025_10_p033_c001"": [], ""rbi_mpr_2025_10_p034_c003"": [], ""rbi_mpr_2025_10_p034_c004"": [], ""rbi_mpr_2025_10_p034_c005"": [], ""rbi_mpr_2025_10_p035_c000"": [], ""rbi_mpr_2025_10_p035_c002"": [], ""rbi_mpr_2025_10_p037_c002"": [], ""rbi_mpr_2025_10_p038_c004"": [], ""rbi_mpr_2025_10_p041_c004"": [], ""rbi_mpr_2025_10_p042_c002"": [], ""rbi_mpr_2025_10_p042_c003"": [], ""rbi_mpr_2025_10_p042_c004"": [], ""rbi_mpr_2025_10_p043_c002"": [], ""rbi_mpr_2025_10_p043_c003"": [], ""rbi_mpr_2025_10_p046_c002"": [], ""rbi_mpr_2025_10_p047_c000"": [], ""rbi_mpr_2025_10_p047_c002"": [], ""rbi_mpr_2025_10_p048_c000"": [], ""rbi_mpr_2025_10_p049_c001"": [], ""rbi_mpr_2025_10_p049_c003"": [], ""rbi_mpr_2025_10_p053_c001"": [], ""rbi_mpr_2025_10_p055_c001"": [], ""rbi_mpr_2025_10_p055_c002"": [], ""rbi_mpr_2025_10_p055_c003"": [], ""rbi_mpr_2025_10_p055_c004"": [], ""rbi_mpr_2025_10_p056_c002"": [], ""rbi_mpr_2025_10_p057_c000"": [], ""rbi_mpr_2025_10_p058_c002"": [], ""rbi_mpr_2025_10_p059_c000"": [], ""rbi_mpr_2025_10_p061_c000"": [], ""rbi_mpr_2025_10_p061_c004"": [], ""rbi_mpr_2025_10_p062_c001"": [], ""rbi_mpr_2025_10_p065_c004"": [], ""rbi_mpr_2025_10_p076_c000"": [], ""rbi_mpr_2025_10_p076_c001"": [], ""rbi_mpr_2025_10_p083_c000"": [], ""rbi_mpr_2025_10_p083_c001"": [], ""rbi_mpr_2025_10_p084_c002"": [], ""rbi_mpr_2025_10_p084_c003"": [], ""rbi_mpr_2025_10_p085_c001"": [], ""rbi_mpr_2025_10_p085_c003"": [], ""rbi_mpr_2025_10_p086_c002"": [], ""rbi_mpr_2025_10_p086_c003"": [], ""rbi_mpr_2025_10_p087_c003"": [], ""rbi_mpr_2025_10_p088_c003"": [], ""rbi_mpr_2025_10_p091_c000"": [], ""rbi_mpr_2025_10_p095_c000"": [], ""rbi_mpr_2025_10_p095_c003"": [], ""rbi_mpr_2025_10_p096_c002"": [], ""rbi_mpr_2025_10_p096_c004"": [], ""rbi_mpr_2025_10_p097_c000"": [], ""rbi_mpr_2025_10_p097_c002"": [], ""rbi_mpr_2025_10_p097_c003"": [], ""rbi_mpr_2025_10_p097_c004"": [], ""rbi_mpr_2025_10_p098_c000"": [], ""rbi_mpr_2025_10_p102_c003"": [], ""rbi_mpr_2026_04_p013_c000"": [], ""rbi_mpr_2026_04_p013_c001"": [], ""rbi_mpr_2026_04_p013_c003"": [], ""rbi_mpr_2026_04_p013_c004"": [], ""rbi_mpr_2026_04_p015_c001"": [], ""rbi_mpr_2026_04_p015_c002"": [], ""rbi_mpr_2026_04_p015_c003"": [], ""rbi_mpr_2026_04_p017_c001"": [], ""rbi_mpr_2026_04_p017_c002"": [], ""rbi_mpr_2026_04_p018_c001"": [], ""rbi_mpr_2026_04_p021_c003"": [], ""rbi_mpr_2026_04_p023_c000"": [], ""rbi_mpr_2026_04_p035_c003"": [], ""rbi_mpr_2026_04_p038_c002"": [], ""rbi_mpr_2026_04_p042_c001"": [], ""rbi_mpr_2026_04_p043_c000"": [], ""rbi_mpr_2026_04_p044_c000"": [], ""rbi_mpr_2026_04_p044_c001"": [], ""rbi_mpr_2026_04_p044_c002"": [], ""rbi_mpr_2026_04_p047_c004"": [], ""rbi_mpr_2026_04_p049_c001"": [], ""rbi_mpr_2026_04_p050_c000"": [], ""rbi_mpr_2026_04_p050_c001"": [], ""rbi_mpr_2026_04_p055_c003"": [], ""rbi_mpr_2026_04_p056_c000"": [], ""rbi_mpr_2026_04_p056_c001"": [], ""rbi_mpr_2026_04_p056_c002"": [], ""rbi_mpr_2026_04_p056_c003"": [], ""rbi_mpr_2026_04_p057_c001"": [], ""rbi_mpr_2026_04_p057_c004"": [], ""rbi_mpr_2026_04_p058_c000"": [], ""rbi_mpr_2026_04_p058_c001"": [], ""rbi_mpr_2026_04_p058_c002"": [], ""rbi_mpr_2026_04_p059_c000"": [], ""rbi_mpr_2026_04_p059_c003"": [], ""rbi_mpr_2026_04_p061_c000"": [], ""rbi_mpr_2026_04_p062_c003"": [], ""rbi_mpr_2026_04_p066_c003"": [], ""rbi_mpr_2026_04_p067_c001"": [], ""rbi_mpr_2026_04_p067_c002"": [], ""rbi_mpr_2026_04_p069_c001"": [], ""rbi_mpr_2026_04_p069_c003"": [], ""rbi_mpr_2026_04_p070_c000"": [], ""rbi_mpr_2026_04_p071_c000"": [], ""rbi_mpr_2026_04_p071_c001"": [], ""rbi_mpr_2026_04_p073_c000"": [], ""rbi_mpr_2026_04_p073_c001"": [], ""rbi_mpr_2026_04_p073_c002"": [], ""rbi_mpr_2026_04_p075_c000"": [], ""rbi_mpr_2026_04_p076_c001"": [], ""rbi_mpr_2026_04_p076_c002"": [], ""rbi_mpr_2026_04_p076_c003"": [], ""rbi_mpr_2026_04_p077_c000"": [], ""rbi_mpr_2026_04_p077_c001"": [], ""rbi_mpr_2026_04_p077_c003"": [], ""rbi_mpr_2026_04_p081_c001"": [], ""rbi_mpr_2026_04_p081_c002"": [], ""rbi_mpr_2026_04_p081_c004"": [], ""rbi_mpr_2026_04_p081_c005"": [], ""rbi_mpr_2026_04_p082_c001"": [], ""rbi_mpr_2026_04_p083_c000"": [], ""rbi_mpr_2026_04_p083_c003"": [], ""rbi_mpr_2026_04_p083_c004"": [], ""rbi_mpr_2026_04_p083_c007"": [], ""rbi_mpr_2026_04_p087_c000"": [], ""rbi_mpr_2026_04_p096_c001"": [], ""rbi_mpr_2026_04_p096_c002"": [], ""rbi_mpr_2026_04_p096_c003"": [], ""rbi_mpr_2026_04_p096_c004"": [], ""rbi_mpr_2026_04_p099_c003"": [], ""rbi_mpr_2026_04_p100_c002"": [], ""rbi_mpr_2026_04_p101_c001"": [], ""rbi_mpr_2026_04_p102_c003"": [], ""rbi_mpr_2026_04_p102_c004"": [], ""rbi_mpr_2026_04_p103_c003"": [], ""rbi_mpr_2026_04_p105_c001"": [], ""rbi_mpr_2026_04_p107_c000"": [], ""rbi_mpr_2026_04_p107_c004"": [], ""rbi_mpr_2026_04_p108_c002"": [], ""rbi_mpr_2026_04_p109_c001"": [], ""rbi_mpr_2026_04_p109_c003"": [], ""rbi_mpr_2026_04_p110_c001"": [], ""rbi_mpr_2026_04_p111_c000"": [], ""rbi_mpr_2026_04_p111_c001"": [], ""rbi_mpr_2026_04_p111_c002"": [], ""rbi_mpr_2026_04_p111_c003"": [], ""rbi_mpr_2026_04_p112_c000"": [], ""rbi_mpr_2026_04_p112_c001"": [], ""rbi_mpr_2026_04_p112_c003"": [], ""rbi_mpr_2026_04_p112_c004"": [], ""rbi_mpr_2026_04_p113_c002"": [], ""rbi_mpr_2026_04_p114_c000"": []}, ""candidate_source_facet"": {""rbi_mpr_2025_04_p005_c001"": [], ""rbi_mpr_2025_04_p011_c004"": [], ""rbi_mpr_2025_04_p012_c004"": [], ""rbi_mpr_2025_04_p013_c000"": [], ""rbi_mpr_2025_04_p016_c003"": [], ""rbi_mpr_2025_04_p018_c000"": [], ""rbi_mpr_2025_04_p018_c003"": [], ""rbi_mpr_2025_04_p019_c000"": [], ""rbi_mpr_2025_04_p019_c001"": [], ""rbi_mpr_2025_04_p019_c002"": [], ""rbi_mpr_2025_04_p019_c003"": [], ""rbi_mpr_2025_04_p019_c004"": [], ""rbi_mpr_2025_04_p020_c000"": [], ""rbi_mpr_2025_04_p020_c002"": [], ""rbi_mpr_2025_04_p020_c003"": [], ""rbi_mpr_2025_04_p021_c000"": [], ""rbi_mpr_2025_04_p021_c001"": [], ""rbi_mpr_2025_04_p021_c002"": [], ""rbi_mpr_2025_04_p021_c003"": [], ""rbi_mpr_2025_04_p021_c004"": [], ""rbi_mpr_2025_04_p023_c003"": [], ""rbi_mpr_2025_04_p027_c000"": [], ""rbi_mpr_2025_04_p027_c001"": [], ""rbi_mpr_2025_04_p027_c002"": [], ""rbi_mpr_2025_04_p028_c000"": [], ""rbi_mpr_2025_04_p028_c001"": [], ""rbi_mpr_2025_04_p028_c002"": [], ""rbi_mpr_2025_04_p028_c003"": [], ""rbi_mpr_2025_04_p029_c002"": [], ""rbi_mpr_2025_04_p029_c003"": [], ""rbi_mpr_2025_04_p029_c004"": [], ""rbi_mpr_2025_04_p037_c000"": [], ""rbi_mpr_2025_04_p038_c000"": [], ""rbi_mpr_2025_04_p039_c002"": [], ""rbi_mpr_2025_04_p040_c000"": [], ""rbi_mpr_2025_04_p041_c000"": [], ""rbi_mpr_2025_04_p041_c001"": [], ""rbi_mpr_2025_04_p044_c003"": [], ""rbi_mpr_2025_04_p047_c002"": [], ""rbi_mpr_2025_04_p047_c003"": [], ""rbi_mpr_2025_04_p047_c004"": [], ""rbi_mpr_2025_04_p048_c001"": [], ""rbi_mpr_2025_04_p048_c002"": [], ""rbi_mpr_2025_04_p048_c003"": [], ""rbi_mpr_2025_04_p052_c000"": [], ""rbi_mpr_2025_04_p052_c002"": [], ""rbi_mpr_2025_04_p053_c002"": [], ""rbi_mpr_2025_04_p056_c002"": [], ""rbi_mpr_2025_04_p057_c002"": [], ""rbi_mpr_2025_04_p057_c003"": [], ""rbi_mpr_2025_04_p057_c004"": [], ""rbi_mpr_2025_04_p058_c000"": [], ""rbi_mpr_2025_04_p058_c001"": [], ""rbi_mpr_2025_04_p058_c003"": [], ""rbi_mpr_2025_04_p059_c004"": [], ""rbi_mpr_2025_04_p060_c001"": [], ""rbi_mpr_2025_04_p063_c003"": [], ""rbi_mpr_2025_04_p064_c002"": [], ""rbi_mpr_2025_04_p065_c002"": [], ""rbi_mpr_2025_04_p066_c001"": [], ""rbi_mpr_2025_04_p066_c002"": [], ""rbi_mpr_2025_04_p066_c003"": [], ""rbi_mpr_2025_04_p067_c000"": [], ""rbi_mpr_2025_04_p067_c001"": [], ""rbi_mpr_2025_04_p067_c002"": [], ""rbi_mpr_2025_04_p069_c003"": [], ""rbi_mpr_2025_04_p070_c002"": [], ""rbi_mpr_2025_04_p073_c003"": [], ""rbi_mpr_2025_04_p074_c000"": [], ""rbi_mpr_2025_04_p085_c000"": [], ""rbi_mpr_2025_04_p085_c001"": [], ""rbi_mpr_2025_04_p088_c000"": [], ""rbi_mpr_2025_04_p088_c002"": [], ""rbi_mpr_2025_04_p091_c000"": [], ""rbi_mpr_2025_04_p092_c002"": [], ""rbi_mpr_2025_04_p092_c003"": [], ""rbi_mpr_2025_04_p098_c003"": [], ""rbi_mpr_2025_04_p099_c002"": [], ""rbi_mpr_2025_04_p099_c003"": [], ""rbi_mpr_2025_04_p100_c002"": [], ""rbi_mpr_2025_04_p100_c003"": [], ""rbi_mpr_2025_04_p101_c002"": [], ""rbi_mpr_2025_04_p101_c003"": [], ""rbi_mpr_2025_04_p101_c004"": [], ""rbi_mpr_2025_04_p101_c005"": [], ""rbi_mpr_2025_04_p102_c000"": [], ""rbi_mpr_2025_04_p103_c000"": [], ""rbi_mpr_2025_04_p103_c003"": [], ""rbi_mpr_2025_04_p109_c003"": [], ""rbi_mpr_2025_04_p110_c000"": [], ""rbi_mpr_2025_04_p110_c001"": [], ""rbi_mpr_2025_04_p110_c003"": [], ""rbi_mpr_2025_04_p114_c000"": [], ""rbi_mpr_2025_10_p008_c000"": [], ""rbi_mpr_2025_10_p008_c001"": [], ""rbi_mpr_2025_10_p009_c005"": [], ""rbi_mpr_2025_10_p010_c002"": [], ""rbi_mpr_2025_10_p011_c003"": [], ""rbi_mpr_2025_10_p011_c004"": [], ""rbi_mpr_2025_10_p013_c003"": [], ""rbi_mpr_2025_10_p013_c005"": [], ""rbi_mpr_2025_10_p014_c003"": [], ""rbi_mpr_2025_10_p016_c000"": [], ""rbi_mpr_2025_10_p016_c001"": [], ""rbi_mpr_2025_10_p016_c002"": [], ""rbi_mpr_2025_10_p016_c003"": [], ""rbi_mpr_2025_10_p017_c000"": [], ""rbi_mpr_2025_10_p017_c003"": [], ""rbi_mpr_2025_10_p017_c004"": [], ""rbi_mpr_2025_10_p017_c005"": [], ""rbi_mpr_2025_10_p019_c001"": [], ""rbi_mpr_2025_10_p019_c002"": [], ""rbi_mpr_2025_10_p019_c003"": [], ""rbi_mpr_2025_10_p020_c000"": [], ""rbi_mpr_2025_10_p020_c001"": [], ""rbi_mpr_2025_10_p020_c002"": [], ""rbi_mpr_2025_10_p020_c003"": [], ""rbi_mpr_2025_10_p021_c000"": [], ""rbi_mpr_2025_10_p021_c001"": [], ""rbi_mpr_2025_10_p021_c004"": [], ""rbi_mpr_2025_10_p021_c005"": [], ""rbi_mpr_2025_10_p022_c001"": [], ""rbi_mpr_2025_10_p022_c002"": [], ""rbi_mpr_2025_10_p027_c001"": [], ""rbi_mpr_2025_10_p027_c002"": [], ""rbi_mpr_2025_10_p028_c000"": [], ""rbi_mpr_2025_10_p033_c001"": [], ""rbi_mpr_2025_10_p034_c003"": [], ""rbi_mpr_2025_10_p034_c004"": [], ""rbi_mpr_2025_10_p034_c005"": [], ""rbi_mpr_2025_10_p035_c000"": [], ""rbi_mpr_2025_10_p035_c002"": [], ""rbi_mpr_2025_10_p037_c002"": [], ""rbi_mpr_2025_10_p038_c004"": [], ""rbi_mpr_2025_10_p041_c004"": [], ""rbi_mpr_2025_10_p042_c002"": [], ""rbi_mpr_2025_10_p042_c003"": [], ""rbi_mpr_2025_10_p042_c004"": [], ""rbi_mpr_2025_10_p043_c002"": [], ""rbi_mpr_2025_10_p043_c003"": [], ""rbi_mpr_2025_10_p046_c002"": [], ""rbi_mpr_2025_10_p047_c000"": [], ""rbi_mpr_2025_10_p047_c002"": [], ""rbi_mpr_2025_10_p048_c000"": [], ""rbi_mpr_2025_10_p049_c001"": [], ""rbi_mpr_2025_10_p049_c003"": [], ""rbi_mpr_2025_10_p053_c001"": [], ""rbi_mpr_2025_10_p055_c001"": [], ""rbi_mpr_2025_10_p055_c002"": [], ""rbi_mpr_2025_10_p055_c003"": [], ""rbi_mpr_2025_10_p055_c004"": [], ""rbi_mpr_2025_10_p056_c002"": [], ""rbi_mpr_2025_10_p057_c000"": [], ""rbi_mpr_2025_10_p058_c002"": [], ""rbi_mpr_2025_10_p059_c000"": [], ""rbi_mpr_2025_10_p061_c000"": [], ""rbi_mpr_2025_10_p061_c004"": [], ""rbi_mpr_2025_10_p062_c001"": [], ""rbi_mpr_2025_10_p065_c004"": [], ""rbi_mpr_2025_10_p076_c000"": [], ""rbi_mpr_2025_10_p076_c001"": [], ""rbi_mpr_2025_10_p083_c000"": [], ""rbi_mpr_2025_10_p083_c001"": [], ""rbi_mpr_2025_10_p084_c002"": [], ""rbi_mpr_2025_10_p084_c003"": [], ""rbi_mpr_2025_10_p085_c001"": [], ""rbi_mpr_2025_10_p085_c003"": [], ""rbi_mpr_2025_10_p086_c002"": [], ""rbi_mpr_2025_10_p086_c003"": [], ""rbi_mpr_2025_10_p087_c003"": [], ""rbi_mpr_2025_10_p088_c003"": [], ""rbi_mpr_2025_10_p091_c000"": [], ""rbi_mpr_2025_10_p095_c000"": [], ""rbi_mpr_2025_10_p095_c003"": [], ""rbi_mpr_2025_10_p096_c002"": [], ""rbi_mpr_2025_10_p096_c004"": [], ""rbi_mpr_2025_10_p097_c000"": [], ""rbi_mpr_2025_10_p097_c002"": [], ""rbi_mpr_2025_10_p097_c003"": [], ""rbi_mpr_2025_10_p097_c004"": [], ""rbi_mpr_2025_10_p098_c000"": [], ""rbi_mpr_2025_10_p102_c003"": [], ""rbi_mpr_2026_04_p013_c000"": [], ""rbi_mpr_2026_04_p013_c001"": [], ""rbi_mpr_2026_04_p013_c003"": [], ""rbi_mpr_2026_04_p013_c004"": [], ""rbi_mpr_2026_04_p015_c001"": [], ""rbi_mpr_2026_04_p015_c002"": [], ""rbi_mpr_2026_04_p015_c003"": [], ""rbi_mpr_2026_04_p017_c001"": [], ""rbi_mpr_2026_04_p017_c002"": [], ""rbi_mpr_2026_04_p018_c001"": [], ""rbi_mpr_2026_04_p021_c003"": [], ""rbi_mpr_2026_04_p023_c000"": [], ""rbi_mpr_2026_04_p035_c003"": [], ""rbi_mpr_2026_04_p038_c002"": [], ""rbi_mpr_2026_04_p042_c001"": [], ""rbi_mpr_2026_04_p043_c000"": [], ""rbi_mpr_2026_04_p044_c000"": [], ""rbi_mpr_2026_04_p044_c001"": [], ""rbi_mpr_2026_04_p044_c002"": [], ""rbi_mpr_2026_04_p047_c004"": [], ""rbi_mpr_2026_04_p049_c001"": [], ""rbi_mpr_2026_04_p050_c000"": [], ""rbi_mpr_2026_04_p050_c001"": [], ""rbi_mpr_2026_04_p055_c003"": [], ""rbi_mpr_2026_04_p056_c000"": [], ""rbi_mpr_2026_04_p056_c001"": [], ""rbi_mpr_2026_04_p056_c002"": [], ""rbi_mpr_2026_04_p056_c003"": [], ""rbi_mpr_2026_04_p057_c001"": [], ""rbi_mpr_2026_04_p057_c004"": [], ""rbi_mpr_2026_04_p058_c000"": [], ""rbi_mpr_2026_04_p058_c001"": [], ""rbi_mpr_2026_04_p058_c002"": [], ""rbi_mpr_2026_04_p059_c000"": [], ""rbi_mpr_2026_04_p059_c003"": [], ""rbi_mpr_2026_04_p061_c000"": [], ""rbi_mpr_2026_04_p062_c003"": [], ""rbi_mpr_2026_04_p066_c003"": [], ""rbi_mpr_2026_04_p067_c001"": [], ""rbi_mpr_2026_04_p067_c002"": [], ""rbi_mpr_2026_04_p069_c001"": [], ""rbi_mpr_2026_04_p069_c003"": [], ""rbi_mpr_2026_04_p070_c000"": [], ""rbi_mpr_2026_04_p071_c000"": [], ""rbi_mpr_2026_04_p071_c001"": [], ""rbi_mpr_2026_04_p073_c000"": [], ""rbi_mpr_2026_04_p073_c001"": [], ""rbi_mpr_2026_04_p073_c002"": [], ""rbi_mpr_2026_04_p075_c000"": [], ""rbi_mpr_2026_04_p076_c001"": [], ""rbi_mpr_2026_04_p076_c002"": [], ""rbi_mpr_2026_04_p076_c003"": [], ""rbi_mpr_2026_04_p077_c000"": [], ""rbi_mpr_2026_04_p077_c001"": [], ""rbi_mpr_2026_04_p077_c003"": [], ""rbi_mpr_2026_04_p081_c001"": [], ""rbi_mpr_2026_04_p081_c002"": [], ""rbi_mpr_2026_04_p081_c004"": [], ""rbi_mpr_2026_04_p081_c005"": [], ""rbi_mpr_2026_04_p082_c001"": [], ""rbi_mpr_2026_04_p083_c000"": [], ""rbi_mpr_2026_04_p083_c003"": [], ""rbi_mpr_2026_04_p083_c004"": [], ""rbi_mpr_2026_04_p083_c007"": [], ""rbi_mpr_2026_04_p087_c000"": [], ""rbi_mpr_2026_04_p096_c001"": [], ""rbi_mpr_2026_04_p096_c002"": [], ""rbi_mpr_2026_04_p096_c003"": [], ""rbi_mpr_2026_04_p096_c004"": [], ""rbi_mpr_2026_04_p099_c003"": [], ""rbi_mpr_2026_04_p100_c002"": [], ""rbi_mpr_2026_04_p101_c001"": [], ""rbi_mpr_2026_04_p102_c003"": [], ""rbi_mpr_2026_04_p102_c004"": [], ""rbi_mpr_2026_04_p103_c003"": [], ""rbi_mpr_2026_04_p105_c001"": [], ""rbi_mpr_2026_04_p107_c000"": [], ""rbi_mpr_2026_04_p107_c004"": [], ""rbi_mpr_2026_04_p108_c002"": [], ""rbi_mpr_2026_04_p109_c001"": [], ""rbi_mpr_2026_04_p109_c003"": [], ""rbi_mpr_2026_04_p110_c001"": [], ""rbi_mpr_2026_04_p111_c000"": [], ""rbi_mpr_2026_04_p111_c001"": [], ""rbi_mpr_2026_04_p111_c002"": [], ""rbi_mpr_2026_04_p111_c003"": [], ""rbi_mpr_2026_04_p112_c000"": [], ""rbi_mpr_2026_04_p112_c001"": [], ""rbi_mpr_2026_04_p112_c003"": [], ""rbi_mpr_2026_04_p112_c004"": [], ""rbi_mpr_2026_04_p113_c002"": [], ""rbi_mpr_2026_04_p114_c000"": []}, ""candidate_source_query"": {""rbi_mpr_2025_04_p005_c001"": [""Compare global-growth assumptions or language across all reports.""], ""rbi_mpr_2025_04_p011_c004"": [""Compare global-growth assumptions or language across all reports.""], ""rbi_mpr_2025_04_p012_c004"": [""Compare global-growth assumptions or language across all reports.""], ""rbi_mpr_2025_04_p013_c000"": [""Compare global-growth assumptions or language across all reports.""], ""rbi_mpr_2025_04_p016_c003"": [""Compare global-growth assumptions or language across all reports.""], ""rbi_mpr_2025_04_p018_c000"": [""Compare global-growth assumptions or language across all reports.""], ""rbi_mpr_2025_04_p018_c003"": [""Compare global-growth assumptions or language across all reports.""], ""rbi_mpr_2025_04_p019_c000"": [""Compare global-growth assumptions or language across all reports.""], ""rbi_mpr_2025_04_p019_c001"": [""Compare global-growth assumptions or language across all reports.""], ""rbi_mpr_2025_04_p019_c002"": [""Compare global-growth assumptions or language across all reports.""], ""rbi_mpr_2025_04_p019_c003"": [""Compare global-growth assumptions or language across all reports.""], ""rbi_mpr_2025_04_p019_c004"": [""Compare global-growth assumptions or language across all reports.""], ""rbi_mpr_2025_04_p020_c000"": [""Compare global-growth assumptions or language across all reports.""], ""rbi_mpr_2025_04_p020_c002"": [""Compare global-growth assumptions or language across all reports.""], ""rbi_mpr_2025_04_p020_c003"": [""Compare global-growth assumptions or language across all reports.""], ""rbi_mpr_2025_04_p021_c000"": [""Compare global-growth assumptions or language across all reports.""], ""rbi_mpr_2025_04_p021_c001"": [""Compare global-growth assumptions or language across all reports.""], ""rbi_mpr_2025_04_p021_c002"": [""Compare global-growth assumptions or language across all reports.""], ""rbi_mpr_2025_04_p021_c003"": [""Compare global-growth assumptions or language across all reports.""], ""rbi_mpr_2025_04_p021_c004"": [""Compare global-growth assumptions or language across all reports.""], ""rbi_mpr_2025_04_p023_c003"": [""Compare global-growth assumptions or language across all reports.""], ""rbi_mpr_2025_04_p027_c000"": [""Compare global-growth assumptions or language across all reports.""], ""rbi_mpr_2025_04_p027_c001"": [""Compare global-growth assumptions or language across all reports.""], ""rbi_mpr_2025_04_p027_c002"": [""Compare global-growth assumptions or language across all reports.""], ""rbi_mpr_2025_04_p028_c000"": [""Compare global-growth assumptions or language across all reports.""], ""rbi_mpr_2025_04_p028_c001"": [""Compare global-growth assumptions or language across all reports.""], ""rbi_mpr_2025_04_p028_c002"": [""Compare global-growth assumptions or language across all reports.""], ""rbi_mpr_2025_04_p028_c003"": [""Compare global-growth assumptions or language across all reports.""], ""rbi_mpr_2025_04_p029_c002"": [""Compare global-growth assumptions or language across all reports.""], ""rbi_mpr_2025_04_p029_c003"": [""Compare global-growth assumptions or language across all reports.""], ""rbi_mpr_2025_04_p029_c004"": [""Compare global-growth assumptions or language across all reports.""], ""rbi_mpr_2025_04_p037_c000"": [""Compare global-growth assumptions or language across all reports.""], ""rbi_mpr_2025_04_p038_c000"": [""Compare global-growth assumptions or language across all reports.""], ""rbi_mpr_2025_04_p039_c002"": [""Compare global-growth assumptions or language across all reports.""], ""rbi_mpr_2025_04_p040_c000"": [""Compare global-growth assumptions or language across all reports.""], ""rbi_mpr_2025_04_p041_c000"": [""Compare global-growth assumptions or language across all reports.""], ""rbi_mpr_2025_04_p041_c001"": [""Compare global-growth assumptions or language across all reports.""], ""rbi_mpr_2025_04_p044_c003"": [""Compare global-growth assumptions or language across all reports.""], ""rbi_mpr_2025_04_p047_c002"": [""Compare global-growth assumptions or language across all reports.""], ""rbi_mpr_2025_04_p047_c003"": [""Compare global-growth assumptions or language across all reports.""], ""rbi_mpr_2025_04_p047_c004"": [""Compare global-growth assumptions or language across all reports.""], ""rbi_mpr_2025_04_p048_c001"": [""Compare global-growth assumptions or language across all reports.""], ""rbi_mpr_2025_04_p048_c002"": [""Compare global-growth assumptions or language across all reports.""], ""rbi_mpr_2025_04_p048_c003"": [""Compare global-growth assumptions or language across all reports.""], ""rbi_mpr_2025_04_p052_c000"": [""Compare global-growth assumptions or language across all reports.""], ""rbi_mpr_2025_04_p052_c002"": [""Compare global-growth assumptions or language across all reports.""], ""rbi_mpr_2025_04_p053_c002"": [""Compare global-growth assumptions or language across all reports.""], ""rbi_mpr_2025_04_p056_c002"": [""Compare global-growth assumptions or language across all reports.""], ""rbi_mpr_2025_04_p057_c002"": [""Compare global-growth assumptions or language across all reports.""], ""rbi_mpr_2025_04_p057_c003"": [""Compare global-growth assumptions or language across all reports.""], ""rbi_mpr_2025_04_p057_c004"": [""Compare global-growth assumptions or language across all reports.""], ""rbi_mpr_2025_04_p058_c000"": [""Compare global-growth assumptions or language across all reports.""], ""rbi_mpr_2025_04_p058_c001"": [""Compare global-growth assumptions or language across all reports.""], ""rbi_mpr_2025_04_p058_c003"": [""Compare global-growth assumptions or language across all reports.""], ""rbi_mpr_2025_04_p059_c004"": [""Compare global-growth assumptions or language across all reports.""], ""rbi_mpr_2025_04_p060_c001"": [""Compare global-growth assumptions or language across all reports.""], ""rbi_mpr_2025_04_p063_c003"": [""Compare global-growth assumptions or language across all reports.""], ""rbi_mpr_2025_04_p064_c002"": [""Compare global-growth assumptions or language across all reports.""], ""rbi_mpr_2025_04_p065_c002"": [""Compare global-growth assumptions or language across all reports.""], ""rbi_mpr_2025_04_p066_c001"": [""Compare global-growth assumptions or language across all reports.""], ""rbi_mpr_2025_04_p066_c002"": [""Compare global-growth assumptions or language across all reports.""], ""rbi_mpr_2025_04_p066_c003"": [""Compare global-growth assumptions or language across all reports.""], ""rbi_mpr_2025_04_p067_c000"": [""Compare global-growth assumptions or language across all reports.""], ""rbi_mpr_2025_04_p067_c001"": [""Compare global-growth assumptions or language across all reports.""], ""rbi_mpr_2025_04_p067_c002"": [""Compare global-growth assumptions or language across all reports.""], ""rbi_mpr_2025_04_p069_c003"": [""Compare global-growth assumptions or language across all reports.""], ""rbi_mpr_2025_04_p070_c002"": [""Compare global-growth assumptions or language across all reports.""], ""rbi_mpr_2025_04_p073_c003"": [""Compare global-growth assumptions or language across all reports.""], ""rbi_mpr_2025_04_p074_c000"": [""Compare global-growth assumptions or language across all reports.""], ""rbi_mpr_2025_04_p085_c000"": [""Compare global-growth assumptions or language across all reports.""], ""rbi_mpr_2025_04_p085_c001"": [""Compare global-growth assumptions or language across all reports.""], ""rbi_mpr_2025_04_p088_c000"": [""Compare global-growth assumptions or language across all reports.""], ""rbi_mpr_2025_04_p088_c002"": [""Compare global-growth assumptions or language across all reports.""], ""rbi_mpr_2025_04_p091_c000"": [""Compare global-growth assumptions or language across all reports.""], ""rbi_mpr_2025_04_p092_c002"": [""Compare global-growth assumptions or language across all reports.""], ""rbi_mpr_2025_04_p092_c003"": [""Compare global-growth assumptions or language across all reports.""], ""rbi_mpr_2025_04_p098_c003"": [""Compare global-growth assumptions or language across all reports.""], ""rbi_mpr_2025_04_p099_c002"": [""Compare global-growth assumptions or language across all reports.""], ""rbi_mpr_2025_04_p099_c003"": [""Compare global-growth assumptions or language across all reports.""], ""rbi_mpr_2025_04_p100_c002"": [""Compare global-growth assumptions or language across all reports.""], ""rbi_mpr_2025_04_p100_c003"": [""Compare global-growth assumptions or language across all reports.""], ""rbi_mpr_2025_04_p101_c002"": [""Compare global-growth assumptions or language across all reports.""], ""rbi_mpr_2025_04_p101_c003"": [""Compare global-growth assumptions or language across all reports.""], ""rbi_mpr_2025_04_p101_c004"": [""Compare global-growth assumptions or language across all reports.""], ""rbi_mpr_2025_04_p101_c005"": [""Compare global-growth assumptions or language across all reports.""], ""rbi_mpr_2025_04_p102_c000"": [""Compare global-growth assumptions or language across all reports.""], ""rbi_mpr_2025_04_p103_c000"": [""Compare global-growth assumptions or language across all reports.""], ""rbi_mpr_2025_04_p103_c003"": [""Compare global-growth assumptions or language across all reports.""], ""rbi_mpr_2025_04_p109_c003"": [""Compare global-growth assumptions or language across all reports.""], ""rbi_mpr_2025_04_p110_c000"": [""Compare global-growth assumptions or language across all reports.""], ""rbi_mpr_2025_04_p110_c001"": [""Compare global-growth assumptions or language across all reports.""], ""rbi_mpr_2025_04_p110_c003"": [""Compare global-growth assumptions or language across all reports.""], ""rbi_mpr_2025_04_p114_c000"": [""Compare global-growth assumptions or language across all reports.""], ""rbi_mpr_2025_10_p008_c000"": [""Compare global-growth assumptions or language across all reports.""], ""rbi_mpr_2025_10_p008_c001"": [""Compare global-growth assumptions or language across all reports.""], ""rbi_mpr_2025_10_p009_c005"": [""Compare global-growth assumptions or language across all reports.""], ""rbi_mpr_2025_10_p010_c002"": [""Compare global-growth assumptions or language across all reports.""], ""rbi_mpr_2025_10_p011_c003"": [""Compare global-growth assumptions or language across all reports.""], ""rbi_mpr_2025_10_p011_c004"": [""Compare global-growth assumptions or language across all reports.""], ""rbi_mpr_2025_10_p013_c003"": [""Compare global-growth assumptions or language across all reports.""], ""rbi_mpr_2025_10_p013_c005"": [""Compare global-growth assumptions or language across all reports.""], ""rbi_mpr_2025_10_p014_c003"": [""Compare global-growth assumptions or language across all reports.""], ""rbi_mpr_2025_10_p016_c000"": [""Compare global-growth assumptions or language across all reports.""], ""rbi_mpr_2025_10_p016_c001"": [""Compare global-growth assumptions or language across all reports.""], ""rbi_mpr_2025_10_p016_c002"": [""Compare global-growth assumptions or language across all reports.""], ""rbi_mpr_2025_10_p016_c003"": [""Compare global-growth assumptions or language across all reports.""], ""rbi_mpr_2025_10_p017_c000"": [""Compare global-growth assumptions or language across all reports.""], ""rbi_mpr_2025_10_p017_c003"": [""Compare global-growth assumptions or language across all reports.""], ""rbi_mpr_2025_10_p017_c004"": [""Compare global-growth assumptions or language across all reports.""], ""rbi_mpr_2025_10_p017_c005"": [""Compare global-growth assumptions or language across all reports.""], ""rbi_mpr_2025_10_p019_c001"": [""Compare global-growth assumptions or language across all reports.""], ""rbi_mpr_2025_10_p019_c002"": [""Compare global-growth assumptions or language across all reports.""], ""rbi_mpr_2025_10_p019_c003"": [""Compare global-growth assumptions or language across all reports.""], ""rbi_mpr_2025_10_p020_c000"": [""Compare global-growth assumptions or language across all reports.""], ""rbi_mpr_2025_10_p020_c001"": [""Compare global-growth assumptions or language across all reports.""], ""rbi_mpr_2025_10_p020_c002"": [""Compare global-growth assumptions or language across all reports.""], ""rbi_mpr_2025_10_p020_c003"": [""Compare global-growth assumptions or language across all reports.""], ""rbi_mpr_2025_10_p021_c000"": [""Compare global-growth assumptions or language across all reports.""], ""rbi_mpr_2025_10_p021_c001"": [""Compare global-growth assumptions or language across all reports.""], ""rbi_mpr_2025_10_p021_c004"": [""Compare global-growth assumptions or language across all reports.""], ""rbi_mpr_2025_10_p021_c005"": [""Compare global-growth assumptions or language across all reports.""], ""rbi_mpr_2025_10_p022_c001"": [""Compare global-growth assumptions or language across all reports.""], ""rbi_mpr_2025_10_p022_c002"": [""Compare global-growth assumptions or language across all reports.""], ""rbi_mpr_2025_10_p027_c001"": [""Compare global-growth assumptions or language across all reports.""], ""rbi_mpr_2025_10_p027_c002"": [""Compare global-growth assumptions or language across all reports.""], ""rbi_mpr_2025_10_p028_c000"": [""Compare global-growth assumptions or language across all reports.""], ""rbi_mpr_2025_10_p033_c001"": [""Compare global-growth assumptions or language across all reports.""], ""rbi_mpr_2025_10_p034_c003"": [""Compare global-growth assumptions or language across all reports.""], ""rbi_mpr_2025_10_p034_c004"": [""Compare global-growth assumptions or language across all reports.""], ""rbi_mpr_2025_10_p034_c005"": [""Compare global-growth assumptions or language across all reports.""], ""rbi_mpr_2025_10_p035_c000"": [""Compare global-growth assumptions or language across all reports.""], ""rbi_mpr_2025_10_p035_c002"": [""Compare global-growth assumptions or language across all reports.""], ""rbi_mpr_2025_10_p037_c002"": [""Compare global-growth assumptions or language across all reports.""], ""rbi_mpr_2025_10_p038_c004"": [""Compare global-growth assumptions or language across all reports.""], ""rbi_mpr_2025_10_p041_c004"": [""Compare global-growth assumptions or language across all reports.""], ""rbi_mpr_2025_10_p042_c002"": [""Compare global-growth assumptions or language across all reports.""], ""rbi_mpr_2025_10_p042_c003"": [""Compare global-growth assumptions or language across all reports.""], ""rbi_mpr_2025_10_p042_c004"": [""Compare global-growth assumptions or language across all reports.""], ""rbi_mpr_2025_10_p043_c002"": [""Compare global-growth assumptions or language across all reports.""], ""rbi_mpr_2025_10_p043_c003"": [""Compare global-growth assumptions or language across all reports.""], ""rbi_mpr_2025_10_p046_c002"": [""Compare global-growth assumptions or language across all reports.""], ""rbi_mpr_2025_10_p047_c000"": [""Compare global-growth assumptions or language across all reports.""], ""rbi_mpr_2025_10_p047_c002"": [""Compare global-growth assumptions or language across all reports.""], ""rbi_mpr_2025_10_p048_c000"": [""Compare global-growth assumptions or language across all reports.""], ""rbi_mpr_2025_10_p049_c001"": [""Compare global-growth assumptions or language across all reports.""], ""rbi_mpr_2025_10_p049_c003"": [""Compare global-growth assumptions or language across all reports.""], ""rbi_mpr_2025_10_p053_c001"": [""Compare global-growth assumptions or language across all reports.""], ""rbi_mpr_2025_10_p055_c001"": [""Compare global-growth assumptions or language across all reports.""], ""rbi_mpr_2025_10_p055_c002"": [""Compare global-growth assumptions or language across all reports.""], ""rbi_mpr_2025_10_p055_c003"": [""Compare global-growth assumptions or language across all reports.""], ""rbi_mpr_2025_10_p055_c004"": [""Compare global-growth assumptions or language across all reports.""], ""rbi_mpr_2025_10_p056_c002"": [""Compare global-growth assumptions or language across all reports.""], ""rbi_mpr_2025_10_p057_c000"": [""Compare global-growth assumptions or language across all reports.""], ""rbi_mpr_2025_10_p058_c002"": [""Compare global-growth assumptions or language across all reports.""], ""rbi_mpr_2025_10_p059_c000"": [""Compare global-growth assumptions or language across all reports.""], ""rbi_mpr_2025_10_p061_c000"": [""Compare global-growth assumptions or language across all reports.""], ""rbi_mpr_2025_10_p061_c004"": [""Compare global-growth assumptions or language across all reports.""], ""rbi_mpr_2025_10_p062_c001"": [""Compare global-growth assumptions or language across all reports.""], ""rbi_mpr_2025_10_p065_c004"": [""Compare global-growth assumptions or language across all reports.""], ""rbi_mpr_2025_10_p076_c000"": [""Compare global-growth assumptions or language across all reports.""], ""rbi_mpr_2025_10_p076_c001"": [""Compare global-growth assumptions or language across all reports.""], ""rbi_mpr_2025_10_p083_c000"": [""Compare global-growth assumptions or language across all reports.""], ""rbi_mpr_2025_10_p083_c001"": [""Compare global-growth assumptions or language across all reports.""], ""rbi_mpr_2025_10_p084_c002"": [""Compare global-growth assumptions or language across all reports.""], ""rbi_mpr_2025_10_p084_c003"": [""Compare global-growth assumptions or language across all reports.""], ""rbi_mpr_2025_10_p085_c001"": [""Compare global-growth assumptions or language across all reports.""], ""rbi_mpr_2025_10_p085_c003"": [""Compare global-growth assumptions or language across all reports.""], ""rbi_mpr_2025_10_p086_c002"": [""Compare global-growth assumptions or language across all reports.""], ""rbi_mpr_2025_10_p086_c003"": [""Compare global-growth assumptions or language across all reports.""], ""rbi_mpr_2025_10_p087_c003"": [""Compare global-growth assumptions or language across all reports.""], ""rbi_mpr_2025_10_p088_c003"": [""Compare global-growth assumptions or language across all reports.""], ""rbi_mpr_2025_10_p091_c000"": [""Compare global-growth assumptions or language across all reports.""], ""rbi_mpr_2025_10_p095_c000"": [""Compare global-growth assumptions or language across all reports.""], ""rbi_mpr_2025_10_p095_c003"": [""Compare global-growth assumptions or language across all reports.""], ""rbi_mpr_2025_10_p096_c002"": [""Compare global-growth assumptions or language across all reports.""], ""rbi_mpr_2025_10_p096_c004"": [""Compare global-growth assumptions or language across all reports.""], ""rbi_mpr_2025_10_p097_c000"": [""Compare global-growth assumptions or language across all reports.""], ""rbi_mpr_2025_10_p097_c002"": [""Compare global-growth assumptions or language across all reports.""], ""rbi_mpr_2025_10_p097_c003"": [""Compare global-growth assumptions or language across all reports.""], ""rbi_mpr_2025_10_p097_c004"": [""Compare global-growth assumptions or language across all reports.""], ""rbi_mpr_2025_10_p098_c000"": [""Compare global-growth assumptions or language across all reports.""], ""rbi_mpr_2025_10_p102_c003"": [""Compare global-growth assumptions or language across all reports.""], ""rbi_mpr_2026_04_p013_c000"": [""Compare global-growth assumptions or language across all reports.""], ""rbi_mpr_2026_04_p013_c001"": [""Compare global-growth assumptions or language across all reports.""], ""rbi_mpr_2026_04_p013_c003"": [""Compare global-growth assumptions or language across all reports.""], ""rbi_mpr_2026_04_p013_c004"": [""Compare global-growth assumptions or language across all reports.""], ""rbi_mpr_2026_04_p015_c001"": [""Compare global-growth assumptions or language across all reports.""], ""rbi_mpr_2026_04_p015_c002"": [""Compare global-growth assumptions or language across all reports.""], ""rbi_mpr_2026_04_p015_c003"": [""Compare global-growth assumptions or language across all reports.""], ""rbi_mpr_2026_04_p017_c001"": [""Compare global-growth assumptions or language across all reports.""], ""rbi_mpr_2026_04_p017_c002"": [""Compare global-growth assumptions or language across all reports.""], ""rbi_mpr_2026_04_p018_c001"": [""Compare global-growth assumptions or language across all reports.""], ""rbi_mpr_2026_04_p021_c003"": [""Compare global-growth assumptions or language across all reports.""], ""rbi_mpr_2026_04_p023_c000"": [""Compare global-growth assumptions or language across all reports.""], ""rbi_mpr_2026_04_p035_c003"": [""Compare global-growth assumptions or language across all reports.""], ""rbi_mpr_2026_04_p038_c002"": [""Compare global-growth assumptions or language across all reports.""], ""rbi_mpr_2026_04_p042_c001"": [""Compare global-growth assumptions or language across all reports.""], ""rbi_mpr_2026_04_p043_c000"": [""Compare global-growth assumptions or language across all reports.""], ""rbi_mpr_2026_04_p044_c000"": [""Compare global-growth assumptions or language across all reports.""], ""rbi_mpr_2026_04_p044_c001"": [""Compare global-growth assumptions or language across all reports.""], ""rbi_mpr_2026_04_p044_c002"": [""Compare global-growth assumptions or language across all reports.""], ""rbi_mpr_2026_04_p047_c004"": [""Compare global-growth assumptions or language across all reports.""], ""rbi_mpr_2026_04_p049_c001"": [""Compare global-growth assumptions or language across all reports.""], ""rbi_mpr_2026_04_p050_c000"": [""Compare global-growth assumptions or language across all reports.""], ""rbi_mpr_2026_04_p050_c001"": [""Compare global-growth assumptions or language across all reports.""], ""rbi_mpr_2026_04_p055_c003"": [""Compare global-growth assumptions or language across all reports.""], ""rbi_mpr_2026_04_p056_c000"": [""Compare global-growth assumptions or language across all reports.""], ""rbi_mpr_2026_04_p056_c001"": [""Compare global-growth assumptions or language across all reports.""], ""rbi_mpr_2026_04_p056_c002"": [""Compare global-growth assumptions or language across all reports.""], ""rbi_mpr_2026_04_p056_c003"": [""Compare global-growth assumptions or language across all reports.""], ""rbi_mpr_2026_04_p057_c001"": [""Compare global-growth assumptions or language across all reports.""], ""rbi_mpr_2026_04_p057_c004"": [""Compare global-growth assumptions or language across all reports.""], ""rbi_mpr_2026_04_p058_c000"": [""Compare global-growth assumptions or language across all reports.""], ""rbi_mpr_2026_04_p058_c001"": [""Compare global-growth assumptions or language across all reports.""], ""rbi_mpr_2026_04_p058_c002"": [""Compare global-growth assumptions or language across all reports.""], ""rbi_mpr_2026_04_p059_c000"": [""Compare global-growth assumptions or language across all reports.""], ""rbi_mpr_2026_04_p059_c003"": [""Compare global-growth assumptions or language across all reports.""], ""rbi_mpr_2026_04_p061_c000"": [""Compare global-growth assumptions or language across all reports.""], ""rbi_mpr_2026_04_p062_c003"": [""Compare global-growth assumptions or language across all reports.""], ""rbi_mpr_2026_04_p066_c003"": [""Compare global-growth assumptions or language across all reports.""], ""rbi_mpr_2026_04_p067_c001"": [""Compare global-growth assumptions or language across all reports.""], ""rbi_mpr_2026_04_p067_c002"": [""Compare global-growth assumptions or language across all reports.""], ""rbi_mpr_2026_04_p069_c001"": [""Compare global-growth assumptions or language across all reports.""], ""rbi_mpr_2026_04_p069_c003"": [""Compare global-growth assumptions or language across all reports.""], ""rbi_mpr_2026_04_p070_c000"": [""Compare global-growth assumptions or language across all reports.""], ""rbi_mpr_2026_04_p071_c000"": [""Compare global-growth assumptions or language across all reports.""], ""rbi_mpr_2026_04_p071_c001"": [""Compare global-growth assumptions or language across all reports.""], ""rbi_mpr_2026_04_p073_c000"": [""Compare global-growth assumptions or language across all reports.""], ""rbi_mpr_2026_04_p073_c001"": [""Compare global-growth assumptions or language across all reports.""], ""rbi_mpr_2026_04_p073_c002"": [""Compare global-growth assumptions or language across all reports.""], ""rbi_mpr_2026_04_p075_c000"": [""Compare global-growth assumptions or language across all reports.""], ""rbi_mpr_2026_04_p076_c001"": [""Compare global-growth assumptions or language across all reports.""], ""rbi_mpr_2026_04_p076_c002"": [""Compare global-growth assumptions or language across all reports.""], ""rbi_mpr_2026_04_p076_c003"": [""Compare global-growth assumptions or language across all reports.""], ""rbi_mpr_2026_04_p077_c000"": [""Compare global-growth assumptions or language across all reports.""], ""rbi_mpr_2026_04_p077_c001"": [""Compare global-growth assumptions or language across all reports.""], ""rbi_mpr_2026_04_p077_c003"": [""Compare global-growth assumptions or language across all reports.""], ""rbi_mpr_2026_04_p081_c001"": [""Compare global-growth assumptions or language across all reports.""], ""rbi_mpr_2026_04_p081_c002"": [""Compare global-growth assumptions or language across all reports.""], ""rbi_mpr_2026_04_p081_c004"": [""Compare global-growth assumptions or language across all reports.""], ""rbi_mpr_2026_04_p081_c005"": [""Compare global-growth assumptions or language across all reports.""], ""rbi_mpr_2026_04_p082_c001"": [""Compare global-growth assumptions or language across all reports.""], ""rbi_mpr_2026_04_p083_c000"": [""Compare global-growth assumptions or language across all reports.""], ""rbi_mpr_2026_04_p083_c003"": [""Compare global-growth assumptions or language across all reports.""], ""rbi_mpr_2026_04_p083_c004"": [""Compare global-growth assumptions or language across all reports.""], ""rbi_mpr_2026_04_p083_c007"": [""Compare global-growth assumptions or language across all reports.""], ""rbi_mpr_2026_04_p087_c000"": [""Compare global-growth assumptions or language across all reports.""], ""rbi_mpr_2026_04_p096_c001"": [""Compare global-growth assumptions or language across all reports.""], ""rbi_mpr_2026_04_p096_c002"": [""Compare global-growth assumptions or language across all reports.""], ""rbi_mpr_2026_04_p096_c003"": [""Compare global-growth assumptions or language across all reports.""], ""rbi_mpr_2026_04_p096_c004"": [""Compare global-growth assumptions or language across all reports.""], ""rbi_mpr_2026_04_p099_c003"": [""Compare global-growth assumptions or language across all reports.""], ""rbi_mpr_2026_04_p100_c002"": [""Compare global-growth assumptions or language across all reports.""], ""rbi_mpr_2026_04_p101_c001"": [""Compare global-growth assumptions or language across all reports.""], ""rbi_mpr_2026_04_p102_c003"": [""Compare global-growth assumptions or language across all reports.""], ""rbi_mpr_2026_04_p102_c004"": [""Compare global-growth assumptions or language across all reports.""], ""rbi_mpr_2026_04_p103_c003"": [""Compare global-growth assumptions or language across all reports.""], ""rbi_mpr_2026_04_p105_c001"": [""Compare global-growth assumptions or language across all reports.""], ""rbi_mpr_2026_04_p107_c000"": [""Compare global-growth assumptions or language across all reports.""], ""rbi_mpr_2026_04_p107_c004"": [""Compare global-growth assumptions or language across all reports.""], ""rbi_mpr_2026_04_p108_c002"": [""Compare global-growth assumptions or language across all reports.""], ""rbi_mpr_2026_04_p109_c001"": [""Compare global-growth assumptions or language across all reports.""], ""rbi_mpr_2026_04_p109_c003"": [""Compare global-growth assumptions or language across all reports.""], ""rbi_mpr_2026_04_p110_c001"": [""Compare global-growth assumptions or language across all reports.""], ""rbi_mpr_2026_04_p111_c000"": [""Compare global-growth assumptions or language across all reports.""], ""rbi_mpr_2026_04_p111_c001"": [""Compare global-growth assumptions or language across all reports.""], ""rbi_mpr_2026_04_p111_c002"": [""Compare global-growth assumptions or language across all reports.""], ""rbi_mpr_2026_04_p111_c003"": [""Compare global-growth assumptions or language across all reports.""], ""rbi_mpr_2026_04_p112_c000"": [""Compare global-growth assumptions or language across all reports.""], ""rbi_mpr_2026_04_p112_c001"": [""Compare global-growth assumptions or language across all reports.""], ""rbi_mpr_2026_04_p112_c003"": [""Compare global-growth assumptions or language across all reports.""], ""rbi_mpr_2026_04_p112_c004"": [""Compare global-growth assumptions or language across all reports.""], ""rbi_mpr_2026_04_p113_c002"": [""Compare global-growth assumptions or language across all reports.""], ""rbi_mpr_2026_04_p114_c000"": [""Compare global-growth assumptions or language across all reports.""]}, ""candidate_source_retriever"": {""rbi_mpr_2025_04_p005_c001"": [""bm25""], ""rbi_mpr_2025_04_p011_c004"": [""dense""], ""rbi_mpr_2025_04_p012_c004"": [""dense""], ""rbi_mpr_2025_04_p013_c000"": [""dense""], ""rbi_mpr_2025_04_p016_c003"": [""bm25""], ""rbi_mpr_2025_04_p018_c000"": [""bm25""], ""rbi_mpr_2025_04_p018_c003"": [""dense""], ""rbi_mpr_2025_04_p019_c000"": [""dense""], ""rbi_mpr_2025_04_p019_c001"": [""bm25""], ""rbi_mpr_2025_04_p019_c002"": [""dense""], ""rbi_mpr_2025_04_p019_c003"": [""bm25""], ""rbi_mpr_2025_04_p019_c004"": [""bm25""], ""rbi_mpr_2025_04_p020_c000"": [""bm25"", ""dense""], ""rbi_mpr_2025_04_p020_c002"": [""dense""], ""rbi_mpr_2025_04_p020_c003"": [""dense""], ""rbi_mpr_2025_04_p021_c000"": [""bm25"", ""dense""], ""rbi_mpr_2025_04_p021_c001"": [""bm25"", ""dense""], ""rbi_mpr_2025_04_p021_c002"": [""dense""], ""rbi_mpr_2025_04_p021_c003"": [""bm25"", ""dense""], ""rbi_mpr_2025_04_p021_c004"": [""bm25""], ""rbi_mpr_2025_04_p023_c003"": [""dense""], ""rbi_mpr_2025_04_p027_c000"": [""bm25""], ""rbi_mpr_2025_04_p027_c001"": [""bm25""], ""rbi_mpr_2025_04_p027_c002"": [""bm25""], ""rbi_mpr_2025_04_p028_c000"": [""bm25""], ""rbi_mpr_2025_04_p028_c001"": [""bm25""], ""rbi_mpr_2025_04_p028_c002"": [""bm25""], ""rbi_mpr_2025_04_p028_c003"": [""bm25""], ""rbi_mpr_2025_04_p029_c002"": [""bm25""], ""rbi_mpr_2025_04_p029_c003"": [""bm25""], ""rbi_mpr_2025_04_p029_c004"": [""bm25""], ""rbi_mpr_2025_04_p037_c000"": [""bm25""], ""rbi_mpr_2025_04_p038_c000"": [""bm25""], ""rbi_mpr_2025_04_p039_c002"": [""bm25""], ""rbi_mpr_2025_04_p040_c000"": [""bm25""], ""rbi_mpr_2025_04_p041_c000"": [""bm25""], ""rbi_mpr_2025_04_p041_c001"": [""bm25""], ""rbi_mpr_2025_04_p044_c003"": [""dense""], ""rbi_mpr_2025_04_p047_c002"": [""dense""], ""rbi_mpr_2025_04_p047_c003"": [""dense""], ""rbi_mpr_2025_04_p047_c004"": [""bm25"", ""dense""], ""rbi_mpr_2025_04_p048_c001"": [""dense""], ""rbi_mpr_2025_04_p048_c002"": [""dense""], ""rbi_mpr_2025_04_p048_c003"": [""dense""], ""rbi_mpr_2025_04_p052_c000"": [""dense""], ""rbi_mpr_2025_04_p052_c002"": [""dense""], ""rbi_mpr_2025_04_p053_c002"": [""dense""], ""rbi_mpr_2025_04_p056_c002"": [""bm25""], ""rbi_mpr_2025_04_p057_c002"": [""bm25""], ""rbi_mpr_2025_04_p057_c003"": [""bm25""], ""rbi_mpr_2025_04_p057_c004"": [""dense""], ""rbi_mpr_2025_04_p058_c000"": [""dense""], ""rbi_mpr_2025_04_p058_c001"": [""dense""], ""rbi_mpr_2025_04_p058_c003"": [""bm25""], ""rbi_mpr_2025_04_p059_c004"": [""dense""], ""rbi_mpr_2025_04_p060_c001"": [""dense""], ""rbi_mpr_2025_04_p063_c003"": [""dense""], ""rbi_mpr_2025_04_p064_c002"": [""dense""], ""rbi_mpr_2025_04_p065_c002"": [""dense""], ""rbi_mpr_2025_04_p066_c001"": [""dense""], ""rbi_mpr_2025_04_p066_c002"": [""dense""], ""rbi_mpr_2025_04_p066_c003"": [""dense""], ""rbi_mpr_2025_04_p067_c000"": [""dense""], ""rbi_mpr_2025_04_p067_c001"": [""bm25""], ""rbi_mpr_2025_04_p067_c002"": [""bm25""], ""rbi_mpr_2025_04_p069_c003"": [""bm25""], ""rbi_mpr_2025_04_p070_c002"": [""bm25""], ""rbi_mpr_2025_04_p073_c003"": [""bm25""], ""rbi_mpr_2025_04_p074_c000"": [""bm25""], ""rbi_mpr_2025_04_p085_c000"": [""bm25""], ""rbi_mpr_2025_04_p085_c001"": [""bm25""], ""rbi_mpr_2025_04_p088_c000"": [""bm25""], ""rbi_mpr_2025_04_p088_c002"": [""bm25""], ""rbi_mpr_2025_04_p091_c000"": [""bm25"", ""dense""], ""rbi_mpr_2025_04_p092_c002"": [""dense""], ""rbi_mpr_2025_04_p092_c003"": [""bm25""], ""rbi_mpr_2025_04_p098_c003"": [""bm25""], ""rbi_mpr_2025_04_p099_c002"": [""dense""], ""rbi_mpr_2025_04_p099_c003"": [""dense""], ""rbi_mpr_2025_04_p100_c002"": [""dense""], ""rbi_mpr_2025_04_p100_c003"": [""dense""], ""rbi_mpr_2025_04_p101_c002"": [""dense""], ""rbi_mpr_2025_04_p101_c003"": [""dense""], ""rbi_mpr_2025_04_p101_c004"": [""dense""], ""rbi_mpr_2025_04_p101_c005"": [""dense""], ""rbi_mpr_2025_04_p102_c000"": [""dense""], ""rbi_mpr_2025_04_p103_c000"": [""dense""], ""rbi_mpr_2025_04_p103_c003"": [""dense""], ""rbi_mpr_2025_04_p109_c003"": [""bm25""], ""rbi_mpr_2025_04_p110_c000"": [""bm25""], ""rbi_mpr_2025_04_p110_c001"": [""bm25""], ""rbi_mpr_2025_04_p110_c003"": [""bm25"", ""dense""], ""rbi_mpr_2025_04_p114_c000"": [""bm25""], ""rbi_mpr_2025_10_p008_c000"": [""dense""], ""rbi_mpr_2025_10_p008_c001"": [""dense""], ""rbi_mpr_2025_10_p009_c005"": [""bm25"", ""dense""], ""rbi_mpr_2025_10_p010_c002"": [""bm25""], ""rbi_mpr_2025_10_p011_c003"": [""bm25""], ""rbi_mpr_2025_10_p011_c004"": [""bm25""], ""rbi_mpr_2025_10_p013_c003"": [""dense""], ""rbi_mpr_2025_10_p013_c005"": [""dense""], ""rbi_mpr_2025_10_p014_c003"": [""bm25""], ""rbi_mpr_2025_10_p016_c000"": [""dense""], ""rbi_mpr_2025_10_p016_c001"": [""dense""], ""rbi_mpr_2025_10_p016_c002"": [""bm25""], ""rbi_mpr_2025_10_p016_c003"": [""bm25""], ""rbi_mpr_2025_10_p017_c000"": [""bm25""], ""rbi_mpr_2025_10_p017_c003"": [""bm25""], ""rbi_mpr_2025_10_p017_c004"": [""bm25""], ""rbi_mpr_2025_10_p017_c005"": [""dense""], ""rbi_mpr_2025_10_p019_c001"": [""dense""], ""rbi_mpr_2025_10_p019_c002"": [""bm25"", ""dense""], ""rbi_mpr_2025_10_p019_c003"": [""bm25""], ""rbi_mpr_2025_10_p020_c000"": [""bm25"", ""dense""], ""rbi_mpr_2025_10_p020_c001"": [""bm25"", ""dense""], ""rbi_mpr_2025_10_p020_c002"": [""dense""], ""rbi_mpr_2025_10_p020_c003"": [""dense""], ""rbi_mpr_2025_10_p021_c000"": [""bm25""], ""rbi_mpr_2025_10_p021_c001"": [""bm25""], ""rbi_mpr_2025_10_p021_c004"": [""bm25"", ""dense""], ""rbi_mpr_2025_10_p021_c005"": [""bm25""], ""rbi_mpr_2025_10_p022_c001"": [""dense""], ""rbi_mpr_2025_10_p022_c002"": [""dense""], ""rbi_mpr_2025_10_p027_c001"": [""bm25""], ""rbi_mpr_2025_10_p027_c002"": [""bm25""], ""rbi_mpr_2025_10_p028_c000"": [""bm25""], ""rbi_mpr_2025_10_p033_c001"": [""bm25""], ""rbi_mpr_2025_10_p034_c003"": [""bm25""], ""rbi_mpr_2025_10_p034_c004"": [""bm25""], ""rbi_mpr_2025_10_p034_c005"": [""bm25""], ""rbi_mpr_2025_10_p035_c000"": [""bm25""], ""rbi_mpr_2025_10_p035_c002"": [""bm25""], ""rbi_mpr_2025_10_p037_c002"": [""bm25""], ""rbi_mpr_2025_10_p038_c004"": [""dense""], ""rbi_mpr_2025_10_p041_c004"": [""bm25""], ""rbi_mpr_2025_10_p042_c002"": [""bm25"", ""dense""], ""rbi_mpr_2025_10_p042_c003"": [""dense""], ""rbi_mpr_2025_10_p042_c004"": [""bm25"", ""dense""], ""rbi_mpr_2025_10_p043_c002"": [""dense""], ""rbi_mpr_2025_10_p043_c003"": [""dense""], ""rbi_mpr_2025_10_p046_c002"": [""dense""], ""rbi_mpr_2025_10_p047_c000"": [""dense""], ""rbi_mpr_2025_10_p047_c002"": [""bm25""], ""rbi_mpr_2025_10_p048_c000"": [""dense""], ""rbi_mpr_2025_10_p049_c001"": [""dense""], ""rbi_mpr_2025_10_p049_c003"": [""dense""], ""rbi_mpr_2025_10_p053_c001"": [""bm25"", ""dense""], ""rbi_mpr_2025_10_p055_c001"": [""bm25""], ""rbi_mpr_2025_10_p055_c002"": [""bm25""], ""rbi_mpr_2025_10_p055_c003"": [""bm25""], ""rbi_mpr_2025_10_p055_c004"": [""bm25""], ""rbi_mpr_2025_10_p056_c002"": [""dense""], ""rbi_mpr_2025_10_p057_c000"": [""bm25""], ""rbi_mpr_2025_10_p058_c002"": [""dense""], ""rbi_mpr_2025_10_p059_c000"": [""bm25""], ""rbi_mpr_2025_10_p061_c000"": [""dense""], ""rbi_mpr_2025_10_p061_c004"": [""dense""], ""rbi_mpr_2025_10_p062_c001"": [""dense""], ""rbi_mpr_2025_10_p065_c004"": [""bm25""], ""rbi_mpr_2025_10_p076_c000"": [""bm25""], ""rbi_mpr_2025_10_p076_c001"": [""bm25""], ""rbi_mpr_2025_10_p083_c000"": [""bm25"", ""dense""], ""rbi_mpr_2025_10_p083_c001"": [""bm25""], ""rbi_mpr_2025_10_p084_c002"": [""bm25"", ""dense""], ""rbi_mpr_2025_10_p084_c003"": [""bm25""], ""rbi_mpr_2025_10_p085_c001"": [""dense""], ""rbi_mpr_2025_10_p085_c003"": [""dense""], ""rbi_mpr_2025_10_p086_c002"": [""bm25"", ""dense""], ""rbi_mpr_2025_10_p086_c003"": [""dense""], ""rbi_mpr_2025_10_p087_c003"": [""dense""], ""rbi_mpr_2025_10_p088_c003"": [""bm25""], ""rbi_mpr_2025_10_p091_c000"": [""bm25""], ""rbi_mpr_2025_10_p095_c000"": [""dense""], ""rbi_mpr_2025_10_p095_c003"": [""dense""], ""rbi_mpr_2025_10_p096_c002"": [""dense""], ""rbi_mpr_2025_10_p096_c004"": [""dense""], ""rbi_mpr_2025_10_p097_c000"": [""dense""], ""rbi_mpr_2025_10_p097_c002"": [""dense""], ""rbi_mpr_2025_10_p097_c003"": [""dense""], ""rbi_mpr_2025_10_p097_c004"": [""dense""], ""rbi_mpr_2025_10_p098_c000"": [""dense""], ""rbi_mpr_2025_10_p102_c003"": [""bm25""], ""rbi_mpr_2026_04_p013_c000"": [""dense""], ""rbi_mpr_2026_04_p013_c001"": [""dense""], ""rbi_mpr_2026_04_p013_c003"": [""dense""], ""rbi_mpr_2026_04_p013_c004"": [""dense""], ""rbi_mpr_2026_04_p015_c001"": [""dense""], ""rbi_mpr_2026_04_p015_c002"": [""dense""], ""rbi_mpr_2026_04_p015_c003"": [""dense""], ""rbi_mpr_2026_04_p017_c001"": [""bm25""], ""rbi_mpr_2026_04_p017_c002"": [""bm25""], ""rbi_mpr_2026_04_p018_c001"": [""bm25""], ""rbi_mpr_2026_04_p021_c003"": [""dense""], ""rbi_mpr_2026_04_p023_c000"": [""bm25""], ""rbi_mpr_2026_04_p035_c003"": [""bm25""], ""rbi_mpr_2026_04_p038_c002"": [""bm25""], ""rbi_mpr_2026_04_p042_c001"": [""bm25""], ""rbi_mpr_2026_04_p043_c000"": [""bm25""], ""rbi_mpr_2026_04_p044_c000"": [""bm25""], ""rbi_mpr_2026_04_p044_c001"": [""dense""], ""rbi_mpr_2026_04_p044_c002"": [""dense""], ""rbi_mpr_2026_04_p047_c004"": [""bm25""], ""rbi_mpr_2026_04_p049_c001"": [""bm25""], ""rbi_mpr_2026_04_p050_c000"": [""bm25""], ""rbi_mpr_2026_04_p050_c001"": [""bm25""], ""rbi_mpr_2026_04_p055_c003"": [""dense""], ""rbi_mpr_2026_04_p056_c000"": [""dense""], ""rbi_mpr_2026_04_p056_c001"": [""dense""], ""rbi_mpr_2026_04_p056_c002"": [""bm25"", ""dense""], ""rbi_mpr_2026_04_p056_c003"": [""dense""], ""rbi_mpr_2026_04_p057_c001"": [""dense""], ""rbi_mpr_2026_04_p057_c004"": [""dense""], ""rbi_mpr_2026_04_p058_c000"": [""dense""], ""rbi_mpr_2026_04_p058_c001"": [""dense""], ""rbi_mpr_2026_04_p058_c002"": [""dense""], ""rbi_mpr_2026_04_p059_c000"": [""dense""], ""rbi_mpr_2026_04_p059_c003"": [""dense""], ""rbi_mpr_2026_04_p061_c000"": [""dense""], ""rbi_mpr_2026_04_p062_c003"": [""dense""], ""rbi_mpr_2026_04_p066_c003"": [""dense""], ""rbi_mpr_2026_04_p067_c001"": [""dense""], ""rbi_mpr_2026_04_p067_c002"": [""bm25"", ""dense""], ""rbi_mpr_2026_04_p069_c001"": [""bm25""], ""rbi_mpr_2026_04_p069_c003"": [""bm25""], ""rbi_mpr_2026_04_p070_c000"": [""bm25""], ""rbi_mpr_2026_04_p071_c000"": [""bm25""], ""rbi_mpr_2026_04_p071_c001"": [""bm25""], ""rbi_mpr_2026_04_p073_c000"": [""bm25"", ""dense""], ""rbi_mpr_2026_04_p073_c001"": [""dense""], ""rbi_mpr_2026_04_p073_c002"": [""dense""], ""rbi_mpr_2026_04_p075_c000"": [""dense""], ""rbi_mpr_2026_04_p076_c001"": [""dense""], ""rbi_mpr_2026_04_p076_c002"": [""dense""], ""rbi_mpr_2026_04_p076_c003"": [""dense""], ""rbi_mpr_2026_04_p077_c000"": [""bm25""], ""rbi_mpr_2026_04_p077_c001"": [""dense""], ""rbi_mpr_2026_04_p077_c003"": [""dense""], ""rbi_mpr_2026_04_p081_c001"": [""bm25""], ""rbi_mpr_2026_04_p081_c002"": [""bm25""], ""rbi_mpr_2026_04_p081_c004"": [""bm25""], ""rbi_mpr_2026_04_p081_c005"": [""bm25""], ""rbi_mpr_2026_04_p082_c001"": [""bm25""], ""rbi_mpr_2026_04_p083_c000"": [""bm25""], ""rbi_mpr_2026_04_p083_c003"": [""bm25""], ""rbi_mpr_2026_04_p083_c004"": [""bm25""], ""rbi_mpr_2026_04_p083_c007"": [""bm25""], ""rbi_mpr_2026_04_p087_c000"": [""bm25""], ""rbi_mpr_2026_04_p096_c001"": [""dense""], ""rbi_mpr_2026_04_p096_c002"": [""dense""], ""rbi_mpr_2026_04_p096_c003"": [""bm25""], ""rbi_mpr_2026_04_p096_c004"": [""bm25""], ""rbi_mpr_2026_04_p099_c003"": [""bm25""], ""rbi_mpr_2026_04_p100_c002"": [""bm25""], ""rbi_mpr_2026_04_p101_c001"": [""dense""], ""rbi_mpr_2026_04_p102_c003"": [""bm25""], ""rbi_mpr_2026_04_p102_c004"": [""bm25"", ""dense""], ""rbi_mpr_2026_04_p103_c003"": [""bm25""], ""rbi_mpr_2026_04_p105_c001"": [""bm25""], ""rbi_mpr_2026_04_p107_c000"": [""dense""], ""rbi_mpr_2026_04_p107_c004"": [""bm25""], ""rbi_mpr_2026_04_p108_c002"": [""bm25""], ""rbi_mpr_2026_04_p109_c001"": [""bm25""], ""rbi_mpr_2026_04_p109_c003"": [""dense""], ""rbi_mpr_2026_04_p110_c001"": [""dense""], ""rbi_mpr_2026_04_p111_c000"": [""dense""], ""rbi_mpr_2026_04_p111_c001"": [""bm25"", ""dense""], ""rbi_mpr_2026_04_p111_c002"": [""dense""], ""rbi_mpr_2026_04_p111_c003"": [""dense""], ""rbi_mpr_2026_04_p112_c000"": [""bm25"", ""dense""], ""rbi_mpr_2026_04_p112_c001"": [""bm25"", ""dense""], ""rbi_mpr_2026_04_p112_c003"": [""bm25"", ""dense""], ""rbi_mpr_2026_04_p112_c004"": [""bm25""], ""rbi_mpr_2026_04_p113_c002"": [""bm25""], ""rbi_mpr_2026_04_p114_c000"": [""bm25""]}, ""candidate_union_ids"": [""rbi_mpr_2025_10_p043_c003"", ""rbi_mpr_2025_10_p020_c003"", ""rbi_mpr_2025_10_p056_c002"", ""rbi_mpr_2025_10_p022_c002"", ""rbi_mpr_2025_10_p016_c000"", ""rbi_mpr_2025_10_p097_c003"", ""rbi_mpr_2025_10_p058_c002"", ""rbi_mpr_2025_10_p061_c004"", ""rbi_mpr_2025_10_p019_c001"", ""rbi_mpr_2025_10_p042_c004"", ""rbi_mpr_2025_10_p016_c001"", ""rbi_mpr_2025_10_p042_c003"", ""rbi_mpr_2025_10_p098_c000"", ""rbi_mpr_2025_10_p042_c002"", ""rbi_mpr_2025_10_p009_c005"", ""rbi_mpr_2025_10_p096_c002"", ""rbi_mpr_2025_10_p020_c000"", ""rbi_mpr_2025_10_p013_c005"", ""rbi_mpr_2025_10_p097_c002"", ""rbi_mpr_2025_10_p046_c002"", ""rbi_mpr_2025_10_p085_c001"", ""rbi_mpr_2025_10_p017_c005"", ""rbi_mpr_2025_10_p049_c003"", ""rbi_mpr_2025_10_p020_c001"", ""rbi_mpr_2025_10_p097_c004"", ""rbi_mpr_2025_10_p008_c000"", ""rbi_mpr_2025_10_p038_c004"", ""rbi_mpr_2025_10_p096_c004"", ""rbi_mpr_2025_10_p087_c003"", ""rbi_mpr_2025_10_p047_c000"", ""rbi_mpr_2025_10_p053_c001"", ""rbi_mpr_2025_10_p013_c003"", ""rbi_mpr_2025_10_p022_c001"", ""rbi_mpr_2025_10_p020_c002"", ""rbi_mpr_2025_10_p019_c002"", ""rbi_mpr_2025_10_p021_c004"", ""rbi_mpr_2025_10_p008_c001"", ""rbi_mpr_2025_10_p043_c002"", ""rbi_mpr_2025_10_p083_c000"", ""rbi_mpr_2025_10_p085_c003"", ""rbi_mpr_2025_10_p061_c000"", ""rbi_mpr_2025_10_p062_c001"", ""rbi_mpr_2025_10_p095_c000"", ""rbi_mpr_2025_10_p049_c001"", ""rbi_mpr_2025_10_p095_c003"", ""rbi_mpr_2025_10_p097_c000"", ""rbi_mpr_2025_10_p048_c000"", ""rbi_mpr_2025_10_p084_c002"", ""rbi_mpr_2025_10_p086_c003"", ""rbi_mpr_2025_10_p086_c002"", ""rbi_mpr_2025_10_p027_c002"", ""rbi_mpr_2025_10_p034_c005"", ""rbi_mpr_2025_10_p021_c000"", ""rbi_mpr_2025_10_p016_c002"", ""rbi_mpr_2025_10_p055_c002"", ""rbi_mpr_2025_10_p083_c001"", ""rbi_mpr_2025_10_p028_c000"", ""rbi_mpr_2025_10_p059_c000"", ""rbi_mpr_2025_10_p034_c004"", ""rbi_mpr_2025_10_p035_c000"", ""rbi_mpr_2025_10_p021_c005"", ""rbi_mpr_2025_10_p033_c001"", ""rbi_mpr_2025_10_p055_c003"", ""rbi_mpr_2025_10_p019_c003"", ""rbi_mpr_2025_10_p055_c004"", ""rbi_mpr_2025_10_p014_c003"", ""rbi_mpr_2025_10_p017_c000"", ""rbi_mpr_2025_10_p084_c003"", ""rbi_mpr_2025_10_p088_c003"", ""rbi_mpr_2025_10_p021_c001"", ""rbi_mpr_2025_10_p055_c001"", ""rbi_mpr_2025_10_p017_c004"", ""rbi_mpr_2025_10_p011_c003"", ""rbi_mpr_2025_10_p017_c003"", ""rbi_mpr_2025_10_p010_c002"", ""rbi_mpr_2025_10_p027_c001"", ""rbi_mpr_2025_10_p091_c000"", ""rbi_mpr_2025_10_p011_c004"", ""rbi_mpr_2025_10_p076_c000"", ""rbi_mpr_2025_10_p016_c003"", ""rbi_mpr_2025_10_p034_c003"", ""rbi_mpr_2025_10_p076_c001"", ""rbi_mpr_2025_10_p037_c002"", ""rbi_mpr_2025_10_p035_c002"", ""rbi_mpr_2025_10_p065_c004"", ""rbi_mpr_2025_10_p041_c004"", ""rbi_mpr_2025_10_p047_c002"", ""rbi_mpr_2025_10_p102_c003"", ""rbi_mpr_2025_10_p057_c000""], ""candidate_union_pages"": [43, 20, 56, 22, 16, 97, 58, 61, 19, 42, 16, 42, 98, 42, 9, 96, 20, 13, 97, 46, 85, 17, 49, 20, 97, 8, 38, 96, 87, 47, 53, 13, 22, 20, 19, 21, 8, 43, 83, 85, 61, 62, 95, 49, 95, 97, 48, 84, 86, 86, 27, 34, 21, 16, 55, 83, 28, 59, 34, 35, 21, 33, 55, 19, 55, 14, 17, 84, 88, 21, 55, 17, 11, 17, 10, 27, 91, 11, 76, 16, 34, 76, 37, 35, 65, 41, 47, 102, 57], ""dense_candidate_ids"": [""rbi_mpr_2025_10_p043_c003"", ""rbi_mpr_2025_10_p020_c003"", ""rbi_mpr_2025_10_p056_c002"", ""rbi_mpr_2025_10_p022_c002"", ""rbi_mpr_2025_10_p016_c000"", ""rbi_mpr_2025_10_p097_c003"", ""rbi_mpr_2025_10_p058_c002"", ""rbi_mpr_2025_10_p061_c004"", ""rbi_mpr_2025_10_p019_c001"", ""rbi_mpr_2025_10_p042_c004"", ""rbi_mpr_2025_10_p016_c001"", ""rbi_mpr_2025_10_p042_c003"", ""rbi_mpr_2025_10_p098_c000"", ""rbi_mpr_2025_10_p042_c002"", ""rbi_mpr_2025_10_p009_c005"", ""rbi_mpr_2025_10_p096_c002"", ""rbi_mpr_2025_10_p020_c000"", ""rbi_mpr_2025_10_p013_c005"", ""rbi_mpr_2025_10_p097_c002"", ""rbi_mpr_2025_10_p046_c002"", ""rbi_mpr_2025_10_p085_c001"", ""rbi_mpr_2025_10_p017_c005"", ""rbi_mpr_2025_10_p049_c003"", ""rbi_mpr_2025_10_p020_c001"", ""rbi_mpr_2025_10_p097_c004"", ""rbi_mpr_2025_10_p008_c000"", ""rbi_mpr_2025_10_p038_c004"", ""rbi_mpr_2025_10_p096_c004"", ""rbi_mpr_2025_10_p087_c003"", ""rbi_mpr_2025_10_p047_c000"", ""rbi_mpr_2025_10_p053_c001"", ""rbi_mpr_2025_10_p013_c003"", ""rbi_mpr_2025_10_p022_c001"", ""rbi_mpr_2025_10_p020_c002"", ""rbi_mpr_2025_10_p019_c002"", ""rbi_mpr_2025_10_p021_c004"", ""rbi_mpr_2025_10_p008_c001"", ""rbi_mpr_2025_10_p043_c002"", ""rbi_mpr_2025_10_p083_c000"", ""rbi_mpr_2025_10_p085_c003"", ""rbi_mpr_2025_10_p061_c000"", ""rbi_mpr_2025_10_p062_c001"", ""rbi_mpr_2025_10_p095_c000"", ""rbi_mpr_2025_10_p049_c001"", ""rbi_mpr_2025_10_p095_c003"", ""rbi_mpr_2025_10_p097_c000"", ""rbi_mpr_2025_10_p048_c000"", ""rbi_mpr_2025_10_p084_c002"", ""rbi_mpr_2025_10_p086_c003"", ""rbi_mpr_2025_10_p086_c002""], ""dense_candidate_pages"": [43, 20, 56, 22, 16, 97, 58, 61, 19, 42, 16, 42, 98, 42, 9, 96, 20, 13, 97, 46, 85, 17, 49, 20, 97, 8, 38, 96, 87, 47, 53, 13, 22, 20, 19, 21, 8, 43, 83, 85, 61, 62, 95, 49, 95, 97, 48, 84, 86, 86], ""dense_candidate_scores"": [0.2562134909039976, 0.20067178388046236, 0.20047858272688834, 0.19813429071901545, 0.19253626200610152, 0.18654053563063866, 0.1820583868788992, 0.1805963127040563, 0.17944157334855482, 0.17650933280395487, 0.16315678972721848, 0.1578093661755503, 0.15287590896995618, 0.14981385613194265, 0.14910233303538178, 0.14652227155693887, 0.1454847004402977, 0.1395941725987181, 0.13840234401652707, 0.136939595492108, 0.13608502599170103, 0.13176429966975822, 0.12544142945615389, 0.11771270896362018, 0.10988528055187397, 0.10664806541144922, 0.10577503559139456, 0.10495418356979647, 0.10160704944845522, 0.09848767689646698, 0.09737289275335381, 0.09556740605684422, 0.09505447891046659, 0.09294174168831248, 0.08940941431461447, 0.0886711701160976, 0.08741687990441338, 0.08722485886259779, 0.08684300841508907, 0.08552743668567009, 0.08509914041110234, 0.08452990507511426, 0.08374664804238774, 0.08173733918647941, 0.0814067393067599, 0.07907610287780453, 0.07906084571864358, 0.07731579760289853, 0.07298031988397691, 0.0727573630553543], ""dense_first_evidence_rank"": null, ""evidence_rank_after_reranking"": null, ""evidence_rank_before_reranking"": null, ""expected_evidence"": [""3.0 per cent in 2025 3.1 per cent in 2026""], ""loss_stage"": ""not_in_candidate_union"", ""report_id"": ""rbi_mpr_2025_10"", ""reranker_input_ids"": [""rbi_mpr_2025_10_p020_c000"", ""rbi_mpr_2025_10_p042_c002"", ""rbi_mpr_2025_10_p020_c001"", ""rbi_mpr_2025_10_p009_c005"", ""rbi_mpr_2025_10_p042_c004"", ""rbi_mpr_2025_10_p019_c002"", ""rbi_mpr_2025_10_p083_c000"", ""rbi_mpr_2025_10_p021_c004"", ""rbi_mpr_2025_10_p086_c002"", ""rbi_mpr_2025_10_p053_c001"", ""rbi_mpr_2025_10_p084_c002"", ""rbi_mpr_2025_10_p043_c003"", ""rbi_mpr_2025_10_p027_c002"", ""rbi_mpr_2025_10_p020_c003"", ""rbi_mpr_2025_10_p034_c005"", ""rbi_mpr_2025_10_p056_c002"", ""rbi_mpr_2025_10_p021_c000"", ""rbi_mpr_2025_10_p022_c002"", ""rbi_mpr_2025_10_p016_c000"", ""rbi_mpr_2025_10_p016_c002"", ""rbi_mpr_2025_10_p097_c003"", ""rbi_mpr_2025_10_p055_c002"", ""rbi_mpr_2025_10_p058_c002"", ""rbi_mpr_2025_10_p083_c001"", ""rbi_mpr_2025_10_p061_c004"", ""rbi_mpr_2025_10_p019_c001"", ""rbi_mpr_2025_10_p028_c000"", ""rbi_mpr_2025_10_p059_c000"", ""rbi_mpr_2025_10_p016_c001"", ""rbi_mpr_2025_10_p034_c004""], ""reranker_input_pages"": [20, 42, 20, 9, 42, 19, 83, 21, 86, 53, 84, 43, 27, 20, 34, 56, 21, 22, 16, 16, 97, 55, 58, 83, 61, 19, 28, 59, 16, 34], ""reranker_input_ranks"": [1, 2, 3, 4, 5, 6, 7, 8, 9, 10, 11, 12, 13, 14, 15, 16, 17, 18, 19, 20, 21, 22, 23, 24, 25, 26, 27, 28, 29, 30], ""reranker_output_ids"": [""rbi_mpr_2025_10_p021_c000"", ""rbi_mpr_2025_10_p020_c001"", ""rbi_mpr_2025_10_p019_c002"", ""rbi_mpr_2025_10_p021_c004"", ""rbi_mpr_2025_10_p042_c002"", ""rbi_mpr_2025_10_p020_c000"", ""rbi_mpr_2025_10_p022_c002"", ""rbi_mpr_2025_10_p097_c003"", ""rbi_mpr_2025_10_p019_c001"", ""rbi_mpr_2025_10_p028_c000"", ""rbi_mpr_2025_10_p043_c003"", ""rbi_mpr_2025_10_p009_c005"", ""rbi_mpr_2025_10_p053_c001"", ""rbi_mpr_2025_10_p059_c000"", ""rbi_mpr_2025_10_p058_c002"", ""rbi_mpr_2025_10_p083_c001"", ""rbi_mpr_2025_10_p056_c002"", ""rbi_mpr_2025_10_p020_c003"", ""rbi_mpr_2025_10_p016_c000"", ""rbi_mpr_2025_10_p086_c002"", ""rbi_mpr_2025_10_p042_c004"", ""rbi_mpr_2025_10_p016_c002"", ""rbi_mpr_2025_10_p083_c000"", ""rbi_mpr_2025_10_p016_c001"", ""rbi_mpr_2025_10_p084_c002"", ""rbi_mpr_2025_10_p055_c002"", ""rbi_mpr_2025_10_p061_c004"", ""rbi_mpr_2025_10_p027_c002"", ""rbi_mpr_2025_10_p034_c005"", ""rbi_mpr_2025_10_p034_c004""], ""reranker_output_pages"": [21, 20, 19, 21, 42, 20, 22, 97, 19, 28, 43, 9, 53, 59, 58, 83, 56, 20, 16, 86, 42, 16, 83, 16, 84, 55, 61, 27, 34, 34], ""reranker_scores"": [-1.0406358242034912, -2.3346354961395264, -3.0040314197540283, -3.8980369567871094, -4.068741321563721, -5.124589443206787, -6.048632621765137, -6.856968402862549, -8.004318237304688, -8.161584854125977, -8.606863021850586, -8.706249237060547, -8.750574111938477, -8.85291862487793, -8.878101348876953, -8.881111145019531, -9.242981910705566, -9.263652801513672, -9.351022720336914, -9.446714401245117, -9.491921424865723, -9.677164077758789, -9.687570571899414, -9.773432731628418, -9.900311470031738, -9.936132431030273, -9.957481384277344, -10.172416687011719, -10.215169906616211, -11.199695587158203], ""rrf_candidate_ids"": [""rbi_mpr_2025_10_p020_c000"", ""rbi_mpr_2025_10_p042_c002"", ""rbi_mpr_2025_10_p020_c001"", ""rbi_mpr_2025_10_p009_c005"", ""rbi_mpr_2025_10_p042_c004"", ""rbi_mpr_2025_10_p019_c002"", ""rbi_mpr_2025_10_p083_c000"", ""rbi_mpr_2025_10_p021_c004"", ""rbi_mpr_2025_10_p086_c002"", ""rbi_mpr_2025_10_p053_c001"", ""rbi_mpr_2025_10_p084_c002"", ""rbi_mpr_2025_10_p043_c003"", ""rbi_mpr_2025_10_p027_c002"", ""rbi_mpr_2025_10_p020_c003"", ""rbi_mpr_2025_10_p034_c005"", ""rbi_mpr_2025_10_p056_c002"", ""rbi_mpr_2025_10_p021_c000"", ""rbi_mpr_2025_10_p022_c002"", ""rbi_mpr_2025_10_p016_c000"", ""rbi_mpr_2025_10_p016_c002"", ""rbi_mpr_2025_10_p097_c003"", ""rbi_mpr_2025_10_p055_c002"", ""rbi_mpr_2025_10_p058_c002"", ""rbi_mpr_2025_10_p083_c001"", ""rbi_mpr_2025_10_p061_c004"", ""rbi_mpr_2025_10_p019_c001"", ""rbi_mpr_2025_10_p028_c000"", ""rbi_mpr_2025_10_p059_c000"", ""rbi_mpr_2025_10_p016_c001"", ""rbi_mpr_2025_10_p034_c004""], ""rrf_candidate_pages"": [20, 42, 20, 9, 42, 19, 83, 21, 86, 53, 84, 43, 27, 20, 34, 56, 21, 22, 16, 16, 97, 55, 58, 83, 61, 19, 28, 59, 16, 34], ""rrf_first_evidence_rank"": null, ""rrf_scores"": [0.028612012987012988, 0.02821939586645469, 0.024099883855981417, 0.024086021505376344, 0.023994452149791956, 0.023684210526315787, 0.022759237949111367, 0.022464859437751006, 0.020326864147088865, 0.02007992007992008, 0.018518518518518517, 0.01639344262295082, 0.01639344262295082, 0.016129032258064516, 0.016129032258064516, 0.015873015873015872, 0.015873015873015872, 0.015625, 0.015384615384615385, 0.015384615384615385, 0.015151515151515152, 0.015151515151515152, 0.014925373134328358, 0.014925373134328358, 0.014705882352941176, 0.014492753623188406, 0.014492753623188406, 0.014285714285714285, 0.014084507042253521, 0.014084507042253521], ""selected_chunk_ids_after_dedup"": [""rbi_mpr_2025_10_p021_c000"", ""rbi_mpr_2025_10_p020_c001""], ""selected_chunk_ids_before_dedup"": [""rbi_mpr_2025_10_p021_c000"", ""rbi_mpr_2025_10_p020_c001""], ""selected_pages"": [21, 20]}, ""rbi_mpr_2026_04"": {""accepted_evidence_found"": false, ""accepted_pages"": [5], ""bm25_candidate_ids"": [""rbi_mpr_2026_04_p023_c000"", ""rbi_mpr_2026_04_p112_c000"", ""rbi_mpr_2026_04_p107_c004"", ""rbi_mpr_2026_04_p044_c000"", ""rbi_mpr_2026_04_p100_c002"", ""rbi_mpr_2026_04_p103_c003"", ""rbi_mpr_2026_04_p018_c001"", ""rbi_mpr_2026_04_p114_c000"", ""rbi_mpr_2026_04_p049_c001"", ""rbi_mpr_2026_04_p112_c003"", ""rbi_mpr_2026_04_p082_c001"", ""rbi_mpr_2026_04_p112_c001"", ""rbi_mpr_2026_04_p043_c000"", ""rbi_mpr_2026_04_p077_c000"", ""rbi_mpr_2026_04_p112_c004"", ""rbi_mpr_2026_04_p081_c002"", ""rbi_mpr_2026_04_p096_c004"", ""rbi_mpr_2026_04_p047_c004"", ""rbi_mpr_2026_04_p109_c001"", ""rbi_mpr_2026_04_p081_c004"", ""rbi_mpr_2026_04_p099_c003"", ""rbi_mpr_2026_04_p083_c007"", ""rbi_mpr_2026_04_p073_c000"", ""rbi_mpr_2026_04_p042_c001"", ""rbi_mpr_2026_04_p067_c002"", ""rbi_mpr_2026_04_p081_c005"", ""rbi_mpr_2026_04_p102_c003"", ""rbi_mpr_2026_04_p096_c003"", ""rbi_mpr_2026_04_p017_c001"", ""rbi_mpr_2026_04_p017_c002"", ""rbi_mpr_2026_04_p071_c000"", ""rbi_mpr_2026_04_p102_c004"", ""rbi_mpr_2026_04_p050_c000"", ""rbi_mpr_2026_04_p081_c001"", ""rbi_mpr_2026_04_p083_c004"", ""rbi_mpr_2026_04_p038_c002"", ""rbi_mpr_2026_04_p069_c001"", ""rbi_mpr_2026_04_p105_c001"", ""rbi_mpr_2026_04_p087_c000"", ""rbi_mpr_2026_04_p071_c001"", ""rbi_mpr_2026_04_p050_c001"", ""rbi_mpr_2026_04_p083_c003"", ""rbi_mpr_2026_04_p069_c003"", ""rbi_mpr_2026_04_p108_c002"", ""rbi_mpr_2026_04_p083_c000"", ""rbi_mpr_2026_04_p113_c002"", ""rbi_mpr_2026_04_p111_c001"", ""rbi_mpr_2026_04_p070_c000"", ""rbi_mpr_2026_04_p056_c002"", ""rbi_mpr_2026_04_p035_c003""], ""bm25_candidate_pages"": [23, 112, 107, 44, 100, 103, 18, 114, 49, 112, 82, 112, 43, 77, 112, 81, 96, 47, 109, 81, 99, 83, 73, 42, 67, 81, 102, 96, 17, 17, 71, 102, 50, 81, 83, 38, 69, 105, 87, 71, 50, 83, 69, 108, 83, 113, 111, 70, 56, 35], ""bm25_candidate_scores"": [null, null, null, null, null, null, null, null, null, null, null, null, null, null, null, null, null, null, null, null, null, null, null, null, null, null, null, null, null, null, null, null, null, null, null, null, null, null, null, null, null, null, null, null, null, null, null, null, null, null], ""bm25_first_evidence_rank"": null, ""candidate_source_expansion"": {""rbi_mpr_2025_04_p005_c001"": [], ""rbi_mpr_2025_04_p011_c004"": [], ""rbi_mpr_2025_04_p012_c004"": [], ""rbi_mpr_2025_04_p013_c000"": [], ""rbi_mpr_2025_04_p016_c003"": [], ""rbi_mpr_2025_04_p018_c000"": [], ""rbi_mpr_2025_04_p018_c003"": [], ""rbi_mpr_2025_04_p019_c000"": [], ""rbi_mpr_2025_04_p019_c001"": [], ""rbi_mpr_2025_04_p019_c002"": [], ""rbi_mpr_2025_04_p019_c003"": [], ""rbi_mpr_2025_04_p019_c004"": [], ""rbi_mpr_2025_04_p020_c000"": [], ""rbi_mpr_2025_04_p020_c002"": [], ""rbi_mpr_2025_04_p020_c003"": [], ""rbi_mpr_2025_04_p021_c000"": [], ""rbi_mpr_2025_04_p021_c001"": [], ""rbi_mpr_2025_04_p021_c002"": [], ""rbi_mpr_2025_04_p021_c003"": [], ""rbi_mpr_2025_04_p021_c004"": [], ""rbi_mpr_2025_04_p023_c003"": [], ""rbi_mpr_2025_04_p027_c000"": [], ""rbi_mpr_2025_04_p027_c001"": [], ""rbi_mpr_2025_04_p027_c002"": [], ""rbi_mpr_2025_04_p028_c000"": [], ""rbi_mpr_2025_04_p028_c001"": [], ""rbi_mpr_2025_04_p028_c002"": [], ""rbi_mpr_2025_04_p028_c003"": [], ""rbi_mpr_2025_04_p029_c002"": [], ""rbi_mpr_2025_04_p029_c003"": [], ""rbi_mpr_2025_04_p029_c004"": [], ""rbi_mpr_2025_04_p037_c000"": [], ""rbi_mpr_2025_04_p038_c000"": [], ""rbi_mpr_2025_04_p039_c002"": [], ""rbi_mpr_2025_04_p040_c000"": [], ""rbi_mpr_2025_04_p041_c000"": [], ""rbi_mpr_2025_04_p041_c001"": [], ""rbi_mpr_2025_04_p044_c003"": [], ""rbi_mpr_2025_04_p047_c002"": [], ""rbi_mpr_2025_04_p047_c003"": [], ""rbi_mpr_2025_04_p047_c004"": [], ""rbi_mpr_2025_04_p048_c001"": [], ""rbi_mpr_2025_04_p048_c002"": [], ""rbi_mpr_2025_04_p048_c003"": [], ""rbi_mpr_2025_04_p052_c000"": [], ""rbi_mpr_2025_04_p052_c002"": [], ""rbi_mpr_2025_04_p053_c002"": [], ""rbi_mpr_2025_04_p056_c002"": [], ""rbi_mpr_2025_04_p057_c002"": [], ""rbi_mpr_2025_04_p057_c003"": [], ""rbi_mpr_2025_04_p057_c004"": [], ""rbi_mpr_2025_04_p058_c000"": [], ""rbi_mpr_2025_04_p058_c001"": [], ""rbi_mpr_2025_04_p058_c003"": [], ""rbi_mpr_2025_04_p059_c004"": [], ""rbi_mpr_2025_04_p060_c001"": [], ""rbi_mpr_2025_04_p063_c003"": [], ""rbi_mpr_2025_04_p064_c002"": [], ""rbi_mpr_2025_04_p065_c002"": [], ""rbi_mpr_2025_04_p066_c001"": [], ""rbi_mpr_2025_04_p066_c002"": [], ""rbi_mpr_2025_04_p066_c003"": [], ""rbi_mpr_2025_04_p067_c000"": [], ""rbi_mpr_2025_04_p067_c001"": [], ""rbi_mpr_2025_04_p067_c002"": [], ""rbi_mpr_2025_04_p069_c003"": [], ""rbi_mpr_2025_04_p070_c002"": [], ""rbi_mpr_2025_04_p073_c003"": [], ""rbi_mpr_2025_04_p074_c000"": [], ""rbi_mpr_2025_04_p085_c000"": [], ""rbi_mpr_2025_04_p085_c001"": [], ""rbi_mpr_2025_04_p088_c000"": [], ""rbi_mpr_2025_04_p088_c002"": [], ""rbi_mpr_2025_04_p091_c000"": [], ""rbi_mpr_2025_04_p092_c002"": [], ""rbi_mpr_2025_04_p092_c003"": [], ""rbi_mpr_2025_04_p098_c003"": [], ""rbi_mpr_2025_04_p099_c002"": [], ""rbi_mpr_2025_04_p099_c003"": [], ""rbi_mpr_2025_04_p100_c002"": [], ""rbi_mpr_2025_04_p100_c003"": [], ""rbi_mpr_2025_04_p101_c002"": [], ""rbi_mpr_2025_04_p101_c003"": [], ""rbi_mpr_2025_04_p101_c004"": [], ""rbi_mpr_2025_04_p101_c005"": [], ""rbi_mpr_2025_04_p102_c000"": [], ""rbi_mpr_2025_04_p103_c000"": [], ""rbi_mpr_2025_04_p103_c003"": [], ""rbi_mpr_2025_04_p109_c003"": [], ""rbi_mpr_2025_04_p110_c000"": [], ""rbi_mpr_2025_04_p110_c001"": [], ""rbi_mpr_2025_04_p110_c003"": [], ""rbi_mpr_2025_04_p114_c000"": [], ""rbi_mpr_2025_10_p008_c000"": [], ""rbi_mpr_2025_10_p008_c001"": [], ""rbi_mpr_2025_10_p009_c005"": [], ""rbi_mpr_2025_10_p010_c002"": [], ""rbi_mpr_2025_10_p011_c003"": [], ""rbi_mpr_2025_10_p011_c004"": [], ""rbi_mpr_2025_10_p013_c003"": [], ""rbi_mpr_2025_10_p013_c005"": [], ""rbi_mpr_2025_10_p014_c003"": [], ""rbi_mpr_2025_10_p016_c000"": [], ""rbi_mpr_2025_10_p016_c001"": [], ""rbi_mpr_2025_10_p016_c002"": [], ""rbi_mpr_2025_10_p016_c003"": [], ""rbi_mpr_2025_10_p017_c000"": [], ""rbi_mpr_2025_10_p017_c003"": [], ""rbi_mpr_2025_10_p017_c004"": [], ""rbi_mpr_2025_10_p017_c005"": [], ""rbi_mpr_2025_10_p019_c001"": [], ""rbi_mpr_2025_10_p019_c002"": [], ""rbi_mpr_2025_10_p019_c003"": [], ""rbi_mpr_2025_10_p020_c000"": [], ""rbi_mpr_2025_10_p020_c001"": [], ""rbi_mpr_2025_10_p020_c002"": [], ""rbi_mpr_2025_10_p020_c003"": [], ""rbi_mpr_2025_10_p021_c000"": [], ""rbi_mpr_2025_10_p021_c001"": [], ""rbi_mpr_2025_10_p021_c004"": [], ""rbi_mpr_2025_10_p021_c005"": [], ""rbi_mpr_2025_10_p022_c001"": [], ""rbi_mpr_2025_10_p022_c002"": [], ""rbi_mpr_2025_10_p027_c001"": [], ""rbi_mpr_2025_10_p027_c002"": [], ""rbi_mpr_2025_10_p028_c000"": [], ""rbi_mpr_2025_10_p033_c001"": [], ""rbi_mpr_2025_10_p034_c003"": [], ""rbi_mpr_2025_10_p034_c004"": [], ""rbi_mpr_2025_10_p034_c005"": [], ""rbi_mpr_2025_10_p035_c000"": [], ""rbi_mpr_2025_10_p035_c002"": [], ""rbi_mpr_2025_10_p037_c002"": [], ""rbi_mpr_2025_10_p038_c004"": [], ""rbi_mpr_2025_10_p041_c004"": [], ""rbi_mpr_2025_10_p042_c002"": [], ""rbi_mpr_2025_10_p042_c003"": [], ""rbi_mpr_2025_10_p042_c004"": [], ""rbi_mpr_2025_10_p043_c002"": [], ""rbi_mpr_2025_10_p043_c003"": [], ""rbi_mpr_2025_10_p046_c002"": [], ""rbi_mpr_2025_10_p047_c000"": [], ""rbi_mpr_2025_10_p047_c002"": [], ""rbi_mpr_2025_10_p048_c000"": [], ""rbi_mpr_2025_10_p049_c001"": [], ""rbi_mpr_2025_10_p049_c003"": [], ""rbi_mpr_2025_10_p053_c001"": [], ""rbi_mpr_2025_10_p055_c001"": [], ""rbi_mpr_2025_10_p055_c002"": [], ""rbi_mpr_2025_10_p055_c003"": [], ""rbi_mpr_2025_10_p055_c004"": [], ""rbi_mpr_2025_10_p056_c002"": [], ""rbi_mpr_2025_10_p057_c000"": [], ""rbi_mpr_2025_10_p058_c002"": [], ""rbi_mpr_2025_10_p059_c000"": [], ""rbi_mpr_2025_10_p061_c000"": [], ""rbi_mpr_2025_10_p061_c004"": [], ""rbi_mpr_2025_10_p062_c001"": [], ""rbi_mpr_2025_10_p065_c004"": [], ""rbi_mpr_2025_10_p076_c000"": [], ""rbi_mpr_2025_10_p076_c001"": [], ""rbi_mpr_2025_10_p083_c000"": [], ""rbi_mpr_2025_10_p083_c001"": [], ""rbi_mpr_2025_10_p084_c002"": [], ""rbi_mpr_2025_10_p084_c003"": [], ""rbi_mpr_2025_10_p085_c001"": [], ""rbi_mpr_2025_10_p085_c003"": [], ""rbi_mpr_2025_10_p086_c002"": [], ""rbi_mpr_2025_10_p086_c003"": [], ""rbi_mpr_2025_10_p087_c003"": [], ""rbi_mpr_2025_10_p088_c003"": [], ""rbi_mpr_2025_10_p091_c000"": [], ""rbi_mpr_2025_10_p095_c000"": [], ""rbi_mpr_2025_10_p095_c003"": [], ""rbi_mpr_2025_10_p096_c002"": [], ""rbi_mpr_2025_10_p096_c004"": [], ""rbi_mpr_2025_10_p097_c000"": [], ""rbi_mpr_2025_10_p097_c002"": [], ""rbi_mpr_2025_10_p097_c003"": [], ""rbi_mpr_2025_10_p097_c004"": [], ""rbi_mpr_2025_10_p098_c000"": [], ""rbi_mpr_2025_10_p102_c003"": [], ""rbi_mpr_2026_04_p013_c000"": [], ""rbi_mpr_2026_04_p013_c001"": [], ""rbi_mpr_2026_04_p013_c003"": [], ""rbi_mpr_2026_04_p013_c004"": [], ""rbi_mpr_2026_04_p015_c001"": [], ""rbi_mpr_2026_04_p015_c002"": [], ""rbi_mpr_2026_04_p015_c003"": [], ""rbi_mpr_2026_04_p017_c001"": [], ""rbi_mpr_2026_04_p017_c002"": [], ""rbi_mpr_2026_04_p018_c001"": [], ""rbi_mpr_2026_04_p021_c003"": [], ""rbi_mpr_2026_04_p023_c000"": [], ""rbi_mpr_2026_04_p035_c003"": [], ""rbi_mpr_2026_04_p038_c002"": [], ""rbi_mpr_2026_04_p042_c001"": [], ""rbi_mpr_2026_04_p043_c000"": [], ""rbi_mpr_2026_04_p044_c000"": [], ""rbi_mpr_2026_04_p044_c001"": [], ""rbi_mpr_2026_04_p044_c002"": [], ""rbi_mpr_2026_04_p047_c004"": [], ""rbi_mpr_2026_04_p049_c001"": [], ""rbi_mpr_2026_04_p050_c000"": [], ""rbi_mpr_2026_04_p050_c001"": [], ""rbi_mpr_2026_04_p055_c003"": [], ""rbi_mpr_2026_04_p056_c000"": [], ""rbi_mpr_2026_04_p056_c001"": [], ""rbi_mpr_2026_04_p056_c002"": [], ""rbi_mpr_2026_04_p056_c003"": [], ""rbi_mpr_2026_04_p057_c001"": [], ""rbi_mpr_2026_04_p057_c004"": [], ""rbi_mpr_2026_04_p058_c000"": [], ""rbi_mpr_2026_04_p058_c001"": [], ""rbi_mpr_2026_04_p058_c002"": [], ""rbi_mpr_2026_04_p059_c000"": [], ""rbi_mpr_2026_04_p059_c003"": [], ""rbi_mpr_2026_04_p061_c000"": [], ""rbi_mpr_2026_04_p062_c003"": [], ""rbi_mpr_2026_04_p066_c003"": [], ""rbi_mpr_2026_04_p067_c001"": [], ""rbi_mpr_2026_04_p067_c002"": [], ""rbi_mpr_2026_04_p069_c001"": [], ""rbi_mpr_2026_04_p069_c003"": [], ""rbi_mpr_2026_04_p070_c000"": [], ""rbi_mpr_2026_04_p071_c000"": [], ""rbi_mpr_2026_04_p071_c001"": [], ""rbi_mpr_2026_04_p073_c000"": [], ""rbi_mpr_2026_04_p073_c001"": [], ""rbi_mpr_2026_04_p073_c002"": [], ""rbi_mpr_2026_04_p075_c000"": [], ""rbi_mpr_2026_04_p076_c001"": [], ""rbi_mpr_2026_04_p076_c002"": [], ""rbi_mpr_2026_04_p076_c003"": [], ""rbi_mpr_2026_04_p077_c000"": [], ""rbi_mpr_2026_04_p077_c001"": [], ""rbi_mpr_2026_04_p077_c003"": [], ""rbi_mpr_2026_04_p081_c001"": [], ""rbi_mpr_2026_04_p081_c002"": [], ""rbi_mpr_2026_04_p081_c004"": [], ""rbi_mpr_2026_04_p081_c005"": [], ""rbi_mpr_2026_04_p082_c001"": [], ""rbi_mpr_2026_04_p083_c000"": [], ""rbi_mpr_2026_04_p083_c003"": [], ""rbi_mpr_2026_04_p083_c004"": [], ""rbi_mpr_2026_04_p083_c007"": [], ""rbi_mpr_2026_04_p087_c000"": [], ""rbi_mpr_2026_04_p096_c001"": [], ""rbi_mpr_2026_04_p096_c002"": [], ""rbi_mpr_2026_04_p096_c003"": [], ""rbi_mpr_2026_04_p096_c004"": [], ""rbi_mpr_2026_04_p099_c003"": [], ""rbi_mpr_2026_04_p100_c002"": [], ""rbi_mpr_2026_04_p101_c001"": [], ""rbi_mpr_2026_04_p102_c003"": [], ""rbi_mpr_2026_04_p102_c004"": [], ""rbi_mpr_2026_04_p103_c003"": [], ""rbi_mpr_2026_04_p105_c001"": [], ""rbi_mpr_2026_04_p107_c000"": [], ""rbi_mpr_2026_04_p107_c004"": [], ""rbi_mpr_2026_04_p108_c002"": [], ""rbi_mpr_2026_04_p109_c001"": [], ""rbi_mpr_2026_04_p109_c003"": [], ""rbi_mpr_2026_04_p110_c001"": [], ""rbi_mpr_2026_04_p111_c000"": [], ""rbi_mpr_2026_04_p111_c001"": [], ""rbi_mpr_2026_04_p111_c002"": [], ""rbi_mpr_2026_04_p111_c003"": [], ""rbi_mpr_2026_04_p112_c000"": [], ""rbi_mpr_2026_04_p112_c001"": [], ""rbi_mpr_2026_04_p112_c003"": [], ""rbi_mpr_2026_04_p112_c004"": [], ""rbi_mpr_2026_04_p113_c002"": [], ""rbi_mpr_2026_04_p114_c000"": []}, ""candidate_source_facet"": {""rbi_mpr_2025_04_p005_c001"": [], ""rbi_mpr_2025_04_p011_c004"": [], ""rbi_mpr_2025_04_p012_c004"": [], ""rbi_mpr_2025_04_p013_c000"": [], ""rbi_mpr_2025_04_p016_c003"": [], ""rbi_mpr_2025_04_p018_c000"": [], ""rbi_mpr_2025_04_p018_c003"": [], ""rbi_mpr_2025_04_p019_c000"": [], ""rbi_mpr_2025_04_p019_c001"": [], ""rbi_mpr_2025_04_p019_c002"": [], ""rbi_mpr_2025_04_p019_c003"": [], ""rbi_mpr_2025_04_p019_c004"": [], ""rbi_mpr_2025_04_p020_c000"": [], ""rbi_mpr_2025_04_p020_c002"": [], ""rbi_mpr_2025_04_p020_c003"": [], ""rbi_mpr_2025_04_p021_c000"": [], ""rbi_mpr_2025_04_p021_c001"": [], ""rbi_mpr_2025_04_p021_c002"": [], ""rbi_mpr_2025_04_p021_c003"": [], ""rbi_mpr_2025_04_p021_c004"": [], ""rbi_mpr_2025_04_p023_c003"": [], ""rbi_mpr_2025_04_p027_c000"": [], ""rbi_mpr_2025_04_p027_c001"": [], ""rbi_mpr_2025_04_p027_c002"": [], ""rbi_mpr_2025_04_p028_c000"": [], ""rbi_mpr_2025_04_p028_c001"": [], ""rbi_mpr_2025_04_p028_c002"": [], ""rbi_mpr_2025_04_p028_c003"": [], ""rbi_mpr_2025_04_p029_c002"": [], ""rbi_mpr_2025_04_p029_c003"": [], ""rbi_mpr_2025_04_p029_c004"": [], ""rbi_mpr_2025_04_p037_c000"": [], ""rbi_mpr_2025_04_p038_c000"": [], ""rbi_mpr_2025_04_p039_c002"": [], ""rbi_mpr_2025_04_p040_c000"": [], ""rbi_mpr_2025_04_p041_c000"": [], ""rbi_mpr_2025_04_p041_c001"": [], ""rbi_mpr_2025_04_p044_c003"": [], ""rbi_mpr_2025_04_p047_c002"": [], ""rbi_mpr_2025_04_p047_c003"": [], ""rbi_mpr_2025_04_p047_c004"": [], ""rbi_mpr_2025_04_p048_c001"": [], ""rbi_mpr_2025_04_p048_c002"": [], ""rbi_mpr_2025_04_p048_c003"": [], ""rbi_mpr_2025_04_p052_c000"": [], ""rbi_mpr_2025_04_p052_c002"": [], ""rbi_mpr_2025_04_p053_c002"": [], ""rbi_mpr_2025_04_p056_c002"": [], ""rbi_mpr_2025_04_p057_c002"": [], ""rbi_mpr_2025_04_p057_c003"": [], ""rbi_mpr_2025_04_p057_c004"": [], ""rbi_mpr_2025_04_p058_c000"": [], ""rbi_mpr_2025_04_p058_c001"": [], ""rbi_mpr_2025_04_p058_c003"": [], ""rbi_mpr_2025_04_p059_c004"": [], ""rbi_mpr_2025_04_p060_c001"": [], ""rbi_mpr_2025_04_p063_c003"": [], ""rbi_mpr_2025_04_p064_c002"": [], ""rbi_mpr_2025_04_p065_c002"": [], ""rbi_mpr_2025_04_p066_c001"": [], ""rbi_mpr_2025_04_p066_c002"": [], ""rbi_mpr_2025_04_p066_c003"": [], ""rbi_mpr_2025_04_p067_c000"": [], ""rbi_mpr_2025_04_p067_c001"": [], ""rbi_mpr_2025_04_p067_c002"": [], ""rbi_mpr_2025_04_p069_c003"": [], ""rbi_mpr_2025_04_p070_c002"": [], ""rbi_mpr_2025_04_p073_c003"": [], ""rbi_mpr_2025_04_p074_c000"": [], ""rbi_mpr_2025_04_p085_c000"": [], ""rbi_mpr_2025_04_p085_c001"": [], ""rbi_mpr_2025_04_p088_c000"": [], ""rbi_mpr_2025_04_p088_c002"": [], ""rbi_mpr_2025_04_p091_c000"": [], ""rbi_mpr_2025_04_p092_c002"": [], ""rbi_mpr_2025_04_p092_c003"": [], ""rbi_mpr_2025_04_p098_c003"": [], ""rbi_mpr_2025_04_p099_c002"": [], ""rbi_mpr_2025_04_p099_c003"": [], ""rbi_mpr_2025_04_p100_c002"": [], ""rbi_mpr_2025_04_p100_c003"": [], ""rbi_mpr_2025_04_p101_c002"": [], ""rbi_mpr_2025_04_p101_c003"": [], ""rbi_mpr_2025_04_p101_c004"": [], ""rbi_mpr_2025_04_p101_c005"": [], ""rbi_mpr_2025_04_p102_c000"": [], ""rbi_mpr_2025_04_p103_c000"": [], ""rbi_mpr_2025_04_p103_c003"": [], ""rbi_mpr_2025_04_p109_c003"": [], ""rbi_mpr_2025_04_p110_c000"": [], ""rbi_mpr_2025_04_p110_c001"": [], ""rbi_mpr_2025_04_p110_c003"": [], ""rbi_mpr_2025_04_p114_c000"": [], ""rbi_mpr_2025_10_p008_c000"": [], ""rbi_mpr_2025_10_p008_c001"": [], ""rbi_mpr_2025_10_p009_c005"": [], ""rbi_mpr_2025_10_p010_c002"": [], ""rbi_mpr_2025_10_p011_c003"": [], ""rbi_mpr_2025_10_p011_c004"": [], ""rbi_mpr_2025_10_p013_c003"": [], ""rbi_mpr_2025_10_p013_c005"": [], ""rbi_mpr_2025_10_p014_c003"": [], ""rbi_mpr_2025_10_p016_c000"": [], ""rbi_mpr_2025_10_p016_c001"": [], ""rbi_mpr_2025_10_p016_c002"": [], ""rbi_mpr_2025_10_p016_c003"": [], ""rbi_mpr_2025_10_p017_c000"": [], ""rbi_mpr_2025_10_p017_c003"": [], ""rbi_mpr_2025_10_p017_c004"": [], ""rbi_mpr_2025_10_p017_c005"": [], ""rbi_mpr_2025_10_p019_c001"": [], ""rbi_mpr_2025_10_p019_c002"": [], ""rbi_mpr_2025_10_p019_c003"": [], ""rbi_mpr_2025_10_p020_c000"": [], ""rbi_mpr_2025_10_p020_c001"": [], ""rbi_mpr_2025_10_p020_c002"": [], ""rbi_mpr_2025_10_p020_c003"": [], ""rbi_mpr_2025_10_p021_c000"": [], ""rbi_mpr_2025_10_p021_c001"": [], ""rbi_mpr_2025_10_p021_c004"": [], ""rbi_mpr_2025_10_p021_c005"": [], ""rbi_mpr_2025_10_p022_c001"": [], ""rbi_mpr_2025_10_p022_c002"": [], ""rbi_mpr_2025_10_p027_c001"": [], ""rbi_mpr_2025_10_p027_c002"": [], ""rbi_mpr_2025_10_p028_c000"": [], ""rbi_mpr_2025_10_p033_c001"": [], ""rbi_mpr_2025_10_p034_c003"": [], ""rbi_mpr_2025_10_p034_c004"": [], ""rbi_mpr_2025_10_p034_c005"": [], ""rbi_mpr_2025_10_p035_c000"": [], ""rbi_mpr_2025_10_p035_c002"": [], ""rbi_mpr_2025_10_p037_c002"": [], ""rbi_mpr_2025_10_p038_c004"": [], ""rbi_mpr_2025_10_p041_c004"": [], ""rbi_mpr_2025_10_p042_c002"": [], ""rbi_mpr_2025_10_p042_c003"": [], ""rbi_mpr_2025_10_p042_c004"": [], ""rbi_mpr_2025_10_p043_c002"": [], ""rbi_mpr_2025_10_p043_c003"": [], ""rbi_mpr_2025_10_p046_c002"": [], ""rbi_mpr_2025_10_p047_c000"": [], ""rbi_mpr_2025_10_p047_c002"": [], ""rbi_mpr_2025_10_p048_c000"": [], ""rbi_mpr_2025_10_p049_c001"": [], ""rbi_mpr_2025_10_p049_c003"": [], ""rbi_mpr_2025_10_p053_c001"": [], ""rbi_mpr_2025_10_p055_c001"": [], ""rbi_mpr_2025_10_p055_c002"": [], ""rbi_mpr_2025_10_p055_c003"": [], ""rbi_mpr_2025_10_p055_c004"": [], ""rbi_mpr_2025_10_p056_c002"": [], ""rbi_mpr_2025_10_p057_c000"": [], ""rbi_mpr_2025_10_p058_c002"": [], ""rbi_mpr_2025_10_p059_c000"": [], ""rbi_mpr_2025_10_p061_c000"": [], ""rbi_mpr_2025_10_p061_c004"": [], ""rbi_mpr_2025_10_p062_c001"": [], ""rbi_mpr_2025_10_p065_c004"": [], ""rbi_mpr_2025_10_p076_c000"": [], ""rbi_mpr_2025_10_p076_c001"": [], ""rbi_mpr_2025_10_p083_c000"": [], ""rbi_mpr_2025_10_p083_c001"": [], ""rbi_mpr_2025_10_p084_c002"": [], ""rbi_mpr_2025_10_p084_c003"": [], ""rbi_mpr_2025_10_p085_c001"": [], ""rbi_mpr_2025_10_p085_c003"": [], ""rbi_mpr_2025_10_p086_c002"": [], ""rbi_mpr_2025_10_p086_c003"": [], ""rbi_mpr_2025_10_p087_c003"": [], ""rbi_mpr_2025_10_p088_c003"": [], ""rbi_mpr_2025_10_p091_c000"": [], ""rbi_mpr_2025_10_p095_c000"": [], ""rbi_mpr_2025_10_p095_c003"": [], ""rbi_mpr_2025_10_p096_c002"": [], ""rbi_mpr_2025_10_p096_c004"": [], ""rbi_mpr_2025_10_p097_c000"": [], ""rbi_mpr_2025_10_p097_c002"": [], ""rbi_mpr_2025_10_p097_c003"": [], ""rbi_mpr_2025_10_p097_c004"": [], ""rbi_mpr_2025_10_p098_c000"": [], ""rbi_mpr_2025_10_p102_c003"": [], ""rbi_mpr_2026_04_p013_c000"": [], ""rbi_mpr_2026_04_p013_c001"": [], ""rbi_mpr_2026_04_p013_c003"": [], ""rbi_mpr_2026_04_p013_c004"": [], ""rbi_mpr_2026_04_p015_c001"": [], ""rbi_mpr_2026_04_p015_c002"": [], ""rbi_mpr_2026_04_p015_c003"": [], ""rbi_mpr_2026_04_p017_c001"": [], ""rbi_mpr_2026_04_p017_c002"": [], ""rbi_mpr_2026_04_p018_c001"": [], ""rbi_mpr_2026_04_p021_c003"": [], ""rbi_mpr_2026_04_p023_c000"": [], ""rbi_mpr_2026_04_p035_c003"": [], ""rbi_mpr_2026_04_p038_c002"": [], ""rbi_mpr_2026_04_p042_c001"": [], ""rbi_mpr_2026_04_p043_c000"": [], ""rbi_mpr_2026_04_p044_c000"": [], ""rbi_mpr_2026_04_p044_c001"": [], ""rbi_mpr_2026_04_p044_c002"": [], ""rbi_mpr_2026_04_p047_c004"": [], ""rbi_mpr_2026_04_p049_c001"": [], ""rbi_mpr_2026_04_p050_c000"": [], ""rbi_mpr_2026_04_p050_c001"": [], ""rbi_mpr_2026_04_p055_c003"": [], ""rbi_mpr_2026_04_p056_c000"": [], ""rbi_mpr_2026_04_p056_c001"": [], ""rbi_mpr_2026_04_p056_c002"": [], ""rbi_mpr_2026_04_p056_c003"": [], ""rbi_mpr_2026_04_p057_c001"": [], ""rbi_mpr_2026_04_p057_c004"": [], ""rbi_mpr_2026_04_p058_c000"": [], ""rbi_mpr_2026_04_p058_c001"": [], ""rbi_mpr_2026_04_p058_c002"": [], ""rbi_mpr_2026_04_p059_c000"": [], ""rbi_mpr_2026_04_p059_c003"": [], ""rbi_mpr_2026_04_p061_c000"": [], ""rbi_mpr_2026_04_p062_c003"": [], ""rbi_mpr_2026_04_p066_c003"": [], ""rbi_mpr_2026_04_p067_c001"": [], ""rbi_mpr_2026_04_p067_c002"": [], ""rbi_mpr_2026_04_p069_c001"": [], ""rbi_mpr_2026_04_p069_c003"": [], ""rbi_mpr_2026_04_p070_c000"": [], ""rbi_mpr_2026_04_p071_c000"": [], ""rbi_mpr_2026_04_p071_c001"": [], ""rbi_mpr_2026_04_p073_c000"": [], ""rbi_mpr_2026_04_p073_c001"": [], ""rbi_mpr_2026_04_p073_c002"": [], ""rbi_mpr_2026_04_p075_c000"": [], ""rbi_mpr_2026_04_p076_c001"": [], ""rbi_mpr_2026_04_p076_c002"": [], ""rbi_mpr_2026_04_p076_c003"": [], ""rbi_mpr_2026_04_p077_c000"": [], ""rbi_mpr_2026_04_p077_c001"": [], ""rbi_mpr_2026_04_p077_c003"": [], ""rbi_mpr_2026_04_p081_c001"": [], ""rbi_mpr_2026_04_p081_c002"": [], ""rbi_mpr_2026_04_p081_c004"": [], ""rbi_mpr_2026_04_p081_c005"": [], ""rbi_mpr_2026_04_p082_c001"": [], ""rbi_mpr_2026_04_p083_c000"": [], ""rbi_mpr_2026_04_p083_c003"": [], ""rbi_mpr_2026_04_p083_c004"": [], ""rbi_mpr_2026_04_p083_c007"": [], ""rbi_mpr_2026_04_p087_c000"": [], ""rbi_mpr_2026_04_p096_c001"": [], ""rbi_mpr_2026_04_p096_c002"": [], ""rbi_mpr_2026_04_p096_c003"": [], ""rbi_mpr_2026_04_p096_c004"": [], ""rbi_mpr_2026_04_p099_c003"": [], ""rbi_mpr_2026_04_p100_c002"": [], ""rbi_mpr_2026_04_p101_c001"": [], ""rbi_mpr_2026_04_p102_c003"": [], ""rbi_mpr_2026_04_p102_c004"": [], ""rbi_mpr_2026_04_p103_c003"": [], ""rbi_mpr_2026_04_p105_c001"": [], ""rbi_mpr_2026_04_p107_c000"": [], ""rbi_mpr_2026_04_p107_c004"": [], ""rbi_mpr_2026_04_p108_c002"": [], ""rbi_mpr_2026_04_p109_c001"": [], ""rbi_mpr_2026_04_p109_c003"": [], ""rbi_mpr_2026_04_p110_c001"": [], ""rbi_mpr_2026_04_p111_c000"": [], ""rbi_mpr_2026_04_p111_c001"": [], ""rbi_mpr_2026_04_p111_c002"": [], ""rbi_mpr_2026_04_p111_c003"": [], ""rbi_mpr_2026_04_p112_c000"": [], ""rbi_mpr_2026_04_p112_c001"": [], ""rbi_mpr_2026_04_p112_c003"": [], ""rbi_mpr_2026_04_p112_c004"": [], ""rbi_mpr_2026_04_p113_c002"": [], ""rbi_mpr_2026_04_p114_c000"": []}, ""candidate_source_query"": {""rbi_mpr_2025_04_p005_c001"": [""Compare global-growth assumptions or language across all reports.""], ""rbi_mpr_2025_04_p011_c004"": [""Compare global-growth assumptions or language across all reports.""], ""rbi_mpr_2025_04_p012_c004"": [""Compare global-growth assumptions or language across all reports.""], ""rbi_mpr_2025_04_p013_c000"": [""Compare global-growth assumptions or language across all reports.""], ""rbi_mpr_2025_04_p016_c003"": [""Compare global-growth assumptions or language across all reports.""], ""rbi_mpr_2025_04_p018_c000"": [""Compare global-growth assumptions or language across all reports.""], ""rbi_mpr_2025_04_p018_c003"": [""Compare global-growth assumptions or language across all reports.""], ""rbi_mpr_2025_04_p019_c000"": [""Compare global-growth assumptions or language across all reports.""], ""rbi_mpr_2025_04_p019_c001"": [""Compare global-growth assumptions or language across all reports.""], ""rbi_mpr_2025_04_p019_c002"": [""Compare global-growth assumptions or language across all reports.""], ""rbi_mpr_2025_04_p019_c003"": [""Compare global-growth assumptions or language across all reports.""], ""rbi_mpr_2025_04_p019_c004"": [""Compare global-growth assumptions or language across all reports.""], ""rbi_mpr_2025_04_p020_c000"": [""Compare global-growth assumptions or language across all reports.""], ""rbi_mpr_2025_04_p020_c002"": [""Compare global-growth assumptions or language across all reports.""], ""rbi_mpr_2025_04_p020_c003"": [""Compare global-growth assumptions or language across all reports.""], ""rbi_mpr_2025_04_p021_c000"": [""Compare global-growth assumptions or language across all reports.""], ""rbi_mpr_2025_04_p021_c001"": [""Compare global-growth assumptions or language across all reports.""], ""rbi_mpr_2025_04_p021_c002"": [""Compare global-growth assumptions or language across all reports.""], ""rbi_mpr_2025_04_p021_c003"": [""Compare global-growth assumptions or language across all reports.""], ""rbi_mpr_2025_04_p021_c004"": [""Compare global-growth assumptions or language across all reports.""], ""rbi_mpr_2025_04_p023_c003"": [""Compare global-growth assumptions or language across all reports.""], ""rbi_mpr_2025_04_p027_c000"": [""Compare global-growth assumptions or language across all reports.""], ""rbi_mpr_2025_04_p027_c001"": [""Compare global-growth assumptions or language across all reports.""], ""rbi_mpr_2025_04_p027_c002"": [""Compare global-growth assumptions or language across all reports.""], ""rbi_mpr_2025_04_p028_c000"": [""Compare global-growth assumptions or language across all reports.""], ""rbi_mpr_2025_04_p028_c001"": [""Compare global-growth assumptions or language across all reports.""], ""rbi_mpr_2025_04_p028_c002"": [""Compare global-growth assumptions or language across all reports.""], ""rbi_mpr_2025_04_p028_c003"": [""Compare global-growth assumptions or language across all reports.""], ""rbi_mpr_2025_04_p029_c002"": [""Compare global-growth assumptions or language across all reports.""], ""rbi_mpr_2025_04_p029_c003"": [""Compare global-growth assumptions or language across all reports.""], ""rbi_mpr_2025_04_p029_c004"": [""Compare global-growth assumptions or language across all reports.""], ""rbi_mpr_2025_04_p037_c000"": [""Compare global-growth assumptions or language across all reports.""], ""rbi_mpr_2025_04_p038_c000"": [""Compare global-growth assumptions or language across all reports.""], ""rbi_mpr_2025_04_p039_c002"": [""Compare global-growth assumptions or language across all reports.""], ""rbi_mpr_2025_04_p040_c000"": [""Compare global-growth assumptions or language across all reports.""], ""rbi_mpr_2025_04_p041_c000"": [""Compare global-growth assumptions or language across all reports.""], ""rbi_mpr_2025_04_p041_c001"": [""Compare global-growth assumptions or language across all reports.""], ""rbi_mpr_2025_04_p044_c003"": [""Compare global-growth assumptions or language across all reports.""], ""rbi_mpr_2025_04_p047_c002"": [""Compare global-growth assumptions or language across all reports.""], ""rbi_mpr_2025_04_p047_c003"": [""Compare global-growth assumptions or language across all reports.""], ""rbi_mpr_2025_04_p047_c004"": [""Compare global-growth assumptions or language across all reports.""], ""rbi_mpr_2025_04_p048_c001"": [""Compare global-growth assumptions or language across all reports.""], ""rbi_mpr_2025_04_p048_c002"": [""Compare global-growth assumptions or language across all reports.""], ""rbi_mpr_2025_04_p048_c003"": [""Compare global-growth assumptions or language across all reports.""], ""rbi_mpr_2025_04_p052_c000"": [""Compare global-growth assumptions or language across all reports.""], ""rbi_mpr_2025_04_p052_c002"": [""Compare global-growth assumptions or language across all reports.""], ""rbi_mpr_2025_04_p053_c002"": [""Compare global-growth assumptions or language across all reports.""], ""rbi_mpr_2025_04_p056_c002"": [""Compare global-growth assumptions or language across all reports.""], ""rbi_mpr_2025_04_p057_c002"": [""Compare global-growth assumptions or language across all reports.""], ""rbi_mpr_2025_04_p057_c003"": [""Compare global-growth assumptions or language across all reports.""], ""rbi_mpr_2025_04_p057_c004"": [""Compare global-growth assumptions or language across all reports.""], ""rbi_mpr_2025_04_p058_c000"": [""Compare global-growth assumptions or language across all reports.""], ""rbi_mpr_2025_04_p058_c001"": [""Compare global-growth assumptions or language across all reports.""], ""rbi_mpr_2025_04_p058_c003"": [""Compare global-growth assumptions or language across all reports.""], ""rbi_mpr_2025_04_p059_c004"": [""Compare global-growth assumptions or language across all reports.""], ""rbi_mpr_2025_04_p060_c001"": [""Compare global-growth assumptions or language across all reports.""], ""rbi_mpr_2025_04_p063_c003"": [""Compare global-growth assumptions or language across all reports.""], ""rbi_mpr_2025_04_p064_c002"": [""Compare global-growth assumptions or language across all reports.""], ""rbi_mpr_2025_04_p065_c002"": [""Compare global-growth assumptions or language across all reports.""], ""rbi_mpr_2025_04_p066_c001"": [""Compare global-growth assumptions or language across all reports.""], ""rbi_mpr_2025_04_p066_c002"": [""Compare global-growth assumptions or language across all reports.""], ""rbi_mpr_2025_04_p066_c003"": [""Compare global-growth assumptions or language across all reports.""], ""rbi_mpr_2025_04_p067_c000"": [""Compare global-growth assumptions or language across all reports.""], ""rbi_mpr_2025_04_p067_c001"": [""Compare global-growth assumptions or language across all reports.""], ""rbi_mpr_2025_04_p067_c002"": [""Compare global-growth assumptions or language across all reports.""], ""rbi_mpr_2025_04_p069_c003"": [""Compare global-growth assumptions or language across all reports.""], ""rbi_mpr_2025_04_p070_c002"": [""Compare global-growth assumptions or language across all reports.""], ""rbi_mpr_2025_04_p073_c003"": [""Compare global-growth assumptions or language across all reports.""], ""rbi_mpr_2025_04_p074_c000"": [""Compare global-growth assumptions or language across all reports.""], ""rbi_mpr_2025_04_p085_c000"": [""Compare global-growth assumptions or language across all reports.""], ""rbi_mpr_2025_04_p085_c001"": [""Compare global-growth assumptions or language across all reports.""], ""rbi_mpr_2025_04_p088_c000"": [""Compare global-growth assumptions or language across all reports.""], ""rbi_mpr_2025_04_p088_c002"": [""Compare global-growth assumptions or language across all reports.""], ""rbi_mpr_2025_04_p091_c000"": [""Compare global-growth assumptions or language across all reports.""], ""rbi_mpr_2025_04_p092_c002"": [""Compare global-growth assumptions or language across all reports.""], ""rbi_mpr_2025_04_p092_c003"": [""Compare global-growth assumptions or language across all reports.""], ""rbi_mpr_2025_04_p098_c003"": [""Compare global-growth assumptions or language across all reports.""], ""rbi_mpr_2025_04_p099_c002"": [""Compare global-growth assumptions or language across all reports.""], ""rbi_mpr_2025_04_p099_c003"": [""Compare global-growth assumptions or language across all reports.""], ""rbi_mpr_2025_04_p100_c002"": [""Compare global-growth assumptions or language across all reports.""], ""rbi_mpr_2025_04_p100_c003"": [""Compare global-growth assumptions or language across all reports.""], ""rbi_mpr_2025_04_p101_c002"": [""Compare global-growth assumptions or language across all reports.""], ""rbi_mpr_2025_04_p101_c003"": [""Compare global-growth assumptions or language across all reports.""], ""rbi_mpr_2025_04_p101_c004"": [""Compare global-growth assumptions or language across all reports.""], ""rbi_mpr_2025_04_p101_c005"": [""Compare global-growth assumptions or language across all reports.""], ""rbi_mpr_2025_04_p102_c000"": [""Compare global-growth assumptions or language across all reports.""], ""rbi_mpr_2025_04_p103_c000"": [""Compare global-growth assumptions or language across all reports.""], ""rbi_mpr_2025_04_p103_c003"": [""Compare global-growth assumptions or language across all reports.""], ""rbi_mpr_2025_04_p109_c003"": [""Compare global-growth assumptions or language across all reports.""], ""rbi_mpr_2025_04_p110_c000"": [""Compare global-growth assumptions or language across all reports.""], ""rbi_mpr_2025_04_p110_c001"": [""Compare global-growth assumptions or language across all reports.""], ""rbi_mpr_2025_04_p110_c003"": [""Compare global-growth assumptions or language across all reports.""], ""rbi_mpr_2025_04_p114_c000"": [""Compare global-growth assumptions or language across all reports.""], ""rbi_mpr_2025_10_p008_c000"": [""Compare global-growth assumptions or language across all reports.""], ""rbi_mpr_2025_10_p008_c001"": [""Compare global-growth assumptions or language across all reports.""], ""rbi_mpr_2025_10_p009_c005"": [""Compare global-growth assumptions or language across all reports.""], ""rbi_mpr_2025_10_p010_c002"": [""Compare global-growth assumptions or language across all reports.""], ""rbi_mpr_2025_10_p011_c003"": [""Compare global-growth assumptions or language across all reports.""], ""rbi_mpr_2025_10_p011_c004"": [""Compare global-growth assumptions or language across all reports.""], ""rbi_mpr_2025_10_p013_c003"": [""Compare global-growth assumptions or language across all reports.""], ""rbi_mpr_2025_10_p013_c005"": [""Compare global-growth assumptions or language across all reports.""], ""rbi_mpr_2025_10_p014_c003"": [""Compare global-growth assumptions or language across all reports.""], ""rbi_mpr_2025_10_p016_c000"": [""Compare global-growth assumptions or language across all reports.""], ""rbi_mpr_2025_10_p016_c001"": [""Compare global-growth assumptions or language across all reports.""], ""rbi_mpr_2025_10_p016_c002"": [""Compare global-growth assumptions or language across all reports.""], ""rbi_mpr_2025_10_p016_c003"": [""Compare global-growth assumptions or language across all reports.""], ""rbi_mpr_2025_10_p017_c000"": [""Compare global-growth assumptions or language across all reports.""], ""rbi_mpr_2025_10_p017_c003"": [""Compare global-growth assumptions or language across all reports.""], ""rbi_mpr_2025_10_p017_c004"": [""Compare global-growth assumptions or language across all reports.""], ""rbi_mpr_2025_10_p017_c005"": [""Compare global-growth assumptions or language across all reports.""], ""rbi_mpr_2025_10_p019_c001"": [""Compare global-growth assumptions or language across all reports.""], ""rbi_mpr_2025_10_p019_c002"": [""Compare global-growth assumptions or language across all reports.""], ""rbi_mpr_2025_10_p019_c003"": [""Compare global-growth assumptions or language across all reports.""], ""rbi_mpr_2025_10_p020_c000"": [""Compare global-growth assumptions or language across all reports.""], ""rbi_mpr_2025_10_p020_c001"": [""Compare global-growth assumptions or language across all reports.""], ""rbi_mpr_2025_10_p020_c002"": [""Compare global-growth assumptions or language across all reports.""], ""rbi_mpr_2025_10_p020_c003"": [""Compare global-growth assumptions or language across all reports.""], ""rbi_mpr_2025_10_p021_c000"": [""Compare global-growth assumptions or language across all reports.""], ""rbi_mpr_2025_10_p021_c001"": [""Compare global-growth assumptions or language across all reports.""], ""rbi_mpr_2025_10_p021_c004"": [""Compare global-growth assumptions or language across all reports.""], ""rbi_mpr_2025_10_p021_c005"": [""Compare global-growth assumptions or language across all reports.""], ""rbi_mpr_2025_10_p022_c001"": [""Compare global-growth assumptions or language across all reports.""], ""rbi_mpr_2025_10_p022_c002"": [""Compare global-growth assumptions or language across all reports.""], ""rbi_mpr_2025_10_p027_c001"": [""Compare global-growth assumptions or language across all reports.""], ""rbi_mpr_2025_10_p027_c002"": [""Compare global-growth assumptions or language across all reports.""], ""rbi_mpr_2025_10_p028_c000"": [""Compare global-growth assumptions or language across all reports.""], ""rbi_mpr_2025_10_p033_c001"": [""Compare global-growth assumptions or language across all reports.""], ""rbi_mpr_2025_10_p034_c003"": [""Compare global-growth assumptions or language across all reports.""], ""rbi_mpr_2025_10_p034_c004"": [""Compare global-growth assumptions or language across all reports.""], ""rbi_mpr_2025_10_p034_c005"": [""Compare global-growth assumptions or language across all reports.""], ""rbi_mpr_2025_10_p035_c000"": [""Compare global-growth assumptions or language across all reports.""], ""rbi_mpr_2025_10_p035_c002"": [""Compare global-growth assumptions or language across all reports.""], ""rbi_mpr_2025_10_p037_c002"": [""Compare global-growth assumptions or language across all reports.""], ""rbi_mpr_2025_10_p038_c004"": [""Compare global-growth assumptions or language across all reports.""], ""rbi_mpr_2025_10_p041_c004"": [""Compare global-growth assumptions or language across all reports.""], ""rbi_mpr_2025_10_p042_c002"": [""Compare global-growth assumptions or language across all reports.""], ""rbi_mpr_2025_10_p042_c003"": [""Compare global-growth assumptions or language across all reports.""], ""rbi_mpr_2025_10_p042_c004"": [""Compare global-growth assumptions or language across all reports.""], ""rbi_mpr_2025_10_p043_c002"": [""Compare global-growth assumptions or language across all reports.""], ""rbi_mpr_2025_10_p043_c003"": [""Compare global-growth assumptions or language across all reports.""], ""rbi_mpr_2025_10_p046_c002"": [""Compare global-growth assumptions or language across all reports.""], ""rbi_mpr_2025_10_p047_c000"": [""Compare global-growth assumptions or language across all reports.""], ""rbi_mpr_2025_10_p047_c002"": [""Compare global-growth assumptions or language across all reports.""], ""rbi_mpr_2025_10_p048_c000"": [""Compare global-growth assumptions or language across all reports.""], ""rbi_mpr_2025_10_p049_c001"": [""Compare global-growth assumptions or language across all reports.""], ""rbi_mpr_2025_10_p049_c003"": [""Compare global-growth assumptions or language across all reports.""], ""rbi_mpr_2025_10_p053_c001"": [""Compare global-growth assumptions or language across all reports.""], ""rbi_mpr_2025_10_p055_c001"": [""Compare global-growth assumptions or language across all reports.""], ""rbi_mpr_2025_10_p055_c002"": [""Compare global-growth assumptions or language across all reports.""], ""rbi_mpr_2025_10_p055_c003"": [""Compare global-growth assumptions or language across all reports.""], ""rbi_mpr_2025_10_p055_c004"": [""Compare global-growth assumptions or language across all reports.""], ""rbi_mpr_2025_10_p056_c002"": [""Compare global-growth assumptions or language across all reports.""], ""rbi_mpr_2025_10_p057_c000"": [""Compare global-growth assumptions or language across all reports.""], ""rbi_mpr_2025_10_p058_c002"": [""Compare global-growth assumptions or language across all reports.""], ""rbi_mpr_2025_10_p059_c000"": [""Compare global-growth assumptions or language across all reports.""], ""rbi_mpr_2025_10_p061_c000"": [""Compare global-growth assumptions or language across all reports.""], ""rbi_mpr_2025_10_p061_c004"": [""Compare global-growth assumptions or language across all reports.""], ""rbi_mpr_2025_10_p062_c001"": [""Compare global-growth assumptions or language across all reports.""], ""rbi_mpr_2025_10_p065_c004"": [""Compare global-growth assumptions or language across all reports.""], ""rbi_mpr_2025_10_p076_c000"": [""Compare global-growth assumptions or language across all reports.""], ""rbi_mpr_2025_10_p076_c001"": [""Compare global-growth assumptions or language across all reports.""], ""rbi_mpr_2025_10_p083_c000"": [""Compare global-growth assumptions or language across all reports.""], ""rbi_mpr_2025_10_p083_c001"": [""Compare global-growth assumptions or language across all reports.""], ""rbi_mpr_2025_10_p084_c002"": [""Compare global-growth assumptions or language across all reports.""], ""rbi_mpr_2025_10_p084_c003"": [""Compare global-growth assumptions or language across all reports.""], ""rbi_mpr_2025_10_p085_c001"": [""Compare global-growth assumptions or language across all reports.""], ""rbi_mpr_2025_10_p085_c003"": [""Compare global-growth assumptions or language across all reports.""], ""rbi_mpr_2025_10_p086_c002"": [""Compare global-growth assumptions or language across all reports.""], ""rbi_mpr_2025_10_p086_c003"": [""Compare global-growth assumptions or language across all reports.""], ""rbi_mpr_2025_10_p087_c003"": [""Compare global-growth assumptions or language across all reports.""], ""rbi_mpr_2025_10_p088_c003"": [""Compare global-growth assumptions or language across all reports.""], ""rbi_mpr_2025_10_p091_c000"": [""Compare global-growth assumptions or language across all reports.""], ""rbi_mpr_2025_10_p095_c000"": [""Compare global-growth assumptions or language across all reports.""], ""rbi_mpr_2025_10_p095_c003"": [""Compare global-growth assumptions or language across all reports.""], ""rbi_mpr_2025_10_p096_c002"": [""Compare global-growth assumptions or language across all reports.""], ""rbi_mpr_2025_10_p096_c004"": [""Compare global-growth assumptions or language across all reports.""], ""rbi_mpr_2025_10_p097_c000"": [""Compare global-growth assumptions or language across all reports.""], ""rbi_mpr_2025_10_p097_c002"": [""Compare global-growth assumptions or language across all reports.""], ""rbi_mpr_2025_10_p097_c003"": [""Compare global-growth assumptions or language across all reports.""], ""rbi_mpr_2025_10_p097_c004"": [""Compare global-growth assumptions or language across all reports.""], ""rbi_mpr_2025_10_p098_c000"": [""Compare global-growth assumptions or language across all reports.""], ""rbi_mpr_2025_10_p102_c003"": [""Compare global-growth assumptions or language across all reports.""], ""rbi_mpr_2026_04_p013_c000"": [""Compare global-growth assumptions or language across all reports.""], ""rbi_mpr_2026_04_p013_c001"": [""Compare global-growth assumptions or language across all reports.""], ""rbi_mpr_2026_04_p013_c003"": [""Compare global-growth assumptions or language across all reports.""], ""rbi_mpr_2026_04_p013_c004"": [""Compare global-growth assumptions or language across all reports.""], ""rbi_mpr_2026_04_p015_c001"": [""Compare global-growth assumptions or language across all reports.""], ""rbi_mpr_2026_04_p015_c002"": [""Compare global-growth assumptions or language across all reports.""], ""rbi_mpr_2026_04_p015_c003"": [""Compare global-growth assumptions or language across all reports.""], ""rbi_mpr_2026_04_p017_c001"": [""Compare global-growth assumptions or language across all reports.""], ""rbi_mpr_2026_04_p017_c002"": [""Compare global-growth assumptions or language across all reports.""], ""rbi_mpr_2026_04_p018_c001"": [""Compare global-growth assumptions or language across all reports.""], ""rbi_mpr_2026_04_p021_c003"": [""Compare global-growth assumptions or language across all reports.""], ""rbi_mpr_2026_04_p023_c000"": [""Compare global-growth assumptions or language across all reports.""], ""rbi_mpr_2026_04_p035_c003"": [""Compare global-growth assumptions or language across all reports.""], ""rbi_mpr_2026_04_p038_c002"": [""Compare global-growth assumptions or language across all reports.""], ""rbi_mpr_2026_04_p042_c001"": [""Compare global-growth assumptions or language across all reports.""], ""rbi_mpr_2026_04_p043_c000"": [""Compare global-growth assumptions or language across all reports.""], ""rbi_mpr_2026_04_p044_c000"": [""Compare global-growth assumptions or language across all reports.""], ""rbi_mpr_2026_04_p044_c001"": [""Compare global-growth assumptions or language across all reports.""], ""rbi_mpr_2026_04_p044_c002"": [""Compare global-growth assumptions or language across all reports.""], ""rbi_mpr_2026_04_p047_c004"": [""Compare global-growth assumptions or language across all reports.""], ""rbi_mpr_2026_04_p049_c001"": [""Compare global-growth assumptions or language across all reports.""], ""rbi_mpr_2026_04_p050_c000"": [""Compare global-growth assumptions or language across all reports.""], ""rbi_mpr_2026_04_p050_c001"": [""Compare global-growth assumptions or language across all reports.""], ""rbi_mpr_2026_04_p055_c003"": [""Compare global-growth assumptions or language across all reports.""], ""rbi_mpr_2026_04_p056_c000"": [""Compare global-growth assumptions or language across all reports.""], ""rbi_mpr_2026_04_p056_c001"": [""Compare global-growth assumptions or language across all reports.""], ""rbi_mpr_2026_04_p056_c002"": [""Compare global-growth assumptions or language across all reports.""], ""rbi_mpr_2026_04_p056_c003"": [""Compare global-growth assumptions or language across all reports.""], ""rbi_mpr_2026_04_p057_c001"": [""Compare global-growth assumptions or language across all reports.""], ""rbi_mpr_2026_04_p057_c004"": [""Compare global-growth assumptions or language across all reports.""], ""rbi_mpr_2026_04_p058_c000"": [""Compare global-growth assumptions or language across all reports.""], ""rbi_mpr_2026_04_p058_c001"": [""Compare global-growth assumptions or language across all reports.""], ""rbi_mpr_2026_04_p058_c002"": [""Compare global-growth assumptions or language across all reports.""], ""rbi_mpr_2026_04_p059_c000"": [""Compare global-growth assumptions or language across all reports.""], ""rbi_mpr_2026_04_p059_c003"": [""Compare global-growth assumptions or language across all reports.""], ""rbi_mpr_2026_04_p061_c000"": [""Compare global-growth assumptions or language across all reports.""], ""rbi_mpr_2026_04_p062_c003"": [""Compare global-growth assumptions or language across all reports.""], ""rbi_mpr_2026_04_p066_c003"": [""Compare global-growth assumptions or language across all reports.""], ""rbi_mpr_2026_04_p067_c001"": [""Compare global-growth assumptions or language across all reports.""], ""rbi_mpr_2026_04_p067_c002"": [""Compare global-growth assumptions or language across all reports.""], ""rbi_mpr_2026_04_p069_c001"": [""Compare global-growth assumptions or language across all reports.""], ""rbi_mpr_2026_04_p069_c003"": [""Compare global-growth assumptions or language across all reports.""], ""rbi_mpr_2026_04_p070_c000"": [""Compare global-growth assumptions or language across all reports.""], ""rbi_mpr_2026_04_p071_c000"": [""Compare global-growth assumptions or language across all reports.""], ""rbi_mpr_2026_04_p071_c001"": [""Compare global-growth assumptions or language across all reports.""], ""rbi_mpr_2026_04_p073_c000"": [""Compare global-growth assumptions or language across all reports.""], ""rbi_mpr_2026_04_p073_c001"": [""Compare global-growth assumptions or language across all reports.""], ""rbi_mpr_2026_04_p073_c002"": [""Compare global-growth assumptions or language across all reports.""], ""rbi_mpr_2026_04_p075_c000"": [""Compare global-growth assumptions or language across all reports.""], ""rbi_mpr_2026_04_p076_c001"": [""Compare global-growth assumptions or language across all reports.""], ""rbi_mpr_2026_04_p076_c002"": [""Compare global-growth assumptions or language across all reports.""], ""rbi_mpr_2026_04_p076_c003"": [""Compare global-growth assumptions or language across all reports.""], ""rbi_mpr_2026_04_p077_c000"": [""Compare global-growth assumptions or language across all reports.""], ""rbi_mpr_2026_04_p077_c001"": [""Compare global-growth assumptions or language across all reports.""], ""rbi_mpr_2026_04_p077_c003"": [""Compare global-growth assumptions or language across all reports.""], ""rbi_mpr_2026_04_p081_c001"": [""Compare global-growth assumptions or language across all reports.""], ""rbi_mpr_2026_04_p081_c002"": [""Compare global-growth assumptions or language across all reports.""], ""rbi_mpr_2026_04_p081_c004"": [""Compare global-growth assumptions or language across all reports.""], ""rbi_mpr_2026_04_p081_c005"": [""Compare global-growth assumptions or language across all reports.""], ""rbi_mpr_2026_04_p082_c001"": [""Compare global-growth assumptions or language across all reports.""], ""rbi_mpr_2026_04_p083_c000"": [""Compare global-growth assumptions or language across all reports.""], ""rbi_mpr_2026_04_p083_c003"": [""Compare global-growth assumptions or language across all reports.""], ""rbi_mpr_2026_04_p083_c004"": [""Compare global-growth assumptions or language across all reports.""], ""rbi_mpr_2026_04_p083_c007"": [""Compare global-growth assumptions or language across all reports.""], ""rbi_mpr_2026_04_p087_c000"": [""Compare global-growth assumptions or language across all reports.""], ""rbi_mpr_2026_04_p096_c001"": [""Compare global-growth assumptions or language across all reports.""], ""rbi_mpr_2026_04_p096_c002"": [""Compare global-growth assumptions or language across all reports.""], ""rbi_mpr_2026_04_p096_c003"": [""Compare global-growth assumptions or language across all reports.""], ""rbi_mpr_2026_04_p096_c004"": [""Compare global-growth assumptions or language across all reports.""], ""rbi_mpr_2026_04_p099_c003"": [""Compare global-growth assumptions or language across all reports.""], ""rbi_mpr_2026_04_p100_c002"": [""Compare global-growth assumptions or language across all reports.""], ""rbi_mpr_2026_04_p101_c001"": [""Compare global-growth assumptions or language across all reports.""], ""rbi_mpr_2026_04_p102_c003"": [""Compare global-growth assumptions or language across all reports.""], ""rbi_mpr_2026_04_p102_c004"": [""Compare global-growth assumptions or language across all reports.""], ""rbi_mpr_2026_04_p103_c003"": [""Compare global-growth assumptions or language across all reports.""], ""rbi_mpr_2026_04_p105_c001"": [""Compare global-growth assumptions or language across all reports.""], ""rbi_mpr_2026_04_p107_c000"": [""Compare global-growth assumptions or language across all reports.""], ""rbi_mpr_2026_04_p107_c004"": [""Compare global-growth assumptions or language across all reports.""], ""rbi_mpr_2026_04_p108_c002"": [""Compare global-growth assumptions or language across all reports.""], ""rbi_mpr_2026_04_p109_c001"": [""Compare global-growth assumptions or language across all reports.""], ""rbi_mpr_2026_04_p109_c003"": [""Compare global-growth assumptions or language across all reports.""], ""rbi_mpr_2026_04_p110_c001"": [""Compare global-growth assumptions or language across all reports.""], ""rbi_mpr_2026_04_p111_c000"": [""Compare global-growth assumptions or language across all reports.""], ""rbi_mpr_2026_04_p111_c001"": [""Compare global-growth assumptions or language across all reports.""], ""rbi_mpr_2026_04_p111_c002"": [""Compare global-growth assumptions or language across all reports.""], ""rbi_mpr_2026_04_p111_c003"": [""Compare global-growth assumptions or language across all reports.""], ""rbi_mpr_2026_04_p112_c000"": [""Compare global-growth assumptions or language across all reports.""], ""rbi_mpr_2026_04_p112_c001"": [""Compare global-growth assumptions or language across all reports.""], ""rbi_mpr_2026_04_p112_c003"": [""Compare global-growth assumptions or language across all reports.""], ""rbi_mpr_2026_04_p112_c004"": [""Compare global-growth assumptions or language across all reports.""], ""rbi_mpr_2026_04_p113_c002"": [""Compare global-growth assumptions or language across all reports.""], ""rbi_mpr_2026_04_p114_c000"": [""Compare global-growth assumptions or language across all reports.""]}, ""candidate_source_retriever"": {""rbi_mpr_2025_04_p005_c001"": [""bm25""], ""rbi_mpr_2025_04_p011_c004"": [""dense""], ""rbi_mpr_2025_04_p012_c004"": [""dense""], ""rbi_mpr_2025_04_p013_c000"": [""dense""], ""rbi_mpr_2025_04_p016_c003"": [""bm25""], ""rbi_mpr_2025_04_p018_c000"": [""bm25""], ""rbi_mpr_2025_04_p018_c003"": [""dense""], ""rbi_mpr_2025_04_p019_c000"": [""dense""], ""rbi_mpr_2025_04_p019_c001"": [""bm25""], ""rbi_mpr_2025_04_p019_c002"": [""dense""], ""rbi_mpr_2025_04_p019_c003"": [""bm25""], ""rbi_mpr_2025_04_p019_c004"": [""bm25""], ""rbi_mpr_2025_04_p020_c000"": [""bm25"", ""dense""], ""rbi_mpr_2025_04_p020_c002"": [""dense""], ""rbi_mpr_2025_04_p020_c003"": [""dense""], ""rbi_mpr_2025_04_p021_c000"": [""bm25"", ""dense""], ""rbi_mpr_2025_04_p021_c001"": [""bm25"", ""dense""], ""rbi_mpr_2025_04_p021_c002"": [""dense""], ""rbi_mpr_2025_04_p021_c003"": [""bm25"", ""dense""], ""rbi_mpr_2025_04_p021_c004"": [""bm25""], ""rbi_mpr_2025_04_p023_c003"": [""dense""], ""rbi_mpr_2025_04_p027_c000"": [""bm25""], ""rbi_mpr_2025_04_p027_c001"": [""bm25""], ""rbi_mpr_2025_04_p027_c002"": [""bm25""], ""rbi_mpr_2025_04_p028_c000"": [""bm25""], ""rbi_mpr_2025_04_p028_c001"": [""bm25""], ""rbi_mpr_2025_04_p028_c002"": [""bm25""], ""rbi_mpr_2025_04_p028_c003"": [""bm25""], ""rbi_mpr_2025_04_p029_c002"": [""bm25""], ""rbi_mpr_2025_04_p029_c003"": [""bm25""], ""rbi_mpr_2025_04_p029_c004"": [""bm25""], ""rbi_mpr_2025_04_p037_c000"": [""bm25""], ""rbi_mpr_2025_04_p038_c000"": [""bm25""], ""rbi_mpr_2025_04_p039_c002"": [""bm25""], ""rbi_mpr_2025_04_p040_c000"": [""bm25""], ""rbi_mpr_2025_04_p041_c000"": [""bm25""], ""rbi_mpr_2025_04_p041_c001"": [""bm25""], ""rbi_mpr_2025_04_p044_c003"": [""dense""], ""rbi_mpr_2025_04_p047_c002"": [""dense""], ""rbi_mpr_2025_04_p047_c003"": [""dense""], ""rbi_mpr_2025_04_p047_c004"": [""bm25"", ""dense""], ""rbi_mpr_2025_04_p048_c001"": [""dense""], ""rbi_mpr_2025_04_p048_c002"": [""dense""], ""rbi_mpr_2025_04_p048_c003"": [""dense""], ""rbi_mpr_2025_04_p052_c000"": [""dense""], ""rbi_mpr_2025_04_p052_c002"": [""dense""], ""rbi_mpr_2025_04_p053_c002"": [""dense""], ""rbi_mpr_2025_04_p056_c002"": [""bm25""], ""rbi_mpr_2025_04_p057_c002"": [""bm25""], ""rbi_mpr_2025_04_p057_c003"": [""bm25""], ""rbi_mpr_2025_04_p057_c004"": [""dense""], ""rbi_mpr_2025_04_p058_c000"": [""dense""], ""rbi_mpr_2025_04_p058_c001"": [""dense""], ""rbi_mpr_2025_04_p058_c003"": [""bm25""], ""rbi_mpr_2025_04_p059_c004"": [""dense""], ""rbi_mpr_2025_04_p060_c001"": [""dense""], ""rbi_mpr_2025_04_p063_c003"": [""dense""], ""rbi_mpr_2025_04_p064_c002"": [""dense""], ""rbi_mpr_2025_04_p065_c002"": [""dense""], ""rbi_mpr_2025_04_p066_c001"": [""dense""], ""rbi_mpr_2025_04_p066_c002"": [""dense""], ""rbi_mpr_2025_04_p066_c003"": [""dense""], ""rbi_mpr_2025_04_p067_c000"": [""dense""], ""rbi_mpr_2025_04_p067_c001"": [""bm25""], ""rbi_mpr_2025_04_p067_c002"": [""bm25""], ""rbi_mpr_2025_04_p069_c003"": [""bm25""], ""rbi_mpr_2025_04_p070_c002"": [""bm25""], ""rbi_mpr_2025_04_p073_c003"": [""bm25""], ""rbi_mpr_2025_04_p074_c000"": [""bm25""], ""rbi_mpr_2025_04_p085_c000"": [""bm25""], ""rbi_mpr_2025_04_p085_c001"": [""bm25""], ""rbi_mpr_2025_04_p088_c000"": [""bm25""], ""rbi_mpr_2025_04_p088_c002"": [""bm25""], ""rbi_mpr_2025_04_p091_c000"": [""bm25"", ""dense""], ""rbi_mpr_2025_04_p092_c002"": [""dense""], ""rbi_mpr_2025_04_p092_c003"": [""bm25""], ""rbi_mpr_2025_04_p098_c003"": [""bm25""], ""rbi_mpr_2025_04_p099_c002"": [""dense""], ""rbi_mpr_2025_04_p099_c003"": [""dense""], ""rbi_mpr_2025_04_p100_c002"": [""dense""], ""rbi_mpr_2025_04_p100_c003"": [""dense""], ""rbi_mpr_2025_04_p101_c002"": [""dense""], ""rbi_mpr_2025_04_p101_c003"": [""dense""], ""rbi_mpr_2025_04_p101_c004"": [""dense""], ""rbi_mpr_2025_04_p101_c005"": [""dense""], ""rbi_mpr_2025_04_p102_c000"": [""dense""], ""rbi_mpr_2025_04_p103_c000"": [""dense""], ""rbi_mpr_2025_04_p103_c003"": [""dense""], ""rbi_mpr_2025_04_p109_c003"": [""bm25""], ""rbi_mpr_2025_04_p110_c000"": [""bm25""], ""rbi_mpr_2025_04_p110_c001"": [""bm25""], ""rbi_mpr_2025_04_p110_c003"": [""bm25"", ""dense""], ""rbi_mpr_2025_04_p114_c000"": [""bm25""], ""rbi_mpr_2025_10_p008_c000"": [""dense""], ""rbi_mpr_2025_10_p008_c001"": [""dense""], ""rbi_mpr_2025_10_p009_c005"": [""bm25"", ""dense""], ""rbi_mpr_2025_10_p010_c002"": [""bm25""], ""rbi_mpr_2025_10_p011_c003"": [""bm25""], ""rbi_mpr_2025_10_p011_c004"": [""bm25""], ""rbi_mpr_2025_10_p013_c003"": [""dense""], ""rbi_mpr_2025_10_p013_c005"": [""dense""], ""rbi_mpr_2025_10_p014_c003"": [""bm25""], ""rbi_mpr_2025_10_p016_c000"": [""dense""], ""rbi_mpr_2025_10_p016_c001"": [""dense""], ""rbi_mpr_2025_10_p016_c002"": [""bm25""], ""rbi_mpr_2025_10_p016_c003"": [""bm25""], ""rbi_mpr_2025_10_p017_c000"": [""bm25""], ""rbi_mpr_2025_10_p017_c003"": [""bm25""], ""rbi_mpr_2025_10_p017_c004"": [""bm25""], ""rbi_mpr_2025_10_p017_c005"": [""dense""], ""rbi_mpr_2025_10_p019_c001"": [""dense""], ""rbi_mpr_2025_10_p019_c002"": [""bm25"", ""dense""], ""rbi_mpr_2025_10_p019_c003"": [""bm25""], ""rbi_mpr_2025_10_p020_c000"": [""bm25"", ""dense""], ""rbi_mpr_2025_10_p020_c001"": [""bm25"", ""dense""], ""rbi_mpr_2025_10_p020_c002"": [""dense""], ""rbi_mpr_2025_10_p020_c003"": [""dense""], ""rbi_mpr_2025_10_p021_c000"": [""bm25""], ""rbi_mpr_2025_10_p021_c001"": [""bm25""], ""rbi_mpr_2025_10_p021_c004"": [""bm25"", ""dense""], ""rbi_mpr_2025_10_p021_c005"": [""bm25""], ""rbi_mpr_2025_10_p022_c001"": [""dense""], ""rbi_mpr_2025_10_p022_c002"": [""dense""], ""rbi_mpr_2025_10_p027_c001"": [""bm25""], ""rbi_mpr_2025_10_p027_c002"": [""bm25""], ""rbi_mpr_2025_10_p028_c000"": [""bm25""], ""rbi_mpr_2025_10_p033_c001"": [""bm25""], ""rbi_mpr_2025_10_p034_c003"": [""bm25""], ""rbi_mpr_2025_10_p034_c004"": [""bm25""], ""rbi_mpr_2025_10_p034_c005"": [""bm25""], ""rbi_mpr_2025_10_p035_c000"": [""bm25""], ""rbi_mpr_2025_10_p035_c002"": [""bm25""], ""rbi_mpr_2025_10_p037_c002"": [""bm25""], ""rbi_mpr_2025_10_p038_c004"": [""dense""], ""rbi_mpr_2025_10_p041_c004"": [""bm25""], ""rbi_mpr_2025_10_p042_c002"": [""bm25"", ""dense""], ""rbi_mpr_2025_10_p042_c003"": [""dense""], ""rbi_mpr_2025_10_p042_c004"": [""bm25"", ""dense""], ""rbi_mpr_2025_10_p043_c002"": [""dense""], ""rbi_mpr_2025_10_p043_c003"": [""dense""], ""rbi_mpr_2025_10_p046_c002"": [""dense""], ""rbi_mpr_2025_10_p047_c000"": [""dense""], ""rbi_mpr_2025_10_p047_c002"": [""bm25""], ""rbi_mpr_2025_10_p048_c000"": [""dense""], ""rbi_mpr_2025_10_p049_c001"": [""dense""], ""rbi_mpr_2025_10_p049_c003"": [""dense""], ""rbi_mpr_2025_10_p053_c001"": [""bm25"", ""dense""], ""rbi_mpr_2025_10_p055_c001"": [""bm25""], ""rbi_mpr_2025_10_p055_c002"": [""bm25""], ""rbi_mpr_2025_10_p055_c003"": [""bm25""], ""rbi_mpr_2025_10_p055_c004"": [""bm25""], ""rbi_mpr_2025_10_p056_c002"": [""dense""], ""rbi_mpr_2025_10_p057_c000"": [""bm25""], ""rbi_mpr_2025_10_p058_c002"": [""dense""], ""rbi_mpr_2025_10_p059_c000"": [""bm25""], ""rbi_mpr_2025_10_p061_c000"": [""dense""], ""rbi_mpr_2025_10_p061_c004"": [""dense""], ""rbi_mpr_2025_10_p062_c001"": [""dense""], ""rbi_mpr_2025_10_p065_c004"": [""bm25""], ""rbi_mpr_2025_10_p076_c000"": [""bm25""], ""rbi_mpr_2025_10_p076_c001"": [""bm25""], ""rbi_mpr_2025_10_p083_c000"": [""bm25"", ""dense""], ""rbi_mpr_2025_10_p083_c001"": [""bm25""], ""rbi_mpr_2025_10_p084_c002"": [""bm25"", ""dense""], ""rbi_mpr_2025_10_p084_c003"": [""bm25""], ""rbi_mpr_2025_10_p085_c001"": [""dense""], ""rbi_mpr_2025_10_p085_c003"": [""dense""], ""rbi_mpr_2025_10_p086_c002"": [""bm25"", ""dense""], ""rbi_mpr_2025_10_p086_c003"": [""dense""], ""rbi_mpr_2025_10_p087_c003"": [""dense""], ""rbi_mpr_2025_10_p088_c003"": [""bm25""], ""rbi_mpr_2025_10_p091_c000"": [""bm25""], ""rbi_mpr_2025_10_p095_c000"": [""dense""], ""rbi_mpr_2025_10_p095_c003"": [""dense""], ""rbi_mpr_2025_10_p096_c002"": [""dense""], ""rbi_mpr_2025_10_p096_c004"": [""dense""], ""rbi_mpr_2025_10_p097_c000"": [""dense""], ""rbi_mpr_2025_10_p097_c002"": [""dense""], ""rbi_mpr_2025_10_p097_c003"": [""dense""], ""rbi_mpr_2025_10_p097_c004"": [""dense""], ""rbi_mpr_2025_10_p098_c000"": [""dense""], ""rbi_mpr_2025_10_p102_c003"": [""bm25""], ""rbi_mpr_2026_04_p013_c000"": [""dense""], ""rbi_mpr_2026_04_p013_c001"": [""dense""], ""rbi_mpr_2026_04_p013_c003"": [""dense""], ""rbi_mpr_2026_04_p013_c004"": [""dense""], ""rbi_mpr_2026_04_p015_c001"": [""dense""], ""rbi_mpr_2026_04_p015_c002"": [""dense""], ""rbi_mpr_2026_04_p015_c003"": [""dense""], ""rbi_mpr_2026_04_p017_c001"": [""bm25""], ""rbi_mpr_2026_04_p017_c002"": [""bm25""], ""rbi_mpr_2026_04_p018_c001"": [""bm25""], ""rbi_mpr_2026_04_p021_c003"": [""dense""], ""rbi_mpr_2026_04_p023_c000"": [""bm25""], ""rbi_mpr_2026_04_p035_c003"": [""bm25""], ""rbi_mpr_2026_04_p038_c002"": [""bm25""], ""rbi_mpr_2026_04_p042_c001"": [""bm25""], ""rbi_mpr_2026_04_p043_c000"": [""bm25""], ""rbi_mpr_2026_04_p044_c000"": [""bm25""], ""rbi_mpr_2026_04_p044_c001"": [""dense""], ""rbi_mpr_2026_04_p044_c002"": [""dense""], ""rbi_mpr_2026_04_p047_c004"": [""bm25""], ""rbi_mpr_2026_04_p049_c001"": [""bm25""], ""rbi_mpr_2026_04_p050_c000"": [""bm25""], ""rbi_mpr_2026_04_p050_c001"": [""bm25""], ""rbi_mpr_2026_04_p055_c003"": [""dense""], ""rbi_mpr_2026_04_p056_c000"": [""dense""], ""rbi_mpr_2026_04_p056_c001"": [""dense""], ""rbi_mpr_2026_04_p056_c002"": [""bm25"", ""dense""], ""rbi_mpr_2026_04_p056_c003"": [""dense""], ""rbi_mpr_2026_04_p057_c001"": [""dense""], ""rbi_mpr_2026_04_p057_c004"": [""dense""], ""rbi_mpr_2026_04_p058_c000"": [""dense""], ""rbi_mpr_2026_04_p058_c001"": [""dense""], ""rbi_mpr_2026_04_p058_c002"": [""dense""], ""rbi_mpr_2026_04_p059_c000"": [""dense""], ""rbi_mpr_2026_04_p059_c003"": [""dense""], ""rbi_mpr_2026_04_p061_c000"": [""dense""], ""rbi_mpr_2026_04_p062_c003"": [""dense""], ""rbi_mpr_2026_04_p066_c003"": [""dense""], ""rbi_mpr_2026_04_p067_c001"": [""dense""], ""rbi_mpr_2026_04_p067_c002"": [""bm25"", ""dense""], ""rbi_mpr_2026_04_p069_c001"": [""bm25""], ""rbi_mpr_2026_04_p069_c003"": [""bm25""], ""rbi_mpr_2026_04_p070_c000"": [""bm25""], ""rbi_mpr_2026_04_p071_c000"": [""bm25""], ""rbi_mpr_2026_04_p071_c001"": [""bm25""], ""rbi_mpr_2026_04_p073_c000"": [""bm25"", ""dense""], ""rbi_mpr_2026_04_p073_c001"": [""dense""], ""rbi_mpr_2026_04_p073_c002"": [""dense""], ""rbi_mpr_2026_04_p075_c000"": [""dense""], ""rbi_mpr_2026_04_p076_c001"": [""dense""], ""rbi_mpr_2026_04_p076_c002"": [""dense""], ""rbi_mpr_2026_04_p076_c003"": [""dense""], ""rbi_mpr_2026_04_p077_c000"": [""bm25""], ""rbi_mpr_2026_04_p077_c001"": [""dense""], ""rbi_mpr_2026_04_p077_c003"": [""dense""], ""rbi_mpr_2026_04_p081_c001"": [""bm25""], ""rbi_mpr_2026_04_p081_c002"": [""bm25""], ""rbi_mpr_2026_04_p081_c004"": [""bm25""], ""rbi_mpr_2026_04_p081_c005"": [""bm25""], ""rbi_mpr_2026_04_p082_c001"": [""bm25""], ""rbi_mpr_2026_04_p083_c000"": [""bm25""], ""rbi_mpr_2026_04_p083_c003"": [""bm25""], ""rbi_mpr_2026_04_p083_c004"": [""bm25""], ""rbi_mpr_2026_04_p083_c007"": [""bm25""], ""rbi_mpr_2026_04_p087_c000"": [""bm25""], ""rbi_mpr_2026_04_p096_c001"": [""dense""], ""rbi_mpr_2026_04_p096_c002"": [""dense""], ""rbi_mpr_2026_04_p096_c003"": [""bm25""], ""rbi_mpr_2026_04_p096_c004"": [""bm25""], ""rbi_mpr_2026_04_p099_c003"": [""bm25""], ""rbi_mpr_2026_04_p100_c002"": [""bm25""], ""rbi_mpr_2026_04_p101_c001"": [""dense""], ""rbi_mpr_2026_04_p102_c003"": [""bm25""], ""rbi_mpr_2026_04_p102_c004"": [""bm25"", ""dense""], ""rbi_mpr_2026_04_p103_c003"": [""bm25""], ""rbi_mpr_2026_04_p105_c001"": [""bm25""], ""rbi_mpr_2026_04_p107_c000"": [""dense""], ""rbi_mpr_2026_04_p107_c004"": [""bm25""], ""rbi_mpr_2026_04_p108_c002"": [""bm25""], ""rbi_mpr_2026_04_p109_c001"": [""bm25""], ""rbi_mpr_2026_04_p109_c003"": [""dense""], ""rbi_mpr_2026_04_p110_c001"": [""dense""], ""rbi_mpr_2026_04_p111_c000"": [""dense""], ""rbi_mpr_2026_04_p111_c001"": [""bm25"", ""dense""], ""rbi_mpr_2026_04_p111_c002"": [""dense""], ""rbi_mpr_2026_04_p111_c003"": [""dense""], ""rbi_mpr_2026_04_p112_c000"": [""bm25"", ""dense""], ""rbi_mpr_2026_04_p112_c001"": [""bm25"", ""dense""], ""rbi_mpr_2026_04_p112_c003"": [""bm25"", ""dense""], ""rbi_mpr_2026_04_p112_c004"": [""bm25""], ""rbi_mpr_2026_04_p113_c002"": [""bm25""], ""rbi_mpr_2026_04_p114_c000"": [""bm25""]}, ""candidate_union_ids"": [""rbi_mpr_2026_04_p077_c003"", ""rbi_mpr_2026_04_p111_c003"", ""rbi_mpr_2026_04_p056_c002"", ""rbi_mpr_2026_04_p057_c004"", ""rbi_mpr_2026_04_p112_c001"", ""rbi_mpr_2026_04_p059_c000"", ""rbi_mpr_2026_04_p044_c002"", ""rbi_mpr_2026_04_p044_c001"", ""rbi_mpr_2026_04_p073_c001"", ""rbi_mpr_2026_04_p015_c001"", ""rbi_mpr_2026_04_p076_c003"", ""rbi_mpr_2026_04_p101_c001"", ""rbi_mpr_2026_04_p112_c000"", ""rbi_mpr_2026_04_p066_c003"", ""rbi_mpr_2026_04_p058_c000"", ""rbi_mpr_2026_04_p110_c001"", ""rbi_mpr_2026_04_p058_c001"", ""rbi_mpr_2026_04_p111_c001"", ""rbi_mpr_2026_04_p059_c003"", ""rbi_mpr_2026_04_p076_c002"", ""rbi_mpr_2026_04_p056_c003"", ""rbi_mpr_2026_04_p096_c002"", ""rbi_mpr_2026_04_p015_c003"", ""rbi_mpr_2026_04_p055_c003"", ""rbi_mpr_2026_04_p075_c000"", ""rbi_mpr_2026_04_p013_c001"", ""rbi_mpr_2026_04_p015_c002"", ""rbi_mpr_2026_04_p021_c003"", ""rbi_mpr_2026_04_p013_c000"", ""rbi_mpr_2026_04_p102_c004"", ""rbi_mpr_2026_04_p061_c000"", ""rbi_mpr_2026_04_p073_c002"", ""rbi_mpr_2026_04_p062_c003"", ""rbi_mpr_2026_04_p058_c002"", ""rbi_mpr_2026_04_p076_c001"", ""rbi_mpr_2026_04_p077_c001"", ""rbi_mpr_2026_04_p056_c000"", ""rbi_mpr_2026_04_p111_c000"", ""rbi_mpr_2026_04_p073_c000"", ""rbi_mpr_2026_04_p111_c002"", ""rbi_mpr_2026_04_p013_c003"", ""rbi_mpr_2026_04_p107_c000"", ""rbi_mpr_2026_04_p056_c001"", ""rbi_mpr_2026_04_p067_c002"", ""rbi_mpr_2026_04_p109_c003"", ""rbi_mpr_2026_04_p067_c001"", ""rbi_mpr_2026_04_p057_c001"", ""rbi_mpr_2026_04_p096_c001"", ""rbi_mpr_2026_04_p013_c004"", ""rbi_mpr_2026_04_p112_c003"", ""rbi_mpr_2026_04_p023_c000"", ""rbi_mpr_2026_04_p107_c004"", ""rbi_mpr_2026_04_p044_c000"", ""rbi_mpr_2026_04_p100_c002"", ""rbi_mpr_2026_04_p103_c003"", ""rbi_mpr_2026_04_p018_c001"", ""rbi_mpr_2026_04_p114_c000"", ""rbi_mpr_2026_04_p049_c001"", ""rbi_mpr_2026_04_p082_c001"", ""rbi_mpr_2026_04_p043_c000"", ""rbi_mpr_2026_04_p077_c000"", ""rbi_mpr_2026_04_p112_c004"", ""rbi_mpr_2026_04_p081_c002"", ""rbi_mpr_2026_04_p096_c004"", ""rbi_mpr_2026_04_p047_c004"", ""rbi_mpr_2026_04_p109_c001"", ""rbi_mpr_2026_04_p081_c004"", ""rbi_mpr_2026_04_p099_c003"", ""rbi_mpr_2026_04_p083_c007"", ""rbi_mpr_2026_04_p042_c001"", ""rbi_mpr_2026_04_p081_c005"", ""rbi_mpr_2026_04_p102_c003"", ""rbi_mpr_2026_04_p096_c003"", ""rbi_mpr_2026_04_p017_c001"", ""rbi_mpr_2026_04_p017_c002"", ""rbi_mpr_2026_04_p071_c000"", ""rbi_mpr_2026_04_p050_c000"", ""rbi_mpr_2026_04_p081_c001"", ""rbi_mpr_2026_04_p083_c004"", ""rbi_mpr_2026_04_p038_c002"", ""rbi_mpr_2026_04_p069_c001"", ""rbi_mpr_2026_04_p105_c001"", ""rbi_mpr_2026_04_p087_c000"", ""rbi_mpr_2026_04_p071_c001"", ""rbi_mpr_2026_04_p050_c001"", ""rbi_mpr_2026_04_p083_c003"", ""rbi_mpr_2026_04_p069_c003"", ""rbi_mpr_2026_04_p108_c002"", ""rbi_mpr_2026_04_p083_c000"", ""rbi_mpr_2026_04_p113_c002"", ""rbi_mpr_2026_04_p070_c000"", ""rbi_mpr_2026_04_p035_c003""], ""candidate_union_pages"": [77, 111, 56, 57, 112, 59, 44, 44, 73, 15, 76, 101, 112, 66, 58, 110, 58, 111, 59, 76, 56, 96, 15, 55, 75, 13, 15, 21, 13, 102, 61, 73, 62, 58, 76, 77, 56, 111, 73, 111, 13, 107, 56, 67, 109, 67, 57, 96, 13, 112, 23, 107, 44, 100, 103, 18, 114, 49, 82, 43, 77, 112, 81, 96, 47, 109, 81, 99, 83, 42, 81, 102, 96, 17, 17, 71, 50, 81, 83, 38, 69, 105, 87, 71, 50, 83, 69, 108, 83, 113, 70, 35], ""dense_candidate_ids"": [""rbi_mpr_2026_04_p077_c003"", ""rbi_mpr_2026_04_p111_c003"", ""rbi_mpr_2026_04_p056_c002"", ""rbi_mpr_2026_04_p057_c004"", ""rbi_mpr_2026_04_p112_c001"", ""rbi_mpr_2026_04_p059_c000"", ""rbi_mpr_2026_04_p044_c002"", ""rbi_mpr_2026_04_p044_c001"", ""rbi_mpr_2026_04_p073_c001"", ""rbi_mpr_2026_04_p015_c001"", ""rbi_mpr_2026_04_p076_c003"", ""rbi_mpr_2026_04_p101_c001"", ""rbi_mpr_2026_04_p112_c000"", ""rbi_mpr_2026_04_p066_c003"", ""rbi_mpr_2026_04_p058_c000"", ""rbi_mpr_2026_04_p110_c001"", ""rbi_mpr_2026_04_p058_c001"", ""rbi_mpr_2026_04_p111_c001"", ""rbi_mpr_2026_04_p059_c003"", ""rbi_mpr_2026_04_p076_c002"", ""rbi_mpr_2026_04_p056_c003"", ""rbi_mpr_2026_04_p096_c002"", ""rbi_mpr_2026_04_p015_c003"", ""rbi_mpr_2026_04_p055_c003"", ""rbi_mpr_2026_04_p075_c000"", ""rbi_mpr_2026_04_p013_c001"", ""rbi_mpr_2026_04_p015_c002"", ""rbi_mpr_2026_04_p021_c003"", ""rbi_mpr_2026_04_p013_c000"", ""rbi_mpr_2026_04_p102_c004"", ""rbi_mpr_2026_04_p061_c000"", ""rbi_mpr_2026_04_p073_c002"", ""rbi_mpr_2026_04_p062_c003"", ""rbi_mpr_2026_04_p058_c002"", ""rbi_mpr_2026_04_p076_c001"", ""rbi_mpr_2026_04_p077_c001"", ""rbi_mpr_2026_04_p056_c000"", ""rbi_mpr_2026_04_p111_c000"", ""rbi_mpr_2026_04_p073_c000"", ""rbi_mpr_2026_04_p111_c002"", ""rbi_mpr_2026_04_p013_c003"", ""rbi_mpr_2026_04_p107_c000"", ""rbi_mpr_2026_04_p056_c001"", ""rbi_mpr_2026_04_p067_c002"", ""rbi_mpr_2026_04_p109_c003"", ""rbi_mpr_2026_04_p067_c001"", ""rbi_mpr_2026_04_p057_c001"", ""rbi_mpr_2026_04_p096_c001"", ""rbi_mpr_2026_04_p013_c004"", ""rbi_mpr_2026_04_p112_c003""], ""dense_candidate_pages"": [77, 111, 56, 57, 112, 59, 44, 44, 73, 15, 76, 101, 112, 66, 58, 110, 58, 111, 59, 76, 56, 96, 15, 55, 75, 13, 15, 21, 13, 102, 61, 73, 62, 58, 76, 77, 56, 111, 73, 111, 13, 107, 56, 67, 109, 67, 57, 96, 13, 112], ""dense_candidate_scores"": [0.30030200257894, 0.24541580549029463, 0.22422226271659162, 0.22256100253568623, 0.20346182095818643, 0.1975191996118475, 0.19226197031599257, 0.18398576226130237, 0.18035371544402756, 0.1789497196264327, 0.165766185412225, 0.1619255959885183, 0.16188631512570617, 0.15882923561581697, 0.1585993667040385, 0.1540926041927686, 0.15141678507450895, 0.15123614368179128, 0.14926485128323974, 0.14506078743797512, 0.1444845557251342, 0.14312085229471572, 0.1416339114792513, 0.1407798477410266, 0.1405369975999068, 0.1386878467683399, 0.1381441524225493, 0.1354196115474111, 0.1326535981733381, 0.12505157110742815, 0.12503488095541782, 0.1229846053627569, 0.12201531214070338, 0.11762403199435334, 0.11721090858524952, 0.11507760370102216, 0.113835198900618, 0.11350215450368495, 0.11230088502742741, 0.11227163511456084, 0.10803579254551898, 0.10492425930735372, 0.1037742403988855, 0.10220283729900526, 0.10217940365123324, 0.09705923590673582, 0.09405880176124526, 0.09075727052999283, 0.09039548198237535, 0.08818546983385811], ""dense_first_evidence_rank"": null, ""evidence_rank_after_reranking"": null, ""evidence_rank_before_reranking"": null, ""expected_evidence"": [""Global growth remained resilient but below its historical average""], ""loss_stage"": ""not_in_candidate_union"", ""report_id"": ""rbi_mpr_2026_04"", ""reranker_input_ids"": [""rbi_mpr_2026_04_p112_c000"", ""rbi_mpr_2026_04_p112_c001"", ""rbi_mpr_2026_04_p056_c002"", ""rbi_mpr_2026_04_p112_c003"", ""rbi_mpr_2026_04_p111_c001"", ""rbi_mpr_2026_04_p073_c000"", ""rbi_mpr_2026_04_p102_c004"", ""rbi_mpr_2026_04_p067_c002"", ""rbi_mpr_2026_04_p077_c003"", ""rbi_mpr_2026_04_p023_c000"", ""rbi_mpr_2026_04_p111_c003"", ""rbi_mpr_2026_04_p107_c004"", ""rbi_mpr_2026_04_p057_c004"", ""rbi_mpr_2026_04_p044_c000"", ""rbi_mpr_2026_04_p100_c002"", ""rbi_mpr_2026_04_p059_c000"", ""rbi_mpr_2026_04_p103_c003"", ""rbi_mpr_2026_04_p044_c002"", ""rbi_mpr_2026_04_p018_c001"", ""rbi_mpr_2026_04_p044_c001"", ""rbi_mpr_2026_04_p114_c000"", ""rbi_mpr_2026_04_p073_c001"", ""rbi_mpr_2026_04_p049_c001"", ""rbi_mpr_2026_04_p015_c001"", ""rbi_mpr_2026_04_p076_c003"", ""rbi_mpr_2026_04_p082_c001"", ""rbi_mpr_2026_04_p101_c001"", ""rbi_mpr_2026_04_p043_c000"", ""rbi_mpr_2026_04_p066_c003"", ""rbi_mpr_2026_04_p077_c000""], ""reranker_input_pages"": [112, 112, 56, 112, 111, 73, 102, 67, 77, 23, 111, 107, 57, 44, 100, 59, 103, 44, 18, 44, 114, 73, 49, 15, 76, 82, 101, 43, 66, 77], ""reranker_input_ranks"": [1, 2, 3, 4, 5, 6, 7, 8, 9, 10, 11, 12, 13, 14, 15, 16, 17, 18, 19, 20, 21, 22, 23, 24, 25, 26, 27, 28, 29, 30], ""reranker_output_ids"": [""rbi_mpr_2026_04_p112_c001"", ""rbi_mpr_2026_04_p112_c000"", ""rbi_mpr_2026_04_p111_c001"", ""rbi_mpr_2026_04_p100_c002"", ""rbi_mpr_2026_04_p112_c003"", ""rbi_mpr_2026_04_p044_c000"", ""rbi_mpr_2026_04_p102_c004"", ""rbi_mpr_2026_04_p101_c001"", ""rbi_mpr_2026_04_p077_c003"", ""rbi_mpr_2026_04_p077_c000"", ""rbi_mpr_2026_04_p057_c004"", ""rbi_mpr_2026_04_p073_c000"", ""rbi_mpr_2026_04_p056_c002"", ""rbi_mpr_2026_04_p015_c001"", ""rbi_mpr_2026_04_p114_c000"", ""rbi_mpr_2026_04_p067_c002"", ""rbi_mpr_2026_04_p043_c000"", ""rbi_mpr_2026_04_p044_c001"", ""rbi_mpr_2026_04_p073_c001"", ""rbi_mpr_2026_04_p111_c003"", ""rbi_mpr_2026_04_p059_c000"", ""rbi_mpr_2026_04_p044_c002"", ""rbi_mpr_2026_04_p076_c003"", ""rbi_mpr_2026_04_p103_c003"", ""rbi_mpr_2026_04_p023_c000"", ""rbi_mpr_2026_04_p066_c003"", ""rbi_mpr_2026_04_p082_c001"", ""rbi_mpr_2026_04_p107_c004"", ""rbi_mpr_2026_04_p018_c001"", ""rbi_mpr_2026_04_p049_c001""], ""reranker_output_pages"": [112, 112, 111, 100, 112, 44, 102, 101, 77, 77, 57, 73, 56, 15, 114, 67, 43, 44, 73, 111, 59, 44, 76, 103, 23, 66, 82, 107, 18, 49], ""reranker_scores"": [0.10072590410709381, -1.5204848051071167, -3.3035972118377686, -4.696496963500977, -5.735963344573975, -6.198583602905273, -6.212823867797852, -6.869212627410889, -7.247778415679932, -7.812745571136475, -8.123952865600586, -8.54407024383545, -8.723726272583008, -8.760643005371094, -9.235794067382812, -9.254288673400879, -9.323088645935059, -9.385467529296875, -9.403083801269531, -9.748634338378906, -9.884340286254883, -9.999856948852539, -10.148980140686035, -10.35302734375, -10.456716537475586, -10.519643783569336, -10.66203784942627, -10.768973350524902, -10.786575317382812, -11.098146438598633], ""rrf_candidate_ids"": [""rbi_mpr_2026_04_p112_c000"", ""rbi_mpr_2026_04_p112_c001"", ""rbi_mpr_2026_04_p056_c002"", ""rbi_mpr_2026_04_p112_c003"", ""rbi_mpr_2026_04_p111_c001"", ""rbi_mpr_2026_04_p073_c000"", ""rbi_mpr_2026_04_p102_c004"", ""rbi_mpr_2026_04_p067_c002"", ""rbi_mpr_2026_04_p077_c003"", ""rbi_mpr_2026_04_p023_c000"", ""rbi_mpr_2026_04_p111_c003"", ""rbi_mpr_2026_04_p107_c004"", ""rbi_mpr_2026_04_p057_c004"", ""rbi_mpr_2026_04_p044_c000"", ""rbi_mpr_2026_04_p100_c002"", ""rbi_mpr_2026_04_p059_c000"", ""rbi_mpr_2026_04_p103_c003"", ""rbi_mpr_2026_04_p044_c002"", ""rbi_mpr_2026_04_p018_c001"", ""rbi_mpr_2026_04_p044_c001"", ""rbi_mpr_2026_04_p114_c000"", ""rbi_mpr_2026_04_p073_c001"", ""rbi_mpr_2026_04_p049_c001"", ""rbi_mpr_2026_04_p015_c001"", ""rbi_mpr_2026_04_p076_c003"", ""rbi_mpr_2026_04_p082_c001"", ""rbi_mpr_2026_04_p101_c001"", ""rbi_mpr_2026_04_p043_c000"", ""rbi_mpr_2026_04_p066_c003"", ""rbi_mpr_2026_04_p077_c000""], ""rrf_candidate_pages"": [112, 112, 56, 112, 111, 73, 102, 67, 77, 23, 111, 107, 57, 44, 100, 59, 103, 44, 18, 44, 114, 73, 49, 15, 76, 82, 101, 43, 66, 77], ""rrf_first_evidence_rank"": null, ""rrf_scores"": [0.029827662395050816, 0.029273504273504274, 0.025047327799621377, 0.023376623376623377, 0.022166307213036182, 0.022149202872094438, 0.021980676328502417, 0.021380090497737557, 0.01639344262295082, 0.01639344262295082, 0.016129032258064516, 0.015873015873015872, 0.015625, 0.015625, 0.015384615384615385, 0.015151515151515152, 0.015151515151515152, 0.014925373134328358, 0.014925373134328358, 0.014705882352941176, 0.014705882352941176, 0.014492753623188406, 0.014492753623188406, 0.014285714285714285, 0.014084507042253521, 0.014084507042253521, 0.013888888888888888, 0.0136986301369863, 0.013513513513513514, 0.013513513513513514], ""selected_chunk_ids_after_dedup"": [""rbi_mpr_2026_04_p112_c001"", ""rbi_mpr_2026_04_p112_c000""], ""selected_chunk_ids_before_dedup"": [""rbi_mpr_2026_04_p112_c001"", ""rbi_mpr_2026_04_p112_c000""], ""selected_pages"": [112, 112]}}","{""rbi_mpr_2025_04"": false, ""rbi_mpr_2025_10"": false, ""rbi_mpr_2026_04"": false}","{""rbi_mpr_2025_04"": 0.0, ""rbi_mpr_2025_10"": 0.0, ""rbi_mpr_2026_04"": 0.0}",[],[],0.1289000065298751,trend_all_reports,trend_dev_004,"[""Compare"", ""across all reports""]",0.0,"{""rbi_mpr_2025_04"": 2, ""rbi_mpr_2025_10"": 2, ""rbi_mpr_2026_04"": 2}",1.0,"[""rbi_mpr_2025_04"", ""rbi_mpr_2025_10"", ""rbi_mpr_2026_04""]",7544.121200000518,0.16460000188089907,5859,6,0.0045000051613897085,dev,7655.9666999964975,4
False,491.8654999928549,0.64080000447575,False,04a5ce7716e7f739c55089569953118657c56d931da37da67b3f680d0125b949,0,0.022199994418770075,bf7cf18e02abb87a6e22fe9b686d8f93fa34ceb3f67abc575741c0a63080b56d,0.337499994202517,107.7748999960022,0,1478,0.3333333333333333,[],RRF_K60,[],0.7474000012734905,d063b65fcefc1858e3315b9e67356a80310b8ae9b4d0864e98dd7c18d8553c1a,0.5,How did central-government borrowing context change across the reports?,How did central-government borrowing context change across the reports?,"{""rbi_mpr_2025_04"": {""accepted_evidence_found"": false, ""accepted_pages"": [57], ""bm25_candidate_ids"": [""rbi_mpr_2025_04_p078_c002"", ""rbi_mpr_2025_04_p026_c001"", ""rbi_mpr_2025_04_p082_c001"", ""rbi_mpr_2025_04_p014_c002"", ""rbi_mpr_2025_04_p057_c000"", ""rbi_mpr_2025_04_p078_c001"", ""rbi_mpr_2025_04_p076_c000"", ""rbi_mpr_2025_04_p065_c002"", ""rbi_mpr_2025_04_p060_c000"", ""rbi_mpr_2025_04_p027_c000"", ""rbi_mpr_2025_04_p016_c003"", ""rbi_mpr_2025_04_p012_c003"", ""rbi_mpr_2025_04_p028_c000"", ""rbi_mpr_2025_04_p020_c001"", ""rbi_mpr_2025_04_p113_c003"", ""rbi_mpr_2025_04_p016_c002"", ""rbi_mpr_2025_04_p028_c002"", ""rbi_mpr_2025_04_p028_c001"", ""rbi_mpr_2025_04_p027_c001"", ""rbi_mpr_2025_04_p112_c001"", ""rbi_mpr_2025_04_p027_c002"", ""rbi_mpr_2025_04_p039_c002"", ""rbi_mpr_2025_04_p058_c001"", ""rbi_mpr_2025_04_p028_c003"", ""rbi_mpr_2025_04_p082_c002"", ""rbi_mpr_2025_04_p089_c000"", ""rbi_mpr_2025_04_p038_c000"", ""rbi_mpr_2025_04_p029_c003"", ""rbi_mpr_2025_04_p019_c001"", ""rbi_mpr_2025_04_p058_c002"", ""rbi_mpr_2025_04_p073_c003"", ""rbi_mpr_2025_04_p079_c000"", ""rbi_mpr_2025_04_p087_c001"", ""rbi_mpr_2025_04_p069_c001"", ""rbi_mpr_2025_04_p074_c000"", ""rbi_mpr_2025_04_p086_c000"", ""rbi_mpr_2025_04_p113_c000"", ""rbi_mpr_2025_04_p073_c002"", ""rbi_mpr_2025_04_p085_c000"", ""rbi_mpr_2025_04_p087_c000"", ""rbi_mpr_2025_04_p029_c000"", ""rbi_mpr_2025_04_p073_c004"", ""rbi_mpr_2025_04_p034_c000"", ""rbi_mpr_2025_04_p095_c000"", ""rbi_mpr_2025_04_p026_c002"", ""rbi_mpr_2025_04_p012_c001"", ""rbi_mpr_2025_04_p011_c001"", ""rbi_mpr_2025_04_p085_c001"", ""rbi_mpr_2025_04_p113_c001"", ""rbi_mpr_2025_04_p041_c001""], ""bm25_candidate_pages"": [78, 26, 82, 14, 57, 78, 76, 65, 60, 27, 16, 12, 28, 20, 113, 16, 28, 28, 27, 112, 27, 39, 58, 28, 82, 89, 38, 29, 19, 58, 73, 79, 87, 69, 74, 86, 113, 73, 85, 87, 29, 73, 34, 95, 26, 12, 11, 85, 113, 41], ""bm25_candidate_scores"": [null, null, null, null, null, null, null, null, null, null, null, null, null, null, null, null, null, null, null, null, null, null, null, null, null, null, null, null, null, null, null, null, null, null, null, null, null, null, null, null, null, null, null, null, null, null, null, null, null, null], ""bm25_first_evidence_rank"": 5, ""candidate_source_expansion"": {""rbi_mpr_2025_04_p003_c000"": [], ""rbi_mpr_2025_04_p011_c001"": [], ""rbi_mpr_2025_04_p012_c001"": [], ""rbi_mpr_2025_04_p012_c003"": [], ""rbi_mpr_2025_04_p014_c002"": [], ""rbi_mpr_2025_04_p016_c002"": [], ""rbi_mpr_2025_04_p016_c003"": [], ""rbi_mpr_2025_04_p019_c001"": [], ""rbi_mpr_2025_04_p020_c001"": [], ""rbi_mpr_2025_04_p026_c001"": [], ""rbi_mpr_2025_04_p026_c002"": [], ""rbi_mpr_2025_04_p027_c000"": [], ""rbi_mpr_2025_04_p027_c001"": [], ""rbi_mpr_2025_04_p027_c002"": [], ""rbi_mpr_2025_04_p028_c000"": [], ""rbi_mpr_2025_04_p028_c001"": [], ""rbi_mpr_2025_04_p028_c002"": [], ""rbi_mpr_2025_04_p028_c003"": [], ""rbi_mpr_2025_04_p029_c000"": [], ""rbi_mpr_2025_04_p029_c003"": [], ""rbi_mpr_2025_04_p034_c000"": [], ""rbi_mpr_2025_04_p038_c000"": [], ""rbi_mpr_2025_04_p039_c002"": [], ""rbi_mpr_2025_04_p041_c000"": [], ""rbi_mpr_2025_04_p041_c001"": [], ""rbi_mpr_2025_04_p049_c002"": [], ""rbi_mpr_2025_04_p049_c003"": [], ""rbi_mpr_2025_04_p052_c000"": [], ""rbi_mpr_2025_04_p053_c000"": [], ""rbi_mpr_2025_04_p053_c001"": [], ""rbi_mpr_2025_04_p054_c000"": [], ""rbi_mpr_2025_04_p054_c001"": [], ""rbi_mpr_2025_04_p054_c002"": [], ""rbi_mpr_2025_04_p055_c000"": [], ""rbi_mpr_2025_04_p055_c001"": [], ""rbi_mpr_2025_04_p055_c003"": [], ""rbi_mpr_2025_04_p056_c000"": [], ""rbi_mpr_2025_04_p057_c000"": [], ""rbi_mpr_2025_04_p057_c003"": [], ""rbi_mpr_2025_04_p058_c001"": [], ""rbi_mpr_2025_04_p058_c002"": [], ""rbi_mpr_2025_04_p059_c000"": [], ""rbi_mpr_2025_04_p060_c000"": [], ""rbi_mpr_2025_04_p065_c002"": [], ""rbi_mpr_2025_04_p069_c000"": [], ""rbi_mpr_2025_04_p069_c001"": [], ""rbi_mpr_2025_04_p071_c000"": [], ""rbi_mpr_2025_04_p073_c001"": [], ""rbi_mpr_2025_04_p073_c002"": [], ""rbi_mpr_2025_04_p073_c003"": [], ""rbi_mpr_2025_04_p073_c004"": [], ""rbi_mpr_2025_04_p073_c005"": [], ""rbi_mpr_2025_04_p074_c000"": [], ""rbi_mpr_2025_04_p074_c003"": [], ""rbi_mpr_2025_04_p075_c001"": [], ""rbi_mpr_2025_04_p076_c000"": [], ""rbi_mpr_2025_04_p077_c001"": [], ""rbi_mpr_2025_04_p078_c001"": [], ""rbi_mpr_2025_04_p078_c002"": [], ""rbi_mpr_2025_04_p079_c000"": [], ""rbi_mpr_2025_04_p082_c001"": [], ""rbi_mpr_2025_04_p082_c002"": [], ""rbi_mpr_2025_04_p085_c000"": [], ""rbi_mpr_2025_04_p085_c001"": [], ""rbi_mpr_2025_04_p086_c000"": [], ""rbi_mpr_2025_04_p087_c000"": [], ""rbi_mpr_2025_04_p087_c001"": [], ""rbi_mpr_2025_04_p088_c002"": [], ""rbi_mpr_2025_04_p089_c000"": [], ""rbi_mpr_2025_04_p089_c001"": [], ""rbi_mpr_2025_04_p090_c000"": [], ""rbi_mpr_2025_04_p090_c001"": [], ""rbi_mpr_2025_04_p091_c000"": [], ""rbi_mpr_2025_04_p091_c002"": [], ""rbi_mpr_2025_04_p091_c003"": [], ""rbi_mpr_2025_04_p092_c001"": [], ""rbi_mpr_2025_04_p092_c002"": [], ""rbi_mpr_2025_04_p093_c000"": [], ""rbi_mpr_2025_04_p094_c000"": [], ""rbi_mpr_2025_04_p094_c001"": [], ""rbi_mpr_2025_04_p095_c000"": [], ""rbi_mpr_2025_04_p095_c002"": [], ""rbi_mpr_2025_04_p096_c000"": [], ""rbi_mpr_2025_04_p096_c001"": [], ""rbi_mpr_2025_04_p096_c002"": [], ""rbi_mpr_2025_04_p097_c001"": [], ""rbi_mpr_2025_04_p098_c000"": [], ""rbi_mpr_2025_04_p111_c003"": [], ""rbi_mpr_2025_04_p112_c001"": [], ""rbi_mpr_2025_04_p113_c000"": [], ""rbi_mpr_2025_04_p113_c001"": [], ""rbi_mpr_2025_04_p113_c003"": [], ""rbi_mpr_2025_10_p005_c001"": [], ""rbi_mpr_2025_10_p009_c001"": [], ""rbi_mpr_2025_10_p009_c003"": [], ""rbi_mpr_2025_10_p010_c004"": [], ""rbi_mpr_2025_10_p012_c002"": [], ""rbi_mpr_2025_10_p017_c000"": [], ""rbi_mpr_2025_10_p017_c001"": [], ""rbi_mpr_2025_10_p017_c002"": [], ""rbi_mpr_2025_10_p017_c005"": [], ""rbi_mpr_2025_10_p018_c000"": [], ""rbi_mpr_2025_10_p018_c001"": [], ""rbi_mpr_2025_10_p018_c002"": [], ""rbi_mpr_2025_10_p019_c000"": [], ""rbi_mpr_2025_10_p020_c001"": [], ""rbi_mpr_2025_10_p023_c000"": [], ""rbi_mpr_2025_10_p024_c001"": [], ""rbi_mpr_2025_10_p025_c003"": [], ""rbi_mpr_2025_10_p026_c003"": [], ""rbi_mpr_2025_10_p027_c002"": [], ""rbi_mpr_2025_10_p031_c000"": [], ""rbi_mpr_2025_10_p034_c003"": [], ""rbi_mpr_2025_10_p034_c005"": [], ""rbi_mpr_2025_10_p035_c000"": [], ""rbi_mpr_2025_10_p035_c002"": [], ""rbi_mpr_2025_10_p037_c002"": [], ""rbi_mpr_2025_10_p040_c001"": [], ""rbi_mpr_2025_10_p041_c001"": [], ""rbi_mpr_2025_10_p045_c000"": [], ""rbi_mpr_2025_10_p047_c000"": [], ""rbi_mpr_2025_10_p047_c001"": [], ""rbi_mpr_2025_10_p048_c003"": [], ""rbi_mpr_2025_10_p049_c000"": [], ""rbi_mpr_2025_10_p049_c001"": [], ""rbi_mpr_2025_10_p049_c002"": [], ""rbi_mpr_2025_10_p050_c000"": [], ""rbi_mpr_2025_10_p050_c002"": [], ""rbi_mpr_2025_10_p051_c000"": [], ""rbi_mpr_2025_10_p052_c000"": [], ""rbi_mpr_2025_10_p052_c004"": [], ""rbi_mpr_2025_10_p053_c001"": [], ""rbi_mpr_2025_10_p055_c000"": [], ""rbi_mpr_2025_10_p055_c001"": [], ""rbi_mpr_2025_10_p055_c003"": [], ""rbi_mpr_2025_10_p060_c003"": [], ""rbi_mpr_2025_10_p063_c000"": [], ""rbi_mpr_2025_10_p064_c000"": [], ""rbi_mpr_2025_10_p064_c002"": [], ""rbi_mpr_2025_10_p065_c000"": [], ""rbi_mpr_2025_10_p065_c004"": [], ""rbi_mpr_2025_10_p069_c002"": [], ""rbi_mpr_2025_10_p069_c003"": [], ""rbi_mpr_2025_10_p069_c004"": [], ""rbi_mpr_2025_10_p070_c000"": [], ""rbi_mpr_2025_10_p071_c002"": [], ""rbi_mpr_2025_10_p072_c000"": [], ""rbi_mpr_2025_10_p072_c002"": [], ""rbi_mpr_2025_10_p073_c001"": [], ""rbi_mpr_2025_10_p073_c002"": [], ""rbi_mpr_2025_10_p073_c003"": [], ""rbi_mpr_2025_10_p076_c000"": [], ""rbi_mpr_2025_10_p076_c001"": [], ""rbi_mpr_2025_10_p082_c000"": [], ""rbi_mpr_2025_10_p084_c000"": [], ""rbi_mpr_2025_10_p084_c001"": [], ""rbi_mpr_2025_10_p085_c000"": [], ""rbi_mpr_2025_10_p086_c000"": [], ""rbi_mpr_2025_10_p086_c002"": [], ""rbi_mpr_2025_10_p087_c000"": [], ""rbi_mpr_2025_10_p087_c001"": [], ""rbi_mpr_2025_10_p088_c000"": [], ""rbi_mpr_2025_10_p088_c001"": [], ""rbi_mpr_2025_10_p088_c002"": [], ""rbi_mpr_2025_10_p089_c001"": [], ""rbi_mpr_2025_10_p089_c003"": [], ""rbi_mpr_2025_10_p090_c000"": [], ""rbi_mpr_2025_10_p090_c001"": [], ""rbi_mpr_2025_10_p091_c000"": [], ""rbi_mpr_2025_10_p091_c001"": [], ""rbi_mpr_2025_10_p091_c003"": [], ""rbi_mpr_2025_10_p092_c000"": [], ""rbi_mpr_2025_10_p092_c001"": [], ""rbi_mpr_2025_10_p092_c002"": [], ""rbi_mpr_2025_10_p093_c000"": [], ""rbi_mpr_2025_10_p094_c000"": [], ""rbi_mpr_2025_10_p094_c003"": [], ""rbi_mpr_2025_10_p097_c004"": [], ""rbi_mpr_2025_10_p102_c000"": [], ""rbi_mpr_2025_10_p106_c000"": [], ""rbi_mpr_2025_10_p107_c000"": [], ""rbi_mpr_2025_10_p108_c003"": [], ""rbi_mpr_2025_10_p109_c000"": [], ""rbi_mpr_2025_10_p109_c001"": [], ""rbi_mpr_2025_10_p109_c002"": [], ""rbi_mpr_2026_04_p005_c001"": [], ""rbi_mpr_2026_04_p007_c000"": [], ""rbi_mpr_2026_04_p015_c000"": [], ""rbi_mpr_2026_04_p017_c000"": [], ""rbi_mpr_2026_04_p018_c002"": [], ""rbi_mpr_2026_04_p018_c003"": [], ""rbi_mpr_2026_04_p023_c000"": [], ""rbi_mpr_2026_04_p023_c001"": [], ""rbi_mpr_2026_04_p026_c002"": [], ""rbi_mpr_2026_04_p026_c003"": [], ""rbi_mpr_2026_04_p026_c004"": [], ""rbi_mpr_2026_04_p027_c002"": [], ""rbi_mpr_2026_04_p027_c003"": [], ""rbi_mpr_2026_04_p028_c002"": [], ""rbi_mpr_2026_04_p028_c003"": [], ""rbi_mpr_2026_04_p030_c001"": [], ""rbi_mpr_2026_04_p031_c000"": [], ""rbi_mpr_2026_04_p031_c001"": [], ""rbi_mpr_2026_04_p032_c003"": [], ""rbi_mpr_2026_04_p035_c000"": [], ""rbi_mpr_2026_04_p044_c000"": [], ""rbi_mpr_2026_04_p044_c001"": [], ""rbi_mpr_2026_04_p044_c002"": [], ""rbi_mpr_2026_04_p046_c000"": [], ""rbi_mpr_2026_04_p046_c001"": [], ""rbi_mpr_2026_04_p046_c003"": [], ""rbi_mpr_2026_04_p047_c003"": [], ""rbi_mpr_2026_04_p048_c002"": [], ""rbi_mpr_2026_04_p049_c001"": [], ""rbi_mpr_2026_04_p049_c002"": [], ""rbi_mpr_2026_04_p050_c000"": [], ""rbi_mpr_2026_04_p050_c001"": [], ""rbi_mpr_2026_04_p050_c002"": [], ""rbi_mpr_2026_04_p050_c003"": [], ""rbi_mpr_2026_04_p051_c001"": [], ""rbi_mpr_2026_04_p051_c002"": [], ""rbi_mpr_2026_04_p052_c000"": [], ""rbi_mpr_2026_04_p052_c001"": [], ""rbi_mpr_2026_04_p052_c003"": [], ""rbi_mpr_2026_04_p054_c000"": [], ""rbi_mpr_2026_04_p055_c003"": [], ""rbi_mpr_2026_04_p057_c003"": [], ""rbi_mpr_2026_04_p058_c000"": [], ""rbi_mpr_2026_04_p058_c005"": [], ""rbi_mpr_2026_04_p059_c000"": [], ""rbi_mpr_2026_04_p059_c002"": [], ""rbi_mpr_2026_04_p062_c000"": [], ""rbi_mpr_2026_04_p062_c001"": [], ""rbi_mpr_2026_04_p062_c002"": [], ""rbi_mpr_2026_04_p063_c000"": [], ""rbi_mpr_2026_04_p063_c001"": [], ""rbi_mpr_2026_04_p063_c002"": [], ""rbi_mpr_2026_04_p063_c003"": [], ""rbi_mpr_2026_04_p064_c000"": [], ""rbi_mpr_2026_04_p064_c001"": [], ""rbi_mpr_2026_04_p064_c002"": [], ""rbi_mpr_2026_04_p064_c003"": [], ""rbi_mpr_2026_04_p065_c000"": [], ""rbi_mpr_2026_04_p066_c002"": [], ""rbi_mpr_2026_04_p067_c002"": [], ""rbi_mpr_2026_04_p068_c001"": [], ""rbi_mpr_2026_04_p068_c002"": [], ""rbi_mpr_2026_04_p069_c000"": [], ""rbi_mpr_2026_04_p075_c002"": [], ""rbi_mpr_2026_04_p079_c002"": [], ""rbi_mpr_2026_04_p081_c004"": [], ""rbi_mpr_2026_04_p081_c005"": [], ""rbi_mpr_2026_04_p082_c002"": [], ""rbi_mpr_2026_04_p082_c003"": [], ""rbi_mpr_2026_04_p082_c004"": [], ""rbi_mpr_2026_04_p083_c003"": [], ""rbi_mpr_2026_04_p083_c004"": [], ""rbi_mpr_2026_04_p088_c000"": [], ""rbi_mpr_2026_04_p088_c004"": [], ""rbi_mpr_2026_04_p089_c002"": [], ""rbi_mpr_2026_04_p089_c003"": [], ""rbi_mpr_2026_04_p091_c000"": [], ""rbi_mpr_2026_04_p092_c001"": [], ""rbi_mpr_2026_04_p093_c003"": [], ""rbi_mpr_2026_04_p103_c002"": [], ""rbi_mpr_2026_04_p104_c004"": [], ""rbi_mpr_2026_04_p105_c000"": [], ""rbi_mpr_2026_04_p105_c004"": [], ""rbi_mpr_2026_04_p107_c004"": [], ""rbi_mpr_2026_04_p109_c003"": [], ""rbi_mpr_2026_04_p113_c004"": []}, ""candidate_source_facet"": {""rbi_mpr_2025_04_p003_c000"": [], ""rbi_mpr_2025_04_p011_c001"": [], ""rbi_mpr_2025_04_p012_c001"": [], ""rbi_mpr_2025_04_p012_c003"": [], ""rbi_mpr_2025_04_p014_c002"": [], ""rbi_mpr_2025_04_p016_c002"": [], ""rbi_mpr_2025_04_p016_c003"": [], ""rbi_mpr_2025_04_p019_c001"": [], ""rbi_mpr_2025_04_p020_c001"": [], ""rbi_mpr_2025_04_p026_c001"": [], ""rbi_mpr_2025_04_p026_c002"": [], ""rbi_mpr_2025_04_p027_c000"": [], ""rbi_mpr_2025_04_p027_c001"": [], ""rbi_mpr_2025_04_p027_c002"": [], ""rbi_mpr_2025_04_p028_c000"": [], ""rbi_mpr_2025_04_p028_c001"": [], ""rbi_mpr_2025_04_p028_c002"": [], ""rbi_mpr_2025_04_p028_c003"": [], ""rbi_mpr_2025_04_p029_c000"": [], ""rbi_mpr_2025_04_p029_c003"": [], ""rbi_mpr_2025_04_p034_c000"": [], ""rbi_mpr_2025_04_p038_c000"": [], ""rbi_mpr_2025_04_p039_c002"": [], ""rbi_mpr_2025_04_p041_c000"": [], ""rbi_mpr_2025_04_p041_c001"": [], ""rbi_mpr_2025_04_p049_c002"": [], ""rbi_mpr_2025_04_p049_c003"": [], ""rbi_mpr_2025_04_p052_c000"": [], ""rbi_mpr_2025_04_p053_c000"": [], ""rbi_mpr_2025_04_p053_c001"": [], ""rbi_mpr_2025_04_p054_c000"": [], ""rbi_mpr_2025_04_p054_c001"": [], ""rbi_mpr_2025_04_p054_c002"": [], ""rbi_mpr_2025_04_p055_c000"": [], ""rbi_mpr_2025_04_p055_c001"": [], ""rbi_mpr_2025_04_p055_c003"": [], ""rbi_mpr_2025_04_p056_c000"": [], ""rbi_mpr_2025_04_p057_c000"": [], ""rbi_mpr_2025_04_p057_c003"": [], ""rbi_mpr_2025_04_p058_c001"": [], ""rbi_mpr_2025_04_p058_c002"": [], ""rbi_mpr_2025_04_p059_c000"": [], ""rbi_mpr_2025_04_p060_c000"": [], ""rbi_mpr_2025_04_p065_c002"": [], ""rbi_mpr_2025_04_p069_c000"": [], ""rbi_mpr_2025_04_p069_c001"": [], ""rbi_mpr_2025_04_p071_c000"": [], ""rbi_mpr_2025_04_p073_c001"": [], ""rbi_mpr_2025_04_p073_c002"": [], ""rbi_mpr_2025_04_p073_c003"": [], ""rbi_mpr_2025_04_p073_c004"": [], ""rbi_mpr_2025_04_p073_c005"": [], ""rbi_mpr_2025_04_p074_c000"": [], ""rbi_mpr_2025_04_p074_c003"": [], ""rbi_mpr_2025_04_p075_c001"": [], ""rbi_mpr_2025_04_p076_c000"": [], ""rbi_mpr_2025_04_p077_c001"": [], ""rbi_mpr_2025_04_p078_c001"": [], ""rbi_mpr_2025_04_p078_c002"": [], ""rbi_mpr_2025_04_p079_c000"": [], ""rbi_mpr_2025_04_p082_c001"": [], ""rbi_mpr_2025_04_p082_c002"": [], ""rbi_mpr_2025_04_p085_c000"": [], ""rbi_mpr_2025_04_p085_c001"": [], ""rbi_mpr_2025_04_p086_c000"": [], ""rbi_mpr_2025_04_p087_c000"": [], ""rbi_mpr_2025_04_p087_c001"": [], ""rbi_mpr_2025_04_p088_c002"": [], ""rbi_mpr_2025_04_p089_c000"": [], ""rbi_mpr_2025_04_p089_c001"": [], ""rbi_mpr_2025_04_p090_c000"": [], ""rbi_mpr_2025_04_p090_c001"": [], ""rbi_mpr_2025_04_p091_c000"": [], ""rbi_mpr_2025_04_p091_c002"": [], ""rbi_mpr_2025_04_p091_c003"": [], ""rbi_mpr_2025_04_p092_c001"": [], ""rbi_mpr_2025_04_p092_c002"": [], ""rbi_mpr_2025_04_p093_c000"": [], ""rbi_mpr_2025_04_p094_c000"": [], ""rbi_mpr_2025_04_p094_c001"": [], ""rbi_mpr_2025_04_p095_c000"": [], ""rbi_mpr_2025_04_p095_c002"": [], ""rbi_mpr_2025_04_p096_c000"": [], ""rbi_mpr_2025_04_p096_c001"": [], ""rbi_mpr_2025_04_p096_c002"": [], ""rbi_mpr_2025_04_p097_c001"": [], ""rbi_mpr_2025_04_p098_c000"": [], ""rbi_mpr_2025_04_p111_c003"": [], ""rbi_mpr_2025_04_p112_c001"": [], ""rbi_mpr_2025_04_p113_c000"": [], ""rbi_mpr_2025_04_p113_c001"": [], ""rbi_mpr_2025_04_p113_c003"": [], ""rbi_mpr_2025_10_p005_c001"": [], ""rbi_mpr_2025_10_p009_c001"": [], ""rbi_mpr_2025_10_p009_c003"": [], ""rbi_mpr_2025_10_p010_c004"": [], ""rbi_mpr_2025_10_p012_c002"": [], ""rbi_mpr_2025_10_p017_c000"": [], ""rbi_mpr_2025_10_p017_c001"": [], ""rbi_mpr_2025_10_p017_c002"": [], ""rbi_mpr_2025_10_p017_c005"": [], ""rbi_mpr_2025_10_p018_c000"": [], ""rbi_mpr_2025_10_p018_c001"": [], ""rbi_mpr_2025_10_p018_c002"": [], ""rbi_mpr_2025_10_p019_c000"": [], ""rbi_mpr_2025_10_p020_c001"": [], ""rbi_mpr_2025_10_p023_c000"": [], ""rbi_mpr_2025_10_p024_c001"": [], ""rbi_mpr_2025_10_p025_c003"": [], ""rbi_mpr_2025_10_p026_c003"": [], ""rbi_mpr_2025_10_p027_c002"": [], ""rbi_mpr_2025_10_p031_c000"": [], ""rbi_mpr_2025_10_p034_c003"": [], ""rbi_mpr_2025_10_p034_c005"": [], ""rbi_mpr_2025_10_p035_c000"": [], ""rbi_mpr_2025_10_p035_c002"": [], ""rbi_mpr_2025_10_p037_c002"": [], ""rbi_mpr_2025_10_p040_c001"": [], ""rbi_mpr_2025_10_p041_c001"": [], ""rbi_mpr_2025_10_p045_c000"": [], ""rbi_mpr_2025_10_p047_c000"": [], ""rbi_mpr_2025_10_p047_c001"": [], ""rbi_mpr_2025_10_p048_c003"": [], ""rbi_mpr_2025_10_p049_c000"": [], ""rbi_mpr_2025_10_p049_c001"": [], ""rbi_mpr_2025_10_p049_c002"": [], ""rbi_mpr_2025_10_p050_c000"": [], ""rbi_mpr_2025_10_p050_c002"": [], ""rbi_mpr_2025_10_p051_c000"": [], ""rbi_mpr_2025_10_p052_c000"": [], ""rbi_mpr_2025_10_p052_c004"": [], ""rbi_mpr_2025_10_p053_c001"": [], ""rbi_mpr_2025_10_p055_c000"": [], ""rbi_mpr_2025_10_p055_c001"": [], ""rbi_mpr_2025_10_p055_c003"": [], ""rbi_mpr_2025_10_p060_c003"": [], ""rbi_mpr_2025_10_p063_c000"": [], ""rbi_mpr_2025_10_p064_c000"": [], ""rbi_mpr_2025_10_p064_c002"": [], ""rbi_mpr_2025_10_p065_c000"": [], ""rbi_mpr_2025_10_p065_c004"": [], ""rbi_mpr_2025_10_p069_c002"": [], ""rbi_mpr_2025_10_p069_c003"": [], ""rbi_mpr_2025_10_p069_c004"": [], ""rbi_mpr_2025_10_p070_c000"": [], ""rbi_mpr_2025_10_p071_c002"": [], ""rbi_mpr_2025_10_p072_c000"": [], ""rbi_mpr_2025_10_p072_c002"": [], ""rbi_mpr_2025_10_p073_c001"": [], ""rbi_mpr_2025_10_p073_c002"": [], ""rbi_mpr_2025_10_p073_c003"": [], ""rbi_mpr_2025_10_p076_c000"": [], ""rbi_mpr_2025_10_p076_c001"": [], ""rbi_mpr_2025_10_p082_c000"": [], ""rbi_mpr_2025_10_p084_c000"": [], ""rbi_mpr_2025_10_p084_c001"": [], ""rbi_mpr_2025_10_p085_c000"": [], ""rbi_mpr_2025_10_p086_c000"": [], ""rbi_mpr_2025_10_p086_c002"": [], ""rbi_mpr_2025_10_p087_c000"": [], ""rbi_mpr_2025_10_p087_c001"": [], ""rbi_mpr_2025_10_p088_c000"": [], ""rbi_mpr_2025_10_p088_c001"": [], ""rbi_mpr_2025_10_p088_c002"": [], ""rbi_mpr_2025_10_p089_c001"": [], ""rbi_mpr_2025_10_p089_c003"": [], ""rbi_mpr_2025_10_p090_c000"": [], ""rbi_mpr_2025_10_p090_c001"": [], ""rbi_mpr_2025_10_p091_c000"": [], ""rbi_mpr_2025_10_p091_c001"": [], ""rbi_mpr_2025_10_p091_c003"": [], ""rbi_mpr_2025_10_p092_c000"": [], ""rbi_mpr_2025_10_p092_c001"": [], ""rbi_mpr_2025_10_p092_c002"": [], ""rbi_mpr_2025_10_p093_c000"": [], ""rbi_mpr_2025_10_p094_c000"": [], ""rbi_mpr_2025_10_p094_c003"": [], ""rbi_mpr_2025_10_p097_c004"": [], ""rbi_mpr_2025_10_p102_c000"": [], ""rbi_mpr_2025_10_p106_c000"": [], ""rbi_mpr_2025_10_p107_c000"": [], ""rbi_mpr_2025_10_p108_c003"": [], ""rbi_mpr_2025_10_p109_c000"": [], ""rbi_mpr_2025_10_p109_c001"": [], ""rbi_mpr_2025_10_p109_c002"": [], ""rbi_mpr_2026_04_p005_c001"": [], ""rbi_mpr_2026_04_p007_c000"": [], ""rbi_mpr_2026_04_p015_c000"": [], ""rbi_mpr_2026_04_p017_c000"": [], ""rbi_mpr_2026_04_p018_c002"": [], ""rbi_mpr_2026_04_p018_c003"": [], ""rbi_mpr_2026_04_p023_c000"": [], ""rbi_mpr_2026_04_p023_c001"": [], ""rbi_mpr_2026_04_p026_c002"": [], ""rbi_mpr_2026_04_p026_c003"": [], ""rbi_mpr_2026_04_p026_c004"": [], ""rbi_mpr_2026_04_p027_c002"": [], ""rbi_mpr_2026_04_p027_c003"": [], ""rbi_mpr_2026_04_p028_c002"": [], ""rbi_mpr_2026_04_p028_c003"": [], ""rbi_mpr_2026_04_p030_c001"": [], ""rbi_mpr_2026_04_p031_c000"": [], ""rbi_mpr_2026_04_p031_c001"": [], ""rbi_mpr_2026_04_p032_c003"": [], ""rbi_mpr_2026_04_p035_c000"": [], ""rbi_mpr_2026_04_p044_c000"": [], ""rbi_mpr_2026_04_p044_c001"": [], ""rbi_mpr_2026_04_p044_c002"": [], ""rbi_mpr_2026_04_p046_c000"": [], ""rbi_mpr_2026_04_p046_c001"": [], ""rbi_mpr_2026_04_p046_c003"": [], ""rbi_mpr_2026_04_p047_c003"": [], ""rbi_mpr_2026_04_p048_c002"": [], ""rbi_mpr_2026_04_p049_c001"": [], ""rbi_mpr_2026_04_p049_c002"": [], ""rbi_mpr_2026_04_p050_c000"": [], ""rbi_mpr_2026_04_p050_c001"": [], ""rbi_mpr_2026_04_p050_c002"": [], ""rbi_mpr_2026_04_p050_c003"": [], ""rbi_mpr_2026_04_p051_c001"": [], ""rbi_mpr_2026_04_p051_c002"": [], ""rbi_mpr_2026_04_p052_c000"": [], ""rbi_mpr_2026_04_p052_c001"": [], ""rbi_mpr_2026_04_p052_c003"": [], ""rbi_mpr_2026_04_p054_c000"": [], ""rbi_mpr_2026_04_p055_c003"": [], ""rbi_mpr_2026_04_p057_c003"": [], ""rbi_mpr_2026_04_p058_c000"": [], ""rbi_mpr_2026_04_p058_c005"": [], ""rbi_mpr_2026_04_p059_c000"": [], ""rbi_mpr_2026_04_p059_c002"": [], ""rbi_mpr_2026_04_p062_c000"": [], ""rbi_mpr_2026_04_p062_c001"": [], ""rbi_mpr_2026_04_p062_c002"": [], ""rbi_mpr_2026_04_p063_c000"": [], ""rbi_mpr_2026_04_p063_c001"": [], ""rbi_mpr_2026_04_p063_c002"": [], ""rbi_mpr_2026_04_p063_c003"": [], ""rbi_mpr_2026_04_p064_c000"": [], ""rbi_mpr_2026_04_p064_c001"": [], ""rbi_mpr_2026_04_p064_c002"": [], ""rbi_mpr_2026_04_p064_c003"": [], ""rbi_mpr_2026_04_p065_c000"": [], ""rbi_mpr_2026_04_p066_c002"": [], ""rbi_mpr_2026_04_p067_c002"": [], ""rbi_mpr_2026_04_p068_c001"": [], ""rbi_mpr_2026_04_p068_c002"": [], ""rbi_mpr_2026_04_p069_c000"": [], ""rbi_mpr_2026_04_p075_c002"": [], ""rbi_mpr_2026_04_p079_c002"": [], ""rbi_mpr_2026_04_p081_c004"": [], ""rbi_mpr_2026_04_p081_c005"": [], ""rbi_mpr_2026_04_p082_c002"": [], ""rbi_mpr_2026_04_p082_c003"": [], ""rbi_mpr_2026_04_p082_c004"": [], ""rbi_mpr_2026_04_p083_c003"": [], ""rbi_mpr_2026_04_p083_c004"": [], ""rbi_mpr_2026_04_p088_c000"": [], ""rbi_mpr_2026_04_p088_c004"": [], ""rbi_mpr_2026_04_p089_c002"": [], ""rbi_mpr_2026_04_p089_c003"": [], ""rbi_mpr_2026_04_p091_c000"": [], ""rbi_mpr_2026_04_p092_c001"": [], ""rbi_mpr_2026_04_p093_c003"": [], ""rbi_mpr_2026_04_p103_c002"": [], ""rbi_mpr_2026_04_p104_c004"": [], ""rbi_mpr_2026_04_p105_c000"": [], ""rbi_mpr_2026_04_p105_c004"": [], ""rbi_mpr_2026_04_p107_c004"": [], ""rbi_mpr_2026_04_p109_c003"": [], ""rbi_mpr_2026_04_p113_c004"": []}, ""candidate_source_query"": {""rbi_mpr_2025_04_p003_c000"": [""How did central-government borrowing context change across the reports?""], ""rbi_mpr_2025_04_p011_c001"": [""How did central-government borrowing context change across the reports?""], ""rbi_mpr_2025_04_p012_c001"": [""How did central-government borrowing context change across the reports?""], ""rbi_mpr_2025_04_p012_c003"": [""How did central-government borrowing context change across the reports?""], ""rbi_mpr_2025_04_p014_c002"": [""How did central-government borrowing context change across the reports?""], ""rbi_mpr_2025_04_p016_c002"": [""How did central-government borrowing context change across the reports?""], ""rbi_mpr_2025_04_p016_c003"": [""How did central-government borrowing context change across the reports?""], ""rbi_mpr_2025_04_p019_c001"": [""How did central-government borrowing context change across the reports?""], ""rbi_mpr_2025_04_p020_c001"": [""How did central-government borrowing context change across the reports?""], ""rbi_mpr_2025_04_p026_c001"": [""How did central-government borrowing context change across the reports?""], ""rbi_mpr_2025_04_p026_c002"": [""How did central-government borrowing context change across the reports?""], ""rbi_mpr_2025_04_p027_c000"": [""How did central-government borrowing context change across the reports?""], ""rbi_mpr_2025_04_p027_c001"": [""How did central-government borrowing context change across the reports?""], ""rbi_mpr_2025_04_p027_c002"": [""How did central-government borrowing context change across the reports?""], ""rbi_mpr_2025_04_p028_c000"": [""How did central-government borrowing context change across the reports?""], ""rbi_mpr_2025_04_p028_c001"": [""How did central-government borrowing context change across the reports?""], ""rbi_mpr_2025_04_p028_c002"": [""How did central-government borrowing context change across the reports?""], ""rbi_mpr_2025_04_p028_c003"": [""How did central-government borrowing context change across the reports?""], ""rbi_mpr_2025_04_p029_c000"": [""How did central-government borrowing context change across the reports?""], ""rbi_mpr_2025_04_p029_c003"": [""How did central-government borrowing context change across the reports?""], ""rbi_mpr_2025_04_p034_c000"": [""How did central-government borrowing context change across the reports?""], ""rbi_mpr_2025_04_p038_c000"": [""How did central-government borrowing context change across the reports?""], ""rbi_mpr_2025_04_p039_c002"": [""How did central-government borrowing context change across the reports?""], ""rbi_mpr_2025_04_p041_c000"": [""How did central-government borrowing context change across the reports?""], ""rbi_mpr_2025_04_p041_c001"": [""How did central-government borrowing context change across the reports?""], ""rbi_mpr_2025_04_p049_c002"": [""How did central-government borrowing context change across the reports?""], ""rbi_mpr_2025_04_p049_c003"": [""How did central-government borrowing context change across the reports?""], ""rbi_mpr_2025_04_p052_c000"": [""How did central-government borrowing context change across the reports?""], ""rbi_mpr_2025_04_p053_c000"": [""How did central-government borrowing context change across the reports?""], ""rbi_mpr_2025_04_p053_c001"": [""How did central-government borrowing context change across the reports?""], ""rbi_mpr_2025_04_p054_c000"": [""How did central-government borrowing context change across the reports?""], ""rbi_mpr_2025_04_p054_c001"": [""How did central-government borrowing context change across the reports?""], ""rbi_mpr_2025_04_p054_c002"": [""How did central-government borrowing context change across the reports?""], ""rbi_mpr_2025_04_p055_c000"": [""How did central-government borrowing context change across the reports?""], ""rbi_mpr_2025_04_p055_c001"": [""How did central-government borrowing context change across the reports?""], ""rbi_mpr_2025_04_p055_c003"": [""How did central-government borrowing context change across the reports?""], ""rbi_mpr_2025_04_p056_c000"": [""How did central-government borrowing context change across the reports?""], ""rbi_mpr_2025_04_p057_c000"": [""How did central-government borrowing context change across the reports?""], ""rbi_mpr_2025_04_p057_c003"": [""How did central-government borrowing context change across the reports?""], ""rbi_mpr_2025_04_p058_c001"": [""How did central-government borrowing context change across the reports?""], ""rbi_mpr_2025_04_p058_c002"": [""How did central-government borrowing context change across the reports?""], ""rbi_mpr_2025_04_p059_c000"": [""How did central-government borrowing context change across the reports?""], ""rbi_mpr_2025_04_p060_c000"": [""How did central-government borrowing context change across the reports?""], ""rbi_mpr_2025_04_p065_c002"": [""How did central-government borrowing context change across the reports?""], ""rbi_mpr_2025_04_p069_c000"": [""How did central-government borrowing context change across the reports?""], ""rbi_mpr_2025_04_p069_c001"": [""How did central-government borrowing context change across the reports?""], ""rbi_mpr_2025_04_p071_c000"": [""How did central-government borrowing context change across the reports?""], ""rbi_mpr_2025_04_p073_c001"": [""How did central-government borrowing context change across the reports?""], ""rbi_mpr_2025_04_p073_c002"": [""How did central-government borrowing context change across the reports?""], ""rbi_mpr_2025_04_p073_c003"": [""How did central-government borrowing context change across the reports?""], ""rbi_mpr_2025_04_p073_c004"": [""How did central-government borrowing context change across the reports?""], ""rbi_mpr_2025_04_p073_c005"": [""How did central-government borrowing context change across the reports?""], ""rbi_mpr_2025_04_p074_c000"": [""How did central-government borrowing context change across the reports?""], ""rbi_mpr_2025_04_p074_c003"": [""How did central-government borrowing context change across the reports?""], ""rbi_mpr_2025_04_p075_c001"": [""How did central-government borrowing context change across the reports?""], ""rbi_mpr_2025_04_p076_c000"": [""How did central-government borrowing context change across the reports?""], ""rbi_mpr_2025_04_p077_c001"": [""How did central-government borrowing context change across the reports?""], ""rbi_mpr_2025_04_p078_c001"": [""How did central-government borrowing context change across the reports?""], ""rbi_mpr_2025_04_p078_c002"": [""How did central-government borrowing context change across the reports?""], ""rbi_mpr_2025_04_p079_c000"": [""How did central-government borrowing context change across the reports?""], ""rbi_mpr_2025_04_p082_c001"": [""How did central-government borrowing context change across the reports?""], ""rbi_mpr_2025_04_p082_c002"": [""How did central-government borrowing context change across the reports?""], ""rbi_mpr_2025_04_p085_c000"": [""How did central-government borrowing context change across the reports?""], ""rbi_mpr_2025_04_p085_c001"": [""How did central-government borrowing context change across the reports?""], ""rbi_mpr_2025_04_p086_c000"": [""How did central-government borrowing context change across the reports?""], ""rbi_mpr_2025_04_p087_c000"": [""How did central-government borrowing context change across the reports?""], ""rbi_mpr_2025_04_p087_c001"": [""How did central-government borrowing context change across the reports?""], ""rbi_mpr_2025_04_p088_c002"": [""How did central-government borrowing context change across the reports?""], ""rbi_mpr_2025_04_p089_c000"": [""How did central-government borrowing context change across the reports?""], ""rbi_mpr_2025_04_p089_c001"": [""How did central-government borrowing context change across the reports?""], ""rbi_mpr_2025_04_p090_c000"": [""How did central-government borrowing context change across the reports?""], ""rbi_mpr_2025_04_p090_c001"": [""How did central-government borrowing context change across the reports?""], ""rbi_mpr_2025_04_p091_c000"": [""How did central-government borrowing context change across the reports?""], ""rbi_mpr_2025_04_p091_c002"": [""How did central-government borrowing context change across the reports?""], ""rbi_mpr_2025_04_p091_c003"": [""How did central-government borrowing context change across the reports?""], ""rbi_mpr_2025_04_p092_c001"": [""How did central-government borrowing context change across the reports?""], ""rbi_mpr_2025_04_p092_c002"": [""How did central-government borrowing context change across the reports?""], ""rbi_mpr_2025_04_p093_c000"": [""How did central-government borrowing context change across the reports?""], ""rbi_mpr_2025_04_p094_c000"": [""How did central-government borrowing context change across the reports?""], ""rbi_mpr_2025_04_p094_c001"": [""How did central-government borrowing context change across the reports?""], ""rbi_mpr_2025_04_p095_c000"": [""How did central-government borrowing context change across the reports?""], ""rbi_mpr_2025_04_p095_c002"": [""How did central-government borrowing context change across the reports?""], ""rbi_mpr_2025_04_p096_c000"": [""How did central-government borrowing context change across the reports?""], ""rbi_mpr_2025_04_p096_c001"": [""How did central-government borrowing context change across the reports?""], ""rbi_mpr_2025_04_p096_c002"": [""How did central-government borrowing context change across the reports?""], ""rbi_mpr_2025_04_p097_c001"": [""How did central-government borrowing context change across the reports?""], ""rbi_mpr_2025_04_p098_c000"": [""How did central-government borrowing context change across the reports?""], ""rbi_mpr_2025_04_p111_c003"": [""How did central-government borrowing context change across the reports?""], ""rbi_mpr_2025_04_p112_c001"": [""How did central-government borrowing context change across the reports?""], ""rbi_mpr_2025_04_p113_c000"": [""How did central-government borrowing context change across the reports?""], ""rbi_mpr_2025_04_p113_c001"": [""How did central-government borrowing context change across the reports?""], ""rbi_mpr_2025_04_p113_c003"": [""How did central-government borrowing context change across the reports?""], ""rbi_mpr_2025_10_p005_c001"": [""How did central-government borrowing context change across the reports?""], ""rbi_mpr_2025_10_p009_c001"": [""How did central-government borrowing context change across the reports?""], ""rbi_mpr_2025_10_p009_c003"": [""How did central-government borrowing context change across the reports?""], ""rbi_mpr_2025_10_p010_c004"": [""How did central-government borrowing context change across the reports?""], ""rbi_mpr_2025_10_p012_c002"": [""How did central-government borrowing context change across the reports?""], ""rbi_mpr_2025_10_p017_c000"": [""How did central-government borrowing context change across the reports?""], ""rbi_mpr_2025_10_p017_c001"": [""How did central-government borrowing context change across the reports?""], ""rbi_mpr_2025_10_p017_c002"": [""How did central-government borrowing context change across the reports?""], ""rbi_mpr_2025_10_p017_c005"": [""How did central-government borrowing context change across the reports?""], ""rbi_mpr_2025_10_p018_c000"": [""How did central-government borrowing context change across the reports?""], ""rbi_mpr_2025_10_p018_c001"": [""How did central-government borrowing context change across the reports?""], ""rbi_mpr_2025_10_p018_c002"": [""How did central-government borrowing context change across the reports?""], ""rbi_mpr_2025_10_p019_c000"": [""How did central-government borrowing context change across the reports?""], ""rbi_mpr_2025_10_p020_c001"": [""How did central-government borrowing context change across the reports?""], ""rbi_mpr_2025_10_p023_c000"": [""How did central-government borrowing context change across the reports?""], ""rbi_mpr_2025_10_p024_c001"": [""How did central-government borrowing context change across the reports?""], ""rbi_mpr_2025_10_p025_c003"": [""How did central-government borrowing context change across the reports?""], ""rbi_mpr_2025_10_p026_c003"": [""How did central-government borrowing context change across the reports?""], ""rbi_mpr_2025_10_p027_c002"": [""How did central-government borrowing context change across the reports?""], ""rbi_mpr_2025_10_p031_c000"": [""How did central-government borrowing context change across the reports?""], ""rbi_mpr_2025_10_p034_c003"": [""How did central-government borrowing context change across the reports?""], ""rbi_mpr_2025_10_p034_c005"": [""How did central-government borrowing context change across the reports?""], ""rbi_mpr_2025_10_p035_c000"": [""How did central-government borrowing context change across the reports?""], ""rbi_mpr_2025_10_p035_c002"": [""How did central-government borrowing context change across the reports?""], ""rbi_mpr_2025_10_p037_c002"": [""How did central-government borrowing context change across the reports?""], ""rbi_mpr_2025_10_p040_c001"": [""How did central-government borrowing context change across the reports?""], ""rbi_mpr_2025_10_p041_c001"": [""How did central-government borrowing context change across the reports?""], ""rbi_mpr_2025_10_p045_c000"": [""How did central-government borrowing context change across the reports?""], ""rbi_mpr_2025_10_p047_c000"": [""How did central-government borrowing context change across the reports?""], ""rbi_mpr_2025_10_p047_c001"": [""How did central-government borrowing context change across the reports?""], ""rbi_mpr_2025_10_p048_c003"": [""How did central-government borrowing context change across the reports?""], ""rbi_mpr_2025_10_p049_c000"": [""How did central-government borrowing context change across the reports?""], ""rbi_mpr_2025_10_p049_c001"": [""How did central-government borrowing context change across the reports?""], ""rbi_mpr_2025_10_p049_c002"": [""How did central-government borrowing context change across the reports?""], ""rbi_mpr_2025_10_p050_c000"": [""How did central-government borrowing context change across the reports?""], ""rbi_mpr_2025_10_p050_c002"": [""How did central-government borrowing context change across the reports?""], ""rbi_mpr_2025_10_p051_c000"": [""How did central-government borrowing context change across the reports?""], ""rbi_mpr_2025_10_p052_c000"": [""How did central-government borrowing context change across the reports?""], ""rbi_mpr_2025_10_p052_c004"": [""How did central-government borrowing context change across the reports?""], ""rbi_mpr_2025_10_p053_c001"": [""How did central-government borrowing context change across the reports?""], ""rbi_mpr_2025_10_p055_c000"": [""How did central-government borrowing context change across the reports?""], ""rbi_mpr_2025_10_p055_c001"": [""How did central-government borrowing context change across the reports?""], ""rbi_mpr_2025_10_p055_c003"": [""How did central-government borrowing context change across the reports?""], ""rbi_mpr_2025_10_p060_c003"": [""How did central-government borrowing context change across the reports?""], ""rbi_mpr_2025_10_p063_c000"": [""How did central-government borrowing context change across the reports?""], ""rbi_mpr_2025_10_p064_c000"": [""How did central-government borrowing context change across the reports?""], ""rbi_mpr_2025_10_p064_c002"": [""How did central-government borrowing context change across the reports?""], ""rbi_mpr_2025_10_p065_c000"": [""How did central-government borrowing context change across the reports?""], ""rbi_mpr_2025_10_p065_c004"": [""How did central-government borrowing context change across the reports?""], ""rbi_mpr_2025_10_p069_c002"": [""How did central-government borrowing context change across the reports?""], ""rbi_mpr_2025_10_p069_c003"": [""How did central-government borrowing context change across the reports?""], ""rbi_mpr_2025_10_p069_c004"": [""How did central-government borrowing context change across the reports?""], ""rbi_mpr_2025_10_p070_c000"": [""How did central-government borrowing context change across the reports?""], ""rbi_mpr_2025_10_p071_c002"": [""How did central-government borrowing context change across the reports?""], ""rbi_mpr_2025_10_p072_c000"": [""How did central-government borrowing context change across the reports?""], ""rbi_mpr_2025_10_p072_c002"": [""How did central-government borrowing context change across the reports?""], ""rbi_mpr_2025_10_p073_c001"": [""How did central-government borrowing context change across the reports?""], ""rbi_mpr_2025_10_p073_c002"": [""How did central-government borrowing context change across the reports?""], ""rbi_mpr_2025_10_p073_c003"": [""How did central-government borrowing context change across the reports?""], ""rbi_mpr_2025_10_p076_c000"": [""How did central-government borrowing context change across the reports?""], ""rbi_mpr_2025_10_p076_c001"": [""How did central-government borrowing context change across the reports?""], ""rbi_mpr_2025_10_p082_c000"": [""How did central-government borrowing context change across the reports?""], ""rbi_mpr_2025_10_p084_c000"": [""How did central-government borrowing context change across the reports?""], ""rbi_mpr_2025_10_p084_c001"": [""How did central-government borrowing context change across the reports?""], ""rbi_mpr_2025_10_p085_c000"": [""How did central-government borrowing context change across the reports?""], ""rbi_mpr_2025_10_p086_c000"": [""How did central-government borrowing context change across the reports?""], ""rbi_mpr_2025_10_p086_c002"": [""How did central-government borrowing context change across the reports?""], ""rbi_mpr_2025_10_p087_c000"": [""How did central-government borrowing context change across the reports?""], ""rbi_mpr_2025_10_p087_c001"": [""How did central-government borrowing context change across the reports?""], ""rbi_mpr_2025_10_p088_c000"": [""How did central-government borrowing context change across the reports?""], ""rbi_mpr_2025_10_p088_c001"": [""How did central-government borrowing context change across the reports?""], ""rbi_mpr_2025_10_p088_c002"": [""How did central-government borrowing context change across the reports?""], ""rbi_mpr_2025_10_p089_c001"": [""How did central-government borrowing context change across the reports?""], ""rbi_mpr_2025_10_p089_c003"": [""How did central-government borrowing context change across the reports?""], ""rbi_mpr_2025_10_p090_c000"": [""How did central-government borrowing context change across the reports?""], ""rbi_mpr_2025_10_p090_c001"": [""How did central-government borrowing context change across the reports?""], ""rbi_mpr_2025_10_p091_c000"": [""How did central-government borrowing context change across the reports?""], ""rbi_mpr_2025_10_p091_c001"": [""How did central-government borrowing context change across the reports?""], ""rbi_mpr_2025_10_p091_c003"": [""How did central-government borrowing context change across the reports?""], ""rbi_mpr_2025_10_p092_c000"": [""How did central-government borrowing context change across the reports?""], ""rbi_mpr_2025_10_p092_c001"": [""How did central-government borrowing context change across the reports?""], ""rbi_mpr_2025_10_p092_c002"": [""How did central-government borrowing context change across the reports?""], ""rbi_mpr_2025_10_p093_c000"": [""How did central-government borrowing context change across the reports?""], ""rbi_mpr_2025_10_p094_c000"": [""How did central-government borrowing context change across the reports?""], ""rbi_mpr_2025_10_p094_c003"": [""How did central-government borrowing context change across the reports?""], ""rbi_mpr_2025_10_p097_c004"": [""How did central-government borrowing context change across the reports?""], ""rbi_mpr_2025_10_p102_c000"": [""How did central-government borrowing context change across the reports?""], ""rbi_mpr_2025_10_p106_c000"": [""How did central-government borrowing context change across the reports?""], ""rbi_mpr_2025_10_p107_c000"": [""How did central-government borrowing context change across the reports?""], ""rbi_mpr_2025_10_p108_c003"": [""How did central-government borrowing context change across the reports?""], ""rbi_mpr_2025_10_p109_c000"": [""How did central-government borrowing context change across the reports?""], ""rbi_mpr_2025_10_p109_c001"": [""How did central-government borrowing context change across the reports?""], ""rbi_mpr_2025_10_p109_c002"": [""How did central-government borrowing context change across the reports?""], ""rbi_mpr_2026_04_p005_c001"": [""How did central-government borrowing context change across the reports?""], ""rbi_mpr_2026_04_p007_c000"": [""How did central-government borrowing context change across the reports?""], ""rbi_mpr_2026_04_p015_c000"": [""How did central-government borrowing context change across the reports?""], ""rbi_mpr_2026_04_p017_c000"": [""How did central-government borrowing context change across the reports?""], ""rbi_mpr_2026_04_p018_c002"": [""How did central-government borrowing context change across the reports?""], ""rbi_mpr_2026_04_p018_c003"": [""How did central-government borrowing context change across the reports?""], ""rbi_mpr_2026_04_p023_c000"": [""How did central-government borrowing context change across the reports?""], ""rbi_mpr_2026_04_p023_c001"": [""How did central-government borrowing context change across the reports?""], ""rbi_mpr_2026_04_p026_c002"": [""How did central-government borrowing context change across the reports?""], ""rbi_mpr_2026_04_p026_c003"": [""How did central-government borrowing context change across the reports?""], ""rbi_mpr_2026_04_p026_c004"": [""How did central-government borrowing context change across the reports?""], ""rbi_mpr_2026_04_p027_c002"": [""How did central-government borrowing context change across the reports?""], ""rbi_mpr_2026_04_p027_c003"": [""How did central-government borrowing context change across the reports?""], ""rbi_mpr_2026_04_p028_c002"": [""How did central-government borrowing context change across the reports?""], ""rbi_mpr_2026_04_p028_c003"": [""How did central-government borrowing context change across the reports?""], ""rbi_mpr_2026_04_p030_c001"": [""How did central-government borrowing context change across the reports?""], ""rbi_mpr_2026_04_p031_c000"": [""How did central-government borrowing context change across the reports?""], ""rbi_mpr_2026_04_p031_c001"": [""How did central-government borrowing context change across the reports?""], ""rbi_mpr_2026_04_p032_c003"": [""How did central-government borrowing context change across the reports?""], ""rbi_mpr_2026_04_p035_c000"": [""How did central-government borrowing context change across the reports?""], ""rbi_mpr_2026_04_p044_c000"": [""How did central-government borrowing context change across the reports?""], ""rbi_mpr_2026_04_p044_c001"": [""How did central-government borrowing context change across the reports?""], ""rbi_mpr_2026_04_p044_c002"": [""How did central-government borrowing context change across the reports?""], ""rbi_mpr_2026_04_p046_c000"": [""How did central-government borrowing context change across the reports?""], ""rbi_mpr_2026_04_p046_c001"": [""How did central-government borrowing context change across the reports?""], ""rbi_mpr_2026_04_p046_c003"": [""How did central-government borrowing context change across the reports?""], ""rbi_mpr_2026_04_p047_c003"": [""How did central-government borrowing context change across the reports?""], ""rbi_mpr_2026_04_p048_c002"": [""How did central-government borrowing context change across the reports?""], ""rbi_mpr_2026_04_p049_c001"": [""How did central-government borrowing context change across the reports?""], ""rbi_mpr_2026_04_p049_c002"": [""How did central-government borrowing context change across the reports?""], ""rbi_mpr_2026_04_p050_c000"": [""How did central-government borrowing context change across the reports?""], ""rbi_mpr_2026_04_p050_c001"": [""How did central-government borrowing context change across the reports?""], ""rbi_mpr_2026_04_p050_c002"": [""How did central-government borrowing context change across the reports?""], ""rbi_mpr_2026_04_p050_c003"": [""How did central-government borrowing context change across the reports?""], ""rbi_mpr_2026_04_p051_c001"": [""How did central-government borrowing context change across the reports?""], ""rbi_mpr_2026_04_p051_c002"": [""How did central-government borrowing context change across the reports?""], ""rbi_mpr_2026_04_p052_c000"": [""How did central-government borrowing context change across the reports?""], ""rbi_mpr_2026_04_p052_c001"": [""How did central-government borrowing context change across the reports?""], ""rbi_mpr_2026_04_p052_c003"": [""How did central-government borrowing context change across the reports?""], ""rbi_mpr_2026_04_p054_c000"": [""How did central-government borrowing context change across the reports?""], ""rbi_mpr_2026_04_p055_c003"": [""How did central-government borrowing context change across the reports?""], ""rbi_mpr_2026_04_p057_c003"": [""How did central-government borrowing context change across the reports?""], ""rbi_mpr_2026_04_p058_c000"": [""How did central-government borrowing context change across the reports?""], ""rbi_mpr_2026_04_p058_c005"": [""How did central-government borrowing context change across the reports?""], ""rbi_mpr_2026_04_p059_c000"": [""How did central-government borrowing context change across the reports?""], ""rbi_mpr_2026_04_p059_c002"": [""How did central-government borrowing context change across the reports?""], ""rbi_mpr_2026_04_p062_c000"": [""How did central-government borrowing context change across the reports?""], ""rbi_mpr_2026_04_p062_c001"": [""How did central-government borrowing context change across the reports?""], ""rbi_mpr_2026_04_p062_c002"": [""How did central-government borrowing context change across the reports?""], ""rbi_mpr_2026_04_p063_c000"": [""How did central-government borrowing context change across the reports?""], ""rbi_mpr_2026_04_p063_c001"": [""How did central-government borrowing context change across the reports?""], ""rbi_mpr_2026_04_p063_c002"": [""How did central-government borrowing context change across the reports?""], ""rbi_mpr_2026_04_p063_c003"": [""How did central-government borrowing context change across the reports?""], ""rbi_mpr_2026_04_p064_c000"": [""How did central-government borrowing context change across the reports?""], ""rbi_mpr_2026_04_p064_c001"": [""How did central-government borrowing context change across the reports?""], ""rbi_mpr_2026_04_p064_c002"": [""How did central-government borrowing context change across the reports?""], ""rbi_mpr_2026_04_p064_c003"": [""How did central-government borrowing context change across the reports?""], ""rbi_mpr_2026_04_p065_c000"": [""How did central-government borrowing context change across the reports?""], ""rbi_mpr_2026_04_p066_c002"": [""How did central-government borrowing context change across the reports?""], ""rbi_mpr_2026_04_p067_c002"": [""How did central-government borrowing context change across the reports?""], ""rbi_mpr_2026_04_p068_c001"": [""How did central-government borrowing context change across the reports?""], ""rbi_mpr_2026_04_p068_c002"": [""How did central-government borrowing context change across the reports?""], ""rbi_mpr_2026_04_p069_c000"": [""How did central-government borrowing context change across the reports?""], ""rbi_mpr_2026_04_p075_c002"": [""How did central-government borrowing context change across the reports?""], ""rbi_mpr_2026_04_p079_c002"": [""How did central-government borrowing context change across the reports?""], ""rbi_mpr_2026_04_p081_c004"": [""How did central-government borrowing context change across the reports?""], ""rbi_mpr_2026_04_p081_c005"": [""How did central-government borrowing context change across the reports?""], ""rbi_mpr_2026_04_p082_c002"": [""How did central-government borrowing context change across the reports?""], ""rbi_mpr_2026_04_p082_c003"": [""How did central-government borrowing context change across the reports?""], ""rbi_mpr_2026_04_p082_c004"": [""How did central-government borrowing context change across the reports?""], ""rbi_mpr_2026_04_p083_c003"": [""How did central-government borrowing context change across the reports?""], ""rbi_mpr_2026_04_p083_c004"": [""How did central-government borrowing context change across the reports?""], ""rbi_mpr_2026_04_p088_c000"": [""How did central-government borrowing context change across the reports?""], ""rbi_mpr_2026_04_p088_c004"": [""How did central-government borrowing context change across the reports?""], ""rbi_mpr_2026_04_p089_c002"": [""How did central-government borrowing context change across the reports?""], ""rbi_mpr_2026_04_p089_c003"": [""How did central-government borrowing context change across the reports?""], ""rbi_mpr_2026_04_p091_c000"": [""How did central-government borrowing context change across the reports?""], ""rbi_mpr_2026_04_p092_c001"": [""How did central-government borrowing context change across the reports?""], ""rbi_mpr_2026_04_p093_c003"": [""How did central-government borrowing context change across the reports?""], ""rbi_mpr_2026_04_p103_c002"": [""How did central-government borrowing context change across the reports?""], ""rbi_mpr_2026_04_p104_c004"": [""How did central-government borrowing context change across the reports?""], ""rbi_mpr_2026_04_p105_c000"": [""How did central-government borrowing context change across the reports?""], ""rbi_mpr_2026_04_p105_c004"": [""How did central-government borrowing context change across the reports?""], ""rbi_mpr_2026_04_p107_c004"": [""How did central-government borrowing context change across the reports?""], ""rbi_mpr_2026_04_p109_c003"": [""How did central-government borrowing context change across the reports?""], ""rbi_mpr_2026_04_p113_c004"": [""How did central-government borrowing context change across the reports?""]}, ""candidate_source_retriever"": {""rbi_mpr_2025_04_p003_c000"": [""dense""], ""rbi_mpr_2025_04_p011_c001"": [""bm25""], ""rbi_mpr_2025_04_p012_c001"": [""bm25""], ""rbi_mpr_2025_04_p012_c003"": [""bm25""], ""rbi_mpr_2025_04_p014_c002"": [""bm25""], ""rbi_mpr_2025_04_p016_c002"": [""bm25""], ""rbi_mpr_2025_04_p016_c003"": [""bm25""], ""rbi_mpr_2025_04_p019_c001"": [""bm25""], ""rbi_mpr_2025_04_p020_c001"": [""bm25""], ""rbi_mpr_2025_04_p026_c001"": [""bm25""], ""rbi_mpr_2025_04_p026_c002"": [""bm25""], ""rbi_mpr_2025_04_p027_c000"": [""bm25""], ""rbi_mpr_2025_04_p027_c001"": [""bm25""], ""rbi_mpr_2025_04_p027_c002"": [""bm25""], ""rbi_mpr_2025_04_p028_c000"": [""bm25""], ""rbi_mpr_2025_04_p028_c001"": [""bm25""], ""rbi_mpr_2025_04_p028_c002"": [""bm25""], ""rbi_mpr_2025_04_p028_c003"": [""bm25""], ""rbi_mpr_2025_04_p029_c000"": [""bm25""], ""rbi_mpr_2025_04_p029_c003"": [""bm25""], ""rbi_mpr_2025_04_p034_c000"": [""bm25""], ""rbi_mpr_2025_04_p038_c000"": [""bm25""], ""rbi_mpr_2025_04_p039_c002"": [""bm25""], ""rbi_mpr_2025_04_p041_c000"": [""dense""], ""rbi_mpr_2025_04_p041_c001"": [""bm25""], ""rbi_mpr_2025_04_p049_c002"": [""dense""], ""rbi_mpr_2025_04_p049_c003"": [""dense""], ""rbi_mpr_2025_04_p052_c000"": [""dense""], ""rbi_mpr_2025_04_p053_c000"": [""dense""], ""rbi_mpr_2025_04_p053_c001"": [""dense""], ""rbi_mpr_2025_04_p054_c000"": [""dense""], ""rbi_mpr_2025_04_p054_c001"": [""dense""], ""rbi_mpr_2025_04_p054_c002"": [""dense""], ""rbi_mpr_2025_04_p055_c000"": [""dense""], ""rbi_mpr_2025_04_p055_c001"": [""dense""], ""rbi_mpr_2025_04_p055_c003"": [""dense""], ""rbi_mpr_2025_04_p056_c000"": [""dense""], ""rbi_mpr_2025_04_p057_c000"": [""bm25"", ""dense""], ""rbi_mpr_2025_04_p057_c003"": [""dense""], ""rbi_mpr_2025_04_p058_c001"": [""bm25""], ""rbi_mpr_2025_04_p058_c002"": [""bm25""], ""rbi_mpr_2025_04_p059_c000"": [""dense""], ""rbi_mpr_2025_04_p060_c000"": [""bm25"", ""dense""], ""rbi_mpr_2025_04_p065_c002"": [""bm25""], ""rbi_mpr_2025_04_p069_c000"": [""dense""], ""rbi_mpr_2025_04_p069_c001"": [""bm25""], ""rbi_mpr_2025_04_p071_c000"": [""dense""], ""rbi_mpr_2025_04_p073_c001"": [""dense""], ""rbi_mpr_2025_04_p073_c002"": [""bm25""], ""rbi_mpr_2025_04_p073_c003"": [""bm25"", ""dense""], ""rbi_mpr_2025_04_p073_c004"": [""bm25"", ""dense""], ""rbi_mpr_2025_04_p073_c005"": [""dense""], ""rbi_mpr_2025_04_p074_c000"": [""bm25"", ""dense""], ""rbi_mpr_2025_04_p074_c003"": [""dense""], ""rbi_mpr_2025_04_p075_c001"": [""dense""], ""rbi_mpr_2025_04_p076_c000"": [""bm25"", ""dense""], ""rbi_mpr_2025_04_p077_c001"": [""dense""], ""rbi_mpr_2025_04_p078_c001"": [""bm25""], ""rbi_mpr_2025_04_p078_c002"": [""bm25""], ""rbi_mpr_2025_04_p079_c000"": [""bm25""], ""rbi_mpr_2025_04_p082_c001"": [""bm25""], ""rbi_mpr_2025_04_p082_c002"": [""bm25"", ""dense""], ""rbi_mpr_2025_04_p085_c000"": [""bm25""], ""rbi_mpr_2025_04_p085_c001"": [""bm25""], ""rbi_mpr_2025_04_p086_c000"": [""bm25""], ""rbi_mpr_2025_04_p087_c000"": [""bm25""], ""rbi_mpr_2025_04_p087_c001"": [""bm25""], ""rbi_mpr_2025_04_p088_c002"": [""dense""], ""rbi_mpr_2025_04_p089_c000"": [""bm25""], ""rbi_mpr_2025_04_p089_c001"": [""dense""], ""rbi_mpr_2025_04_p090_c000"": [""dense""], ""rbi_mpr_2025_04_p090_c001"": [""dense""], ""rbi_mpr_2025_04_p091_c000"": [""dense""], ""rbi_mpr_2025_04_p091_c002"": [""dense""], ""rbi_mpr_2025_04_p091_c003"": [""dense""], ""rbi_mpr_2025_04_p092_c001"": [""dense""], ""rbi_mpr_2025_04_p092_c002"": [""dense""], ""rbi_mpr_2025_04_p093_c000"": [""dense""], ""rbi_mpr_2025_04_p094_c000"": [""dense""], ""rbi_mpr_2025_04_p094_c001"": [""dense""], ""rbi_mpr_2025_04_p095_c000"": [""bm25"", ""dense""], ""rbi_mpr_2025_04_p095_c002"": [""dense""], ""rbi_mpr_2025_04_p096_c000"": [""dense""], ""rbi_mpr_2025_04_p096_c001"": [""dense""], ""rbi_mpr_2025_04_p096_c002"": [""dense""], ""rbi_mpr_2025_04_p097_c001"": [""dense""], ""rbi_mpr_2025_04_p098_c000"": [""dense""], ""rbi_mpr_2025_04_p111_c003"": [""dense""], ""rbi_mpr_2025_04_p112_c001"": [""bm25""], ""rbi_mpr_2025_04_p113_c000"": [""bm25""], ""rbi_mpr_2025_04_p113_c001"": [""bm25""], ""rbi_mpr_2025_04_p113_c003"": [""bm25""], ""rbi_mpr_2025_10_p005_c001"": [""dense""], ""rbi_mpr_2025_10_p009_c001"": [""dense""], ""rbi_mpr_2025_10_p009_c003"": [""bm25""], ""rbi_mpr_2025_10_p010_c004"": [""bm25""], ""rbi_mpr_2025_10_p012_c002"": [""bm25""], ""rbi_mpr_2025_10_p017_c000"": [""dense""], ""rbi_mpr_2025_10_p017_c001"": [""dense""], ""rbi_mpr_2025_10_p017_c002"": [""dense""], ""rbi_mpr_2025_10_p017_c005"": [""dense""], ""rbi_mpr_2025_10_p018_c000"": [""bm25"", ""dense""], ""rbi_mpr_2025_10_p018_c001"": [""dense""], ""rbi_mpr_2025_10_p018_c002"": [""dense""], ""rbi_mpr_2025_10_p019_c000"": [""bm25""], ""rbi_mpr_2025_10_p020_c001"": [""bm25""], ""rbi_mpr_2025_10_p023_c000"": [""bm25""], ""rbi_mpr_2025_10_p024_c001"": [""bm25""], ""rbi_mpr_2025_10_p025_c003"": [""bm25""], ""rbi_mpr_2025_10_p026_c003"": [""bm25""], ""rbi_mpr_2025_10_p027_c002"": [""bm25""], ""rbi_mpr_2025_10_p031_c000"": [""bm25""], ""rbi_mpr_2025_10_p034_c003"": [""bm25""], ""rbi_mpr_2025_10_p034_c005"": [""bm25""], ""rbi_mpr_2025_10_p035_c000"": [""bm25""], ""rbi_mpr_2025_10_p035_c002"": [""bm25""], ""rbi_mpr_2025_10_p037_c002"": [""bm25""], ""rbi_mpr_2025_10_p040_c001"": [""bm25""], ""rbi_mpr_2025_10_p041_c001"": [""bm25""], ""rbi_mpr_2025_10_p045_c000"": [""bm25""], ""rbi_mpr_2025_10_p047_c000"": [""dense""], ""rbi_mpr_2025_10_p047_c001"": [""dense""], ""rbi_mpr_2025_10_p048_c003"": [""bm25""], ""rbi_mpr_2025_10_p049_c000"": [""dense""], ""rbi_mpr_2025_10_p049_c001"": [""dense""], ""rbi_mpr_2025_10_p049_c002"": [""dense""], ""rbi_mpr_2025_10_p050_c000"": [""dense""], ""rbi_mpr_2025_10_p050_c002"": [""dense""], ""rbi_mpr_2025_10_p051_c000"": [""dense""], ""rbi_mpr_2025_10_p052_c000"": [""dense""], ""rbi_mpr_2025_10_p052_c004"": [""dense""], ""rbi_mpr_2025_10_p053_c001"": [""bm25""], ""rbi_mpr_2025_10_p055_c000"": [""bm25""], ""rbi_mpr_2025_10_p055_c001"": [""bm25""], ""rbi_mpr_2025_10_p055_c003"": [""bm25""], ""rbi_mpr_2025_10_p060_c003"": [""bm25""], ""rbi_mpr_2025_10_p063_c000"": [""dense""], ""rbi_mpr_2025_10_p064_c000"": [""dense""], ""rbi_mpr_2025_10_p064_c002"": [""dense""], ""rbi_mpr_2025_10_p065_c000"": [""dense""], ""rbi_mpr_2025_10_p065_c004"": [""bm25""], ""rbi_mpr_2025_10_p069_c002"": [""bm25""], ""rbi_mpr_2025_10_p069_c003"": [""bm25""], ""rbi_mpr_2025_10_p069_c004"": [""bm25"", ""dense""], ""rbi_mpr_2025_10_p070_c000"": [""dense""], ""rbi_mpr_2025_10_p071_c002"": [""dense""], ""rbi_mpr_2025_10_p072_c000"": [""bm25"", ""dense""], ""rbi_mpr_2025_10_p072_c002"": [""dense""], ""rbi_mpr_2025_10_p073_c001"": [""dense""], ""rbi_mpr_2025_10_p073_c002"": [""bm25""], ""rbi_mpr_2025_10_p073_c003"": [""bm25""], ""rbi_mpr_2025_10_p076_c000"": [""bm25""], ""rbi_mpr_2025_10_p076_c001"": [""bm25""], ""rbi_mpr_2025_10_p082_c000"": [""dense""], ""rbi_mpr_2025_10_p084_c000"": [""dense""], ""rbi_mpr_2025_10_p084_c001"": [""dense""], ""rbi_mpr_2025_10_p085_c000"": [""dense""], ""rbi_mpr_2025_10_p086_c000"": [""dense""], ""rbi_mpr_2025_10_p086_c002"": [""dense""], ""rbi_mpr_2025_10_p087_c000"": [""dense""], ""rbi_mpr_2025_10_p087_c001"": [""dense""], ""rbi_mpr_2025_10_p088_c000"": [""bm25"", ""dense""], ""rbi_mpr_2025_10_p088_c001"": [""bm25""], ""rbi_mpr_2025_10_p088_c002"": [""bm25""], ""rbi_mpr_2025_10_p089_c001"": [""dense""], ""rbi_mpr_2025_10_p089_c003"": [""bm25""], ""rbi_mpr_2025_10_p090_c000"": [""dense""], ""rbi_mpr_2025_10_p090_c001"": [""dense""], ""rbi_mpr_2025_10_p091_c000"": [""bm25"", ""dense""], ""rbi_mpr_2025_10_p091_c001"": [""dense""], ""rbi_mpr_2025_10_p091_c003"": [""bm25""], ""rbi_mpr_2025_10_p092_c000"": [""dense""], ""rbi_mpr_2025_10_p092_c001"": [""dense""], ""rbi_mpr_2025_10_p092_c002"": [""dense""], ""rbi_mpr_2025_10_p093_c000"": [""bm25""], ""rbi_mpr_2025_10_p094_c000"": [""dense""], ""rbi_mpr_2025_10_p094_c003"": [""bm25"", ""dense""], ""rbi_mpr_2025_10_p097_c004"": [""bm25""], ""rbi_mpr_2025_10_p102_c000"": [""bm25""], ""rbi_mpr_2025_10_p106_c000"": [""bm25""], ""rbi_mpr_2025_10_p107_c000"": [""bm25""], ""rbi_mpr_2025_10_p108_c003"": [""bm25"", ""dense""], ""rbi_mpr_2025_10_p109_c000"": [""dense""], ""rbi_mpr_2025_10_p109_c001"": [""bm25""], ""rbi_mpr_2025_10_p109_c002"": [""bm25""], ""rbi_mpr_2026_04_p005_c001"": [""dense""], ""rbi_mpr_2026_04_p007_c000"": [""dense""], ""rbi_mpr_2026_04_p015_c000"": [""bm25""], ""rbi_mpr_2026_04_p017_c000"": [""bm25""], ""rbi_mpr_2026_04_p018_c002"": [""bm25""], ""rbi_mpr_2026_04_p018_c003"": [""bm25""], ""rbi_mpr_2026_04_p023_c000"": [""bm25""], ""rbi_mpr_2026_04_p023_c001"": [""bm25""], ""rbi_mpr_2026_04_p026_c002"": [""bm25"", ""dense""], ""rbi_mpr_2026_04_p026_c003"": [""bm25"", ""dense""], ""rbi_mpr_2026_04_p026_c004"": [""dense""], ""rbi_mpr_2026_04_p027_c002"": [""bm25""], ""rbi_mpr_2026_04_p027_c003"": [""dense""], ""rbi_mpr_2026_04_p028_c002"": [""bm25"", ""dense""], ""rbi_mpr_2026_04_p028_c003"": [""bm25"", ""dense""], ""rbi_mpr_2026_04_p030_c001"": [""dense""], ""rbi_mpr_2026_04_p031_c000"": [""bm25""], ""rbi_mpr_2026_04_p031_c001"": [""bm25"", ""dense""], ""rbi_mpr_2026_04_p032_c003"": [""dense""], ""rbi_mpr_2026_04_p035_c000"": [""bm25""], ""rbi_mpr_2026_04_p044_c000"": [""dense""], ""rbi_mpr_2026_04_p044_c001"": [""dense""], ""rbi_mpr_2026_04_p044_c002"": [""dense""], ""rbi_mpr_2026_04_p046_c000"": [""bm25"", ""dense""], ""rbi_mpr_2026_04_p046_c001"": [""dense""], ""rbi_mpr_2026_04_p046_c003"": [""bm25"", ""dense""], ""rbi_mpr_2026_04_p047_c003"": [""bm25"", ""dense""], ""rbi_mpr_2026_04_p048_c002"": [""bm25""], ""rbi_mpr_2026_04_p049_c001"": [""bm25"", ""dense""], ""rbi_mpr_2026_04_p049_c002"": [""dense""], ""rbi_mpr_2026_04_p050_c000"": [""dense""], ""rbi_mpr_2026_04_p050_c001"": [""bm25"", ""dense""], ""rbi_mpr_2026_04_p050_c002"": [""bm25"", ""dense""], ""rbi_mpr_2026_04_p050_c003"": [""bm25"", ""dense""], ""rbi_mpr_2026_04_p051_c001"": [""dense""], ""rbi_mpr_2026_04_p051_c002"": [""dense""], ""rbi_mpr_2026_04_p052_c000"": [""dense""], ""rbi_mpr_2026_04_p052_c001"": [""dense""], ""rbi_mpr_2026_04_p052_c003"": [""dense""], ""rbi_mpr_2026_04_p054_c000"": [""dense""], ""rbi_mpr_2026_04_p055_c003"": [""dense""], ""rbi_mpr_2026_04_p057_c003"": [""dense""], ""rbi_mpr_2026_04_p058_c000"": [""dense""], ""rbi_mpr_2026_04_p058_c005"": [""dense""], ""rbi_mpr_2026_04_p059_c000"": [""bm25"", ""dense""], ""rbi_mpr_2026_04_p059_c002"": [""bm25""], ""rbi_mpr_2026_04_p062_c000"": [""dense""], ""rbi_mpr_2026_04_p062_c001"": [""dense""], ""rbi_mpr_2026_04_p062_c002"": [""dense""], ""rbi_mpr_2026_04_p063_c000"": [""dense""], ""rbi_mpr_2026_04_p063_c001"": [""dense""], ""rbi_mpr_2026_04_p063_c002"": [""dense""], ""rbi_mpr_2026_04_p063_c003"": [""dense""], ""rbi_mpr_2026_04_p064_c000"": [""dense""], ""rbi_mpr_2026_04_p064_c001"": [""dense""], ""rbi_mpr_2026_04_p064_c002"": [""dense""], ""rbi_mpr_2026_04_p064_c003"": [""dense""], ""rbi_mpr_2026_04_p065_c000"": [""dense""], ""rbi_mpr_2026_04_p066_c002"": [""dense""], ""rbi_mpr_2026_04_p067_c002"": [""bm25""], ""rbi_mpr_2026_04_p068_c001"": [""bm25""], ""rbi_mpr_2026_04_p068_c002"": [""bm25""], ""rbi_mpr_2026_04_p069_c000"": [""bm25"", ""dense""], ""rbi_mpr_2026_04_p075_c002"": [""bm25""], ""rbi_mpr_2026_04_p079_c002"": [""bm25""], ""rbi_mpr_2026_04_p081_c004"": [""bm25""], ""rbi_mpr_2026_04_p081_c005"": [""bm25""], ""rbi_mpr_2026_04_p082_c002"": [""bm25""], ""rbi_mpr_2026_04_p082_c003"": [""bm25""], ""rbi_mpr_2026_04_p082_c004"": [""bm25""], ""rbi_mpr_2026_04_p083_c003"": [""bm25""], ""rbi_mpr_2026_04_p083_c004"": [""bm25""], ""rbi_mpr_2026_04_p088_c000"": [""bm25""], ""rbi_mpr_2026_04_p088_c004"": [""bm25""], ""rbi_mpr_2026_04_p089_c002"": [""bm25""], ""rbi_mpr_2026_04_p089_c003"": [""bm25""], ""rbi_mpr_2026_04_p091_c000"": [""bm25""], ""rbi_mpr_2026_04_p092_c001"": [""bm25""], ""rbi_mpr_2026_04_p093_c003"": [""bm25""], ""rbi_mpr_2026_04_p103_c002"": [""bm25""], ""rbi_mpr_2026_04_p104_c004"": [""bm25""], ""rbi_mpr_2026_04_p105_c000"": [""bm25""], ""rbi_mpr_2026_04_p105_c004"": [""bm25""], ""rbi_mpr_2026_04_p107_c004"": [""bm25""], ""rbi_mpr_2026_04_p109_c003"": [""dense""], ""rbi_mpr_2026_04_p113_c004"": [""bm25""]}, ""candidate_union_ids"": [""rbi_mpr_2025_04_p091_c002"", ""rbi_mpr_2025_04_p082_c002"", ""rbi_mpr_2025_04_p054_c000"", ""rbi_mpr_2025_04_p057_c000"", ""rbi_mpr_2025_04_p073_c004"", ""rbi_mpr_2025_04_p096_c001"", ""rbi_mpr_2025_04_p094_c000"", ""rbi_mpr_2025_04_p057_c003"", ""rbi_mpr_2025_04_p096_c000"", ""rbi_mpr_2025_04_p049_c003"", ""rbi_mpr_2025_04_p055_c000"", ""rbi_mpr_2025_04_p074_c003"", ""rbi_mpr_2025_04_p055_c003"", ""rbi_mpr_2025_04_p076_c000"", ""rbi_mpr_2025_04_p074_c000"", ""rbi_mpr_2025_04_p073_c005"", ""rbi_mpr_2025_04_p094_c001"", ""rbi_mpr_2025_04_p053_c000"", ""rbi_mpr_2025_04_p096_c002"", ""rbi_mpr_2025_04_p093_c000"", ""rbi_mpr_2025_04_p049_c002"", ""rbi_mpr_2025_04_p092_c002"", ""rbi_mpr_2025_04_p052_c000"", ""rbi_mpr_2025_04_p053_c001"", ""rbi_mpr_2025_04_p055_c001"", ""rbi_mpr_2025_04_p060_c000"", ""rbi_mpr_2025_04_p111_c003"", ""rbi_mpr_2025_04_p090_c000"", ""rbi_mpr_2025_04_p097_c001"", ""rbi_mpr_2025_04_p077_c001"", ""rbi_mpr_2025_04_p095_c000"", ""rbi_mpr_2025_04_p095_c002"", ""rbi_mpr_2025_04_p091_c000"", ""rbi_mpr_2025_04_p073_c001"", ""rbi_mpr_2025_04_p073_c003"", ""rbi_mpr_2025_04_p098_c000"", ""rbi_mpr_2025_04_p090_c001"", ""rbi_mpr_2025_04_p071_c000"", ""rbi_mpr_2025_04_p059_c000"", ""rbi_mpr_2025_04_p041_c000"", ""rbi_mpr_2025_04_p054_c001"", ""rbi_mpr_2025_04_p054_c002"", ""rbi_mpr_2025_04_p003_c000"", ""rbi_mpr_2025_04_p092_c001"", ""rbi_mpr_2025_04_p088_c002"", ""rbi_mpr_2025_04_p075_c001"", ""rbi_mpr_2025_04_p056_c000"", ""rbi_mpr_2025_04_p091_c003"", ""rbi_mpr_2025_04_p089_c001"", ""rbi_mpr_2025_04_p069_c000"", ""rbi_mpr_2025_04_p078_c002"", ""rbi_mpr_2025_04_p026_c001"", ""rbi_mpr_2025_04_p082_c001"", ""rbi_mpr_2025_04_p014_c002"", ""rbi_mpr_2025_04_p078_c001"", ""rbi_mpr_2025_04_p065_c002"", ""rbi_mpr_2025_04_p027_c000"", ""rbi_mpr_2025_04_p016_c003"", ""rbi_mpr_2025_04_p012_c003"", ""rbi_mpr_2025_04_p028_c000"", ""rbi_mpr_2025_04_p020_c001"", ""rbi_mpr_2025_04_p113_c003"", ""rbi_mpr_2025_04_p016_c002"", ""rbi_mpr_2025_04_p028_c002"", ""rbi_mpr_2025_04_p028_c001"", ""rbi_mpr_2025_04_p027_c001"", ""rbi_mpr_2025_04_p112_c001"", ""rbi_mpr_2025_04_p027_c002"", ""rbi_mpr_2025_04_p039_c002"", ""rbi_mpr_2025_04_p058_c001"", ""rbi_mpr_2025_04_p028_c003"", ""rbi_mpr_2025_04_p089_c000"", ""rbi_mpr_2025_04_p038_c000"", ""rbi_mpr_2025_04_p029_c003"", ""rbi_mpr_2025_04_p019_c001"", ""rbi_mpr_2025_04_p058_c002"", ""rbi_mpr_2025_04_p079_c000"", ""rbi_mpr_2025_04_p087_c001"", ""rbi_mpr_2025_04_p069_c001"", ""rbi_mpr_2025_04_p086_c000"", ""rbi_mpr_2025_04_p113_c000"", ""rbi_mpr_2025_04_p073_c002"", ""rbi_mpr_2025_04_p085_c000"", ""rbi_mpr_2025_04_p087_c000"", ""rbi_mpr_2025_04_p029_c000"", ""rbi_mpr_2025_04_p034_c000"", ""rbi_mpr_2025_04_p026_c002"", ""rbi_mpr_2025_04_p012_c001"", ""rbi_mpr_2025_04_p011_c001"", ""rbi_mpr_2025_04_p085_c001"", ""rbi_mpr_2025_04_p113_c001"", ""rbi_mpr_2025_04_p041_c001""], ""candidate_union_pages"": [91, 82, 54, 57, 73, 96, 94, 57, 96, 49, 55, 74, 55, 76, 74, 73, 94, 53, 96, 93, 49, 92, 52, 53, 55, 60, 111, 90, 97, 77, 95, 95, 91, 73, 73, 98, 90, 71, 59, 41, 54, 54, 3, 92, 88, 75, 56, 91, 89, 69, 78, 26, 82, 14, 78, 65, 27, 16, 12, 28, 20, 113, 16, 28, 28, 27, 112, 27, 39, 58, 28, 89, 38, 29, 19, 58, 79, 87, 69, 86, 113, 73, 85, 87, 29, 34, 26, 12, 11, 85, 113, 41], ""dense_candidate_ids"": [""rbi_mpr_2025_04_p091_c002"", ""rbi_mpr_2025_04_p082_c002"", ""rbi_mpr_2025_04_p054_c000"", ""rbi_mpr_2025_04_p057_c000"", ""rbi_mpr_2025_04_p073_c004"", ""rbi_mpr_2025_04_p096_c001"", ""rbi_mpr_2025_04_p094_c000"", ""rbi_mpr_2025_04_p057_c003"", ""rbi_mpr_2025_04_p096_c000"", ""rbi_mpr_2025_04_p049_c003"", ""rbi_mpr_2025_04_p055_c000"", ""rbi_mpr_2025_04_p074_c003"", ""rbi_mpr_2025_04_p055_c003"", ""rbi_mpr_2025_04_p076_c000"", ""rbi_mpr_2025_04_p074_c000"", ""rbi_mpr_2025_04_p073_c005"", ""rbi_mpr_2025_04_p094_c001"", ""rbi_mpr_2025_04_p053_c000"", ""rbi_mpr_2025_04_p096_c002"", ""rbi_mpr_2025_04_p093_c000"", ""rbi_mpr_2025_04_p049_c002"", ""rbi_mpr_2025_04_p092_c002"", ""rbi_mpr_2025_04_p052_c000"", ""rbi_mpr_2025_04_p053_c001"", ""rbi_mpr_2025_04_p055_c001"", ""rbi_mpr_2025_04_p060_c000"", ""rbi_mpr_2025_04_p111_c003"", ""rbi_mpr_2025_04_p090_c000"", ""rbi_mpr_2025_04_p097_c001"", ""rbi_mpr_2025_04_p077_c001"", ""rbi_mpr_2025_04_p095_c000"", ""rbi_mpr_2025_04_p095_c002"", ""rbi_mpr_2025_04_p091_c000"", ""rbi_mpr_2025_04_p073_c001"", ""rbi_mpr_2025_04_p073_c003"", ""rbi_mpr_2025_04_p098_c000"", ""rbi_mpr_2025_04_p090_c001"", ""rbi_mpr_2025_04_p071_c000"", ""rbi_mpr_2025_04_p059_c000"", ""rbi_mpr_2025_04_p041_c000"", ""rbi_mpr_2025_04_p054_c001"", ""rbi_mpr_2025_04_p054_c002"", ""rbi_mpr_2025_04_p003_c000"", ""rbi_mpr_2025_04_p092_c001"", ""rbi_mpr_2025_04_p088_c002"", ""rbi_mpr_2025_04_p075_c001"", ""rbi_mpr_2025_04_p056_c000"", ""rbi_mpr_2025_04_p091_c003"", ""rbi_mpr_2025_04_p089_c001"", ""rbi_mpr_2025_04_p069_c000""], ""dense_candidate_pages"": [91, 82, 54, 57, 73, 96, 94, 57, 96, 49, 55, 74, 55, 76, 74, 73, 94, 53, 96, 93, 49, 92, 52, 53, 55, 60, 111, 90, 97, 77, 95, 95, 91, 73, 73, 98, 90, 71, 59, 41, 54, 54, 3, 92, 88, 75, 56, 91, 89, 69], ""dense_candidate_scores"": [0.27982053081082847, 0.2539890645332896, 0.25069444538519303, 0.2441513157412708, 0.23850389092190205, 0.21577291540821864, 0.19971311166423356, 0.19823266146343987, 0.19316037253885077, 0.1916381969580313, 0.1865787206753896, 0.17942277585411892, 0.17060228339775907, 0.16246541282424587, 0.16243987183404818, 0.15961451569727192, 0.15740020457020654, 0.1558068851091008, 0.1557587534081013, 0.14254596928102703, 0.13720073736548144, 0.13677117668545846, 0.1362343944228237, 0.13421775201527442, 0.13414669242868504, 0.13149641430062298, 0.12826745994250643, 0.12458003216628832, 0.12431197820975903, 0.1240072564950252, 0.1175553326312806, 0.11542674819408638, 0.11407476158755392, 0.11378698290592149, 0.11327498299021121, 0.11165157067926856, 0.11088323363091501, 0.10931714103394718, 0.10881593071145557, 0.10873880197868069, 0.1076051360474346, 0.10484991226658047, 0.10406766675821832, 0.10363751602231608, 0.10356620355463564, 0.10093126687943155, 0.0988653969528216, 0.09817933055276129, 0.09783726673024684, 0.09447512833083582], ""dense_first_evidence_rank"": 4, ""evidence_rank_after_reranking"": 3, ""evidence_rank_before_reranking"": 1, ""expected_evidence"": [""gross market borrowings amounted to \u20b914.01 lakh crore""], ""loss_stage"": ""lost_by_quota"", ""report_id"": ""rbi_mpr_2025_04"", ""reranker_input_ids"": [""rbi_mpr_2025_04_p057_c000"", ""rbi_mpr_2025_04_p076_c000"", ""rbi_mpr_2025_04_p082_c002"", ""rbi_mpr_2025_04_p060_c000"", ""rbi_mpr_2025_04_p073_c004"", ""rbi_mpr_2025_04_p074_c000"", ""rbi_mpr_2025_04_p073_c003"", ""rbi_mpr_2025_04_p095_c000"", ""rbi_mpr_2025_04_p091_c002"", ""rbi_mpr_2025_04_p078_c002"", ""rbi_mpr_2025_04_p026_c001"", ""rbi_mpr_2025_04_p054_c000"", ""rbi_mpr_2025_04_p082_c001"", ""rbi_mpr_2025_04_p014_c002"", ""rbi_mpr_2025_04_p096_c001"", ""rbi_mpr_2025_04_p078_c001"", ""rbi_mpr_2025_04_p094_c000"", ""rbi_mpr_2025_04_p057_c003"", ""rbi_mpr_2025_04_p065_c002"", ""rbi_mpr_2025_04_p096_c000"", ""rbi_mpr_2025_04_p049_c003"", ""rbi_mpr_2025_04_p027_c000"", ""rbi_mpr_2025_04_p055_c000"", ""rbi_mpr_2025_04_p016_c003"", ""rbi_mpr_2025_04_p074_c003"", ""rbi_mpr_2025_04_p012_c003"", ""rbi_mpr_2025_04_p055_c003"", ""rbi_mpr_2025_04_p028_c000"", ""rbi_mpr_2025_04_p020_c001"", ""rbi_mpr_2025_04_p113_c003""], ""reranker_input_pages"": [57, 76, 82, 60, 73, 74, 73, 95, 91, 78, 26, 54, 82, 14, 96, 78, 94, 57, 65, 96, 49, 27, 55, 16, 74, 12, 55, 28, 20, 113], ""reranker_input_ranks"": [1, 2, 3, 4, 5, 6, 7, 8, 9, 10, 11, 12, 13, 14, 15, 16, 17, 18, 19, 20, 21, 22, 23, 24, 25, 26, 27, 28, 29, 30], ""reranker_output_ids"": [""rbi_mpr_2025_04_p082_c002"", ""rbi_mpr_2025_04_p078_c002"", ""rbi_mpr_2025_04_p057_c000"", ""rbi_mpr_2025_04_p082_c001"", ""rbi_mpr_2025_04_p054_c000"", ""rbi_mpr_2025_04_p078_c001"", ""rbi_mpr_2025_04_p057_c003"", ""rbi_mpr_2025_04_p055_c000"", ""rbi_mpr_2025_04_p076_c000"", ""rbi_mpr_2025_04_p060_c000"", ""rbi_mpr_2025_04_p094_c000"", ""rbi_mpr_2025_04_p074_c000"", ""rbi_mpr_2025_04_p095_c000"", ""rbi_mpr_2025_04_p096_c000"", ""rbi_mpr_2025_04_p055_c003"", ""rbi_mpr_2025_04_p096_c001"", ""rbi_mpr_2025_04_p073_c004"", ""rbi_mpr_2025_04_p027_c000"", ""rbi_mpr_2025_04_p073_c003"", ""rbi_mpr_2025_04_p028_c000"", ""rbi_mpr_2025_04_p016_c003"", ""rbi_mpr_2025_04_p113_c003"", ""rbi_mpr_2025_04_p012_c003"", ""rbi_mpr_2025_04_p091_c002"", ""rbi_mpr_2025_04_p014_c002"", ""rbi_mpr_2025_04_p065_c002"", ""rbi_mpr_2025_04_p049_c003"", ""rbi_mpr_2025_04_p026_c001"", ""rbi_mpr_2025_04_p020_c001"", ""rbi_mpr_2025_04_p074_c003""], ""reranker_output_pages"": [82, 78, 57, 82, 54, 78, 57, 55, 76, 60, 94, 74, 95, 96, 55, 96, 73, 27, 73, 28, 16, 113, 12, 91, 14, 65, 49, 26, 20, 74], ""reranker_scores"": [-0.874291181564331, -2.0880863666534424, -2.2833642959594727, -3.52154541015625, -5.539512634277344, -5.785093784332275, -7.268321990966797, -7.407917022705078, -8.127228736877441, -8.131355285644531, -8.586162567138672, -9.26113510131836, -9.408294677734375, -9.586199760437012, -9.849088668823242, -10.019384384155273, -10.262248992919922, -10.466915130615234, -10.48482894897461, -10.591182708740234, -10.654644012451172, -10.718367576599121, -10.870126724243164, -11.02029037475586, -11.093985557556152, -11.196477890014648, -11.198841094970703, -11.237483978271484, -11.25533676147461, -11.272144317626953], ""rrf_candidate_ids"": [""rbi_mpr_2025_04_p057_c000"", ""rbi_mpr_2025_04_p076_c000"", ""rbi_mpr_2025_04_p082_c002"", ""rbi_mpr_2025_04_p060_c000"", ""rbi_mpr_2025_04_p073_c004"", ""rbi_mpr_2025_04_p074_c000"", ""rbi_mpr_2025_04_p073_c003"", ""rbi_mpr_2025_04_p095_c000"", ""rbi_mpr_2025_04_p091_c002"", ""rbi_mpr_2025_04_p078_c002"", ""rbi_mpr_2025_04_p026_c001"", ""rbi_mpr_2025_04_p054_c000"", ""rbi_mpr_2025_04_p082_c001"", ""rbi_mpr_2025_04_p014_c002"", ""rbi_mpr_2025_04_p096_c001"", ""rbi_mpr_2025_04_p078_c001"", ""rbi_mpr_2025_04_p094_c000"", ""rbi_mpr_2025_04_p057_c003"", ""rbi_mpr_2025_04_p065_c002"", ""rbi_mpr_2025_04_p096_c000"", ""rbi_mpr_2025_04_p049_c003"", ""rbi_mpr_2025_04_p027_c000"", ""rbi_mpr_2025_04_p055_c000"", ""rbi_mpr_2025_04_p016_c003"", ""rbi_mpr_2025_04_p074_c003"", ""rbi_mpr_2025_04_p012_c003"", ""rbi_mpr_2025_04_p055_c003"", ""rbi_mpr_2025_04_p028_c000"", ""rbi_mpr_2025_04_p020_c001"", ""rbi_mpr_2025_04_p113_c003""], ""rrf_candidate_pages"": [57, 76, 82, 60, 73, 74, 73, 95, 91, 78, 26, 54, 82, 14, 96, 78, 94, 57, 65, 96, 49, 27, 55, 16, 74, 12, 55, 28, 20, 113], ""rrf_first_evidence_rank"": 1, ""rrf_scores"": [0.031009615384615385, 0.028438886647841874, 0.027893738140417457, 0.026120660599932594, 0.025188536953242836, 0.023859649122807018, 0.021515326778484674, 0.020604395604395608, 0.01639344262295082, 0.01639344262295082, 0.016129032258064516, 0.015873015873015872, 0.015873015873015872, 0.015625, 0.015151515151515152, 0.015151515151515152, 0.014925373134328358, 0.014705882352941176, 0.014705882352941176, 0.014492753623188406, 0.014285714285714285, 0.014285714285714285, 0.014084507042253521, 0.014084507042253521, 0.013888888888888888, 0.013888888888888888, 0.0136986301369863, 0.0136986301369863, 0.013513513513513514, 0.013333333333333334], ""selected_chunk_ids_after_dedup"": [""rbi_mpr_2025_04_p082_c002"", ""rbi_mpr_2025_04_p078_c002""], ""selected_chunk_ids_before_dedup"": [""rbi_mpr_2025_04_p082_c002"", ""rbi_mpr_2025_04_p078_c002""], ""selected_pages"": [82, 78]}, ""rbi_mpr_2025_10"": {""accepted_evidence_found"": true, ""accepted_pages"": [52], ""bm25_candidate_ids"": [""rbi_mpr_2025_10_p088_c001"", ""rbi_mpr_2025_10_p107_c000"", ""rbi_mpr_2025_10_p031_c000"", ""rbi_mpr_2025_10_p088_c000"", ""rbi_mpr_2025_10_p024_c001"", ""rbi_mpr_2025_10_p072_c000"", ""rbi_mpr_2025_10_p102_c000"", ""rbi_mpr_2025_10_p055_c001"", ""rbi_mpr_2025_10_p109_c002"", ""rbi_mpr_2025_10_p073_c002"", ""rbi_mpr_2025_10_p069_c002"", ""rbi_mpr_2025_10_p109_c001"", ""rbi_mpr_2025_10_p091_c003"", ""rbi_mpr_2025_10_p027_c002"", ""rbi_mpr_2025_10_p088_c002"", ""rbi_mpr_2025_10_p055_c000"", ""rbi_mpr_2025_10_p089_c003"", ""rbi_mpr_2025_10_p025_c003"", ""rbi_mpr_2025_10_p020_c001"", ""rbi_mpr_2025_10_p076_c000"", ""rbi_mpr_2025_10_p076_c001"", ""rbi_mpr_2025_10_p065_c004"", ""rbi_mpr_2025_10_p091_c000"", ""rbi_mpr_2025_10_p034_c005"", ""rbi_mpr_2025_10_p034_c003"", ""rbi_mpr_2025_10_p018_c000"", ""rbi_mpr_2025_10_p010_c004"", ""rbi_mpr_2025_10_p060_c003"", ""rbi_mpr_2025_10_p108_c003"", ""rbi_mpr_2025_10_p012_c002"", ""rbi_mpr_2025_10_p035_c002"", ""rbi_mpr_2025_10_p106_c000"", ""rbi_mpr_2025_10_p048_c003"", ""rbi_mpr_2025_10_p045_c000"", ""rbi_mpr_2025_10_p073_c003"", ""rbi_mpr_2025_10_p041_c001"", ""rbi_mpr_2025_10_p040_c001"", ""rbi_mpr_2025_10_p053_c001"", ""rbi_mpr_2025_10_p026_c003"", ""rbi_mpr_2025_10_p035_c000"", ""rbi_mpr_2025_10_p019_c000"", ""rbi_mpr_2025_10_p069_c004"", ""rbi_mpr_2025_10_p055_c003"", ""rbi_mpr_2025_10_p023_c000"", ""rbi_mpr_2025_10_p037_c002"", ""rbi_mpr_2025_10_p069_c003"", ""rbi_mpr_2025_10_p097_c004"", ""rbi_mpr_2025_10_p009_c003"", ""rbi_mpr_2025_10_p094_c003"", ""rbi_mpr_2025_10_p093_c000""], ""bm25_candidate_pages"": [88, 107, 31, 88, 24, 72, 102, 55, 109, 73, 69, 109, 91, 27, 88, 55, 89, 25, 20, 76, 76, 65, 91, 34, 34, 18, 10, 60, 108, 12, 35, 106, 48, 45, 73, 41, 40, 53, 26, 35, 19, 69, 55, 23, 37, 69, 97, 9, 94, 93], ""bm25_candidate_scores"": [null, null, null, null, null, null, null, null, null, null, null, null, null, null, null, null, null, null, null, null, null, null, null, null, null, null, null, null, null, null, null, null, null, null, null, null, null, null, null, null, null, null, null, null, null, null, null, null, null, null], ""bm25_first_evidence_rank"": null, ""candidate_source_expansion"": {""rbi_mpr_2025_04_p003_c000"": [], ""rbi_mpr_2025_04_p011_c001"": [], ""rbi_mpr_2025_04_p012_c001"": [], ""rbi_mpr_2025_04_p012_c003"": [], ""rbi_mpr_2025_04_p014_c002"": [], ""rbi_mpr_2025_04_p016_c002"": [], ""rbi_mpr_2025_04_p016_c003"": [], ""rbi_mpr_2025_04_p019_c001"": [], ""rbi_mpr_2025_04_p020_c001"": [], ""rbi_mpr_2025_04_p026_c001"": [], ""rbi_mpr_2025_04_p026_c002"": [], ""rbi_mpr_2025_04_p027_c000"": [], ""rbi_mpr_2025_04_p027_c001"": [], ""rbi_mpr_2025_04_p027_c002"": [], ""rbi_mpr_2025_04_p028_c000"": [], ""rbi_mpr_2025_04_p028_c001"": [], ""rbi_mpr_2025_04_p028_c002"": [], ""rbi_mpr_2025_04_p028_c003"": [], ""rbi_mpr_2025_04_p029_c000"": [], ""rbi_mpr_2025_04_p029_c003"": [], ""rbi_mpr_2025_04_p034_c000"": [], ""rbi_mpr_2025_04_p038_c000"": [], ""rbi_mpr_2025_04_p039_c002"": [], ""rbi_mpr_2025_04_p041_c000"": [], ""rbi_mpr_2025_04_p041_c001"": [], ""rbi_mpr_2025_04_p049_c002"": [], ""rbi_mpr_2025_04_p049_c003"": [], ""rbi_mpr_2025_04_p052_c000"": [], ""rbi_mpr_2025_04_p053_c000"": [], ""rbi_mpr_2025_04_p053_c001"": [], ""rbi_mpr_2025_04_p054_c000"": [], ""rbi_mpr_2025_04_p054_c001"": [], ""rbi_mpr_2025_04_p054_c002"": [], ""rbi_mpr_2025_04_p055_c000"": [], ""rbi_mpr_2025_04_p055_c001"": [], ""rbi_mpr_2025_04_p055_c003"": [], ""rbi_mpr_2025_04_p056_c000"": [], ""rbi_mpr_2025_04_p057_c000"": [], ""rbi_mpr_2025_04_p057_c003"": [], ""rbi_mpr_2025_04_p058_c001"": [], ""rbi_mpr_2025_04_p058_c002"": [], ""rbi_mpr_2025_04_p059_c000"": [], ""rbi_mpr_2025_04_p060_c000"": [], ""rbi_mpr_2025_04_p065_c002"": [], ""rbi_mpr_2025_04_p069_c000"": [], ""rbi_mpr_2025_04_p069_c001"": [], ""rbi_mpr_2025_04_p071_c000"": [], ""rbi_mpr_2025_04_p073_c001"": [], ""rbi_mpr_2025_04_p073_c002"": [], ""rbi_mpr_2025_04_p073_c003"": [], ""rbi_mpr_2025_04_p073_c004"": [], ""rbi_mpr_2025_04_p073_c005"": [], ""rbi_mpr_2025_04_p074_c000"": [], ""rbi_mpr_2025_04_p074_c003"": [], ""rbi_mpr_2025_04_p075_c001"": [], ""rbi_mpr_2025_04_p076_c000"": [], ""rbi_mpr_2025_04_p077_c001"": [], ""rbi_mpr_2025_04_p078_c001"": [], ""rbi_mpr_2025_04_p078_c002"": [], ""rbi_mpr_2025_04_p079_c000"": [], ""rbi_mpr_2025_04_p082_c001"": [], ""rbi_mpr_2025_04_p082_c002"": [], ""rbi_mpr_2025_04_p085_c000"": [], ""rbi_mpr_2025_04_p085_c001"": [], ""rbi_mpr_2025_04_p086_c000"": [], ""rbi_mpr_2025_04_p087_c000"": [], ""rbi_mpr_2025_04_p087_c001"": [], ""rbi_mpr_2025_04_p088_c002"": [], ""rbi_mpr_2025_04_p089_c000"": [], ""rbi_mpr_2025_04_p089_c001"": [], ""rbi_mpr_2025_04_p090_c000"": [], ""rbi_mpr_2025_04_p090_c001"": [], ""rbi_mpr_2025_04_p091_c000"": [], ""rbi_mpr_2025_04_p091_c002"": [], ""rbi_mpr_2025_04_p091_c003"": [], ""rbi_mpr_2025_04_p092_c001"": [], ""rbi_mpr_2025_04_p092_c002"": [], ""rbi_mpr_2025_04_p093_c000"": [], ""rbi_mpr_2025_04_p094_c000"": [], ""rbi_mpr_2025_04_p094_c001"": [], ""rbi_mpr_2025_04_p095_c000"": [], ""rbi_mpr_2025_04_p095_c002"": [], ""rbi_mpr_2025_04_p096_c000"": [], ""rbi_mpr_2025_04_p096_c001"": [], ""rbi_mpr_2025_04_p096_c002"": [], ""rbi_mpr_2025_04_p097_c001"": [], ""rbi_mpr_2025_04_p098_c000"": [], ""rbi_mpr_2025_04_p111_c003"": [], ""rbi_mpr_2025_04_p112_c001"": [], ""rbi_mpr_2025_04_p113_c000"": [], ""rbi_mpr_2025_04_p113_c001"": [], ""rbi_mpr_2025_04_p113_c003"": [], ""rbi_mpr_2025_10_p005_c001"": [], ""rbi_mpr_2025_10_p009_c001"": [], ""rbi_mpr_2025_10_p009_c003"": [], ""rbi_mpr_2025_10_p010_c004"": [], ""rbi_mpr_2025_10_p012_c002"": [], ""rbi_mpr_2025_10_p017_c000"": [], ""rbi_mpr_2025_10_p017_c001"": [], ""rbi_mpr_2025_10_p017_c002"": [], ""rbi_mpr_2025_10_p017_c005"": [], ""rbi_mpr_2025_10_p018_c000"": [], ""rbi_mpr_2025_10_p018_c001"": [], ""rbi_mpr_2025_10_p018_c002"": [], ""rbi_mpr_2025_10_p019_c000"": [], ""rbi_mpr_2025_10_p020_c001"": [], ""rbi_mpr_2025_10_p023_c000"": [], ""rbi_mpr_2025_10_p024_c001"": [], ""rbi_mpr_2025_10_p025_c003"": [], ""rbi_mpr_2025_10_p026_c003"": [], ""rbi_mpr_2025_10_p027_c002"": [], ""rbi_mpr_2025_10_p031_c000"": [], ""rbi_mpr_2025_10_p034_c003"": [], ""rbi_mpr_2025_10_p034_c005"": [], ""rbi_mpr_2025_10_p035_c000"": [], ""rbi_mpr_2025_10_p035_c002"": [], ""rbi_mpr_2025_10_p037_c002"": [], ""rbi_mpr_2025_10_p040_c001"": [], ""rbi_mpr_2025_10_p041_c001"": [], ""rbi_mpr_2025_10_p045_c000"": [], ""rbi_mpr_2025_10_p047_c000"": [], ""rbi_mpr_2025_10_p047_c001"": [], ""rbi_mpr_2025_10_p048_c003"": [], ""rbi_mpr_2025_10_p049_c000"": [], ""rbi_mpr_2025_10_p049_c001"": [], ""rbi_mpr_2025_10_p049_c002"": [], ""rbi_mpr_2025_10_p050_c000"": [], ""rbi_mpr_2025_10_p050_c002"": [], ""rbi_mpr_2025_10_p051_c000"": [], ""rbi_mpr_2025_10_p052_c000"": [], ""rbi_mpr_2025_10_p052_c004"": [], ""rbi_mpr_2025_10_p053_c001"": [], ""rbi_mpr_2025_10_p055_c000"": [], ""rbi_mpr_2025_10_p055_c001"": [], ""rbi_mpr_2025_10_p055_c003"": [], ""rbi_mpr_2025_10_p060_c003"": [], ""rbi_mpr_2025_10_p063_c000"": [], ""rbi_mpr_2025_10_p064_c000"": [], ""rbi_mpr_2025_10_p064_c002"": [], ""rbi_mpr_2025_10_p065_c000"": [], ""rbi_mpr_2025_10_p065_c004"": [], ""rbi_mpr_2025_10_p069_c002"": [], ""rbi_mpr_2025_10_p069_c003"": [], ""rbi_mpr_2025_10_p069_c004"": [], ""rbi_mpr_2025_10_p070_c000"": [], ""rbi_mpr_2025_10_p071_c002"": [], ""rbi_mpr_2025_10_p072_c000"": [], ""rbi_mpr_2025_10_p072_c002"": [], ""rbi_mpr_2025_10_p073_c001"": [], ""rbi_mpr_2025_10_p073_c002"": [], ""rbi_mpr_2025_10_p073_c003"": [], ""rbi_mpr_2025_10_p076_c000"": [], ""rbi_mpr_2025_10_p076_c001"": [], ""rbi_mpr_2025_10_p082_c000"": [], ""rbi_mpr_2025_10_p084_c000"": [], ""rbi_mpr_2025_10_p084_c001"": [], ""rbi_mpr_2025_10_p085_c000"": [], ""rbi_mpr_2025_10_p086_c000"": [], ""rbi_mpr_2025_10_p086_c002"": [], ""rbi_mpr_2025_10_p087_c000"": [], ""rbi_mpr_2025_10_p087_c001"": [], ""rbi_mpr_2025_10_p088_c000"": [], ""rbi_mpr_2025_10_p088_c001"": [], ""rbi_mpr_2025_10_p088_c002"": [], ""rbi_mpr_2025_10_p089_c001"": [], ""rbi_mpr_2025_10_p089_c003"": [], ""rbi_mpr_2025_10_p090_c000"": [], ""rbi_mpr_2025_10_p090_c001"": [], ""rbi_mpr_2025_10_p091_c000"": [], ""rbi_mpr_2025_10_p091_c001"": [], ""rbi_mpr_2025_10_p091_c003"": [], ""rbi_mpr_2025_10_p092_c000"": [], ""rbi_mpr_2025_10_p092_c001"": [], ""rbi_mpr_2025_10_p092_c002"": [], ""rbi_mpr_2025_10_p093_c000"": [], ""rbi_mpr_2025_10_p094_c000"": [], ""rbi_mpr_2025_10_p094_c003"": [], ""rbi_mpr_2025_10_p097_c004"": [], ""rbi_mpr_2025_10_p102_c000"": [], ""rbi_mpr_2025_10_p106_c000"": [], ""rbi_mpr_2025_10_p107_c000"": [], ""rbi_mpr_2025_10_p108_c003"": [], ""rbi_mpr_2025_10_p109_c000"": [], ""rbi_mpr_2025_10_p109_c001"": [], ""rbi_mpr_2025_10_p109_c002"": [], ""rbi_mpr_2026_04_p005_c001"": [], ""rbi_mpr_2026_04_p007_c000"": [], ""rbi_mpr_2026_04_p015_c000"": [], ""rbi_mpr_2026_04_p017_c000"": [], ""rbi_mpr_2026_04_p018_c002"": [], ""rbi_mpr_2026_04_p018_c003"": [], ""rbi_mpr_2026_04_p023_c000"": [], ""rbi_mpr_2026_04_p023_c001"": [], ""rbi_mpr_2026_04_p026_c002"": [], ""rbi_mpr_2026_04_p026_c003"": [], ""rbi_mpr_2026_04_p026_c004"": [], ""rbi_mpr_2026_04_p027_c002"": [], ""rbi_mpr_2026_04_p027_c003"": [], ""rbi_mpr_2026_04_p028_c002"": [], ""rbi_mpr_2026_04_p028_c003"": [], ""rbi_mpr_2026_04_p030_c001"": [], ""rbi_mpr_2026_04_p031_c000"": [], ""rbi_mpr_2026_04_p031_c001"": [], ""rbi_mpr_2026_04_p032_c003"": [], ""rbi_mpr_2026_04_p035_c000"": [], ""rbi_mpr_2026_04_p044_c000"": [], ""rbi_mpr_2026_04_p044_c001"": [], ""rbi_mpr_2026_04_p044_c002"": [], ""rbi_mpr_2026_04_p046_c000"": [], ""rbi_mpr_2026_04_p046_c001"": [], ""rbi_mpr_2026_04_p046_c003"": [], ""rbi_mpr_2026_04_p047_c003"": [], ""rbi_mpr_2026_04_p048_c002"": [], ""rbi_mpr_2026_04_p049_c001"": [], ""rbi_mpr_2026_04_p049_c002"": [], ""rbi_mpr_2026_04_p050_c000"": [], ""rbi_mpr_2026_04_p050_c001"": [], ""rbi_mpr_2026_04_p050_c002"": [], ""rbi_mpr_2026_04_p050_c003"": [], ""rbi_mpr_2026_04_p051_c001"": [], ""rbi_mpr_2026_04_p051_c002"": [], ""rbi_mpr_2026_04_p052_c000"": [], ""rbi_mpr_2026_04_p052_c001"": [], ""rbi_mpr_2026_04_p052_c003"": [], ""rbi_mpr_2026_04_p054_c000"": [], ""rbi_mpr_2026_04_p055_c003"": [], ""rbi_mpr_2026_04_p057_c003"": [], ""rbi_mpr_2026_04_p058_c000"": [], ""rbi_mpr_2026_04_p058_c005"": [], ""rbi_mpr_2026_04_p059_c000"": [], ""rbi_mpr_2026_04_p059_c002"": [], ""rbi_mpr_2026_04_p062_c000"": [], ""rbi_mpr_2026_04_p062_c001"": [], ""rbi_mpr_2026_04_p062_c002"": [], ""rbi_mpr_2026_04_p063_c000"": [], ""rbi_mpr_2026_04_p063_c001"": [], ""rbi_mpr_2026_04_p063_c002"": [], ""rbi_mpr_2026_04_p063_c003"": [], ""rbi_mpr_2026_04_p064_c000"": [], ""rbi_mpr_2026_04_p064_c001"": [], ""rbi_mpr_2026_04_p064_c002"": [], ""rbi_mpr_2026_04_p064_c003"": [], ""rbi_mpr_2026_04_p065_c000"": [], ""rbi_mpr_2026_04_p066_c002"": [], ""rbi_mpr_2026_04_p067_c002"": [], ""rbi_mpr_2026_04_p068_c001"": [], ""rbi_mpr_2026_04_p068_c002"": [], ""rbi_mpr_2026_04_p069_c000"": [], ""rbi_mpr_2026_04_p075_c002"": [], ""rbi_mpr_2026_04_p079_c002"": [], ""rbi_mpr_2026_04_p081_c004"": [], ""rbi_mpr_2026_04_p081_c005"": [], ""rbi_mpr_2026_04_p082_c002"": [], ""rbi_mpr_2026_04_p082_c003"": [], ""rbi_mpr_2026_04_p082_c004"": [], ""rbi_mpr_2026_04_p083_c003"": [], ""rbi_mpr_2026_04_p083_c004"": [], ""rbi_mpr_2026_04_p088_c000"": [], ""rbi_mpr_2026_04_p088_c004"": [], ""rbi_mpr_2026_04_p089_c002"": [], ""rbi_mpr_2026_04_p089_c003"": [], ""rbi_mpr_2026_04_p091_c000"": [], ""rbi_mpr_2026_04_p092_c001"": [], ""rbi_mpr_2026_04_p093_c003"": [], ""rbi_mpr_2026_04_p103_c002"": [], ""rbi_mpr_2026_04_p104_c004"": [], ""rbi_mpr_2026_04_p105_c000"": [], ""rbi_mpr_2026_04_p105_c004"": [], ""rbi_mpr_2026_04_p107_c004"": [], ""rbi_mpr_2026_04_p109_c003"": [], ""rbi_mpr_2026_04_p113_c004"": []}, ""candidate_source_facet"": {""rbi_mpr_2025_04_p003_c000"": [], ""rbi_mpr_2025_04_p011_c001"": [], ""rbi_mpr_2025_04_p012_c001"": [], ""rbi_mpr_2025_04_p012_c003"": [], ""rbi_mpr_2025_04_p014_c002"": [], ""rbi_mpr_2025_04_p016_c002"": [], ""rbi_mpr_2025_04_p016_c003"": [], ""rbi_mpr_2025_04_p019_c001"": [], ""rbi_mpr_2025_04_p020_c001"": [], ""rbi_mpr_2025_04_p026_c001"": [], ""rbi_mpr_2025_04_p026_c002"": [], ""rbi_mpr_2025_04_p027_c000"": [], ""rbi_mpr_2025_04_p027_c001"": [], ""rbi_mpr_2025_04_p027_c002"": [], ""rbi_mpr_2025_04_p028_c000"": [], ""rbi_mpr_2025_04_p028_c001"": [], ""rbi_mpr_2025_04_p028_c002"": [], ""rbi_mpr_2025_04_p028_c003"": [], ""rbi_mpr_2025_04_p029_c000"": [], ""rbi_mpr_2025_04_p029_c003"": [], ""rbi_mpr_2025_04_p034_c000"": [], ""rbi_mpr_2025_04_p038_c000"": [], ""rbi_mpr_2025_04_p039_c002"": [], ""rbi_mpr_2025_04_p041_c000"": [], ""rbi_mpr_2025_04_p041_c001"": [], ""rbi_mpr_2025_04_p049_c002"": [], ""rbi_mpr_2025_04_p049_c003"": [], ""rbi_mpr_2025_04_p052_c000"": [], ""rbi_mpr_2025_04_p053_c000"": [], ""rbi_mpr_2025_04_p053_c001"": [], ""rbi_mpr_2025_04_p054_c000"": [], ""rbi_mpr_2025_04_p054_c001"": [], ""rbi_mpr_2025_04_p054_c002"": [], ""rbi_mpr_2025_04_p055_c000"": [], ""rbi_mpr_2025_04_p055_c001"": [], ""rbi_mpr_2025_04_p055_c003"": [], ""rbi_mpr_2025_04_p056_c000"": [], ""rbi_mpr_2025_04_p057_c000"": [], ""rbi_mpr_2025_04_p057_c003"": [], ""rbi_mpr_2025_04_p058_c001"": [], ""rbi_mpr_2025_04_p058_c002"": [], ""rbi_mpr_2025_04_p059_c000"": [], ""rbi_mpr_2025_04_p060_c000"": [], ""rbi_mpr_2025_04_p065_c002"": [], ""rbi_mpr_2025_04_p069_c000"": [], ""rbi_mpr_2025_04_p069_c001"": [], ""rbi_mpr_2025_04_p071_c000"": [], ""rbi_mpr_2025_04_p073_c001"": [], ""rbi_mpr_2025_04_p073_c002"": [], ""rbi_mpr_2025_04_p073_c003"": [], ""rbi_mpr_2025_04_p073_c004"": [], ""rbi_mpr_2025_04_p073_c005"": [], ""rbi_mpr_2025_04_p074_c000"": [], ""rbi_mpr_2025_04_p074_c003"": [], ""rbi_mpr_2025_04_p075_c001"": [], ""rbi_mpr_2025_04_p076_c000"": [], ""rbi_mpr_2025_04_p077_c001"": [], ""rbi_mpr_2025_04_p078_c001"": [], ""rbi_mpr_2025_04_p078_c002"": [], ""rbi_mpr_2025_04_p079_c000"": [], ""rbi_mpr_2025_04_p082_c001"": [], ""rbi_mpr_2025_04_p082_c002"": [], ""rbi_mpr_2025_04_p085_c000"": [], ""rbi_mpr_2025_04_p085_c001"": [], ""rbi_mpr_2025_04_p086_c000"": [], ""rbi_mpr_2025_04_p087_c000"": [], ""rbi_mpr_2025_04_p087_c001"": [], ""rbi_mpr_2025_04_p088_c002"": [], ""rbi_mpr_2025_04_p089_c000"": [], ""rbi_mpr_2025_04_p089_c001"": [], ""rbi_mpr_2025_04_p090_c000"": [], ""rbi_mpr_2025_04_p090_c001"": [], ""rbi_mpr_2025_04_p091_c000"": [], ""rbi_mpr_2025_04_p091_c002"": [], ""rbi_mpr_2025_04_p091_c003"": [], ""rbi_mpr_2025_04_p092_c001"": [], ""rbi_mpr_2025_04_p092_c002"": [], ""rbi_mpr_2025_04_p093_c000"": [], ""rbi_mpr_2025_04_p094_c000"": [], ""rbi_mpr_2025_04_p094_c001"": [], ""rbi_mpr_2025_04_p095_c000"": [], ""rbi_mpr_2025_04_p095_c002"": [], ""rbi_mpr_2025_04_p096_c000"": [], ""rbi_mpr_2025_04_p096_c001"": [], ""rbi_mpr_2025_04_p096_c002"": [], ""rbi_mpr_2025_04_p097_c001"": [], ""rbi_mpr_2025_04_p098_c000"": [], ""rbi_mpr_2025_04_p111_c003"": [], ""rbi_mpr_2025_04_p112_c001"": [], ""rbi_mpr_2025_04_p113_c000"": [], ""rbi_mpr_2025_04_p113_c001"": [], ""rbi_mpr_2025_04_p113_c003"": [], ""rbi_mpr_2025_10_p005_c001"": [], ""rbi_mpr_2025_10_p009_c001"": [], ""rbi_mpr_2025_10_p009_c003"": [], ""rbi_mpr_2025_10_p010_c004"": [], ""rbi_mpr_2025_10_p012_c002"": [], ""rbi_mpr_2025_10_p017_c000"": [], ""rbi_mpr_2025_10_p017_c001"": [], ""rbi_mpr_2025_10_p017_c002"": [], ""rbi_mpr_2025_10_p017_c005"": [], ""rbi_mpr_2025_10_p018_c000"": [], ""rbi_mpr_2025_10_p018_c001"": [], ""rbi_mpr_2025_10_p018_c002"": [], ""rbi_mpr_2025_10_p019_c000"": [], ""rbi_mpr_2025_10_p020_c001"": [], ""rbi_mpr_2025_10_p023_c000"": [], ""rbi_mpr_2025_10_p024_c001"": [], ""rbi_mpr_2025_10_p025_c003"": [], ""rbi_mpr_2025_10_p026_c003"": [], ""rbi_mpr_2025_10_p027_c002"": [], ""rbi_mpr_2025_10_p031_c000"": [], ""rbi_mpr_2025_10_p034_c003"": [], ""rbi_mpr_2025_10_p034_c005"": [], ""rbi_mpr_2025_10_p035_c000"": [], ""rbi_mpr_2025_10_p035_c002"": [], ""rbi_mpr_2025_10_p037_c002"": [], ""rbi_mpr_2025_10_p040_c001"": [], ""rbi_mpr_2025_10_p041_c001"": [], ""rbi_mpr_2025_10_p045_c000"": [], ""rbi_mpr_2025_10_p047_c000"": [], ""rbi_mpr_2025_10_p047_c001"": [], ""rbi_mpr_2025_10_p048_c003"": [], ""rbi_mpr_2025_10_p049_c000"": [], ""rbi_mpr_2025_10_p049_c001"": [], ""rbi_mpr_2025_10_p049_c002"": [], ""rbi_mpr_2025_10_p050_c000"": [], ""rbi_mpr_2025_10_p050_c002"": [], ""rbi_mpr_2025_10_p051_c000"": [], ""rbi_mpr_2025_10_p052_c000"": [], ""rbi_mpr_2025_10_p052_c004"": [], ""rbi_mpr_2025_10_p053_c001"": [], ""rbi_mpr_2025_10_p055_c000"": [], ""rbi_mpr_2025_10_p055_c001"": [], ""rbi_mpr_2025_10_p055_c003"": [], ""rbi_mpr_2025_10_p060_c003"": [], ""rbi_mpr_2025_10_p063_c000"": [], ""rbi_mpr_2025_10_p064_c000"": [], ""rbi_mpr_2025_10_p064_c002"": [], ""rbi_mpr_2025_10_p065_c000"": [], ""rbi_mpr_2025_10_p065_c004"": [], ""rbi_mpr_2025_10_p069_c002"": [], ""rbi_mpr_2025_10_p069_c003"": [], ""rbi_mpr_2025_10_p069_c004"": [], ""rbi_mpr_2025_10_p070_c000"": [], ""rbi_mpr_2025_10_p071_c002"": [], ""rbi_mpr_2025_10_p072_c000"": [], ""rbi_mpr_2025_10_p072_c002"": [], ""rbi_mpr_2025_10_p073_c001"": [], ""rbi_mpr_2025_10_p073_c002"": [], ""rbi_mpr_2025_10_p073_c003"": [], ""rbi_mpr_2025_10_p076_c000"": [], ""rbi_mpr_2025_10_p076_c001"": [], ""rbi_mpr_2025_10_p082_c000"": [], ""rbi_mpr_2025_10_p084_c000"": [], ""rbi_mpr_2025_10_p084_c001"": [], ""rbi_mpr_2025_10_p085_c000"": [], ""rbi_mpr_2025_10_p086_c000"": [], ""rbi_mpr_2025_10_p086_c002"": [], ""rbi_mpr_2025_10_p087_c000"": [], ""rbi_mpr_2025_10_p087_c001"": [], ""rbi_mpr_2025_10_p088_c000"": [], ""rbi_mpr_2025_10_p088_c001"": [], ""rbi_mpr_2025_10_p088_c002"": [], ""rbi_mpr_2025_10_p089_c001"": [], ""rbi_mpr_2025_10_p089_c003"": [], ""rbi_mpr_2025_10_p090_c000"": [], ""rbi_mpr_2025_10_p090_c001"": [], ""rbi_mpr_2025_10_p091_c000"": [], ""rbi_mpr_2025_10_p091_c001"": [], ""rbi_mpr_2025_10_p091_c003"": [], ""rbi_mpr_2025_10_p092_c000"": [], ""rbi_mpr_2025_10_p092_c001"": [], ""rbi_mpr_2025_10_p092_c002"": [], ""rbi_mpr_2025_10_p093_c000"": [], ""rbi_mpr_2025_10_p094_c000"": [], ""rbi_mpr_2025_10_p094_c003"": [], ""rbi_mpr_2025_10_p097_c004"": [], ""rbi_mpr_2025_10_p102_c000"": [], ""rbi_mpr_2025_10_p106_c000"": [], ""rbi_mpr_2025_10_p107_c000"": [], ""rbi_mpr_2025_10_p108_c003"": [], ""rbi_mpr_2025_10_p109_c000"": [], ""rbi_mpr_2025_10_p109_c001"": [], ""rbi_mpr_2025_10_p109_c002"": [], ""rbi_mpr_2026_04_p005_c001"": [], ""rbi_mpr_2026_04_p007_c000"": [], ""rbi_mpr_2026_04_p015_c000"": [], ""rbi_mpr_2026_04_p017_c000"": [], ""rbi_mpr_2026_04_p018_c002"": [], ""rbi_mpr_2026_04_p018_c003"": [], ""rbi_mpr_2026_04_p023_c000"": [], ""rbi_mpr_2026_04_p023_c001"": [], ""rbi_mpr_2026_04_p026_c002"": [], ""rbi_mpr_2026_04_p026_c003"": [], ""rbi_mpr_2026_04_p026_c004"": [], ""rbi_mpr_2026_04_p027_c002"": [], ""rbi_mpr_2026_04_p027_c003"": [], ""rbi_mpr_2026_04_p028_c002"": [], ""rbi_mpr_2026_04_p028_c003"": [], ""rbi_mpr_2026_04_p030_c001"": [], ""rbi_mpr_2026_04_p031_c000"": [], ""rbi_mpr_2026_04_p031_c001"": [], ""rbi_mpr_2026_04_p032_c003"": [], ""rbi_mpr_2026_04_p035_c000"": [], ""rbi_mpr_2026_04_p044_c000"": [], ""rbi_mpr_2026_04_p044_c001"": [], ""rbi_mpr_2026_04_p044_c002"": [], ""rbi_mpr_2026_04_p046_c000"": [], ""rbi_mpr_2026_04_p046_c001"": [], ""rbi_mpr_2026_04_p046_c003"": [], ""rbi_mpr_2026_04_p047_c003"": [], ""rbi_mpr_2026_04_p048_c002"": [], ""rbi_mpr_2026_04_p049_c001"": [], ""rbi_mpr_2026_04_p049_c002"": [], ""rbi_mpr_2026_04_p050_c000"": [], ""rbi_mpr_2026_04_p050_c001"": [], ""rbi_mpr_2026_04_p050_c002"": [], ""rbi_mpr_2026_04_p050_c003"": [], ""rbi_mpr_2026_04_p051_c001"": [], ""rbi_mpr_2026_04_p051_c002"": [], ""rbi_mpr_2026_04_p052_c000"": [], ""rbi_mpr_2026_04_p052_c001"": [], ""rbi_mpr_2026_04_p052_c003"": [], ""rbi_mpr_2026_04_p054_c000"": [], ""rbi_mpr_2026_04_p055_c003"": [], ""rbi_mpr_2026_04_p057_c003"": [], ""rbi_mpr_2026_04_p058_c000"": [], ""rbi_mpr_2026_04_p058_c005"": [], ""rbi_mpr_2026_04_p059_c000"": [], ""rbi_mpr_2026_04_p059_c002"": [], ""rbi_mpr_2026_04_p062_c000"": [], ""rbi_mpr_2026_04_p062_c001"": [], ""rbi_mpr_2026_04_p062_c002"": [], ""rbi_mpr_2026_04_p063_c000"": [], ""rbi_mpr_2026_04_p063_c001"": [], ""rbi_mpr_2026_04_p063_c002"": [], ""rbi_mpr_2026_04_p063_c003"": [], ""rbi_mpr_2026_04_p064_c000"": [], ""rbi_mpr_2026_04_p064_c001"": [], ""rbi_mpr_2026_04_p064_c002"": [], ""rbi_mpr_2026_04_p064_c003"": [], ""rbi_mpr_2026_04_p065_c000"": [], ""rbi_mpr_2026_04_p066_c002"": [], ""rbi_mpr_2026_04_p067_c002"": [], ""rbi_mpr_2026_04_p068_c001"": [], ""rbi_mpr_2026_04_p068_c002"": [], ""rbi_mpr_2026_04_p069_c000"": [], ""rbi_mpr_2026_04_p075_c002"": [], ""rbi_mpr_2026_04_p079_c002"": [], ""rbi_mpr_2026_04_p081_c004"": [], ""rbi_mpr_2026_04_p081_c005"": [], ""rbi_mpr_2026_04_p082_c002"": [], ""rbi_mpr_2026_04_p082_c003"": [], ""rbi_mpr_2026_04_p082_c004"": [], ""rbi_mpr_2026_04_p083_c003"": [], ""rbi_mpr_2026_04_p083_c004"": [], ""rbi_mpr_2026_04_p088_c000"": [], ""rbi_mpr_2026_04_p088_c004"": [], ""rbi_mpr_2026_04_p089_c002"": [], ""rbi_mpr_2026_04_p089_c003"": [], ""rbi_mpr_2026_04_p091_c000"": [], ""rbi_mpr_2026_04_p092_c001"": [], ""rbi_mpr_2026_04_p093_c003"": [], ""rbi_mpr_2026_04_p103_c002"": [], ""rbi_mpr_2026_04_p104_c004"": [], ""rbi_mpr_2026_04_p105_c000"": [], ""rbi_mpr_2026_04_p105_c004"": [], ""rbi_mpr_2026_04_p107_c004"": [], ""rbi_mpr_2026_04_p109_c003"": [], ""rbi_mpr_2026_04_p113_c004"": []}, ""candidate_source_query"": {""rbi_mpr_2025_04_p003_c000"": [""How did central-government borrowing context change across the reports?""], ""rbi_mpr_2025_04_p011_c001"": [""How did central-government borrowing context change across the reports?""], ""rbi_mpr_2025_04_p012_c001"": [""How did central-government borrowing context change across the reports?""], ""rbi_mpr_2025_04_p012_c003"": [""How did central-government borrowing context change across the reports?""], ""rbi_mpr_2025_04_p014_c002"": [""How did central-government borrowing context change across the reports?""], ""rbi_mpr_2025_04_p016_c002"": [""How did central-government borrowing context change across the reports?""], ""rbi_mpr_2025_04_p016_c003"": [""How did central-government borrowing context change across the reports?""], ""rbi_mpr_2025_04_p019_c001"": [""How did central-government borrowing context change across the reports?""], ""rbi_mpr_2025_04_p020_c001"": [""How did central-government borrowing context change across the reports?""], ""rbi_mpr_2025_04_p026_c001"": [""How did central-government borrowing context change across the reports?""], ""rbi_mpr_2025_04_p026_c002"": [""How did central-government borrowing context change across the reports?""], ""rbi_mpr_2025_04_p027_c000"": [""How did central-government borrowing context change across the reports?""], ""rbi_mpr_2025_04_p027_c001"": [""How did central-government borrowing context change across the reports?""], ""rbi_mpr_2025_04_p027_c002"": [""How did central-government borrowing context change across the reports?""], ""rbi_mpr_2025_04_p028_c000"": [""How did central-government borrowing context change across the reports?""], ""rbi_mpr_2025_04_p028_c001"": [""How did central-government borrowing context change across the reports?""], ""rbi_mpr_2025_04_p028_c002"": [""How did central-government borrowing context change across the reports?""], ""rbi_mpr_2025_04_p028_c003"": [""How did central-government borrowing context change across the reports?""], ""rbi_mpr_2025_04_p029_c000"": [""How did central-government borrowing context change across the reports?""], ""rbi_mpr_2025_04_p029_c003"": [""How did central-government borrowing context change across the reports?""], ""rbi_mpr_2025_04_p034_c000"": [""How did central-government borrowing context change across the reports?""], ""rbi_mpr_2025_04_p038_c000"": [""How did central-government borrowing context change across the reports?""], ""rbi_mpr_2025_04_p039_c002"": [""How did central-government borrowing context change across the reports?""], ""rbi_mpr_2025_04_p041_c000"": [""How did central-government borrowing context change across the reports?""], ""rbi_mpr_2025_04_p041_c001"": [""How did central-government borrowing context change across the reports?""], ""rbi_mpr_2025_04_p049_c002"": [""How did central-government borrowing context change across the reports?""], ""rbi_mpr_2025_04_p049_c003"": [""How did central-government borrowing context change across the reports?""], ""rbi_mpr_2025_04_p052_c000"": [""How did central-government borrowing context change across the reports?""], ""rbi_mpr_2025_04_p053_c000"": [""How did central-government borrowing context change across the reports?""], ""rbi_mpr_2025_04_p053_c001"": [""How did central-government borrowing context change across the reports?""], ""rbi_mpr_2025_04_p054_c000"": [""How did central-government borrowing context change across the reports?""], ""rbi_mpr_2025_04_p054_c001"": [""How did central-government borrowing context change across the reports?""], ""rbi_mpr_2025_04_p054_c002"": [""How did central-government borrowing context change across the reports?""], ""rbi_mpr_2025_04_p055_c000"": [""How did central-government borrowing context change across the reports?""], ""rbi_mpr_2025_04_p055_c001"": [""How did central-government borrowing context change across the reports?""], ""rbi_mpr_2025_04_p055_c003"": [""How did central-government borrowing context change across the reports?""], ""rbi_mpr_2025_04_p056_c000"": [""How did central-government borrowing context change across the reports?""], ""rbi_mpr_2025_04_p057_c000"": [""How did central-government borrowing context change across the reports?""], ""rbi_mpr_2025_04_p057_c003"": [""How did central-government borrowing context change across the reports?""], ""rbi_mpr_2025_04_p058_c001"": [""How did central-government borrowing context change across the reports?""], ""rbi_mpr_2025_04_p058_c002"": [""How did central-government borrowing context change across the reports?""], ""rbi_mpr_2025_04_p059_c000"": [""How did central-government borrowing context change across the reports?""], ""rbi_mpr_2025_04_p060_c000"": [""How did central-government borrowing context change across the reports?""], ""rbi_mpr_2025_04_p065_c002"": [""How did central-government borrowing context change across the reports?""], ""rbi_mpr_2025_04_p069_c000"": [""How did central-government borrowing context change across the reports?""], ""rbi_mpr_2025_04_p069_c001"": [""How did central-government borrowing context change across the reports?""], ""rbi_mpr_2025_04_p071_c000"": [""How did central-government borrowing context change across the reports?""], ""rbi_mpr_2025_04_p073_c001"": [""How did central-government borrowing context change across the reports?""], ""rbi_mpr_2025_04_p073_c002"": [""How did central-government borrowing context change across the reports?""], ""rbi_mpr_2025_04_p073_c003"": [""How did central-government borrowing context change across the reports?""], ""rbi_mpr_2025_04_p073_c004"": [""How did central-government borrowing context change across the reports?""], ""rbi_mpr_2025_04_p073_c005"": [""How did central-government borrowing context change across the reports?""], ""rbi_mpr_2025_04_p074_c000"": [""How did central-government borrowing context change across the reports?""], ""rbi_mpr_2025_04_p074_c003"": [""How did central-government borrowing context change across the reports?""], ""rbi_mpr_2025_04_p075_c001"": [""How did central-government borrowing context change across the reports?""], ""rbi_mpr_2025_04_p076_c000"": [""How did central-government borrowing context change across the reports?""], ""rbi_mpr_2025_04_p077_c001"": [""How did central-government borrowing context change across the reports?""], ""rbi_mpr_2025_04_p078_c001"": [""How did central-government borrowing context change across the reports?""], ""rbi_mpr_2025_04_p078_c002"": [""How did central-government borrowing context change across the reports?""], ""rbi_mpr_2025_04_p079_c000"": [""How did central-government borrowing context change across the reports?""], ""rbi_mpr_2025_04_p082_c001"": [""How did central-government borrowing context change across the reports?""], ""rbi_mpr_2025_04_p082_c002"": [""How did central-government borrowing context change across the reports?""], ""rbi_mpr_2025_04_p085_c000"": [""How did central-government borrowing context change across the reports?""], ""rbi_mpr_2025_04_p085_c001"": [""How did central-government borrowing context change across the reports?""], ""rbi_mpr_2025_04_p086_c000"": [""How did central-government borrowing context change across the reports?""], ""rbi_mpr_2025_04_p087_c000"": [""How did central-government borrowing context change across the reports?""], ""rbi_mpr_2025_04_p087_c001"": [""How did central-government borrowing context change across the reports?""], ""rbi_mpr_2025_04_p088_c002"": [""How did central-government borrowing context change across the reports?""], ""rbi_mpr_2025_04_p089_c000"": [""How did central-government borrowing context change across the reports?""], ""rbi_mpr_2025_04_p089_c001"": [""How did central-government borrowing context change across the reports?""], ""rbi_mpr_2025_04_p090_c000"": [""How did central-government borrowing context change across the reports?""], ""rbi_mpr_2025_04_p090_c001"": [""How did central-government borrowing context change across the reports?""], ""rbi_mpr_2025_04_p091_c000"": [""How did central-government borrowing context change across the reports?""], ""rbi_mpr_2025_04_p091_c002"": [""How did central-government borrowing context change across the reports?""], ""rbi_mpr_2025_04_p091_c003"": [""How did central-government borrowing context change across the reports?""], ""rbi_mpr_2025_04_p092_c001"": [""How did central-government borrowing context change across the reports?""], ""rbi_mpr_2025_04_p092_c002"": [""How did central-government borrowing context change across the reports?""], ""rbi_mpr_2025_04_p093_c000"": [""How did central-government borrowing context change across the reports?""], ""rbi_mpr_2025_04_p094_c000"": [""How did central-government borrowing context change across the reports?""], ""rbi_mpr_2025_04_p094_c001"": [""How did central-government borrowing context change across the reports?""], ""rbi_mpr_2025_04_p095_c000"": [""How did central-government borrowing context change across the reports?""], ""rbi_mpr_2025_04_p095_c002"": [""How did central-government borrowing context change across the reports?""], ""rbi_mpr_2025_04_p096_c000"": [""How did central-government borrowing context change across the reports?""], ""rbi_mpr_2025_04_p096_c001"": [""How did central-government borrowing context change across the reports?""], ""rbi_mpr_2025_04_p096_c002"": [""How did central-government borrowing context change across the reports?""], ""rbi_mpr_2025_04_p097_c001"": [""How did central-government borrowing context change across the reports?""], ""rbi_mpr_2025_04_p098_c000"": [""How did central-government borrowing context change across the reports?""], ""rbi_mpr_2025_04_p111_c003"": [""How did central-government borrowing context change across the reports?""], ""rbi_mpr_2025_04_p112_c001"": [""How did central-government borrowing context change across the reports?""], ""rbi_mpr_2025_04_p113_c000"": [""How did central-government borrowing context change across the reports?""], ""rbi_mpr_2025_04_p113_c001"": [""How did central-government borrowing context change across the reports?""], ""rbi_mpr_2025_04_p113_c003"": [""How did central-government borrowing context change across the reports?""], ""rbi_mpr_2025_10_p005_c001"": [""How did central-government borrowing context change across the reports?""], ""rbi_mpr_2025_10_p009_c001"": [""How did central-government borrowing context change across the reports?""], ""rbi_mpr_2025_10_p009_c003"": [""How did central-government borrowing context change across the reports?""], ""rbi_mpr_2025_10_p010_c004"": [""How did central-government borrowing context change across the reports?""], ""rbi_mpr_2025_10_p012_c002"": [""How did central-government borrowing context change across the reports?""], ""rbi_mpr_2025_10_p017_c000"": [""How did central-government borrowing context change across the reports?""], ""rbi_mpr_2025_10_p017_c001"": [""How did central-government borrowing context change across the reports?""], ""rbi_mpr_2025_10_p017_c002"": [""How did central-government borrowing context change across the reports?""], ""rbi_mpr_2025_10_p017_c005"": [""How did central-government borrowing context change across the reports?""], ""rbi_mpr_2025_10_p018_c000"": [""How did central-government borrowing context change across the reports?""], ""rbi_mpr_2025_10_p018_c001"": [""How did central-government borrowing context change across the reports?""], ""rbi_mpr_2025_10_p018_c002"": [""How did central-government borrowing context change across the reports?""], ""rbi_mpr_2025_10_p019_c000"": [""How did central-government borrowing context change across the reports?""], ""rbi_mpr_2025_10_p020_c001"": [""How did central-government borrowing context change across the reports?""], ""rbi_mpr_2025_10_p023_c000"": [""How did central-government borrowing context change across the reports?""], ""rbi_mpr_2025_10_p024_c001"": [""How did central-government borrowing context change across the reports?""], ""rbi_mpr_2025_10_p025_c003"": [""How did central-government borrowing context change across the reports?""], ""rbi_mpr_2025_10_p026_c003"": [""How did central-government borrowing context change across the reports?""], ""rbi_mpr_2025_10_p027_c002"": [""How did central-government borrowing context change across the reports?""], ""rbi_mpr_2025_10_p031_c000"": [""How did central-government borrowing context change across the reports?""], ""rbi_mpr_2025_10_p034_c003"": [""How did central-government borrowing context change across the reports?""], ""rbi_mpr_2025_10_p034_c005"": [""How did central-government borrowing context change across the reports?""], ""rbi_mpr_2025_10_p035_c000"": [""How did central-government borrowing context change across the reports?""], ""rbi_mpr_2025_10_p035_c002"": [""How did central-government borrowing context change across the reports?""], ""rbi_mpr_2025_10_p037_c002"": [""How did central-government borrowing context change across the reports?""], ""rbi_mpr_2025_10_p040_c001"": [""How did central-government borrowing context change across the reports?""], ""rbi_mpr_2025_10_p041_c001"": [""How did central-government borrowing context change across the reports?""], ""rbi_mpr_2025_10_p045_c000"": [""How did central-government borrowing context change across the reports?""], ""rbi_mpr_2025_10_p047_c000"": [""How did central-government borrowing context change across the reports?""], ""rbi_mpr_2025_10_p047_c001"": [""How did central-government borrowing context change across the reports?""], ""rbi_mpr_2025_10_p048_c003"": [""How did central-government borrowing context change across the reports?""], ""rbi_mpr_2025_10_p049_c000"": [""How did central-government borrowing context change across the reports?""], ""rbi_mpr_2025_10_p049_c001"": [""How did central-government borrowing context change across the reports?""], ""rbi_mpr_2025_10_p049_c002"": [""How did central-government borrowing context change across the reports?""], ""rbi_mpr_2025_10_p050_c000"": [""How did central-government borrowing context change across the reports?""], ""rbi_mpr_2025_10_p050_c002"": [""How did central-government borrowing context change across the reports?""], ""rbi_mpr_2025_10_p051_c000"": [""How did central-government borrowing context change across the reports?""], ""rbi_mpr_2025_10_p052_c000"": [""How did central-government borrowing context change across the reports?""], ""rbi_mpr_2025_10_p052_c004"": [""How did central-government borrowing context change across the reports?""], ""rbi_mpr_2025_10_p053_c001"": [""How did central-government borrowing context change across the reports?""], ""rbi_mpr_2025_10_p055_c000"": [""How did central-government borrowing context change across the reports?""], ""rbi_mpr_2025_10_p055_c001"": [""How did central-government borrowing context change across the reports?""], ""rbi_mpr_2025_10_p055_c003"": [""How did central-government borrowing context change across the reports?""], ""rbi_mpr_2025_10_p060_c003"": [""How did central-government borrowing context change across the reports?""], ""rbi_mpr_2025_10_p063_c000"": [""How did central-government borrowing context change across the reports?""], ""rbi_mpr_2025_10_p064_c000"": [""How did central-government borrowing context change across the reports?""], ""rbi_mpr_2025_10_p064_c002"": [""How did central-government borrowing context change across the reports?""], ""rbi_mpr_2025_10_p065_c000"": [""How did central-government borrowing context change across the reports?""], ""rbi_mpr_2025_10_p065_c004"": [""How did central-government borrowing context change across the reports?""], ""rbi_mpr_2025_10_p069_c002"": [""How did central-government borrowing context change across the reports?""], ""rbi_mpr_2025_10_p069_c003"": [""How did central-government borrowing context change across the reports?""], ""rbi_mpr_2025_10_p069_c004"": [""How did central-government borrowing context change across the reports?""], ""rbi_mpr_2025_10_p070_c000"": [""How did central-government borrowing context change across the reports?""], ""rbi_mpr_2025_10_p071_c002"": [""How did central-government borrowing context change across the reports?""], ""rbi_mpr_2025_10_p072_c000"": [""How did central-government borrowing context change across the reports?""], ""rbi_mpr_2025_10_p072_c002"": [""How did central-government borrowing context change across the reports?""], ""rbi_mpr_2025_10_p073_c001"": [""How did central-government borrowing context change across the reports?""], ""rbi_mpr_2025_10_p073_c002"": [""How did central-government borrowing context change across the reports?""], ""rbi_mpr_2025_10_p073_c003"": [""How did central-government borrowing context change across the reports?""], ""rbi_mpr_2025_10_p076_c000"": [""How did central-government borrowing context change across the reports?""], ""rbi_mpr_2025_10_p076_c001"": [""How did central-government borrowing context change across the reports?""], ""rbi_mpr_2025_10_p082_c000"": [""How did central-government borrowing context change across the reports?""], ""rbi_mpr_2025_10_p084_c000"": [""How did central-government borrowing context change across the reports?""], ""rbi_mpr_2025_10_p084_c001"": [""How did central-government borrowing context change across the reports?""], ""rbi_mpr_2025_10_p085_c000"": [""How did central-government borrowing context change across the reports?""], ""rbi_mpr_2025_10_p086_c000"": [""How did central-government borrowing context change across the reports?""], ""rbi_mpr_2025_10_p086_c002"": [""How did central-government borrowing context change across the reports?""], ""rbi_mpr_2025_10_p087_c000"": [""How did central-government borrowing context change across the reports?""], ""rbi_mpr_2025_10_p087_c001"": [""How did central-government borrowing context change across the reports?""], ""rbi_mpr_2025_10_p088_c000"": [""How did central-government borrowing context change across the reports?""], ""rbi_mpr_2025_10_p088_c001"": [""How did central-government borrowing context change across the reports?""], ""rbi_mpr_2025_10_p088_c002"": [""How did central-government borrowing context change across the reports?""], ""rbi_mpr_2025_10_p089_c001"": [""How did central-government borrowing context change across the reports?""], ""rbi_mpr_2025_10_p089_c003"": [""How did central-government borrowing context change across the reports?""], ""rbi_mpr_2025_10_p090_c000"": [""How did central-government borrowing context change across the reports?""], ""rbi_mpr_2025_10_p090_c001"": [""How did central-government borrowing context change across the reports?""], ""rbi_mpr_2025_10_p091_c000"": [""How did central-government borrowing context change across the reports?""], ""rbi_mpr_2025_10_p091_c001"": [""How did central-government borrowing context change across the reports?""], ""rbi_mpr_2025_10_p091_c003"": [""How did central-government borrowing context change across the reports?""], ""rbi_mpr_2025_10_p092_c000"": [""How did central-government borrowing context change across the reports?""], ""rbi_mpr_2025_10_p092_c001"": [""How did central-government borrowing context change across the reports?""], ""rbi_mpr_2025_10_p092_c002"": [""How did central-government borrowing context change across the reports?""], ""rbi_mpr_2025_10_p093_c000"": [""How did central-government borrowing context change across the reports?""], ""rbi_mpr_2025_10_p094_c000"": [""How did central-government borrowing context change across the reports?""], ""rbi_mpr_2025_10_p094_c003"": [""How did central-government borrowing context change across the reports?""], ""rbi_mpr_2025_10_p097_c004"": [""How did central-government borrowing context change across the reports?""], ""rbi_mpr_2025_10_p102_c000"": [""How did central-government borrowing context change across the reports?""], ""rbi_mpr_2025_10_p106_c000"": [""How did central-government borrowing context change across the reports?""], ""rbi_mpr_2025_10_p107_c000"": [""How did central-government borrowing context change across the reports?""], ""rbi_mpr_2025_10_p108_c003"": [""How did central-government borrowing context change across the reports?""], ""rbi_mpr_2025_10_p109_c000"": [""How did central-government borrowing context change across the reports?""], ""rbi_mpr_2025_10_p109_c001"": [""How did central-government borrowing context change across the reports?""], ""rbi_mpr_2025_10_p109_c002"": [""How did central-government borrowing context change across the reports?""], ""rbi_mpr_2026_04_p005_c001"": [""How did central-government borrowing context change across the reports?""], ""rbi_mpr_2026_04_p007_c000"": [""How did central-government borrowing context change across the reports?""], ""rbi_mpr_2026_04_p015_c000"": [""How did central-government borrowing context change across the reports?""], ""rbi_mpr_2026_04_p017_c000"": [""How did central-government borrowing context change across the reports?""], ""rbi_mpr_2026_04_p018_c002"": [""How did central-government borrowing context change across the reports?""], ""rbi_mpr_2026_04_p018_c003"": [""How did central-government borrowing context change across the reports?""], ""rbi_mpr_2026_04_p023_c000"": [""How did central-government borrowing context change across the reports?""], ""rbi_mpr_2026_04_p023_c001"": [""How did central-government borrowing context change across the reports?""], ""rbi_mpr_2026_04_p026_c002"": [""How did central-government borrowing context change across the reports?""], ""rbi_mpr_2026_04_p026_c003"": [""How did central-government borrowing context change across the reports?""], ""rbi_mpr_2026_04_p026_c004"": [""How did central-government borrowing context change across the reports?""], ""rbi_mpr_2026_04_p027_c002"": [""How did central-government borrowing context change across the reports?""], ""rbi_mpr_2026_04_p027_c003"": [""How did central-government borrowing context change across the reports?""], ""rbi_mpr_2026_04_p028_c002"": [""How did central-government borrowing context change across the reports?""], ""rbi_mpr_2026_04_p028_c003"": [""How did central-government borrowing context change across the reports?""], ""rbi_mpr_2026_04_p030_c001"": [""How did central-government borrowing context change across the reports?""], ""rbi_mpr_2026_04_p031_c000"": [""How did central-government borrowing context change across the reports?""], ""rbi_mpr_2026_04_p031_c001"": [""How did central-government borrowing context change across the reports?""], ""rbi_mpr_2026_04_p032_c003"": [""How did central-government borrowing context change across the reports?""], ""rbi_mpr_2026_04_p035_c000"": [""How did central-government borrowing context change across the reports?""], ""rbi_mpr_2026_04_p044_c000"": [""How did central-government borrowing context change across the reports?""], ""rbi_mpr_2026_04_p044_c001"": [""How did central-government borrowing context change across the reports?""], ""rbi_mpr_2026_04_p044_c002"": [""How did central-government borrowing context change across the reports?""], ""rbi_mpr_2026_04_p046_c000"": [""How did central-government borrowing context change across the reports?""], ""rbi_mpr_2026_04_p046_c001"": [""How did central-government borrowing context change across the reports?""], ""rbi_mpr_2026_04_p046_c003"": [""How did central-government borrowing context change across the reports?""], ""rbi_mpr_2026_04_p047_c003"": [""How did central-government borrowing context change across the reports?""], ""rbi_mpr_2026_04_p048_c002"": [""How did central-government borrowing context change across the reports?""], ""rbi_mpr_2026_04_p049_c001"": [""How did central-government borrowing context change across the reports?""], ""rbi_mpr_2026_04_p049_c002"": [""How did central-government borrowing context change across the reports?""], ""rbi_mpr_2026_04_p050_c000"": [""How did central-government borrowing context change across the reports?""], ""rbi_mpr_2026_04_p050_c001"": [""How did central-government borrowing context change across the reports?""], ""rbi_mpr_2026_04_p050_c002"": [""How did central-government borrowing context change across the reports?""], ""rbi_mpr_2026_04_p050_c003"": [""How did central-government borrowing context change across the reports?""], ""rbi_mpr_2026_04_p051_c001"": [""How did central-government borrowing context change across the reports?""], ""rbi_mpr_2026_04_p051_c002"": [""How did central-government borrowing context change across the reports?""], ""rbi_mpr_2026_04_p052_c000"": [""How did central-government borrowing context change across the reports?""], ""rbi_mpr_2026_04_p052_c001"": [""How did central-government borrowing context change across the reports?""], ""rbi_mpr_2026_04_p052_c003"": [""How did central-government borrowing context change across the reports?""], ""rbi_mpr_2026_04_p054_c000"": [""How did central-government borrowing context change across the reports?""], ""rbi_mpr_2026_04_p055_c003"": [""How did central-government borrowing context change across the reports?""], ""rbi_mpr_2026_04_p057_c003"": [""How did central-government borrowing context change across the reports?""], ""rbi_mpr_2026_04_p058_c000"": [""How did central-government borrowing context change across the reports?""], ""rbi_mpr_2026_04_p058_c005"": [""How did central-government borrowing context change across the reports?""], ""rbi_mpr_2026_04_p059_c000"": [""How did central-government borrowing context change across the reports?""], ""rbi_mpr_2026_04_p059_c002"": [""How did central-government borrowing context change across the reports?""], ""rbi_mpr_2026_04_p062_c000"": [""How did central-government borrowing context change across the reports?""], ""rbi_mpr_2026_04_p062_c001"": [""How did central-government borrowing context change across the reports?""], ""rbi_mpr_2026_04_p062_c002"": [""How did central-government borrowing context change across the reports?""], ""rbi_mpr_2026_04_p063_c000"": [""How did central-government borrowing context change across the reports?""], ""rbi_mpr_2026_04_p063_c001"": [""How did central-government borrowing context change across the reports?""], ""rbi_mpr_2026_04_p063_c002"": [""How did central-government borrowing context change across the reports?""], ""rbi_mpr_2026_04_p063_c003"": [""How did central-government borrowing context change across the reports?""], ""rbi_mpr_2026_04_p064_c000"": [""How did central-government borrowing context change across the reports?""], ""rbi_mpr_2026_04_p064_c001"": [""How did central-government borrowing context change across the reports?""], ""rbi_mpr_2026_04_p064_c002"": [""How did central-government borrowing context change across the reports?""], ""rbi_mpr_2026_04_p064_c003"": [""How did central-government borrowing context change across the reports?""], ""rbi_mpr_2026_04_p065_c000"": [""How did central-government borrowing context change across the reports?""], ""rbi_mpr_2026_04_p066_c002"": [""How did central-government borrowing context change across the reports?""], ""rbi_mpr_2026_04_p067_c002"": [""How did central-government borrowing context change across the reports?""], ""rbi_mpr_2026_04_p068_c001"": [""How did central-government borrowing context change across the reports?""], ""rbi_mpr_2026_04_p068_c002"": [""How did central-government borrowing context change across the reports?""], ""rbi_mpr_2026_04_p069_c000"": [""How did central-government borrowing context change across the reports?""], ""rbi_mpr_2026_04_p075_c002"": [""How did central-government borrowing context change across the reports?""], ""rbi_mpr_2026_04_p079_c002"": [""How did central-government borrowing context change across the reports?""], ""rbi_mpr_2026_04_p081_c004"": [""How did central-government borrowing context change across the reports?""], ""rbi_mpr_2026_04_p081_c005"": [""How did central-government borrowing context change across the reports?""], ""rbi_mpr_2026_04_p082_c002"": [""How did central-government borrowing context change across the reports?""], ""rbi_mpr_2026_04_p082_c003"": [""How did central-government borrowing context change across the reports?""], ""rbi_mpr_2026_04_p082_c004"": [""How did central-government borrowing context change across the reports?""], ""rbi_mpr_2026_04_p083_c003"": [""How did central-government borrowing context change across the reports?""], ""rbi_mpr_2026_04_p083_c004"": [""How did central-government borrowing context change across the reports?""], ""rbi_mpr_2026_04_p088_c000"": [""How did central-government borrowing context change across the reports?""], ""rbi_mpr_2026_04_p088_c004"": [""How did central-government borrowing context change across the reports?""], ""rbi_mpr_2026_04_p089_c002"": [""How did central-government borrowing context change across the reports?""], ""rbi_mpr_2026_04_p089_c003"": [""How did central-government borrowing context change across the reports?""], ""rbi_mpr_2026_04_p091_c000"": [""How did central-government borrowing context change across the reports?""], ""rbi_mpr_2026_04_p092_c001"": [""How did central-government borrowing context change across the reports?""], ""rbi_mpr_2026_04_p093_c003"": [""How did central-government borrowing context change across the reports?""], ""rbi_mpr_2026_04_p103_c002"": [""How did central-government borrowing context change across the reports?""], ""rbi_mpr_2026_04_p104_c004"": [""How did central-government borrowing context change across the reports?""], ""rbi_mpr_2026_04_p105_c000"": [""How did central-government borrowing context change across the reports?""], ""rbi_mpr_2026_04_p105_c004"": [""How did central-government borrowing context change across the reports?""], ""rbi_mpr_2026_04_p107_c004"": [""How did central-government borrowing context change across the reports?""], ""rbi_mpr_2026_04_p109_c003"": [""How did central-government borrowing context change across the reports?""], ""rbi_mpr_2026_04_p113_c004"": [""How did central-government borrowing context change across the reports?""]}, ""candidate_source_retriever"": {""rbi_mpr_2025_04_p003_c000"": [""dense""], ""rbi_mpr_2025_04_p011_c001"": [""bm25""], ""rbi_mpr_2025_04_p012_c001"": [""bm25""], ""rbi_mpr_2025_04_p012_c003"": [""bm25""], ""rbi_mpr_2025_04_p014_c002"": [""bm25""], ""rbi_mpr_2025_04_p016_c002"": [""bm25""], ""rbi_mpr_2025_04_p016_c003"": [""bm25""], ""rbi_mpr_2025_04_p019_c001"": [""bm25""], ""rbi_mpr_2025_04_p020_c001"": [""bm25""], ""rbi_mpr_2025_04_p026_c001"": [""bm25""], ""rbi_mpr_2025_04_p026_c002"": [""bm25""], ""rbi_mpr_2025_04_p027_c000"": [""bm25""], ""rbi_mpr_2025_04_p027_c001"": [""bm25""], ""rbi_mpr_2025_04_p027_c002"": [""bm25""], ""rbi_mpr_2025_04_p028_c000"": [""bm25""], ""rbi_mpr_2025_04_p028_c001"": [""bm25""], ""rbi_mpr_2025_04_p028_c002"": [""bm25""], ""rbi_mpr_2025_04_p028_c003"": [""bm25""], ""rbi_mpr_2025_04_p029_c000"": [""bm25""], ""rbi_mpr_2025_04_p029_c003"": [""bm25""], ""rbi_mpr_2025_04_p034_c000"": [""bm25""], ""rbi_mpr_2025_04_p038_c000"": [""bm25""], ""rbi_mpr_2025_04_p039_c002"": [""bm25""], ""rbi_mpr_2025_04_p041_c000"": [""dense""], ""rbi_mpr_2025_04_p041_c001"": [""bm25""], ""rbi_mpr_2025_04_p049_c002"": [""dense""], ""rbi_mpr_2025_04_p049_c003"": [""dense""], ""rbi_mpr_2025_04_p052_c000"": [""dense""], ""rbi_mpr_2025_04_p053_c000"": [""dense""], ""rbi_mpr_2025_04_p053_c001"": [""dense""], ""rbi_mpr_2025_04_p054_c000"": [""dense""], ""rbi_mpr_2025_04_p054_c001"": [""dense""], ""rbi_mpr_2025_04_p054_c002"": [""dense""], ""rbi_mpr_2025_04_p055_c000"": [""dense""], ""rbi_mpr_2025_04_p055_c001"": [""dense""], ""rbi_mpr_2025_04_p055_c003"": [""dense""], ""rbi_mpr_2025_04_p056_c000"": [""dense""], ""rbi_mpr_2025_04_p057_c000"": [""bm25"", ""dense""], ""rbi_mpr_2025_04_p057_c003"": [""dense""], ""rbi_mpr_2025_04_p058_c001"": [""bm25""], ""rbi_mpr_2025_04_p058_c002"": [""bm25""], ""rbi_mpr_2025_04_p059_c000"": [""dense""], ""rbi_mpr_2025_04_p060_c000"": [""bm25"", ""dense""], ""rbi_mpr_2025_04_p065_c002"": [""bm25""], ""rbi_mpr_2025_04_p069_c000"": [""dense""], ""rbi_mpr_2025_04_p069_c001"": [""bm25""], ""rbi_mpr_2025_04_p071_c000"": [""dense""], ""rbi_mpr_2025_04_p073_c001"": [""dense""], ""rbi_mpr_2025_04_p073_c002"": [""bm25""], ""rbi_mpr_2025_04_p073_c003"": [""bm25"", ""dense""], ""rbi_mpr_2025_04_p073_c004"": [""bm25"", ""dense""], ""rbi_mpr_2025_04_p073_c005"": [""dense""], ""rbi_mpr_2025_04_p074_c000"": [""bm25"", ""dense""], ""rbi_mpr_2025_04_p074_c003"": [""dense""], ""rbi_mpr_2025_04_p075_c001"": [""dense""], ""rbi_mpr_2025_04_p076_c000"": [""bm25"", ""dense""], ""rbi_mpr_2025_04_p077_c001"": [""dense""], ""rbi_mpr_2025_04_p078_c001"": [""bm25""], ""rbi_mpr_2025_04_p078_c002"": [""bm25""], ""rbi_mpr_2025_04_p079_c000"": [""bm25""], ""rbi_mpr_2025_04_p082_c001"": [""bm25""], ""rbi_mpr_2025_04_p082_c002"": [""bm25"", ""dense""], ""rbi_mpr_2025_04_p085_c000"": [""bm25""], ""rbi_mpr_2025_04_p085_c001"": [""bm25""], ""rbi_mpr_2025_04_p086_c000"": [""bm25""], ""rbi_mpr_2025_04_p087_c000"": [""bm25""], ""rbi_mpr_2025_04_p087_c001"": [""bm25""], ""rbi_mpr_2025_04_p088_c002"": [""dense""], ""rbi_mpr_2025_04_p089_c000"": [""bm25""], ""rbi_mpr_2025_04_p089_c001"": [""dense""], ""rbi_mpr_2025_04_p090_c000"": [""dense""], ""rbi_mpr_2025_04_p090_c001"": [""dense""], ""rbi_mpr_2025_04_p091_c000"": [""dense""], ""rbi_mpr_2025_04_p091_c002"": [""dense""], ""rbi_mpr_2025_04_p091_c003"": [""dense""], ""rbi_mpr_2025_04_p092_c001"": [""dense""], ""rbi_mpr_2025_04_p092_c002"": [""dense""], ""rbi_mpr_2025_04_p093_c000"": [""dense""], ""rbi_mpr_2025_04_p094_c000"": [""dense""], ""rbi_mpr_2025_04_p094_c001"": [""dense""], ""rbi_mpr_2025_04_p095_c000"": [""bm25"", ""dense""], ""rbi_mpr_2025_04_p095_c002"": [""dense""], ""rbi_mpr_2025_04_p096_c000"": [""dense""], ""rbi_mpr_2025_04_p096_c001"": [""dense""], ""rbi_mpr_2025_04_p096_c002"": [""dense""], ""rbi_mpr_2025_04_p097_c001"": [""dense""], ""rbi_mpr_2025_04_p098_c000"": [""dense""], ""rbi_mpr_2025_04_p111_c003"": [""dense""], ""rbi_mpr_2025_04_p112_c001"": [""bm25""], ""rbi_mpr_2025_04_p113_c000"": [""bm25""], ""rbi_mpr_2025_04_p113_c001"": [""bm25""], ""rbi_mpr_2025_04_p113_c003"": [""bm25""], ""rbi_mpr_2025_10_p005_c001"": [""dense""], ""rbi_mpr_2025_10_p009_c001"": [""dense""], ""rbi_mpr_2025_10_p009_c003"": [""bm25""], ""rbi_mpr_2025_10_p010_c004"": [""bm25""], ""rbi_mpr_2025_10_p012_c002"": [""bm25""], ""rbi_mpr_2025_10_p017_c000"": [""dense""], ""rbi_mpr_2025_10_p017_c001"": [""dense""], ""rbi_mpr_2025_10_p017_c002"": [""dense""], ""rbi_mpr_2025_10_p017_c005"": [""dense""], ""rbi_mpr_2025_10_p018_c000"": [""bm25"", ""dense""], ""rbi_mpr_2025_10_p018_c001"": [""dense""], ""rbi_mpr_2025_10_p018_c002"": [""dense""], ""rbi_mpr_2025_10_p019_c000"": [""bm25""], ""rbi_mpr_2025_10_p020_c001"": [""bm25""], ""rbi_mpr_2025_10_p023_c000"": [""bm25""], ""rbi_mpr_2025_10_p024_c001"": [""bm25""], ""rbi_mpr_2025_10_p025_c003"": [""bm25""], ""rbi_mpr_2025_10_p026_c003"": [""bm25""], ""rbi_mpr_2025_10_p027_c002"": [""bm25""], ""rbi_mpr_2025_10_p031_c000"": [""bm25""], ""rbi_mpr_2025_10_p034_c003"": [""bm25""], ""rbi_mpr_2025_10_p034_c005"": [""bm25""], ""rbi_mpr_2025_10_p035_c000"": [""bm25""], ""rbi_mpr_2025_10_p035_c002"": [""bm25""], ""rbi_mpr_2025_10_p037_c002"": [""bm25""], ""rbi_mpr_2025_10_p040_c001"": [""bm25""], ""rbi_mpr_2025_10_p041_c001"": [""bm25""], ""rbi_mpr_2025_10_p045_c000"": [""bm25""], ""rbi_mpr_2025_10_p047_c000"": [""dense""], ""rbi_mpr_2025_10_p047_c001"": [""dense""], ""rbi_mpr_2025_10_p048_c003"": [""bm25""], ""rbi_mpr_2025_10_p049_c000"": [""dense""], ""rbi_mpr_2025_10_p049_c001"": [""dense""], ""rbi_mpr_2025_10_p049_c002"": [""dense""], ""rbi_mpr_2025_10_p050_c000"": [""dense""], ""rbi_mpr_2025_10_p050_c002"": [""dense""], ""rbi_mpr_2025_10_p051_c000"": [""dense""], ""rbi_mpr_2025_10_p052_c000"": [""dense""], ""rbi_mpr_2025_10_p052_c004"": [""dense""], ""rbi_mpr_2025_10_p053_c001"": [""bm25""], ""rbi_mpr_2025_10_p055_c000"": [""bm25""], ""rbi_mpr_2025_10_p055_c001"": [""bm25""], ""rbi_mpr_2025_10_p055_c003"": [""bm25""], ""rbi_mpr_2025_10_p060_c003"": [""bm25""], ""rbi_mpr_2025_10_p063_c000"": [""dense""], ""rbi_mpr_2025_10_p064_c000"": [""dense""], ""rbi_mpr_2025_10_p064_c002"": [""dense""], ""rbi_mpr_2025_10_p065_c000"": [""dense""], ""rbi_mpr_2025_10_p065_c004"": [""bm25""], ""rbi_mpr_2025_10_p069_c002"": [""bm25""], ""rbi_mpr_2025_10_p069_c003"": [""bm25""], ""rbi_mpr_2025_10_p069_c004"": [""bm25"", ""dense""], ""rbi_mpr_2025_10_p070_c000"": [""dense""], ""rbi_mpr_2025_10_p071_c002"": [""dense""], ""rbi_mpr_2025_10_p072_c000"": [""bm25"", ""dense""], ""rbi_mpr_2025_10_p072_c002"": [""dense""], ""rbi_mpr_2025_10_p073_c001"": [""dense""], ""rbi_mpr_2025_10_p073_c002"": [""bm25""], ""rbi_mpr_2025_10_p073_c003"": [""bm25""], ""rbi_mpr_2025_10_p076_c000"": [""bm25""], ""rbi_mpr_2025_10_p076_c001"": [""bm25""], ""rbi_mpr_2025_10_p082_c000"": [""dense""], ""rbi_mpr_2025_10_p084_c000"": [""dense""], ""rbi_mpr_2025_10_p084_c001"": [""dense""], ""rbi_mpr_2025_10_p085_c000"": [""dense""], ""rbi_mpr_2025_10_p086_c000"": [""dense""], ""rbi_mpr_2025_10_p086_c002"": [""dense""], ""rbi_mpr_2025_10_p087_c000"": [""dense""], ""rbi_mpr_2025_10_p087_c001"": [""dense""], ""rbi_mpr_2025_10_p088_c000"": [""bm25"", ""dense""], ""rbi_mpr_2025_10_p088_c001"": [""bm25""], ""rbi_mpr_2025_10_p088_c002"": [""bm25""], ""rbi_mpr_2025_10_p089_c001"": [""dense""], ""rbi_mpr_2025_10_p089_c003"": [""bm25""], ""rbi_mpr_2025_10_p090_c000"": [""dense""], ""rbi_mpr_2025_10_p090_c001"": [""dense""], ""rbi_mpr_2025_10_p091_c000"": [""bm25"", ""dense""], ""rbi_mpr_2025_10_p091_c001"": [""dense""], ""rbi_mpr_2025_10_p091_c003"": [""bm25""], ""rbi_mpr_2025_10_p092_c000"": [""dense""], ""rbi_mpr_2025_10_p092_c001"": [""dense""], ""rbi_mpr_2025_10_p092_c002"": [""dense""], ""rbi_mpr_2025_10_p093_c000"": [""bm25""], ""rbi_mpr_2025_10_p094_c000"": [""dense""], ""rbi_mpr_2025_10_p094_c003"": [""bm25"", ""dense""], ""rbi_mpr_2025_10_p097_c004"": [""bm25""], ""rbi_mpr_2025_10_p102_c000"": [""bm25""], ""rbi_mpr_2025_10_p106_c000"": [""bm25""], ""rbi_mpr_2025_10_p107_c000"": [""bm25""], ""rbi_mpr_2025_10_p108_c003"": [""bm25"", ""dense""], ""rbi_mpr_2025_10_p109_c000"": [""dense""], ""rbi_mpr_2025_10_p109_c001"": [""bm25""], ""rbi_mpr_2025_10_p109_c002"": [""bm25""], ""rbi_mpr_2026_04_p005_c001"": [""dense""], ""rbi_mpr_2026_04_p007_c000"": [""dense""], ""rbi_mpr_2026_04_p015_c000"": [""bm25""], ""rbi_mpr_2026_04_p017_c000"": [""bm25""], ""rbi_mpr_2026_04_p018_c002"": [""bm25""], ""rbi_mpr_2026_04_p018_c003"": [""bm25""], ""rbi_mpr_2026_04_p023_c000"": [""bm25""], ""rbi_mpr_2026_04_p023_c001"": [""bm25""], ""rbi_mpr_2026_04_p026_c002"": [""bm25"", ""dense""], ""rbi_mpr_2026_04_p026_c003"": [""bm25"", ""dense""], ""rbi_mpr_2026_04_p026_c004"": [""dense""], ""rbi_mpr_2026_04_p027_c002"": [""bm25""], ""rbi_mpr_2026_04_p027_c003"": [""dense""], ""rbi_mpr_2026_04_p028_c002"": [""bm25"", ""dense""], ""rbi_mpr_2026_04_p028_c003"": [""bm25"", ""dense""], ""rbi_mpr_2026_04_p030_c001"": [""dense""], ""rbi_mpr_2026_04_p031_c000"": [""bm25""], ""rbi_mpr_2026_04_p031_c001"": [""bm25"", ""dense""], ""rbi_mpr_2026_04_p032_c003"": [""dense""], ""rbi_mpr_2026_04_p035_c000"": [""bm25""], ""rbi_mpr_2026_04_p044_c000"": [""dense""], ""rbi_mpr_2026_04_p044_c001"": [""dense""], ""rbi_mpr_2026_04_p044_c002"": [""dense""], ""rbi_mpr_2026_04_p046_c000"": [""bm25"", ""dense""], ""rbi_mpr_2026_04_p046_c001"": [""dense""], ""rbi_mpr_2026_04_p046_c003"": [""bm25"", ""dense""], ""rbi_mpr_2026_04_p047_c003"": [""bm25"", ""dense""], ""rbi_mpr_2026_04_p048_c002"": [""bm25""], ""rbi_mpr_2026_04_p049_c001"": [""bm25"", ""dense""], ""rbi_mpr_2026_04_p049_c002"": [""dense""], ""rbi_mpr_2026_04_p050_c000"": [""dense""], ""rbi_mpr_2026_04_p050_c001"": [""bm25"", ""dense""], ""rbi_mpr_2026_04_p050_c002"": [""bm25"", ""dense""], ""rbi_mpr_2026_04_p050_c003"": [""bm25"", ""dense""], ""rbi_mpr_2026_04_p051_c001"": [""dense""], ""rbi_mpr_2026_04_p051_c002"": [""dense""], ""rbi_mpr_2026_04_p052_c000"": [""dense""], ""rbi_mpr_2026_04_p052_c001"": [""dense""], ""rbi_mpr_2026_04_p052_c003"": [""dense""], ""rbi_mpr_2026_04_p054_c000"": [""dense""], ""rbi_mpr_2026_04_p055_c003"": [""dense""], ""rbi_mpr_2026_04_p057_c003"": [""dense""], ""rbi_mpr_2026_04_p058_c000"": [""dense""], ""rbi_mpr_2026_04_p058_c005"": [""dense""], ""rbi_mpr_2026_04_p059_c000"": [""bm25"", ""dense""], ""rbi_mpr_2026_04_p059_c002"": [""bm25""], ""rbi_mpr_2026_04_p062_c000"": [""dense""], ""rbi_mpr_2026_04_p062_c001"": [""dense""], ""rbi_mpr_2026_04_p062_c002"": [""dense""], ""rbi_mpr_2026_04_p063_c000"": [""dense""], ""rbi_mpr_2026_04_p063_c001"": [""dense""], ""rbi_mpr_2026_04_p063_c002"": [""dense""], ""rbi_mpr_2026_04_p063_c003"": [""dense""], ""rbi_mpr_2026_04_p064_c000"": [""dense""], ""rbi_mpr_2026_04_p064_c001"": [""dense""], ""rbi_mpr_2026_04_p064_c002"": [""dense""], ""rbi_mpr_2026_04_p064_c003"": [""dense""], ""rbi_mpr_2026_04_p065_c000"": [""dense""], ""rbi_mpr_2026_04_p066_c002"": [""dense""], ""rbi_mpr_2026_04_p067_c002"": [""bm25""], ""rbi_mpr_2026_04_p068_c001"": [""bm25""], ""rbi_mpr_2026_04_p068_c002"": [""bm25""], ""rbi_mpr_2026_04_p069_c000"": [""bm25"", ""dense""], ""rbi_mpr_2026_04_p075_c002"": [""bm25""], ""rbi_mpr_2026_04_p079_c002"": [""bm25""], ""rbi_mpr_2026_04_p081_c004"": [""bm25""], ""rbi_mpr_2026_04_p081_c005"": [""bm25""], ""rbi_mpr_2026_04_p082_c002"": [""bm25""], ""rbi_mpr_2026_04_p082_c003"": [""bm25""], ""rbi_mpr_2026_04_p082_c004"": [""bm25""], ""rbi_mpr_2026_04_p083_c003"": [""bm25""], ""rbi_mpr_2026_04_p083_c004"": [""bm25""], ""rbi_mpr_2026_04_p088_c000"": [""bm25""], ""rbi_mpr_2026_04_p088_c004"": [""bm25""], ""rbi_mpr_2026_04_p089_c002"": [""bm25""], ""rbi_mpr_2026_04_p089_c003"": [""bm25""], ""rbi_mpr_2026_04_p091_c000"": [""bm25""], ""rbi_mpr_2026_04_p092_c001"": [""bm25""], ""rbi_mpr_2026_04_p093_c003"": [""bm25""], ""rbi_mpr_2026_04_p103_c002"": [""bm25""], ""rbi_mpr_2026_04_p104_c004"": [""bm25""], ""rbi_mpr_2026_04_p105_c000"": [""bm25""], ""rbi_mpr_2026_04_p105_c004"": [""bm25""], ""rbi_mpr_2026_04_p107_c004"": [""bm25""], ""rbi_mpr_2026_04_p109_c003"": [""dense""], ""rbi_mpr_2026_04_p113_c004"": [""bm25""]}, ""candidate_union_ids"": [""rbi_mpr_2025_10_p088_c000"", ""rbi_mpr_2025_10_p017_c000"", ""rbi_mpr_2025_10_p052_c004"", ""rbi_mpr_2025_10_p017_c001"", ""rbi_mpr_2025_10_p065_c000"", ""rbi_mpr_2025_10_p072_c000"", ""rbi_mpr_2025_10_p052_c000"", ""rbi_mpr_2025_10_p049_c000"", ""rbi_mpr_2025_10_p090_c000"", ""rbi_mpr_2025_10_p084_c001"", ""rbi_mpr_2025_10_p064_c000"", ""rbi_mpr_2025_10_p092_c001"", ""rbi_mpr_2025_10_p071_c002"", ""rbi_mpr_2025_10_p005_c001"", ""rbi_mpr_2025_10_p086_c000"", ""rbi_mpr_2025_10_p018_c000"", ""rbi_mpr_2025_10_p050_c000"", ""rbi_mpr_2025_10_p049_c002"", ""rbi_mpr_2025_10_p085_c000"", ""rbi_mpr_2025_10_p087_c001"", ""rbi_mpr_2025_10_p017_c002"", ""rbi_mpr_2025_10_p091_c000"", ""rbi_mpr_2025_10_p050_c002"", ""rbi_mpr_2025_10_p049_c001"", ""rbi_mpr_2025_10_p092_c002"", ""rbi_mpr_2025_10_p086_c002"", ""rbi_mpr_2025_10_p084_c000"", ""rbi_mpr_2025_10_p051_c000"", ""rbi_mpr_2025_10_p018_c001"", ""rbi_mpr_2025_10_p109_c000"", ""rbi_mpr_2025_10_p070_c000"", ""rbi_mpr_2025_10_p018_c002"", ""rbi_mpr_2025_10_p108_c003"", ""rbi_mpr_2025_10_p063_c000"", ""rbi_mpr_2025_10_p009_c001"", ""rbi_mpr_2025_10_p017_c005"", ""rbi_mpr_2025_10_p064_c002"", ""rbi_mpr_2025_10_p094_c003"", ""rbi_mpr_2025_10_p073_c001"", ""rbi_mpr_2025_10_p087_c000"", ""rbi_mpr_2025_10_p094_c000"", ""rbi_mpr_2025_10_p069_c004"", ""rbi_mpr_2025_10_p072_c002"", ""rbi_mpr_2025_10_p092_c000"", ""rbi_mpr_2025_10_p047_c000"", ""rbi_mpr_2025_10_p047_c001"", ""rbi_mpr_2025_10_p090_c001"", ""rbi_mpr_2025_10_p089_c001"", ""rbi_mpr_2025_10_p082_c000"", ""rbi_mpr_2025_10_p091_c001"", ""rbi_mpr_2025_10_p088_c001"", ""rbi_mpr_2025_10_p107_c000"", ""rbi_mpr_2025_10_p031_c000"", ""rbi_mpr_2025_10_p024_c001"", ""rbi_mpr_2025_10_p102_c000"", ""rbi_mpr_2025_10_p055_c001"", ""rbi_mpr_2025_10_p109_c002"", ""rbi_mpr_2025_10_p073_c002"", ""rbi_mpr_2025_10_p069_c002"", ""rbi_mpr_2025_10_p109_c001"", ""rbi_mpr_2025_10_p091_c003"", ""rbi_mpr_2025_10_p027_c002"", ""rbi_mpr_2025_10_p088_c002"", ""rbi_mpr_2025_10_p055_c000"", ""rbi_mpr_2025_10_p089_c003"", ""rbi_mpr_2025_10_p025_c003"", ""rbi_mpr_2025_10_p020_c001"", ""rbi_mpr_2025_10_p076_c000"", ""rbi_mpr_2025_10_p076_c001"", ""rbi_mpr_2025_10_p065_c004"", ""rbi_mpr_2025_10_p034_c005"", ""rbi_mpr_2025_10_p034_c003"", ""rbi_mpr_2025_10_p010_c004"", ""rbi_mpr_2025_10_p060_c003"", ""rbi_mpr_2025_10_p012_c002"", ""rbi_mpr_2025_10_p035_c002"", ""rbi_mpr_2025_10_p106_c000"", ""rbi_mpr_2025_10_p048_c003"", ""rbi_mpr_2025_10_p045_c000"", ""rbi_mpr_2025_10_p073_c003"", ""rbi_mpr_2025_10_p041_c001"", ""rbi_mpr_2025_10_p040_c001"", ""rbi_mpr_2025_10_p053_c001"", ""rbi_mpr_2025_10_p026_c003"", ""rbi_mpr_2025_10_p035_c000"", ""rbi_mpr_2025_10_p019_c000"", ""rbi_mpr_2025_10_p055_c003"", ""rbi_mpr_2025_10_p023_c000"", ""rbi_mpr_2025_10_p037_c002"", ""rbi_mpr_2025_10_p069_c003"", ""rbi_mpr_2025_10_p097_c004"", ""rbi_mpr_2025_10_p009_c003"", ""rbi_mpr_2025_10_p093_c000""], ""candidate_union_pages"": [88, 17, 52, 17, 65, 72, 52, 49, 90, 84, 64, 92, 71, 5, 86, 18, 50, 49, 85, 87, 17, 91, 50, 49, 92, 86, 84, 51, 18, 109, 70, 18, 108, 63, 9, 17, 64, 94, 73, 87, 94, 69, 72, 92, 47, 47, 90, 89, 82, 91, 88, 107, 31, 24, 102, 55, 109, 73, 69, 109, 91, 27, 88, 55, 89, 25, 20, 76, 76, 65, 34, 34, 10, 60, 12, 35, 106, 48, 45, 73, 41, 40, 53, 26, 35, 19, 55, 23, 37, 69, 97, 9, 93], ""dense_candidate_ids"": [""rbi_mpr_2025_10_p088_c000"", ""rbi_mpr_2025_10_p017_c000"", ""rbi_mpr_2025_10_p052_c004"", ""rbi_mpr_2025_10_p017_c001"", ""rbi_mpr_2025_10_p065_c000"", ""rbi_mpr_2025_10_p072_c000"", ""rbi_mpr_2025_10_p052_c000"", ""rbi_mpr_2025_10_p049_c000"", ""rbi_mpr_2025_10_p090_c000"", ""rbi_mpr_2025_10_p084_c001"", ""rbi_mpr_2025_10_p064_c000"", ""rbi_mpr_2025_10_p092_c001"", ""rbi_mpr_2025_10_p071_c002"", ""rbi_mpr_2025_10_p005_c001"", ""rbi_mpr_2025_10_p086_c000"", ""rbi_mpr_2025_10_p018_c000"", ""rbi_mpr_2025_10_p050_c000"", ""rbi_mpr_2025_10_p049_c002"", ""rbi_mpr_2025_10_p085_c000"", ""rbi_mpr_2025_10_p087_c001"", ""rbi_mpr_2025_10_p017_c002"", ""rbi_mpr_2025_10_p091_c000"", ""rbi_mpr_2025_10_p050_c002"", ""rbi_mpr_2025_10_p049_c001"", ""rbi_mpr_2025_10_p092_c002"", ""rbi_mpr_2025_10_p086_c002"", ""rbi_mpr_2025_10_p084_c000"", ""rbi_mpr_2025_10_p051_c000"", ""rbi_mpr_2025_10_p018_c001"", ""rbi_mpr_2025_10_p109_c000"", ""rbi_mpr_2025_10_p070_c000"", ""rbi_mpr_2025_10_p018_c002"", ""rbi_mpr_2025_10_p108_c003"", ""rbi_mpr_2025_10_p063_c000"", ""rbi_mpr_2025_10_p009_c001"", ""rbi_mpr_2025_10_p017_c005"", ""rbi_mpr_2025_10_p064_c002"", ""rbi_mpr_2025_10_p094_c003"", ""rbi_mpr_2025_10_p073_c001"", ""rbi_mpr_2025_10_p087_c000"", ""rbi_mpr_2025_10_p094_c000"", ""rbi_mpr_2025_10_p069_c004"", ""rbi_mpr_2025_10_p072_c002"", ""rbi_mpr_2025_10_p092_c000"", ""rbi_mpr_2025_10_p047_c000"", ""rbi_mpr_2025_10_p047_c001"", ""rbi_mpr_2025_10_p090_c001"", ""rbi_mpr_2025_10_p089_c001"", ""rbi_mpr_2025_10_p082_c000"", ""rbi_mpr_2025_10_p091_c001""], ""dense_candidate_pages"": [88, 17, 52, 17, 65, 72, 52, 49, 90, 84, 64, 92, 71, 5, 86, 18, 50, 49, 85, 87, 17, 91, 50, 49, 92, 86, 84, 51, 18, 109, 70, 18, 108, 63, 9, 17, 64, 94, 73, 87, 94, 69, 72, 92, 47, 47, 90, 89, 82, 91], ""dense_candidate_scores"": [0.24703314865505166, 0.24667338315616272, 0.2415359352037758, 0.22429062490487628, 0.21935716769928204, 0.20799387157856297, 0.20722030832099392, 0.2060924586548425, 0.19342901655125921, 0.18910694153016405, 0.18714643872483128, 0.18605062066354805, 0.18585438493688133, 0.18263158401864732, 0.18107366791029067, 0.18095262216136732, 0.17636207171525775, 0.1729681545920696, 0.17111276602692294, 0.16531732147558398, 0.164640443088499, 0.16192163418475825, 0.1537432068186133, 0.15372685384139106, 0.15298574365717554, 0.1505825303550844, 0.14976993911579428, 0.1496969407741735, 0.14965833426093744, 0.14960219465872093, 0.1487254559159974, 0.14820502663058477, 0.14774419298896668, 0.1477017089656677, 0.1460328623520304, 0.143729705668304, 0.1394330030500125, 0.1383460358269165, 0.1328418259987878, 0.13282125833671443, 0.1319709035211587, 0.13180594075608698, 0.1282730233265098, 0.12660586258681295, 0.12656245133284671, 0.12604783831252864, 0.12559762567673527, 0.12476286519512858, 0.12291126984634793, 0.12220977769973262], ""dense_first_evidence_rank"": 3, ""evidence_rank_after_reranking"": 1, ""evidence_rank_before_reranking"": 11, ""expected_evidence"": [""gross market borrowings raised by the centre stood at \u20b97.95 lakh crore""], ""loss_stage"": ""evidence_found"", ""report_id"": ""rbi_mpr_2025_10"", ""reranker_input_ids"": [""rbi_mpr_2025_10_p088_c000"", ""rbi_mpr_2025_10_p072_c000"", ""rbi_mpr_2025_10_p018_c000"", ""rbi_mpr_2025_10_p091_c000"", ""rbi_mpr_2025_10_p108_c003"", ""rbi_mpr_2025_10_p069_c004"", ""rbi_mpr_2025_10_p094_c003"", ""rbi_mpr_2025_10_p088_c001"", ""rbi_mpr_2025_10_p017_c000"", ""rbi_mpr_2025_10_p107_c000"", ""rbi_mpr_2025_10_p052_c004"", ""rbi_mpr_2025_10_p031_c000"", ""rbi_mpr_2025_10_p017_c001"", ""rbi_mpr_2025_10_p065_c000"", ""rbi_mpr_2025_10_p024_c001"", ""rbi_mpr_2025_10_p052_c000"", ""rbi_mpr_2025_10_p102_c000"", ""rbi_mpr_2025_10_p049_c000"", ""rbi_mpr_2025_10_p055_c001"", ""rbi_mpr_2025_10_p090_c000"", ""rbi_mpr_2025_10_p109_c002"", ""rbi_mpr_2025_10_p084_c001"", ""rbi_mpr_2025_10_p073_c002"", ""rbi_mpr_2025_10_p064_c000"", ""rbi_mpr_2025_10_p069_c002"", ""rbi_mpr_2025_10_p092_c001"", ""rbi_mpr_2025_10_p109_c001"", ""rbi_mpr_2025_10_p071_c002"", ""rbi_mpr_2025_10_p091_c003"", ""rbi_mpr_2025_10_p005_c001""], ""reranker_input_pages"": [88, 72, 18, 91, 108, 69, 94, 88, 17, 107, 52, 31, 17, 65, 24, 52, 102, 49, 55, 90, 109, 84, 73, 64, 69, 92, 109, 71, 91, 5], ""reranker_input_ranks"": [1, 2, 3, 4, 5, 6, 7, 8, 9, 10, 11, 12, 13, 14, 15, 16, 17, 18, 19, 20, 21, 22, 23, 24, 25, 26, 27, 28, 29, 30], ""reranker_output_ids"": [""rbi_mpr_2025_10_p052_c000"", ""rbi_mpr_2025_10_p069_c004"", ""rbi_mpr_2025_10_p052_c004"", ""rbi_mpr_2025_10_p107_c000"", ""rbi_mpr_2025_10_p072_c000"", ""rbi_mpr_2025_10_p088_c000"", ""rbi_mpr_2025_10_p049_c000"", ""rbi_mpr_2025_10_p091_c000"", ""rbi_mpr_2025_10_p055_c001"", ""rbi_mpr_2025_10_p090_c000"", ""rbi_mpr_2025_10_p094_c003"", ""rbi_mpr_2025_10_p017_c000"", ""rbi_mpr_2025_10_p064_c000"", ""rbi_mpr_2025_10_p088_c001"", ""rbi_mpr_2025_10_p102_c000"", ""rbi_mpr_2025_10_p017_c001"", ""rbi_mpr_2025_10_p073_c002"", ""rbi_mpr_2025_10_p108_c003"", ""rbi_mpr_2025_10_p109_c002"", ""rbi_mpr_2025_10_p109_c001"", ""rbi_mpr_2025_10_p084_c001"", ""rbi_mpr_2025_10_p024_c001"", ""rbi_mpr_2025_10_p071_c002"", ""rbi_mpr_2025_10_p092_c001"", ""rbi_mpr_2025_10_p018_c000"", ""rbi_mpr_2025_10_p069_c002"", ""rbi_mpr_2025_10_p091_c003"", ""rbi_mpr_2025_10_p031_c000"", ""rbi_mpr_2025_10_p065_c000"", ""rbi_mpr_2025_10_p005_c001""], ""reranker_output_pages"": [52, 69, 52, 107, 72, 88, 49, 91, 55, 90, 94, 17, 64, 88, 102, 17, 73, 108, 109, 109, 84, 24, 71, 92, 18, 69, 91, 31, 65, 5], ""reranker_scores"": [-1.6428022384643555, -3.768369197845459, -5.962557792663574, -7.009041786193848, -7.09649133682251, -7.147790908813477, -7.656935214996338, -8.033584594726562, -8.27456283569336, -8.312870979309082, -8.751497268676758, -8.774163246154785, -8.907081604003906, -9.032154083251953, -9.276979446411133, -9.861289978027344, -10.01307201385498, -10.149200439453125, -10.646049499511719, -10.659815788269043, -10.742485046386719, -10.749963760375977, -10.828975677490234, -10.925704956054688, -10.966276168823242, -11.105794906616211, -11.163798332214355, -11.200878143310547, -11.268634796142578, -11.328462600708008], ""rrf_candidate_ids"": [""rbi_mpr_2025_10_p088_c000"", ""rbi_mpr_2025_10_p072_c000"", ""rbi_mpr_2025_10_p018_c000"", ""rbi_mpr_2025_10_p091_c000"", ""rbi_mpr_2025_10_p108_c003"", ""rbi_mpr_2025_10_p069_c004"", ""rbi_mpr_2025_10_p094_c003"", ""rbi_mpr_2025_10_p088_c001"", ""rbi_mpr_2025_10_p017_c000"", ""rbi_mpr_2025_10_p107_c000"", ""rbi_mpr_2025_10_p052_c004"", ""rbi_mpr_2025_10_p031_c000"", ""rbi_mpr_2025_10_p017_c001"", ""rbi_mpr_2025_10_p065_c000"", ""rbi_mpr_2025_10_p024_c001"", ""rbi_mpr_2025_10_p052_c000"", ""rbi_mpr_2025_10_p102_c000"", ""rbi_mpr_2025_10_p049_c000"", ""rbi_mpr_2025_10_p055_c001"", ""rbi_mpr_2025_10_p090_c000"", ""rbi_mpr_2025_10_p109_c002"", ""rbi_mpr_2025_10_p084_c001"", ""rbi_mpr_2025_10_p073_c002"", ""rbi_mpr_2025_10_p064_c000"", ""rbi_mpr_2025_10_p069_c002"", ""rbi_mpr_2025_10_p092_c001"", ""rbi_mpr_2025_10_p109_c001"", ""rbi_mpr_2025_10_p071_c002"", ""rbi_mpr_2025_10_p091_c003"", ""rbi_mpr_2025_10_p005_c001""], ""rrf_candidate_pages"": [88, 72, 18, 91, 108, 69, 94, 88, 17, 107, 52, 31, 17, 65, 24, 52, 102, 49, 55, 90, 109, 84, 73, 64, 69, 92, 109, 71, 91, 5], ""rrf_first_evidence_rank"": 11, ""rrf_scores"": [0.032018442622950824, 0.030303030303030304, 0.02478580171358629, 0.02424331472230385, 0.021988643228222787, 0.0196078431372549, 0.019378393559258564, 0.01639344262295082, 0.016129032258064516, 0.016129032258064516, 0.015873015873015872, 0.015873015873015872, 0.015625, 0.015384615384615385, 0.015384615384615385, 0.014925373134328358, 0.014925373134328358, 0.014705882352941176, 0.014705882352941176, 0.014492753623188406, 0.014492753623188406, 0.014285714285714285, 0.014285714285714285, 0.014084507042253521, 0.014084507042253521, 0.013888888888888888, 0.013888888888888888, 0.0136986301369863, 0.0136986301369863, 0.013513513513513514], ""selected_chunk_ids_after_dedup"": [""rbi_mpr_2025_10_p052_c000"", ""rbi_mpr_2025_10_p069_c004""], ""selected_chunk_ids_before_dedup"": [""rbi_mpr_2025_10_p052_c000"", ""rbi_mpr_2025_10_p069_c004""], ""selected_pages"": [52, 69]}, ""rbi_mpr_2026_04"": {""accepted_evidence_found"": true, ""accepted_pages"": [64], ""bm25_candidate_ids"": [""rbi_mpr_2026_04_p050_c002"", ""rbi_mpr_2026_04_p028_c003"", ""rbi_mpr_2026_04_p018_c002"", ""rbi_mpr_2026_04_p049_c001"", ""rbi_mpr_2026_04_p089_c003"", ""rbi_mpr_2026_04_p079_c002"", ""rbi_mpr_2026_04_p089_c002"", ""rbi_mpr_2026_04_p028_c002"", ""rbi_mpr_2026_04_p113_c004"", ""rbi_mpr_2026_04_p046_c000"", ""rbi_mpr_2026_04_p031_c000"", ""rbi_mpr_2026_04_p050_c003"", ""rbi_mpr_2026_04_p082_c003"", ""rbi_mpr_2026_04_p018_c003"", ""rbi_mpr_2026_04_p031_c001"", ""rbi_mpr_2026_04_p069_c000"", ""rbi_mpr_2026_04_p082_c002"", ""rbi_mpr_2026_04_p075_c002"", ""rbi_mpr_2026_04_p026_c003"", ""rbi_mpr_2026_04_p068_c001"", ""rbi_mpr_2026_04_p059_c000"", ""rbi_mpr_2026_04_p081_c005"", ""rbi_mpr_2026_04_p026_c002"", ""rbi_mpr_2026_04_p081_c004"", ""rbi_mpr_2026_04_p088_c000"", ""rbi_mpr_2026_04_p105_c004"", ""rbi_mpr_2026_04_p083_c003"", ""rbi_mpr_2026_04_p059_c002"", ""rbi_mpr_2026_04_p067_c002"", ""rbi_mpr_2026_04_p050_c001"", ""rbi_mpr_2026_04_p023_c001"", ""rbi_mpr_2026_04_p017_c000"", ""rbi_mpr_2026_04_p023_c000"", ""rbi_mpr_2026_04_p047_c003"", ""rbi_mpr_2026_04_p046_c003"", ""rbi_mpr_2026_04_p093_c003"", ""rbi_mpr_2026_04_p083_c004"", ""rbi_mpr_2026_04_p015_c000"", ""rbi_mpr_2026_04_p107_c004"", ""rbi_mpr_2026_04_p091_c000"", ""rbi_mpr_2026_04_p082_c004"", ""rbi_mpr_2026_04_p088_c004"", ""rbi_mpr_2026_04_p105_c000"", ""rbi_mpr_2026_04_p068_c002"", ""rbi_mpr_2026_04_p027_c002"", ""rbi_mpr_2026_04_p103_c002"", ""rbi_mpr_2026_04_p048_c002"", ""rbi_mpr_2026_04_p035_c000"", ""rbi_mpr_2026_04_p104_c004"", ""rbi_mpr_2026_04_p092_c001""], ""bm25_candidate_pages"": [50, 28, 18, 49, 89, 79, 89, 28, 113, 46, 31, 50, 82, 18, 31, 69, 82, 75, 26, 68, 59, 81, 26, 81, 88, 105, 83, 59, 67, 50, 23, 17, 23, 47, 46, 93, 83, 15, 107, 91, 82, 88, 105, 68, 27, 103, 48, 35, 104, 92], ""bm25_candidate_scores"": [null, null, null, null, null, null, null, null, null, null, null, null, null, null, null, null, null, null, null, null, null, null, null, null, null, null, null, null, null, null, null, null, null, null, null, null, null, null, null, null, null, null, null, null, null, null, null, null, null, null], ""bm25_first_evidence_rank"": null, ""candidate_source_expansion"": {""rbi_mpr_2025_04_p003_c000"": [], ""rbi_mpr_2025_04_p011_c001"": [], ""rbi_mpr_2025_04_p012_c001"": [], ""rbi_mpr_2025_04_p012_c003"": [], ""rbi_mpr_2025_04_p014_c002"": [], ""rbi_mpr_2025_04_p016_c002"": [], ""rbi_mpr_2025_04_p016_c003"": [], ""rbi_mpr_2025_04_p019_c001"": [], ""rbi_mpr_2025_04_p020_c001"": [], ""rbi_mpr_2025_04_p026_c001"": [], ""rbi_mpr_2025_04_p026_c002"": [], ""rbi_mpr_2025_04_p027_c000"": [], ""rbi_mpr_2025_04_p027_c001"": [], ""rbi_mpr_2025_04_p027_c002"": [], ""rbi_mpr_2025_04_p028_c000"": [], ""rbi_mpr_2025_04_p028_c001"": [], ""rbi_mpr_2025_04_p028_c002"": [], ""rbi_mpr_2025_04_p028_c003"": [], ""rbi_mpr_2025_04_p029_c000"": [], ""rbi_mpr_2025_04_p029_c003"": [], ""rbi_mpr_2025_04_p034_c000"": [], ""rbi_mpr_2025_04_p038_c000"": [], ""rbi_mpr_2025_04_p039_c002"": [], ""rbi_mpr_2025_04_p041_c000"": [], ""rbi_mpr_2025_04_p041_c001"": [], ""rbi_mpr_2025_04_p049_c002"": [], ""rbi_mpr_2025_04_p049_c003"": [], ""rbi_mpr_2025_04_p052_c000"": [], ""rbi_mpr_2025_04_p053_c000"": [], ""rbi_mpr_2025_04_p053_c001"": [], ""rbi_mpr_2025_04_p054_c000"": [], ""rbi_mpr_2025_04_p054_c001"": [], ""rbi_mpr_2025_04_p054_c002"": [], ""rbi_mpr_2025_04_p055_c000"": [], ""rbi_mpr_2025_04_p055_c001"": [], ""rbi_mpr_2025_04_p055_c003"": [], ""rbi_mpr_2025_04_p056_c000"": [], ""rbi_mpr_2025_04_p057_c000"": [], ""rbi_mpr_2025_04_p057_c003"": [], ""rbi_mpr_2025_04_p058_c001"": [], ""rbi_mpr_2025_04_p058_c002"": [], ""rbi_mpr_2025_04_p059_c000"": [], ""rbi_mpr_2025_04_p060_c000"": [], ""rbi_mpr_2025_04_p065_c002"": [], ""rbi_mpr_2025_04_p069_c000"": [], ""rbi_mpr_2025_04_p069_c001"": [], ""rbi_mpr_2025_04_p071_c000"": [], ""rbi_mpr_2025_04_p073_c001"": [], ""rbi_mpr_2025_04_p073_c002"": [], ""rbi_mpr_2025_04_p073_c003"": [], ""rbi_mpr_2025_04_p073_c004"": [], ""rbi_mpr_2025_04_p073_c005"": [], ""rbi_mpr_2025_04_p074_c000"": [], ""rbi_mpr_2025_04_p074_c003"": [], ""rbi_mpr_2025_04_p075_c001"": [], ""rbi_mpr_2025_04_p076_c000"": [], ""rbi_mpr_2025_04_p077_c001"": [], ""rbi_mpr_2025_04_p078_c001"": [], ""rbi_mpr_2025_04_p078_c002"": [], ""rbi_mpr_2025_04_p079_c000"": [], ""rbi_mpr_2025_04_p082_c001"": [], ""rbi_mpr_2025_04_p082_c002"": [], ""rbi_mpr_2025_04_p085_c000"": [], ""rbi_mpr_2025_04_p085_c001"": [], ""rbi_mpr_2025_04_p086_c000"": [], ""rbi_mpr_2025_04_p087_c000"": [], ""rbi_mpr_2025_04_p087_c001"": [], ""rbi_mpr_2025_04_p088_c002"": [], ""rbi_mpr_2025_04_p089_c000"": [], ""rbi_mpr_2025_04_p089_c001"": [], ""rbi_mpr_2025_04_p090_c000"": [], ""rbi_mpr_2025_04_p090_c001"": [], ""rbi_mpr_2025_04_p091_c000"": [], ""rbi_mpr_2025_04_p091_c002"": [], ""rbi_mpr_2025_04_p091_c003"": [], ""rbi_mpr_2025_04_p092_c001"": [], ""rbi_mpr_2025_04_p092_c002"": [], ""rbi_mpr_2025_04_p093_c000"": [], ""rbi_mpr_2025_04_p094_c000"": [], ""rbi_mpr_2025_04_p094_c001"": [], ""rbi_mpr_2025_04_p095_c000"": [], ""rbi_mpr_2025_04_p095_c002"": [], ""rbi_mpr_2025_04_p096_c000"": [], ""rbi_mpr_2025_04_p096_c001"": [], ""rbi_mpr_2025_04_p096_c002"": [], ""rbi_mpr_2025_04_p097_c001"": [], ""rbi_mpr_2025_04_p098_c000"": [], ""rbi_mpr_2025_04_p111_c003"": [], ""rbi_mpr_2025_04_p112_c001"": [], ""rbi_mpr_2025_04_p113_c000"": [], ""rbi_mpr_2025_04_p113_c001"": [], ""rbi_mpr_2025_04_p113_c003"": [], ""rbi_mpr_2025_10_p005_c001"": [], ""rbi_mpr_2025_10_p009_c001"": [], ""rbi_mpr_2025_10_p009_c003"": [], ""rbi_mpr_2025_10_p010_c004"": [], ""rbi_mpr_2025_10_p012_c002"": [], ""rbi_mpr_2025_10_p017_c000"": [], ""rbi_mpr_2025_10_p017_c001"": [], ""rbi_mpr_2025_10_p017_c002"": [], ""rbi_mpr_2025_10_p017_c005"": [], ""rbi_mpr_2025_10_p018_c000"": [], ""rbi_mpr_2025_10_p018_c001"": [], ""rbi_mpr_2025_10_p018_c002"": [], ""rbi_mpr_2025_10_p019_c000"": [], ""rbi_mpr_2025_10_p020_c001"": [], ""rbi_mpr_2025_10_p023_c000"": [], ""rbi_mpr_2025_10_p024_c001"": [], ""rbi_mpr_2025_10_p025_c003"": [], ""rbi_mpr_2025_10_p026_c003"": [], ""rbi_mpr_2025_10_p027_c002"": [], ""rbi_mpr_2025_10_p031_c000"": [], ""rbi_mpr_2025_10_p034_c003"": [], ""rbi_mpr_2025_10_p034_c005"": [], ""rbi_mpr_2025_10_p035_c000"": [], ""rbi_mpr_2025_10_p035_c002"": [], ""rbi_mpr_2025_10_p037_c002"": [], ""rbi_mpr_2025_10_p040_c001"": [], ""rbi_mpr_2025_10_p041_c001"": [], ""rbi_mpr_2025_10_p045_c000"": [], ""rbi_mpr_2025_10_p047_c000"": [], ""rbi_mpr_2025_10_p047_c001"": [], ""rbi_mpr_2025_10_p048_c003"": [], ""rbi_mpr_2025_10_p049_c000"": [], ""rbi_mpr_2025_10_p049_c001"": [], ""rbi_mpr_2025_10_p049_c002"": [], ""rbi_mpr_2025_10_p050_c000"": [], ""rbi_mpr_2025_10_p050_c002"": [], ""rbi_mpr_2025_10_p051_c000"": [], ""rbi_mpr_2025_10_p052_c000"": [], ""rbi_mpr_2025_10_p052_c004"": [], ""rbi_mpr_2025_10_p053_c001"": [], ""rbi_mpr_2025_10_p055_c000"": [], ""rbi_mpr_2025_10_p055_c001"": [], ""rbi_mpr_2025_10_p055_c003"": [], ""rbi_mpr_2025_10_p060_c003"": [], ""rbi_mpr_2025_10_p063_c000"": [], ""rbi_mpr_2025_10_p064_c000"": [], ""rbi_mpr_2025_10_p064_c002"": [], ""rbi_mpr_2025_10_p065_c000"": [], ""rbi_mpr_2025_10_p065_c004"": [], ""rbi_mpr_2025_10_p069_c002"": [], ""rbi_mpr_2025_10_p069_c003"": [], ""rbi_mpr_2025_10_p069_c004"": [], ""rbi_mpr_2025_10_p070_c000"": [], ""rbi_mpr_2025_10_p071_c002"": [], ""rbi_mpr_2025_10_p072_c000"": [], ""rbi_mpr_2025_10_p072_c002"": [], ""rbi_mpr_2025_10_p073_c001"": [], ""rbi_mpr_2025_10_p073_c002"": [], ""rbi_mpr_2025_10_p073_c003"": [], ""rbi_mpr_2025_10_p076_c000"": [], ""rbi_mpr_2025_10_p076_c001"": [], ""rbi_mpr_2025_10_p082_c000"": [], ""rbi_mpr_2025_10_p084_c000"": [], ""rbi_mpr_2025_10_p084_c001"": [], ""rbi_mpr_2025_10_p085_c000"": [], ""rbi_mpr_2025_10_p086_c000"": [], ""rbi_mpr_2025_10_p086_c002"": [], ""rbi_mpr_2025_10_p087_c000"": [], ""rbi_mpr_2025_10_p087_c001"": [], ""rbi_mpr_2025_10_p088_c000"": [], ""rbi_mpr_2025_10_p088_c001"": [], ""rbi_mpr_2025_10_p088_c002"": [], ""rbi_mpr_2025_10_p089_c001"": [], ""rbi_mpr_2025_10_p089_c003"": [], ""rbi_mpr_2025_10_p090_c000"": [], ""rbi_mpr_2025_10_p090_c001"": [], ""rbi_mpr_2025_10_p091_c000"": [], ""rbi_mpr_2025_10_p091_c001"": [], ""rbi_mpr_2025_10_p091_c003"": [], ""rbi_mpr_2025_10_p092_c000"": [], ""rbi_mpr_2025_10_p092_c001"": [], ""rbi_mpr_2025_10_p092_c002"": [], ""rbi_mpr_2025_10_p093_c000"": [], ""rbi_mpr_2025_10_p094_c000"": [], ""rbi_mpr_2025_10_p094_c003"": [], ""rbi_mpr_2025_10_p097_c004"": [], ""rbi_mpr_2025_10_p102_c000"": [], ""rbi_mpr_2025_10_p106_c000"": [], ""rbi_mpr_2025_10_p107_c000"": [], ""rbi_mpr_2025_10_p108_c003"": [], ""rbi_mpr_2025_10_p109_c000"": [], ""rbi_mpr_2025_10_p109_c001"": [], ""rbi_mpr_2025_10_p109_c002"": [], ""rbi_mpr_2026_04_p005_c001"": [], ""rbi_mpr_2026_04_p007_c000"": [], ""rbi_mpr_2026_04_p015_c000"": [], ""rbi_mpr_2026_04_p017_c000"": [], ""rbi_mpr_2026_04_p018_c002"": [], ""rbi_mpr_2026_04_p018_c003"": [], ""rbi_mpr_2026_04_p023_c000"": [], ""rbi_mpr_2026_04_p023_c001"": [], ""rbi_mpr_2026_04_p026_c002"": [], ""rbi_mpr_2026_04_p026_c003"": [], ""rbi_mpr_2026_04_p026_c004"": [], ""rbi_mpr_2026_04_p027_c002"": [], ""rbi_mpr_2026_04_p027_c003"": [], ""rbi_mpr_2026_04_p028_c002"": [], ""rbi_mpr_2026_04_p028_c003"": [], ""rbi_mpr_2026_04_p030_c001"": [], ""rbi_mpr_2026_04_p031_c000"": [], ""rbi_mpr_2026_04_p031_c001"": [], ""rbi_mpr_2026_04_p032_c003"": [], ""rbi_mpr_2026_04_p035_c000"": [], ""rbi_mpr_2026_04_p044_c000"": [], ""rbi_mpr_2026_04_p044_c001"": [], ""rbi_mpr_2026_04_p044_c002"": [], ""rbi_mpr_2026_04_p046_c000"": [], ""rbi_mpr_2026_04_p046_c001"": [], ""rbi_mpr_2026_04_p046_c003"": [], ""rbi_mpr_2026_04_p047_c003"": [], ""rbi_mpr_2026_04_p048_c002"": [], ""rbi_mpr_2026_04_p049_c001"": [], ""rbi_mpr_2026_04_p049_c002"": [], ""rbi_mpr_2026_04_p050_c000"": [], ""rbi_mpr_2026_04_p050_c001"": [], ""rbi_mpr_2026_04_p050_c002"": [], ""rbi_mpr_2026_04_p050_c003"": [], ""rbi_mpr_2026_04_p051_c001"": [], ""rbi_mpr_2026_04_p051_c002"": [], ""rbi_mpr_2026_04_p052_c000"": [], ""rbi_mpr_2026_04_p052_c001"": [], ""rbi_mpr_2026_04_p052_c003"": [], ""rbi_mpr_2026_04_p054_c000"": [], ""rbi_mpr_2026_04_p055_c003"": [], ""rbi_mpr_2026_04_p057_c003"": [], ""rbi_mpr_2026_04_p058_c000"": [], ""rbi_mpr_2026_04_p058_c005"": [], ""rbi_mpr_2026_04_p059_c000"": [], ""rbi_mpr_2026_04_p059_c002"": [], ""rbi_mpr_2026_04_p062_c000"": [], ""rbi_mpr_2026_04_p062_c001"": [], ""rbi_mpr_2026_04_p062_c002"": [], ""rbi_mpr_2026_04_p063_c000"": [], ""rbi_mpr_2026_04_p063_c001"": [], ""rbi_mpr_2026_04_p063_c002"": [], ""rbi_mpr_2026_04_p063_c003"": [], ""rbi_mpr_2026_04_p064_c000"": [], ""rbi_mpr_2026_04_p064_c001"": [], ""rbi_mpr_2026_04_p064_c002"": [], ""rbi_mpr_2026_04_p064_c003"": [], ""rbi_mpr_2026_04_p065_c000"": [], ""rbi_mpr_2026_04_p066_c002"": [], ""rbi_mpr_2026_04_p067_c002"": [], ""rbi_mpr_2026_04_p068_c001"": [], ""rbi_mpr_2026_04_p068_c002"": [], ""rbi_mpr_2026_04_p069_c000"": [], ""rbi_mpr_2026_04_p075_c002"": [], ""rbi_mpr_2026_04_p079_c002"": [], ""rbi_mpr_2026_04_p081_c004"": [], ""rbi_mpr_2026_04_p081_c005"": [], ""rbi_mpr_2026_04_p082_c002"": [], ""rbi_mpr_2026_04_p082_c003"": [], ""rbi_mpr_2026_04_p082_c004"": [], ""rbi_mpr_2026_04_p083_c003"": [], ""rbi_mpr_2026_04_p083_c004"": [], ""rbi_mpr_2026_04_p088_c000"": [], ""rbi_mpr_2026_04_p088_c004"": [], ""rbi_mpr_2026_04_p089_c002"": [], ""rbi_mpr_2026_04_p089_c003"": [], ""rbi_mpr_2026_04_p091_c000"": [], ""rbi_mpr_2026_04_p092_c001"": [], ""rbi_mpr_2026_04_p093_c003"": [], ""rbi_mpr_2026_04_p103_c002"": [], ""rbi_mpr_2026_04_p104_c004"": [], ""rbi_mpr_2026_04_p105_c000"": [], ""rbi_mpr_2026_04_p105_c004"": [], ""rbi_mpr_2026_04_p107_c004"": [], ""rbi_mpr_2026_04_p109_c003"": [], ""rbi_mpr_2026_04_p113_c004"": []}, ""candidate_source_facet"": {""rbi_mpr_2025_04_p003_c000"": [], ""rbi_mpr_2025_04_p011_c001"": [], ""rbi_mpr_2025_04_p012_c001"": [], ""rbi_mpr_2025_04_p012_c003"": [], ""rbi_mpr_2025_04_p014_c002"": [], ""rbi_mpr_2025_04_p016_c002"": [], ""rbi_mpr_2025_04_p016_c003"": [], ""rbi_mpr_2025_04_p019_c001"": [], ""rbi_mpr_2025_04_p020_c001"": [], ""rbi_mpr_2025_04_p026_c001"": [], ""rbi_mpr_2025_04_p026_c002"": [], ""rbi_mpr_2025_04_p027_c000"": [], ""rbi_mpr_2025_04_p027_c001"": [], ""rbi_mpr_2025_04_p027_c002"": [], ""rbi_mpr_2025_04_p028_c000"": [], ""rbi_mpr_2025_04_p028_c001"": [], ""rbi_mpr_2025_04_p028_c002"": [], ""rbi_mpr_2025_04_p028_c003"": [], ""rbi_mpr_2025_04_p029_c000"": [], ""rbi_mpr_2025_04_p029_c003"": [], ""rbi_mpr_2025_04_p034_c000"": [], ""rbi_mpr_2025_04_p038_c000"": [], ""rbi_mpr_2025_04_p039_c002"": [], ""rbi_mpr_2025_04_p041_c000"": [], ""rbi_mpr_2025_04_p041_c001"": [], ""rbi_mpr_2025_04_p049_c002"": [], ""rbi_mpr_2025_04_p049_c003"": [], ""rbi_mpr_2025_04_p052_c000"": [], ""rbi_mpr_2025_04_p053_c000"": [], ""rbi_mpr_2025_04_p053_c001"": [], ""rbi_mpr_2025_04_p054_c000"": [], ""rbi_mpr_2025_04_p054_c001"": [], ""rbi_mpr_2025_04_p054_c002"": [], ""rbi_mpr_2025_04_p055_c000"": [], ""rbi_mpr_2025_04_p055_c001"": [], ""rbi_mpr_2025_04_p055_c003"": [], ""rbi_mpr_2025_04_p056_c000"": [], ""rbi_mpr_2025_04_p057_c000"": [], ""rbi_mpr_2025_04_p057_c003"": [], ""rbi_mpr_2025_04_p058_c001"": [], ""rbi_mpr_2025_04_p058_c002"": [], ""rbi_mpr_2025_04_p059_c000"": [], ""rbi_mpr_2025_04_p060_c000"": [], ""rbi_mpr_2025_04_p065_c002"": [], ""rbi_mpr_2025_04_p069_c000"": [], ""rbi_mpr_2025_04_p069_c001"": [], ""rbi_mpr_2025_04_p071_c000"": [], ""rbi_mpr_2025_04_p073_c001"": [], ""rbi_mpr_2025_04_p073_c002"": [], ""rbi_mpr_2025_04_p073_c003"": [], ""rbi_mpr_2025_04_p073_c004"": [], ""rbi_mpr_2025_04_p073_c005"": [], ""rbi_mpr_2025_04_p074_c000"": [], ""rbi_mpr_2025_04_p074_c003"": [], ""rbi_mpr_2025_04_p075_c001"": [], ""rbi_mpr_2025_04_p076_c000"": [], ""rbi_mpr_2025_04_p077_c001"": [], ""rbi_mpr_2025_04_p078_c001"": [], ""rbi_mpr_2025_04_p078_c002"": [], ""rbi_mpr_2025_04_p079_c000"": [], ""rbi_mpr_2025_04_p082_c001"": [], ""rbi_mpr_2025_04_p082_c002"": [], ""rbi_mpr_2025_04_p085_c000"": [], ""rbi_mpr_2025_04_p085_c001"": [], ""rbi_mpr_2025_04_p086_c000"": [], ""rbi_mpr_2025_04_p087_c000"": [], ""rbi_mpr_2025_04_p087_c001"": [], ""rbi_mpr_2025_04_p088_c002"": [], ""rbi_mpr_2025_04_p089_c000"": [], ""rbi_mpr_2025_04_p089_c001"": [], ""rbi_mpr_2025_04_p090_c000"": [], ""rbi_mpr_2025_04_p090_c001"": [], ""rbi_mpr_2025_04_p091_c000"": [], ""rbi_mpr_2025_04_p091_c002"": [], ""rbi_mpr_2025_04_p091_c003"": [], ""rbi_mpr_2025_04_p092_c001"": [], ""rbi_mpr_2025_04_p092_c002"": [], ""rbi_mpr_2025_04_p093_c000"": [], ""rbi_mpr_2025_04_p094_c000"": [], ""rbi_mpr_2025_04_p094_c001"": [], ""rbi_mpr_2025_04_p095_c000"": [], ""rbi_mpr_2025_04_p095_c002"": [], ""rbi_mpr_2025_04_p096_c000"": [], ""rbi_mpr_2025_04_p096_c001"": [], ""rbi_mpr_2025_04_p096_c002"": [], ""rbi_mpr_2025_04_p097_c001"": [], ""rbi_mpr_2025_04_p098_c000"": [], ""rbi_mpr_2025_04_p111_c003"": [], ""rbi_mpr_2025_04_p112_c001"": [], ""rbi_mpr_2025_04_p113_c000"": [], ""rbi_mpr_2025_04_p113_c001"": [], ""rbi_mpr_2025_04_p113_c003"": [], ""rbi_mpr_2025_10_p005_c001"": [], ""rbi_mpr_2025_10_p009_c001"": [], ""rbi_mpr_2025_10_p009_c003"": [], ""rbi_mpr_2025_10_p010_c004"": [], ""rbi_mpr_2025_10_p012_c002"": [], ""rbi_mpr_2025_10_p017_c000"": [], ""rbi_mpr_2025_10_p017_c001"": [], ""rbi_mpr_2025_10_p017_c002"": [], ""rbi_mpr_2025_10_p017_c005"": [], ""rbi_mpr_2025_10_p018_c000"": [], ""rbi_mpr_2025_10_p018_c001"": [], ""rbi_mpr_2025_10_p018_c002"": [], ""rbi_mpr_2025_10_p019_c000"": [], ""rbi_mpr_2025_10_p020_c001"": [], ""rbi_mpr_2025_10_p023_c000"": [], ""rbi_mpr_2025_10_p024_c001"": [], ""rbi_mpr_2025_10_p025_c003"": [], ""rbi_mpr_2025_10_p026_c003"": [], ""rbi_mpr_2025_10_p027_c002"": [], ""rbi_mpr_2025_10_p031_c000"": [], ""rbi_mpr_2025_10_p034_c003"": [], ""rbi_mpr_2025_10_p034_c005"": [], ""rbi_mpr_2025_10_p035_c000"": [], ""rbi_mpr_2025_10_p035_c002"": [], ""rbi_mpr_2025_10_p037_c002"": [], ""rbi_mpr_2025_10_p040_c001"": [], ""rbi_mpr_2025_10_p041_c001"": [], ""rbi_mpr_2025_10_p045_c000"": [], ""rbi_mpr_2025_10_p047_c000"": [], ""rbi_mpr_2025_10_p047_c001"": [], ""rbi_mpr_2025_10_p048_c003"": [], ""rbi_mpr_2025_10_p049_c000"": [], ""rbi_mpr_2025_10_p049_c001"": [], ""rbi_mpr_2025_10_p049_c002"": [], ""rbi_mpr_2025_10_p050_c000"": [], ""rbi_mpr_2025_10_p050_c002"": [], ""rbi_mpr_2025_10_p051_c000"": [], ""rbi_mpr_2025_10_p052_c000"": [], ""rbi_mpr_2025_10_p052_c004"": [], ""rbi_mpr_2025_10_p053_c001"": [], ""rbi_mpr_2025_10_p055_c000"": [], ""rbi_mpr_2025_10_p055_c001"": [], ""rbi_mpr_2025_10_p055_c003"": [], ""rbi_mpr_2025_10_p060_c003"": [], ""rbi_mpr_2025_10_p063_c000"": [], ""rbi_mpr_2025_10_p064_c000"": [], ""rbi_mpr_2025_10_p064_c002"": [], ""rbi_mpr_2025_10_p065_c000"": [], ""rbi_mpr_2025_10_p065_c004"": [], ""rbi_mpr_2025_10_p069_c002"": [], ""rbi_mpr_2025_10_p069_c003"": [], ""rbi_mpr_2025_10_p069_c004"": [], ""rbi_mpr_2025_10_p070_c000"": [], ""rbi_mpr_2025_10_p071_c002"": [], ""rbi_mpr_2025_10_p072_c000"": [], ""rbi_mpr_2025_10_p072_c002"": [], ""rbi_mpr_2025_10_p073_c001"": [], ""rbi_mpr_2025_10_p073_c002"": [], ""rbi_mpr_2025_10_p073_c003"": [], ""rbi_mpr_2025_10_p076_c000"": [], ""rbi_mpr_2025_10_p076_c001"": [], ""rbi_mpr_2025_10_p082_c000"": [], ""rbi_mpr_2025_10_p084_c000"": [], ""rbi_mpr_2025_10_p084_c001"": [], ""rbi_mpr_2025_10_p085_c000"": [], ""rbi_mpr_2025_10_p086_c000"": [], ""rbi_mpr_2025_10_p086_c002"": [], ""rbi_mpr_2025_10_p087_c000"": [], ""rbi_mpr_2025_10_p087_c001"": [], ""rbi_mpr_2025_10_p088_c000"": [], ""rbi_mpr_2025_10_p088_c001"": [], ""rbi_mpr_2025_10_p088_c002"": [], ""rbi_mpr_2025_10_p089_c001"": [], ""rbi_mpr_2025_10_p089_c003"": [], ""rbi_mpr_2025_10_p090_c000"": [], ""rbi_mpr_2025_10_p090_c001"": [], ""rbi_mpr_2025_10_p091_c000"": [], ""rbi_mpr_2025_10_p091_c001"": [], ""rbi_mpr_2025_10_p091_c003"": [], ""rbi_mpr_2025_10_p092_c000"": [], ""rbi_mpr_2025_10_p092_c001"": [], ""rbi_mpr_2025_10_p092_c002"": [], ""rbi_mpr_2025_10_p093_c000"": [], ""rbi_mpr_2025_10_p094_c000"": [], ""rbi_mpr_2025_10_p094_c003"": [], ""rbi_mpr_2025_10_p097_c004"": [], ""rbi_mpr_2025_10_p102_c000"": [], ""rbi_mpr_2025_10_p106_c000"": [], ""rbi_mpr_2025_10_p107_c000"": [], ""rbi_mpr_2025_10_p108_c003"": [], ""rbi_mpr_2025_10_p109_c000"": [], ""rbi_mpr_2025_10_p109_c001"": [], ""rbi_mpr_2025_10_p109_c002"": [], ""rbi_mpr_2026_04_p005_c001"": [], ""rbi_mpr_2026_04_p007_c000"": [], ""rbi_mpr_2026_04_p015_c000"": [], ""rbi_mpr_2026_04_p017_c000"": [], ""rbi_mpr_2026_04_p018_c002"": [], ""rbi_mpr_2026_04_p018_c003"": [], ""rbi_mpr_2026_04_p023_c000"": [], ""rbi_mpr_2026_04_p023_c001"": [], ""rbi_mpr_2026_04_p026_c002"": [], ""rbi_mpr_2026_04_p026_c003"": [], ""rbi_mpr_2026_04_p026_c004"": [], ""rbi_mpr_2026_04_p027_c002"": [], ""rbi_mpr_2026_04_p027_c003"": [], ""rbi_mpr_2026_04_p028_c002"": [], ""rbi_mpr_2026_04_p028_c003"": [], ""rbi_mpr_2026_04_p030_c001"": [], ""rbi_mpr_2026_04_p031_c000"": [], ""rbi_mpr_2026_04_p031_c001"": [], ""rbi_mpr_2026_04_p032_c003"": [], ""rbi_mpr_2026_04_p035_c000"": [], ""rbi_mpr_2026_04_p044_c000"": [], ""rbi_mpr_2026_04_p044_c001"": [], ""rbi_mpr_2026_04_p044_c002"": [], ""rbi_mpr_2026_04_p046_c000"": [], ""rbi_mpr_2026_04_p046_c001"": [], ""rbi_mpr_2026_04_p046_c003"": [], ""rbi_mpr_2026_04_p047_c003"": [], ""rbi_mpr_2026_04_p048_c002"": [], ""rbi_mpr_2026_04_p049_c001"": [], ""rbi_mpr_2026_04_p049_c002"": [], ""rbi_mpr_2026_04_p050_c000"": [], ""rbi_mpr_2026_04_p050_c001"": [], ""rbi_mpr_2026_04_p050_c002"": [], ""rbi_mpr_2026_04_p050_c003"": [], ""rbi_mpr_2026_04_p051_c001"": [], ""rbi_mpr_2026_04_p051_c002"": [], ""rbi_mpr_2026_04_p052_c000"": [], ""rbi_mpr_2026_04_p052_c001"": [], ""rbi_mpr_2026_04_p052_c003"": [], ""rbi_mpr_2026_04_p054_c000"": [], ""rbi_mpr_2026_04_p055_c003"": [], ""rbi_mpr_2026_04_p057_c003"": [], ""rbi_mpr_2026_04_p058_c000"": [], ""rbi_mpr_2026_04_p058_c005"": [], ""rbi_mpr_2026_04_p059_c000"": [], ""rbi_mpr_2026_04_p059_c002"": [], ""rbi_mpr_2026_04_p062_c000"": [], ""rbi_mpr_2026_04_p062_c001"": [], ""rbi_mpr_2026_04_p062_c002"": [], ""rbi_mpr_2026_04_p063_c000"": [], ""rbi_mpr_2026_04_p063_c001"": [], ""rbi_mpr_2026_04_p063_c002"": [], ""rbi_mpr_2026_04_p063_c003"": [], ""rbi_mpr_2026_04_p064_c000"": [], ""rbi_mpr_2026_04_p064_c001"": [], ""rbi_mpr_2026_04_p064_c002"": [], ""rbi_mpr_2026_04_p064_c003"": [], ""rbi_mpr_2026_04_p065_c000"": [], ""rbi_mpr_2026_04_p066_c002"": [], ""rbi_mpr_2026_04_p067_c002"": [], ""rbi_mpr_2026_04_p068_c001"": [], ""rbi_mpr_2026_04_p068_c002"": [], ""rbi_mpr_2026_04_p069_c000"": [], ""rbi_mpr_2026_04_p075_c002"": [], ""rbi_mpr_2026_04_p079_c002"": [], ""rbi_mpr_2026_04_p081_c004"": [], ""rbi_mpr_2026_04_p081_c005"": [], ""rbi_mpr_2026_04_p082_c002"": [], ""rbi_mpr_2026_04_p082_c003"": [], ""rbi_mpr_2026_04_p082_c004"": [], ""rbi_mpr_2026_04_p083_c003"": [], ""rbi_mpr_2026_04_p083_c004"": [], ""rbi_mpr_2026_04_p088_c000"": [], ""rbi_mpr_2026_04_p088_c004"": [], ""rbi_mpr_2026_04_p089_c002"": [], ""rbi_mpr_2026_04_p089_c003"": [], ""rbi_mpr_2026_04_p091_c000"": [], ""rbi_mpr_2026_04_p092_c001"": [], ""rbi_mpr_2026_04_p093_c003"": [], ""rbi_mpr_2026_04_p103_c002"": [], ""rbi_mpr_2026_04_p104_c004"": [], ""rbi_mpr_2026_04_p105_c000"": [], ""rbi_mpr_2026_04_p105_c004"": [], ""rbi_mpr_2026_04_p107_c004"": [], ""rbi_mpr_2026_04_p109_c003"": [], ""rbi_mpr_2026_04_p113_c004"": []}, ""candidate_source_query"": {""rbi_mpr_2025_04_p003_c000"": [""How did central-government borrowing context change across the reports?""], ""rbi_mpr_2025_04_p011_c001"": [""How did central-government borrowing context change across the reports?""], ""rbi_mpr_2025_04_p012_c001"": [""How did central-government borrowing context change across the reports?""], ""rbi_mpr_2025_04_p012_c003"": [""How did central-government borrowing context change across the reports?""], ""rbi_mpr_2025_04_p014_c002"": [""How did central-government borrowing context change across the reports?""], ""rbi_mpr_2025_04_p016_c002"": [""How did central-government borrowing context change across the reports?""], ""rbi_mpr_2025_04_p016_c003"": [""How did central-government borrowing context change across the reports?""], ""rbi_mpr_2025_04_p019_c001"": [""How did central-government borrowing context change across the reports?""], ""rbi_mpr_2025_04_p020_c001"": [""How did central-government borrowing context change across the reports?""], ""rbi_mpr_2025_04_p026_c001"": [""How did central-government borrowing context change across the reports?""], ""rbi_mpr_2025_04_p026_c002"": [""How did central-government borrowing context change across the reports?""], ""rbi_mpr_2025_04_p027_c000"": [""How did central-government borrowing context change across the reports?""], ""rbi_mpr_2025_04_p027_c001"": [""How did central-government borrowing context change across the reports?""], ""rbi_mpr_2025_04_p027_c002"": [""How did central-government borrowing context change across the reports?""], ""rbi_mpr_2025_04_p028_c000"": [""How did central-government borrowing context change across the reports?""], ""rbi_mpr_2025_04_p028_c001"": [""How did central-government borrowing context change across the reports?""], ""rbi_mpr_2025_04_p028_c002"": [""How did central-government borrowing context change across the reports?""], ""rbi_mpr_2025_04_p028_c003"": [""How did central-government borrowing context change across the reports?""], ""rbi_mpr_2025_04_p029_c000"": [""How did central-government borrowing context change across the reports?""], ""rbi_mpr_2025_04_p029_c003"": [""How did central-government borrowing context change across the reports?""], ""rbi_mpr_2025_04_p034_c000"": [""How did central-government borrowing context change across the reports?""], ""rbi_mpr_2025_04_p038_c000"": [""How did central-government borrowing context change across the reports?""], ""rbi_mpr_2025_04_p039_c002"": [""How did central-government borrowing context change across the reports?""], ""rbi_mpr_2025_04_p041_c000"": [""How did central-government borrowing context change across the reports?""], ""rbi_mpr_2025_04_p041_c001"": [""How did central-government borrowing context change across the reports?""], ""rbi_mpr_2025_04_p049_c002"": [""How did central-government borrowing context change across the reports?""], ""rbi_mpr_2025_04_p049_c003"": [""How did central-government borrowing context change across the reports?""], ""rbi_mpr_2025_04_p052_c000"": [""How did central-government borrowing context change across the reports?""], ""rbi_mpr_2025_04_p053_c000"": [""How did central-government borrowing context change across the reports?""], ""rbi_mpr_2025_04_p053_c001"": [""How did central-government borrowing context change across the reports?""], ""rbi_mpr_2025_04_p054_c000"": [""How did central-government borrowing context change across the reports?""], ""rbi_mpr_2025_04_p054_c001"": [""How did central-government borrowing context change across the reports?""], ""rbi_mpr_2025_04_p054_c002"": [""How did central-government borrowing context change across the reports?""], ""rbi_mpr_2025_04_p055_c000"": [""How did central-government borrowing context change across the reports?""], ""rbi_mpr_2025_04_p055_c001"": [""How did central-government borrowing context change across the reports?""], ""rbi_mpr_2025_04_p055_c003"": [""How did central-government borrowing context change across the reports?""], ""rbi_mpr_2025_04_p056_c000"": [""How did central-government borrowing context change across the reports?""], ""rbi_mpr_2025_04_p057_c000"": [""How did central-government borrowing context change across the reports?""], ""rbi_mpr_2025_04_p057_c003"": [""How did central-government borrowing context change across the reports?""], ""rbi_mpr_2025_04_p058_c001"": [""How did central-government borrowing context change across the reports?""], ""rbi_mpr_2025_04_p058_c002"": [""How did central-government borrowing context change across the reports?""], ""rbi_mpr_2025_04_p059_c000"": [""How did central-government borrowing context change across the reports?""], ""rbi_mpr_2025_04_p060_c000"": [""How did central-government borrowing context change across the reports?""], ""rbi_mpr_2025_04_p065_c002"": [""How did central-government borrowing context change across the reports?""], ""rbi_mpr_2025_04_p069_c000"": [""How did central-government borrowing context change across the reports?""], ""rbi_mpr_2025_04_p069_c001"": [""How did central-government borrowing context change across the reports?""], ""rbi_mpr_2025_04_p071_c000"": [""How did central-government borrowing context change across the reports?""], ""rbi_mpr_2025_04_p073_c001"": [""How did central-government borrowing context change across the reports?""], ""rbi_mpr_2025_04_p073_c002"": [""How did central-government borrowing context change across the reports?""], ""rbi_mpr_2025_04_p073_c003"": [""How did central-government borrowing context change across the reports?""], ""rbi_mpr_2025_04_p073_c004"": [""How did central-government borrowing context change across the reports?""], ""rbi_mpr_2025_04_p073_c005"": [""How did central-government borrowing context change across the reports?""], ""rbi_mpr_2025_04_p074_c000"": [""How did central-government borrowing context change across the reports?""], ""rbi_mpr_2025_04_p074_c003"": [""How did central-government borrowing context change across the reports?""], ""rbi_mpr_2025_04_p075_c001"": [""How did central-government borrowing context change across the reports?""], ""rbi_mpr_2025_04_p076_c000"": [""How did central-government borrowing context change across the reports?""], ""rbi_mpr_2025_04_p077_c001"": [""How did central-government borrowing context change across the reports?""], ""rbi_mpr_2025_04_p078_c001"": [""How did central-government borrowing context change across the reports?""], ""rbi_mpr_2025_04_p078_c002"": [""How did central-government borrowing context change across the reports?""], ""rbi_mpr_2025_04_p079_c000"": [""How did central-government borrowing context change across the reports?""], ""rbi_mpr_2025_04_p082_c001"": [""How did central-government borrowing context change across the reports?""], ""rbi_mpr_2025_04_p082_c002"": [""How did central-government borrowing context change across the reports?""], ""rbi_mpr_2025_04_p085_c000"": [""How did central-government borrowing context change across the reports?""], ""rbi_mpr_2025_04_p085_c001"": [""How did central-government borrowing context change across the reports?""], ""rbi_mpr_2025_04_p086_c000"": [""How did central-government borrowing context change across the reports?""], ""rbi_mpr_2025_04_p087_c000"": [""How did central-government borrowing context change across the reports?""], ""rbi_mpr_2025_04_p087_c001"": [""How did central-government borrowing context change across the reports?""], ""rbi_mpr_2025_04_p088_c002"": [""How did central-government borrowing context change across the reports?""], ""rbi_mpr_2025_04_p089_c000"": [""How did central-government borrowing context change across the reports?""], ""rbi_mpr_2025_04_p089_c001"": [""How did central-government borrowing context change across the reports?""], ""rbi_mpr_2025_04_p090_c000"": [""How did central-government borrowing context change across the reports?""], ""rbi_mpr_2025_04_p090_c001"": [""How did central-government borrowing context change across the reports?""], ""rbi_mpr_2025_04_p091_c000"": [""How did central-government borrowing context change across the reports?""], ""rbi_mpr_2025_04_p091_c002"": [""How did central-government borrowing context change across the reports?""], ""rbi_mpr_2025_04_p091_c003"": [""How did central-government borrowing context change across the reports?""], ""rbi_mpr_2025_04_p092_c001"": [""How did central-government borrowing context change across the reports?""], ""rbi_mpr_2025_04_p092_c002"": [""How did central-government borrowing context change across the reports?""], ""rbi_mpr_2025_04_p093_c000"": [""How did central-government borrowing context change across the reports?""], ""rbi_mpr_2025_04_p094_c000"": [""How did central-government borrowing context change across the reports?""], ""rbi_mpr_2025_04_p094_c001"": [""How did central-government borrowing context change across the reports?""], ""rbi_mpr_2025_04_p095_c000"": [""How did central-government borrowing context change across the reports?""], ""rbi_mpr_2025_04_p095_c002"": [""How did central-government borrowing context change across the reports?""], ""rbi_mpr_2025_04_p096_c000"": [""How did central-government borrowing context change across the reports?""], ""rbi_mpr_2025_04_p096_c001"": [""How did central-government borrowing context change across the reports?""], ""rbi_mpr_2025_04_p096_c002"": [""How did central-government borrowing context change across the reports?""], ""rbi_mpr_2025_04_p097_c001"": [""How did central-government borrowing context change across the reports?""], ""rbi_mpr_2025_04_p098_c000"": [""How did central-government borrowing context change across the reports?""], ""rbi_mpr_2025_04_p111_c003"": [""How did central-government borrowing context change across the reports?""], ""rbi_mpr_2025_04_p112_c001"": [""How did central-government borrowing context change across the reports?""], ""rbi_mpr_2025_04_p113_c000"": [""How did central-government borrowing context change across the reports?""], ""rbi_mpr_2025_04_p113_c001"": [""How did central-government borrowing context change across the reports?""], ""rbi_mpr_2025_04_p113_c003"": [""How did central-government borrowing context change across the reports?""], ""rbi_mpr_2025_10_p005_c001"": [""How did central-government borrowing context change across the reports?""], ""rbi_mpr_2025_10_p009_c001"": [""How did central-government borrowing context change across the reports?""], ""rbi_mpr_2025_10_p009_c003"": [""How did central-government borrowing context change across the reports?""], ""rbi_mpr_2025_10_p010_c004"": [""How did central-government borrowing context change across the reports?""], ""rbi_mpr_2025_10_p012_c002"": [""How did central-government borrowing context change across the reports?""], ""rbi_mpr_2025_10_p017_c000"": [""How did central-government borrowing context change across the reports?""], ""rbi_mpr_2025_10_p017_c001"": [""How did central-government borrowing context change across the reports?""], ""rbi_mpr_2025_10_p017_c002"": [""How did central-government borrowing context change across the reports?""], ""rbi_mpr_2025_10_p017_c005"": [""How did central-government borrowing context change across the reports?""], ""rbi_mpr_2025_10_p018_c000"": [""How did central-government borrowing context change across the reports?""], ""rbi_mpr_2025_10_p018_c001"": [""How did central-government borrowing context change across the reports?""], ""rbi_mpr_2025_10_p018_c002"": [""How did central-government borrowing context change across the reports?""], ""rbi_mpr_2025_10_p019_c000"": [""How did central-government borrowing context change across the reports?""], ""rbi_mpr_2025_10_p020_c001"": [""How did central-government borrowing context change across the reports?""], ""rbi_mpr_2025_10_p023_c000"": [""How did central-government borrowing context change across the reports?""], ""rbi_mpr_2025_10_p024_c001"": [""How did central-government borrowing context change across the reports?""], ""rbi_mpr_2025_10_p025_c003"": [""How did central-government borrowing context change across the reports?""], ""rbi_mpr_2025_10_p026_c003"": [""How did central-government borrowing context change across the reports?""], ""rbi_mpr_2025_10_p027_c002"": [""How did central-government borrowing context change across the reports?""], ""rbi_mpr_2025_10_p031_c000"": [""How did central-government borrowing context change across the reports?""], ""rbi_mpr_2025_10_p034_c003"": [""How did central-government borrowing context change across the reports?""], ""rbi_mpr_2025_10_p034_c005"": [""How did central-government borrowing context change across the reports?""], ""rbi_mpr_2025_10_p035_c000"": [""How did central-government borrowing context change across the reports?""], ""rbi_mpr_2025_10_p035_c002"": [""How did central-government borrowing context change across the reports?""], ""rbi_mpr_2025_10_p037_c002"": [""How did central-government borrowing context change across the reports?""], ""rbi_mpr_2025_10_p040_c001"": [""How did central-government borrowing context change across the reports?""], ""rbi_mpr_2025_10_p041_c001"": [""How did central-government borrowing context change across the reports?""], ""rbi_mpr_2025_10_p045_c000"": [""How did central-government borrowing context change across the reports?""], ""rbi_mpr_2025_10_p047_c000"": [""How did central-government borrowing context change across the reports?""], ""rbi_mpr_2025_10_p047_c001"": [""How did central-government borrowing context change across the reports?""], ""rbi_mpr_2025_10_p048_c003"": [""How did central-government borrowing context change across the reports?""], ""rbi_mpr_2025_10_p049_c000"": [""How did central-government borrowing context change across the reports?""], ""rbi_mpr_2025_10_p049_c001"": [""How did central-government borrowing context change across the reports?""], ""rbi_mpr_2025_10_p049_c002"": [""How did central-government borrowing context change across the reports?""], ""rbi_mpr_2025_10_p050_c000"": [""How did central-government borrowing context change across the reports?""], ""rbi_mpr_2025_10_p050_c002"": [""How did central-government borrowing context change across the reports?""], ""rbi_mpr_2025_10_p051_c000"": [""How did central-government borrowing context change across the reports?""], ""rbi_mpr_2025_10_p052_c000"": [""How did central-government borrowing context change across the reports?""], ""rbi_mpr_2025_10_p052_c004"": [""How did central-government borrowing context change across the reports?""], ""rbi_mpr_2025_10_p053_c001"": [""How did central-government borrowing context change across the reports?""], ""rbi_mpr_2025_10_p055_c000"": [""How did central-government borrowing context change across the reports?""], ""rbi_mpr_2025_10_p055_c001"": [""How did central-government borrowing context change across the reports?""], ""rbi_mpr_2025_10_p055_c003"": [""How did central-government borrowing context change across the reports?""], ""rbi_mpr_2025_10_p060_c003"": [""How did central-government borrowing context change across the reports?""], ""rbi_mpr_2025_10_p063_c000"": [""How did central-government borrowing context change across the reports?""], ""rbi_mpr_2025_10_p064_c000"": [""How did central-government borrowing context change across the reports?""], ""rbi_mpr_2025_10_p064_c002"": [""How did central-government borrowing context change across the reports?""], ""rbi_mpr_2025_10_p065_c000"": [""How did central-government borrowing context change across the reports?""], ""rbi_mpr_2025_10_p065_c004"": [""How did central-government borrowing context change across the reports?""], ""rbi_mpr_2025_10_p069_c002"": [""How did central-government borrowing context change across the reports?""], ""rbi_mpr_2025_10_p069_c003"": [""How did central-government borrowing context change across the reports?""], ""rbi_mpr_2025_10_p069_c004"": [""How did central-government borrowing context change across the reports?""], ""rbi_mpr_2025_10_p070_c000"": [""How did central-government borrowing context change across the reports?""], ""rbi_mpr_2025_10_p071_c002"": [""How did central-government borrowing context change across the reports?""], ""rbi_mpr_2025_10_p072_c000"": [""How did central-government borrowing context change across the reports?""], ""rbi_mpr_2025_10_p072_c002"": [""How did central-government borrowing context change across the reports?""], ""rbi_mpr_2025_10_p073_c001"": [""How did central-government borrowing context change across the reports?""], ""rbi_mpr_2025_10_p073_c002"": [""How did central-government borrowing context change across the reports?""], ""rbi_mpr_2025_10_p073_c003"": [""How did central-government borrowing context change across the reports?""], ""rbi_mpr_2025_10_p076_c000"": [""How did central-government borrowing context change across the reports?""], ""rbi_mpr_2025_10_p076_c001"": [""How did central-government borrowing context change across the reports?""], ""rbi_mpr_2025_10_p082_c000"": [""How did central-government borrowing context change across the reports?""], ""rbi_mpr_2025_10_p084_c000"": [""How did central-government borrowing context change across the reports?""], ""rbi_mpr_2025_10_p084_c001"": [""How did central-government borrowing context change across the reports?""], ""rbi_mpr_2025_10_p085_c000"": [""How did central-government borrowing context change across the reports?""], ""rbi_mpr_2025_10_p086_c000"": [""How did central-government borrowing context change across the reports?""], ""rbi_mpr_2025_10_p086_c002"": [""How did central-government borrowing context change across the reports?""], ""rbi_mpr_2025_10_p087_c000"": [""How did central-government borrowing context change across the reports?""], ""rbi_mpr_2025_10_p087_c001"": [""How did central-government borrowing context change across the reports?""], ""rbi_mpr_2025_10_p088_c000"": [""How did central-government borrowing context change across the reports?""], ""rbi_mpr_2025_10_p088_c001"": [""How did central-government borrowing context change across the reports?""], ""rbi_mpr_2025_10_p088_c002"": [""How did central-government borrowing context change across the reports?""], ""rbi_mpr_2025_10_p089_c001"": [""How did central-government borrowing context change across the reports?""], ""rbi_mpr_2025_10_p089_c003"": [""How did central-government borrowing context change across the reports?""], ""rbi_mpr_2025_10_p090_c000"": [""How did central-government borrowing context change across the reports?""], ""rbi_mpr_2025_10_p090_c001"": [""How did central-government borrowing context change across the reports?""], ""rbi_mpr_2025_10_p091_c000"": [""How did central-government borrowing context change across the reports?""], ""rbi_mpr_2025_10_p091_c001"": [""How did central-government borrowing context change across the reports?""], ""rbi_mpr_2025_10_p091_c003"": [""How did central-government borrowing context change across the reports?""], ""rbi_mpr_2025_10_p092_c000"": [""How did central-government borrowing context change across the reports?""], ""rbi_mpr_2025_10_p092_c001"": [""How did central-government borrowing context change across the reports?""], ""rbi_mpr_2025_10_p092_c002"": [""How did central-government borrowing context change across the reports?""], ""rbi_mpr_2025_10_p093_c000"": [""How did central-government borrowing context change across the reports?""], ""rbi_mpr_2025_10_p094_c000"": [""How did central-government borrowing context change across the reports?""], ""rbi_mpr_2025_10_p094_c003"": [""How did central-government borrowing context change across the reports?""], ""rbi_mpr_2025_10_p097_c004"": [""How did central-government borrowing context change across the reports?""], ""rbi_mpr_2025_10_p102_c000"": [""How did central-government borrowing context change across the reports?""], ""rbi_mpr_2025_10_p106_c000"": [""How did central-government borrowing context change across the reports?""], ""rbi_mpr_2025_10_p107_c000"": [""How did central-government borrowing context change across the reports?""], ""rbi_mpr_2025_10_p108_c003"": [""How did central-government borrowing context change across the reports?""], ""rbi_mpr_2025_10_p109_c000"": [""How did central-government borrowing context change across the reports?""], ""rbi_mpr_2025_10_p109_c001"": [""How did central-government borrowing context change across the reports?""], ""rbi_mpr_2025_10_p109_c002"": [""How did central-government borrowing context change across the reports?""], ""rbi_mpr_2026_04_p005_c001"": [""How did central-government borrowing context change across the reports?""], ""rbi_mpr_2026_04_p007_c000"": [""How did central-government borrowing context change across the reports?""], ""rbi_mpr_2026_04_p015_c000"": [""How did central-government borrowing context change across the reports?""], ""rbi_mpr_2026_04_p017_c000"": [""How did central-government borrowing context change across the reports?""], ""rbi_mpr_2026_04_p018_c002"": [""How did central-government borrowing context change across the reports?""], ""rbi_mpr_2026_04_p018_c003"": [""How did central-government borrowing context change across the reports?""], ""rbi_mpr_2026_04_p023_c000"": [""How did central-government borrowing context change across the reports?""], ""rbi_mpr_2026_04_p023_c001"": [""How did central-government borrowing context change across the reports?""], ""rbi_mpr_2026_04_p026_c002"": [""How did central-government borrowing context change across the reports?""], ""rbi_mpr_2026_04_p026_c003"": [""How did central-government borrowing context change across the reports?""], ""rbi_mpr_2026_04_p026_c004"": [""How did central-government borrowing context change across the reports?""], ""rbi_mpr_2026_04_p027_c002"": [""How did central-government borrowing context change across the reports?""], ""rbi_mpr_2026_04_p027_c003"": [""How did central-government borrowing context change across the reports?""], ""rbi_mpr_2026_04_p028_c002"": [""How did central-government borrowing context change across the reports?""], ""rbi_mpr_2026_04_p028_c003"": [""How did central-government borrowing context change across the reports?""], ""rbi_mpr_2026_04_p030_c001"": [""How did central-government borrowing context change across the reports?""], ""rbi_mpr_2026_04_p031_c000"": [""How did central-government borrowing context change across the reports?""], ""rbi_mpr_2026_04_p031_c001"": [""How did central-government borrowing context change across the reports?""], ""rbi_mpr_2026_04_p032_c003"": [""How did central-government borrowing context change across the reports?""], ""rbi_mpr_2026_04_p035_c000"": [""How did central-government borrowing context change across the reports?""], ""rbi_mpr_2026_04_p044_c000"": [""How did central-government borrowing context change across the reports?""], ""rbi_mpr_2026_04_p044_c001"": [""How did central-government borrowing context change across the reports?""], ""rbi_mpr_2026_04_p044_c002"": [""How did central-government borrowing context change across the reports?""], ""rbi_mpr_2026_04_p046_c000"": [""How did central-government borrowing context change across the reports?""], ""rbi_mpr_2026_04_p046_c001"": [""How did central-government borrowing context change across the reports?""], ""rbi_mpr_2026_04_p046_c003"": [""How did central-government borrowing context change across the reports?""], ""rbi_mpr_2026_04_p047_c003"": [""How did central-government borrowing context change across the reports?""], ""rbi_mpr_2026_04_p048_c002"": [""How did central-government borrowing context change across the reports?""], ""rbi_mpr_2026_04_p049_c001"": [""How did central-government borrowing context change across the reports?""], ""rbi_mpr_2026_04_p049_c002"": [""How did central-government borrowing context change across the reports?""], ""rbi_mpr_2026_04_p050_c000"": [""How did central-government borrowing context change across the reports?""], ""rbi_mpr_2026_04_p050_c001"": [""How did central-government borrowing context change across the reports?""], ""rbi_mpr_2026_04_p050_c002"": [""How did central-government borrowing context change across the reports?""], ""rbi_mpr_2026_04_p050_c003"": [""How did central-government borrowing context change across the reports?""], ""rbi_mpr_2026_04_p051_c001"": [""How did central-government borrowing context change across the reports?""], ""rbi_mpr_2026_04_p051_c002"": [""How did central-government borrowing context change across the reports?""], ""rbi_mpr_2026_04_p052_c000"": [""How did central-government borrowing context change across the reports?""], ""rbi_mpr_2026_04_p052_c001"": [""How did central-government borrowing context change across the reports?""], ""rbi_mpr_2026_04_p052_c003"": [""How did central-government borrowing context change across the reports?""], ""rbi_mpr_2026_04_p054_c000"": [""How did central-government borrowing context change across the reports?""], ""rbi_mpr_2026_04_p055_c003"": [""How did central-government borrowing context change across the reports?""], ""rbi_mpr_2026_04_p057_c003"": [""How did central-government borrowing context change across the reports?""], ""rbi_mpr_2026_04_p058_c000"": [""How did central-government borrowing context change across the reports?""], ""rbi_mpr_2026_04_p058_c005"": [""How did central-government borrowing context change across the reports?""], ""rbi_mpr_2026_04_p059_c000"": [""How did central-government borrowing context change across the reports?""], ""rbi_mpr_2026_04_p059_c002"": [""How did central-government borrowing context change across the reports?""], ""rbi_mpr_2026_04_p062_c000"": [""How did central-government borrowing context change across the reports?""], ""rbi_mpr_2026_04_p062_c001"": [""How did central-government borrowing context change across the reports?""], ""rbi_mpr_2026_04_p062_c002"": [""How did central-government borrowing context change across the reports?""], ""rbi_mpr_2026_04_p063_c000"": [""How did central-government borrowing context change across the reports?""], ""rbi_mpr_2026_04_p063_c001"": [""How did central-government borrowing context change across the reports?""], ""rbi_mpr_2026_04_p063_c002"": [""How did central-government borrowing context change across the reports?""], ""rbi_mpr_2026_04_p063_c003"": [""How did central-government borrowing context change across the reports?""], ""rbi_mpr_2026_04_p064_c000"": [""How did central-government borrowing context change across the reports?""], ""rbi_mpr_2026_04_p064_c001"": [""How did central-government borrowing context change across the reports?""], ""rbi_mpr_2026_04_p064_c002"": [""How did central-government borrowing context change across the reports?""], ""rbi_mpr_2026_04_p064_c003"": [""How did central-government borrowing context change across the reports?""], ""rbi_mpr_2026_04_p065_c000"": [""How did central-government borrowing context change across the reports?""], ""rbi_mpr_2026_04_p066_c002"": [""How did central-government borrowing context change across the reports?""], ""rbi_mpr_2026_04_p067_c002"": [""How did central-government borrowing context change across the reports?""], ""rbi_mpr_2026_04_p068_c001"": [""How did central-government borrowing context change across the reports?""], ""rbi_mpr_2026_04_p068_c002"": [""How did central-government borrowing context change across the reports?""], ""rbi_mpr_2026_04_p069_c000"": [""How did central-government borrowing context change across the reports?""], ""rbi_mpr_2026_04_p075_c002"": [""How did central-government borrowing context change across the reports?""], ""rbi_mpr_2026_04_p079_c002"": [""How did central-government borrowing context change across the reports?""], ""rbi_mpr_2026_04_p081_c004"": [""How did central-government borrowing context change across the reports?""], ""rbi_mpr_2026_04_p081_c005"": [""How did central-government borrowing context change across the reports?""], ""rbi_mpr_2026_04_p082_c002"": [""How did central-government borrowing context change across the reports?""], ""rbi_mpr_2026_04_p082_c003"": [""How did central-government borrowing context change across the reports?""], ""rbi_mpr_2026_04_p082_c004"": [""How did central-government borrowing context change across the reports?""], ""rbi_mpr_2026_04_p083_c003"": [""How did central-government borrowing context change across the reports?""], ""rbi_mpr_2026_04_p083_c004"": [""How did central-government borrowing context change across the reports?""], ""rbi_mpr_2026_04_p088_c000"": [""How did central-government borrowing context change across the reports?""], ""rbi_mpr_2026_04_p088_c004"": [""How did central-government borrowing context change across the reports?""], ""rbi_mpr_2026_04_p089_c002"": [""How did central-government borrowing context change across the reports?""], ""rbi_mpr_2026_04_p089_c003"": [""How did central-government borrowing context change across the reports?""], ""rbi_mpr_2026_04_p091_c000"": [""How did central-government borrowing context change across the reports?""], ""rbi_mpr_2026_04_p092_c001"": [""How did central-government borrowing context change across the reports?""], ""rbi_mpr_2026_04_p093_c003"": [""How did central-government borrowing context change across the reports?""], ""rbi_mpr_2026_04_p103_c002"": [""How did central-government borrowing context change across the reports?""], ""rbi_mpr_2026_04_p104_c004"": [""How did central-government borrowing context change across the reports?""], ""rbi_mpr_2026_04_p105_c000"": [""How did central-government borrowing context change across the reports?""], ""rbi_mpr_2026_04_p105_c004"": [""How did central-government borrowing context change across the reports?""], ""rbi_mpr_2026_04_p107_c004"": [""How did central-government borrowing context change across the reports?""], ""rbi_mpr_2026_04_p109_c003"": [""How did central-government borrowing context change across the reports?""], ""rbi_mpr_2026_04_p113_c004"": [""How did central-government borrowing context change across the reports?""]}, ""candidate_source_retriever"": {""rbi_mpr_2025_04_p003_c000"": [""dense""], ""rbi_mpr_2025_04_p011_c001"": [""bm25""], ""rbi_mpr_2025_04_p012_c001"": [""bm25""], ""rbi_mpr_2025_04_p012_c003"": [""bm25""], ""rbi_mpr_2025_04_p014_c002"": [""bm25""], ""rbi_mpr_2025_04_p016_c002"": [""bm25""], ""rbi_mpr_2025_04_p016_c003"": [""bm25""], ""rbi_mpr_2025_04_p019_c001"": [""bm25""], ""rbi_mpr_2025_04_p020_c001"": [""bm25""], ""rbi_mpr_2025_04_p026_c001"": [""bm25""], ""rbi_mpr_2025_04_p026_c002"": [""bm25""], ""rbi_mpr_2025_04_p027_c000"": [""bm25""], ""rbi_mpr_2025_04_p027_c001"": [""bm25""], ""rbi_mpr_2025_04_p027_c002"": [""bm25""], ""rbi_mpr_2025_04_p028_c000"": [""bm25""], ""rbi_mpr_2025_04_p028_c001"": [""bm25""], ""rbi_mpr_2025_04_p028_c002"": [""bm25""], ""rbi_mpr_2025_04_p028_c003"": [""bm25""], ""rbi_mpr_2025_04_p029_c000"": [""bm25""], ""rbi_mpr_2025_04_p029_c003"": [""bm25""], ""rbi_mpr_2025_04_p034_c000"": [""bm25""], ""rbi_mpr_2025_04_p038_c000"": [""bm25""], ""rbi_mpr_2025_04_p039_c002"": [""bm25""], ""rbi_mpr_2025_04_p041_c000"": [""dense""], ""rbi_mpr_2025_04_p041_c001"": [""bm25""], ""rbi_mpr_2025_04_p049_c002"": [""dense""], ""rbi_mpr_2025_04_p049_c003"": [""dense""], ""rbi_mpr_2025_04_p052_c000"": [""dense""], ""rbi_mpr_2025_04_p053_c000"": [""dense""], ""rbi_mpr_2025_04_p053_c001"": [""dense""], ""rbi_mpr_2025_04_p054_c000"": [""dense""], ""rbi_mpr_2025_04_p054_c001"": [""dense""], ""rbi_mpr_2025_04_p054_c002"": [""dense""], ""rbi_mpr_2025_04_p055_c000"": [""dense""], ""rbi_mpr_2025_04_p055_c001"": [""dense""], ""rbi_mpr_2025_04_p055_c003"": [""dense""], ""rbi_mpr_2025_04_p056_c000"": [""dense""], ""rbi_mpr_2025_04_p057_c000"": [""bm25"", ""dense""], ""rbi_mpr_2025_04_p057_c003"": [""dense""], ""rbi_mpr_2025_04_p058_c001"": [""bm25""], ""rbi_mpr_2025_04_p058_c002"": [""bm25""], ""rbi_mpr_2025_04_p059_c000"": [""dense""], ""rbi_mpr_2025_04_p060_c000"": [""bm25"", ""dense""], ""rbi_mpr_2025_04_p065_c002"": [""bm25""], ""rbi_mpr_2025_04_p069_c000"": [""dense""], ""rbi_mpr_2025_04_p069_c001"": [""bm25""], ""rbi_mpr_2025_04_p071_c000"": [""dense""], ""rbi_mpr_2025_04_p073_c001"": [""dense""], ""rbi_mpr_2025_04_p073_c002"": [""bm25""], ""rbi_mpr_2025_04_p073_c003"": [""bm25"", ""dense""], ""rbi_mpr_2025_04_p073_c004"": [""bm25"", ""dense""], ""rbi_mpr_2025_04_p073_c005"": [""dense""], ""rbi_mpr_2025_04_p074_c000"": [""bm25"", ""dense""], ""rbi_mpr_2025_04_p074_c003"": [""dense""], ""rbi_mpr_2025_04_p075_c001"": [""dense""], ""rbi_mpr_2025_04_p076_c000"": [""bm25"", ""dense""], ""rbi_mpr_2025_04_p077_c001"": [""dense""], ""rbi_mpr_2025_04_p078_c001"": [""bm25""], ""rbi_mpr_2025_04_p078_c002"": [""bm25""], ""rbi_mpr_2025_04_p079_c000"": [""bm25""], ""rbi_mpr_2025_04_p082_c001"": [""bm25""], ""rbi_mpr_2025_04_p082_c002"": [""bm25"", ""dense""], ""rbi_mpr_2025_04_p085_c000"": [""bm25""], ""rbi_mpr_2025_04_p085_c001"": [""bm25""], ""rbi_mpr_2025_04_p086_c000"": [""bm25""], ""rbi_mpr_2025_04_p087_c000"": [""bm25""], ""rbi_mpr_2025_04_p087_c001"": [""bm25""], ""rbi_mpr_2025_04_p088_c002"": [""dense""], ""rbi_mpr_2025_04_p089_c000"": [""bm25""], ""rbi_mpr_2025_04_p089_c001"": [""dense""], ""rbi_mpr_2025_04_p090_c000"": [""dense""], ""rbi_mpr_2025_04_p090_c001"": [""dense""], ""rbi_mpr_2025_04_p091_c000"": [""dense""], ""rbi_mpr_2025_04_p091_c002"": [""dense""], ""rbi_mpr_2025_04_p091_c003"": [""dense""], ""rbi_mpr_2025_04_p092_c001"": [""dense""], ""rbi_mpr_2025_04_p092_c002"": [""dense""], ""rbi_mpr_2025_04_p093_c000"": [""dense""], ""rbi_mpr_2025_04_p094_c000"": [""dense""], ""rbi_mpr_2025_04_p094_c001"": [""dense""], ""rbi_mpr_2025_04_p095_c000"": [""bm25"", ""dense""], ""rbi_mpr_2025_04_p095_c002"": [""dense""], ""rbi_mpr_2025_04_p096_c000"": [""dense""], ""rbi_mpr_2025_04_p096_c001"": [""dense""], ""rbi_mpr_2025_04_p096_c002"": [""dense""], ""rbi_mpr_2025_04_p097_c001"": [""dense""], ""rbi_mpr_2025_04_p098_c000"": [""dense""], ""rbi_mpr_2025_04_p111_c003"": [""dense""], ""rbi_mpr_2025_04_p112_c001"": [""bm25""], ""rbi_mpr_2025_04_p113_c000"": [""bm25""], ""rbi_mpr_2025_04_p113_c001"": [""bm25""], ""rbi_mpr_2025_04_p113_c003"": [""bm25""], ""rbi_mpr_2025_10_p005_c001"": [""dense""], ""rbi_mpr_2025_10_p009_c001"": [""dense""], ""rbi_mpr_2025_10_p009_c003"": [""bm25""], ""rbi_mpr_2025_10_p010_c004"": [""bm25""], ""rbi_mpr_2025_10_p012_c002"": [""bm25""], ""rbi_mpr_2025_10_p017_c000"": [""dense""], ""rbi_mpr_2025_10_p017_c001"": [""dense""], ""rbi_mpr_2025_10_p017_c002"": [""dense""], ""rbi_mpr_2025_10_p017_c005"": [""dense""], ""rbi_mpr_2025_10_p018_c000"": [""bm25"", ""dense""], ""rbi_mpr_2025_10_p018_c001"": [""dense""], ""rbi_mpr_2025_10_p018_c002"": [""dense""], ""rbi_mpr_2025_10_p019_c000"": [""bm25""], ""rbi_mpr_2025_10_p020_c001"": [""bm25""], ""rbi_mpr_2025_10_p023_c000"": [""bm25""], ""rbi_mpr_2025_10_p024_c001"": [""bm25""], ""rbi_mpr_2025_10_p025_c003"": [""bm25""], ""rbi_mpr_2025_10_p026_c003"": [""bm25""], ""rbi_mpr_2025_10_p027_c002"": [""bm25""], ""rbi_mpr_2025_10_p031_c000"": [""bm25""], ""rbi_mpr_2025_10_p034_c003"": [""bm25""], ""rbi_mpr_2025_10_p034_c005"": [""bm25""], ""rbi_mpr_2025_10_p035_c000"": [""bm25""], ""rbi_mpr_2025_10_p035_c002"": [""bm25""], ""rbi_mpr_2025_10_p037_c002"": [""bm25""], ""rbi_mpr_2025_10_p040_c001"": [""bm25""], ""rbi_mpr_2025_10_p041_c001"": [""bm25""], ""rbi_mpr_2025_10_p045_c000"": [""bm25""], ""rbi_mpr_2025_10_p047_c000"": [""dense""], ""rbi_mpr_2025_10_p047_c001"": [""dense""], ""rbi_mpr_2025_10_p048_c003"": [""bm25""], ""rbi_mpr_2025_10_p049_c000"": [""dense""], ""rbi_mpr_2025_10_p049_c001"": [""dense""], ""rbi_mpr_2025_10_p049_c002"": [""dense""], ""rbi_mpr_2025_10_p050_c000"": [""dense""], ""rbi_mpr_2025_10_p050_c002"": [""dense""], ""rbi_mpr_2025_10_p051_c000"": [""dense""], ""rbi_mpr_2025_10_p052_c000"": [""dense""], ""rbi_mpr_2025_10_p052_c004"": [""dense""], ""rbi_mpr_2025_10_p053_c001"": [""bm25""], ""rbi_mpr_2025_10_p055_c000"": [""bm25""], ""rbi_mpr_2025_10_p055_c001"": [""bm25""], ""rbi_mpr_2025_10_p055_c003"": [""bm25""], ""rbi_mpr_2025_10_p060_c003"": [""bm25""], ""rbi_mpr_2025_10_p063_c000"": [""dense""], ""rbi_mpr_2025_10_p064_c000"": [""dense""], ""rbi_mpr_2025_10_p064_c002"": [""dense""], ""rbi_mpr_2025_10_p065_c000"": [""dense""], ""rbi_mpr_2025_10_p065_c004"": [""bm25""], ""rbi_mpr_2025_10_p069_c002"": [""bm25""], ""rbi_mpr_2025_10_p069_c003"": [""bm25""], ""rbi_mpr_2025_10_p069_c004"": [""bm25"", ""dense""], ""rbi_mpr_2025_10_p070_c000"": [""dense""], ""rbi_mpr_2025_10_p071_c002"": [""dense""], ""rbi_mpr_2025_10_p072_c000"": [""bm25"", ""dense""], ""rbi_mpr_2025_10_p072_c002"": [""dense""], ""rbi_mpr_2025_10_p073_c001"": [""dense""], ""rbi_mpr_2025_10_p073_c002"": [""bm25""], ""rbi_mpr_2025_10_p073_c003"": [""bm25""], ""rbi_mpr_2025_10_p076_c000"": [""bm25""], ""rbi_mpr_2025_10_p076_c001"": [""bm25""], ""rbi_mpr_2025_10_p082_c000"": [""dense""], ""rbi_mpr_2025_10_p084_c000"": [""dense""], ""rbi_mpr_2025_10_p084_c001"": [""dense""], ""rbi_mpr_2025_10_p085_c000"": [""dense""], ""rbi_mpr_2025_10_p086_c000"": [""dense""], ""rbi_mpr_2025_10_p086_c002"": [""dense""], ""rbi_mpr_2025_10_p087_c000"": [""dense""], ""rbi_mpr_2025_10_p087_c001"": [""dense""], ""rbi_mpr_2025_10_p088_c000"": [""bm25"", ""dense""], ""rbi_mpr_2025_10_p088_c001"": [""bm25""], ""rbi_mpr_2025_10_p088_c002"": [""bm25""], ""rbi_mpr_2025_10_p089_c001"": [""dense""], ""rbi_mpr_2025_10_p089_c003"": [""bm25""], ""rbi_mpr_2025_10_p090_c000"": [""dense""], ""rbi_mpr_2025_10_p090_c001"": [""dense""], ""rbi_mpr_2025_10_p091_c000"": [""bm25"", ""dense""], ""rbi_mpr_2025_10_p091_c001"": [""dense""], ""rbi_mpr_2025_10_p091_c003"": [""bm25""], ""rbi_mpr_2025_10_p092_c000"": [""dense""], ""rbi_mpr_2025_10_p092_c001"": [""dense""], ""rbi_mpr_2025_10_p092_c002"": [""dense""], ""rbi_mpr_2025_10_p093_c000"": [""bm25""], ""rbi_mpr_2025_10_p094_c000"": [""dense""], ""rbi_mpr_2025_10_p094_c003"": [""bm25"", ""dense""], ""rbi_mpr_2025_10_p097_c004"": [""bm25""], ""rbi_mpr_2025_10_p102_c000"": [""bm25""], ""rbi_mpr_2025_10_p106_c000"": [""bm25""], ""rbi_mpr_2025_10_p107_c000"": [""bm25""], ""rbi_mpr_2025_10_p108_c003"": [""bm25"", ""dense""], ""rbi_mpr_2025_10_p109_c000"": [""dense""], ""rbi_mpr_2025_10_p109_c001"": [""bm25""], ""rbi_mpr_2025_10_p109_c002"": [""bm25""], ""rbi_mpr_2026_04_p005_c001"": [""dense""], ""rbi_mpr_2026_04_p007_c000"": [""dense""], ""rbi_mpr_2026_04_p015_c000"": [""bm25""], ""rbi_mpr_2026_04_p017_c000"": [""bm25""], ""rbi_mpr_2026_04_p018_c002"": [""bm25""], ""rbi_mpr_2026_04_p018_c003"": [""bm25""], ""rbi_mpr_2026_04_p023_c000"": [""bm25""], ""rbi_mpr_2026_04_p023_c001"": [""bm25""], ""rbi_mpr_2026_04_p026_c002"": [""bm25"", ""dense""], ""rbi_mpr_2026_04_p026_c003"": [""bm25"", ""dense""], ""rbi_mpr_2026_04_p026_c004"": [""dense""], ""rbi_mpr_2026_04_p027_c002"": [""bm25""], ""rbi_mpr_2026_04_p027_c003"": [""dense""], ""rbi_mpr_2026_04_p028_c002"": [""bm25"", ""dense""], ""rbi_mpr_2026_04_p028_c003"": [""bm25"", ""dense""], ""rbi_mpr_2026_04_p030_c001"": [""dense""], ""rbi_mpr_2026_04_p031_c000"": [""bm25""], ""rbi_mpr_2026_04_p031_c001"": [""bm25"", ""dense""], ""rbi_mpr_2026_04_p032_c003"": [""dense""], ""rbi_mpr_2026_04_p035_c000"": [""bm25""], ""rbi_mpr_2026_04_p044_c000"": [""dense""], ""rbi_mpr_2026_04_p044_c001"": [""dense""], ""rbi_mpr_2026_04_p044_c002"": [""dense""], ""rbi_mpr_2026_04_p046_c000"": [""bm25"", ""dense""], ""rbi_mpr_2026_04_p046_c001"": [""dense""], ""rbi_mpr_2026_04_p046_c003"": [""bm25"", ""dense""], ""rbi_mpr_2026_04_p047_c003"": [""bm25"", ""dense""], ""rbi_mpr_2026_04_p048_c002"": [""bm25""], ""rbi_mpr_2026_04_p049_c001"": [""bm25"", ""dense""], ""rbi_mpr_2026_04_p049_c002"": [""dense""], ""rbi_mpr_2026_04_p050_c000"": [""dense""], ""rbi_mpr_2026_04_p050_c001"": [""bm25"", ""dense""], ""rbi_mpr_2026_04_p050_c002"": [""bm25"", ""dense""], ""rbi_mpr_2026_04_p050_c003"": [""bm25"", ""dense""], ""rbi_mpr_2026_04_p051_c001"": [""dense""], ""rbi_mpr_2026_04_p051_c002"": [""dense""], ""rbi_mpr_2026_04_p052_c000"": [""dense""], ""rbi_mpr_2026_04_p052_c001"": [""dense""], ""rbi_mpr_2026_04_p052_c003"": [""dense""], ""rbi_mpr_2026_04_p054_c000"": [""dense""], ""rbi_mpr_2026_04_p055_c003"": [""dense""], ""rbi_mpr_2026_04_p057_c003"": [""dense""], ""rbi_mpr_2026_04_p058_c000"": [""dense""], ""rbi_mpr_2026_04_p058_c005"": [""dense""], ""rbi_mpr_2026_04_p059_c000"": [""bm25"", ""dense""], ""rbi_mpr_2026_04_p059_c002"": [""bm25""], ""rbi_mpr_2026_04_p062_c000"": [""dense""], ""rbi_mpr_2026_04_p062_c001"": [""dense""], ""rbi_mpr_2026_04_p062_c002"": [""dense""], ""rbi_mpr_2026_04_p063_c000"": [""dense""], ""rbi_mpr_2026_04_p063_c001"": [""dense""], ""rbi_mpr_2026_04_p063_c002"": [""dense""], ""rbi_mpr_2026_04_p063_c003"": [""dense""], ""rbi_mpr_2026_04_p064_c000"": [""dense""], ""rbi_mpr_2026_04_p064_c001"": [""dense""], ""rbi_mpr_2026_04_p064_c002"": [""dense""], ""rbi_mpr_2026_04_p064_c003"": [""dense""], ""rbi_mpr_2026_04_p065_c000"": [""dense""], ""rbi_mpr_2026_04_p066_c002"": [""dense""], ""rbi_mpr_2026_04_p067_c002"": [""bm25""], ""rbi_mpr_2026_04_p068_c001"": [""bm25""], ""rbi_mpr_2026_04_p068_c002"": [""bm25""], ""rbi_mpr_2026_04_p069_c000"": [""bm25"", ""dense""], ""rbi_mpr_2026_04_p075_c002"": [""bm25""], ""rbi_mpr_2026_04_p079_c002"": [""bm25""], ""rbi_mpr_2026_04_p081_c004"": [""bm25""], ""rbi_mpr_2026_04_p081_c005"": [""bm25""], ""rbi_mpr_2026_04_p082_c002"": [""bm25""], ""rbi_mpr_2026_04_p082_c003"": [""bm25""], ""rbi_mpr_2026_04_p082_c004"": [""bm25""], ""rbi_mpr_2026_04_p083_c003"": [""bm25""], ""rbi_mpr_2026_04_p083_c004"": [""bm25""], ""rbi_mpr_2026_04_p088_c000"": [""bm25""], ""rbi_mpr_2026_04_p088_c004"": [""bm25""], ""rbi_mpr_2026_04_p089_c002"": [""bm25""], ""rbi_mpr_2026_04_p089_c003"": [""bm25""], ""rbi_mpr_2026_04_p091_c000"": [""bm25""], ""rbi_mpr_2026_04_p092_c001"": [""bm25""], ""rbi_mpr_2026_04_p093_c003"": [""bm25""], ""rbi_mpr_2026_04_p103_c002"": [""bm25""], ""rbi_mpr_2026_04_p104_c004"": [""bm25""], ""rbi_mpr_2026_04_p105_c000"": [""bm25""], ""rbi_mpr_2026_04_p105_c004"": [""bm25""], ""rbi_mpr_2026_04_p107_c004"": [""bm25""], ""rbi_mpr_2026_04_p109_c003"": [""dense""], ""rbi_mpr_2026_04_p113_c004"": [""bm25""]}, ""candidate_union_ids"": [""rbi_mpr_2026_04_p064_c002"", ""rbi_mpr_2026_04_p062_c001"", ""rbi_mpr_2026_04_p065_c000"", ""rbi_mpr_2026_04_p028_c003"", ""rbi_mpr_2026_04_p046_c000"", ""rbi_mpr_2026_04_p050_c000"", ""rbi_mpr_2026_04_p063_c000"", ""rbi_mpr_2026_04_p069_c000"", ""rbi_mpr_2026_04_p063_c003"", ""rbi_mpr_2026_04_p007_c000"", ""rbi_mpr_2026_04_p052_c000"", ""rbi_mpr_2026_04_p064_c003"", ""rbi_mpr_2026_04_p062_c002"", ""rbi_mpr_2026_04_p049_c001"", ""rbi_mpr_2026_04_p051_c002"", ""rbi_mpr_2026_04_p046_c001"", ""rbi_mpr_2026_04_p046_c003"", ""rbi_mpr_2026_04_p051_c001"", ""rbi_mpr_2026_04_p044_c002"", ""rbi_mpr_2026_04_p063_c002"", ""rbi_mpr_2026_04_p054_c000"", ""rbi_mpr_2026_04_p044_c000"", ""rbi_mpr_2026_04_p063_c001"", ""rbi_mpr_2026_04_p052_c001"", ""rbi_mpr_2026_04_p047_c003"", ""rbi_mpr_2026_04_p049_c002"", ""rbi_mpr_2026_04_p050_c002"", ""rbi_mpr_2026_04_p044_c001"", ""rbi_mpr_2026_04_p026_c002"", ""rbi_mpr_2026_04_p028_c002"", ""rbi_mpr_2026_04_p026_c004"", ""rbi_mpr_2026_04_p109_c003"", ""rbi_mpr_2026_04_p027_c003"", ""rbi_mpr_2026_04_p026_c003"", ""rbi_mpr_2026_04_p005_c001"", ""rbi_mpr_2026_04_p032_c003"", ""rbi_mpr_2026_04_p058_c000"", ""rbi_mpr_2026_04_p055_c003"", ""rbi_mpr_2026_04_p059_c000"", ""rbi_mpr_2026_04_p064_c001"", ""rbi_mpr_2026_04_p050_c001"", ""rbi_mpr_2026_04_p050_c003"", ""rbi_mpr_2026_04_p064_c000"", ""rbi_mpr_2026_04_p057_c003"", ""rbi_mpr_2026_04_p031_c001"", ""rbi_mpr_2026_04_p058_c005"", ""rbi_mpr_2026_04_p066_c002"", ""rbi_mpr_2026_04_p052_c003"", ""rbi_mpr_2026_04_p062_c000"", ""rbi_mpr_2026_04_p030_c001"", ""rbi_mpr_2026_04_p018_c002"", ""rbi_mpr_2026_04_p089_c003"", ""rbi_mpr_2026_04_p079_c002"", ""rbi_mpr_2026_04_p089_c002"", ""rbi_mpr_2026_04_p113_c004"", ""rbi_mpr_2026_04_p031_c000"", ""rbi_mpr_2026_04_p082_c003"", ""rbi_mpr_2026_04_p018_c003"", ""rbi_mpr_2026_04_p082_c002"", ""rbi_mpr_2026_04_p075_c002"", ""rbi_mpr_2026_04_p068_c001"", ""rbi_mpr_2026_04_p081_c005"", ""rbi_mpr_2026_04_p081_c004"", ""rbi_mpr_2026_04_p088_c000"", ""rbi_mpr_2026_04_p105_c004"", ""rbi_mpr_2026_04_p083_c003"", ""rbi_mpr_2026_04_p059_c002"", ""rbi_mpr_2026_04_p067_c002"", ""rbi_mpr_2026_04_p023_c001"", ""rbi_mpr_2026_04_p017_c000"", ""rbi_mpr_2026_04_p023_c000"", ""rbi_mpr_2026_04_p093_c003"", ""rbi_mpr_2026_04_p083_c004"", ""rbi_mpr_2026_04_p015_c000"", ""rbi_mpr_2026_04_p107_c004"", ""rbi_mpr_2026_04_p091_c000"", ""rbi_mpr_2026_04_p082_c004"", ""rbi_mpr_2026_04_p088_c004"", ""rbi_mpr_2026_04_p105_c000"", ""rbi_mpr_2026_04_p068_c002"", ""rbi_mpr_2026_04_p027_c002"", ""rbi_mpr_2026_04_p103_c002"", ""rbi_mpr_2026_04_p048_c002"", ""rbi_mpr_2026_04_p035_c000"", ""rbi_mpr_2026_04_p104_c004"", ""rbi_mpr_2026_04_p092_c001""], ""candidate_union_pages"": [64, 62, 65, 28, 46, 50, 63, 69, 63, 7, 52, 64, 62, 49, 51, 46, 46, 51, 44, 63, 54, 44, 63, 52, 47, 49, 50, 44, 26, 28, 26, 109, 27, 26, 5, 32, 58, 55, 59, 64, 50, 50, 64, 57, 31, 58, 66, 52, 62, 30, 18, 89, 79, 89, 113, 31, 82, 18, 82, 75, 68, 81, 81, 88, 105, 83, 59, 67, 23, 17, 23, 93, 83, 15, 107, 91, 82, 88, 105, 68, 27, 103, 48, 35, 104, 92], ""dense_candidate_ids"": [""rbi_mpr_2026_04_p064_c002"", ""rbi_mpr_2026_04_p062_c001"", ""rbi_mpr_2026_04_p065_c000"", ""rbi_mpr_2026_04_p028_c003"", ""rbi_mpr_2026_04_p046_c000"", ""rbi_mpr_2026_04_p050_c000"", ""rbi_mpr_2026_04_p063_c000"", ""rbi_mpr_2026_04_p069_c000"", ""rbi_mpr_2026_04_p063_c003"", ""rbi_mpr_2026_04_p007_c000"", ""rbi_mpr_2026_04_p052_c000"", ""rbi_mpr_2026_04_p064_c003"", ""rbi_mpr_2026_04_p062_c002"", ""rbi_mpr_2026_04_p049_c001"", ""rbi_mpr_2026_04_p051_c002"", ""rbi_mpr_2026_04_p046_c001"", ""rbi_mpr_2026_04_p046_c003"", ""rbi_mpr_2026_04_p051_c001"", ""rbi_mpr_2026_04_p044_c002"", ""rbi_mpr_2026_04_p063_c002"", ""rbi_mpr_2026_04_p054_c000"", ""rbi_mpr_2026_04_p044_c000"", ""rbi_mpr_2026_04_p063_c001"", ""rbi_mpr_2026_04_p052_c001"", ""rbi_mpr_2026_04_p047_c003"", ""rbi_mpr_2026_04_p049_c002"", ""rbi_mpr_2026_04_p050_c002"", ""rbi_mpr_2026_04_p044_c001"", ""rbi_mpr_2026_04_p026_c002"", ""rbi_mpr_2026_04_p028_c002"", ""rbi_mpr_2026_04_p026_c004"", ""rbi_mpr_2026_04_p109_c003"", ""rbi_mpr_2026_04_p027_c003"", ""rbi_mpr_2026_04_p026_c003"", ""rbi_mpr_2026_04_p005_c001"", ""rbi_mpr_2026_04_p032_c003"", ""rbi_mpr_2026_04_p058_c000"", ""rbi_mpr_2026_04_p055_c003"", ""rbi_mpr_2026_04_p059_c000"", ""rbi_mpr_2026_04_p064_c001"", ""rbi_mpr_2026_04_p050_c001"", ""rbi_mpr_2026_04_p050_c003"", ""rbi_mpr_2026_04_p064_c000"", ""rbi_mpr_2026_04_p057_c003"", ""rbi_mpr_2026_04_p031_c001"", ""rbi_mpr_2026_04_p058_c005"", ""rbi_mpr_2026_04_p066_c002"", ""rbi_mpr_2026_04_p052_c003"", ""rbi_mpr_2026_04_p062_c000"", ""rbi_mpr_2026_04_p030_c001""], ""dense_candidate_pages"": [64, 62, 65, 28, 46, 50, 63, 69, 63, 7, 52, 64, 62, 49, 51, 46, 46, 51, 44, 63, 54, 44, 63, 52, 47, 49, 50, 44, 26, 28, 26, 109, 27, 26, 5, 32, 58, 55, 59, 64, 50, 50, 64, 57, 31, 58, 66, 52, 62, 30], ""dense_candidate_scores"": [0.31933315914294313, 0.2792357854345884, 0.2573559233797339, 0.23711253915886044, 0.21867051124334258, 0.2179431409317416, 0.2165145313546163, 0.21519617793319556, 0.21394778828030292, 0.2000499492775326, 0.1971691278881159, 0.19449507893749374, 0.18192882746657668, 0.17208130060570326, 0.1718551406165939, 0.17141487463704908, 0.169580896670946, 0.16686107624284097, 0.16493016052516285, 0.1628307417071383, 0.16237623009279678, 0.16165855355635328, 0.1612738371231458, 0.16021241089024751, 0.15429920804416908, 0.15357006756493052, 0.14758993552341682, 0.1468789181890381, 0.1464915043575259, 0.1463112001395963, 0.1435112164056236, 0.14341166554944085, 0.1431170590783497, 0.14189876227529374, 0.13962628849728342, 0.13672936701173566, 0.1358454633047651, 0.133473270083178, 0.13105952006895905, 0.12992534837553094, 0.12931362901624377, 0.12336510711111326, 0.12207760518280242, 0.11948085355234928, 0.11871462384642117, 0.11865013916819955, 0.11815221629989181, 0.11576198422714201, 0.11353241594091568, 0.11262153825089827], ""dense_first_evidence_rank"": 1, ""evidence_rank_after_reranking"": 2, ""evidence_rank_before_reranking"": 15, ""expected_evidence"": [""gross market borrowings through issuance of dated securities amounted to \u20b914.61 lakh crore""], ""loss_stage"": ""evidence_found"", ""report_id"": ""rbi_mpr_2026_04"", ""reranker_input_ids"": [""rbi_mpr_2026_04_p028_c003"", ""rbi_mpr_2026_04_p046_c000"", ""rbi_mpr_2026_04_p049_c001"", ""rbi_mpr_2026_04_p050_c002"", ""rbi_mpr_2026_04_p069_c000"", ""rbi_mpr_2026_04_p028_c002"", ""rbi_mpr_2026_04_p050_c003"", ""rbi_mpr_2026_04_p046_c003"", ""rbi_mpr_2026_04_p026_c003"", ""rbi_mpr_2026_04_p026_c002"", ""rbi_mpr_2026_04_p031_c001"", ""rbi_mpr_2026_04_p059_c000"", ""rbi_mpr_2026_04_p047_c003"", ""rbi_mpr_2026_04_p050_c001"", ""rbi_mpr_2026_04_p064_c002"", ""rbi_mpr_2026_04_p062_c001"", ""rbi_mpr_2026_04_p065_c000"", ""rbi_mpr_2026_04_p018_c002"", ""rbi_mpr_2026_04_p089_c003"", ""rbi_mpr_2026_04_p050_c000"", ""rbi_mpr_2026_04_p079_c002"", ""rbi_mpr_2026_04_p063_c000"", ""rbi_mpr_2026_04_p089_c002"", ""rbi_mpr_2026_04_p063_c003"", ""rbi_mpr_2026_04_p113_c004"", ""rbi_mpr_2026_04_p007_c000"", ""rbi_mpr_2026_04_p052_c000"", ""rbi_mpr_2026_04_p031_c000"", ""rbi_mpr_2026_04_p064_c003"", ""rbi_mpr_2026_04_p062_c002""], ""reranker_input_pages"": [28, 46, 49, 50, 69, 28, 50, 46, 26, 26, 31, 59, 47, 50, 64, 62, 65, 18, 89, 50, 79, 63, 89, 63, 113, 7, 52, 31, 64, 62], ""reranker_input_ranks"": [1, 2, 3, 4, 5, 6, 7, 8, 9, 10, 11, 12, 13, 14, 15, 16, 17, 18, 19, 20, 21, 22, 23, 24, 25, 26, 27, 28, 29, 30], ""reranker_output_ids"": [""rbi_mpr_2026_04_p065_c000"", ""rbi_mpr_2026_04_p064_c003"", ""rbi_mpr_2026_04_p064_c002"", ""rbi_mpr_2026_04_p062_c002"", ""rbi_mpr_2026_04_p050_c002"", ""rbi_mpr_2026_04_p063_c000"", ""rbi_mpr_2026_04_p028_c003"", ""rbi_mpr_2026_04_p050_c003"", ""rbi_mpr_2026_04_p046_c000"", ""rbi_mpr_2026_04_p052_c000"", ""rbi_mpr_2026_04_p063_c003"", ""rbi_mpr_2026_04_p050_c000"", ""rbi_mpr_2026_04_p069_c000"", ""rbi_mpr_2026_04_p049_c001"", ""rbi_mpr_2026_04_p062_c001"", ""rbi_mpr_2026_04_p031_c001"", ""rbi_mpr_2026_04_p046_c003"", ""rbi_mpr_2026_04_p026_c003"", ""rbi_mpr_2026_04_p113_c004"", ""rbi_mpr_2026_04_p026_c002"", ""rbi_mpr_2026_04_p028_c002"", ""rbi_mpr_2026_04_p047_c003"", ""rbi_mpr_2026_04_p050_c001"", ""rbi_mpr_2026_04_p031_c000"", ""rbi_mpr_2026_04_p079_c002"", ""rbi_mpr_2026_04_p059_c000"", ""rbi_mpr_2026_04_p018_c002"", ""rbi_mpr_2026_04_p089_c002"", ""rbi_mpr_2026_04_p007_c000"", ""rbi_mpr_2026_04_p089_c003""], ""reranker_output_pages"": [65, 64, 64, 62, 50, 63, 28, 50, 46, 52, 63, 50, 69, 49, 62, 31, 46, 26, 113, 26, 28, 47, 50, 31, 79, 59, 18, 89, 7, 89], ""reranker_scores"": [-2.6932451725006104, -4.769640922546387, -5.992148399353027, -6.8618035316467285, -7.922286033630371, -8.141024589538574, -8.276920318603516, -8.364289283752441, -8.390819549560547, -8.591224670410156, -8.761005401611328, -8.924684524536133, -8.993908882141113, -9.015928268432617, -9.105417251586914, -9.105453491210938, -9.615289688110352, -9.969079971313477, -9.973950386047363, -9.978058815002441, -10.114294052124023, -10.558309555053711, -10.69993782043457, -10.799639701843262, -10.914349555969238, -10.953084945678711, -10.990975379943848, -11.146612167358398, -11.226385116577148, -11.286367416381836], ""rrf_candidate_ids"": [""rbi_mpr_2026_04_p028_c003"", ""rbi_mpr_2026_04_p046_c000"", ""rbi_mpr_2026_04_p049_c001"", ""rbi_mpr_2026_04_p050_c002"", ""rbi_mpr_2026_04_p069_c000"", ""rbi_mpr_2026_04_p028_c002"", ""rbi_mpr_2026_04_p050_c003"", ""rbi_mpr_2026_04_p046_c003"", ""rbi_mpr_2026_04_p026_c003"", ""rbi_mpr_2026_04_p026_c002"", ""rbi_mpr_2026_04_p031_c001"", ""rbi_mpr_2026_04_p059_c000"", ""rbi_mpr_2026_04_p047_c003"", ""rbi_mpr_2026_04_p050_c001"", ""rbi_mpr_2026_04_p064_c002"", ""rbi_mpr_2026_04_p062_c001"", ""rbi_mpr_2026_04_p065_c000"", ""rbi_mpr_2026_04_p018_c002"", ""rbi_mpr_2026_04_p089_c003"", ""rbi_mpr_2026_04_p050_c000"", ""rbi_mpr_2026_04_p079_c002"", ""rbi_mpr_2026_04_p063_c000"", ""rbi_mpr_2026_04_p089_c002"", ""rbi_mpr_2026_04_p063_c003"", ""rbi_mpr_2026_04_p113_c004"", ""rbi_mpr_2026_04_p007_c000"", ""rbi_mpr_2026_04_p052_c000"", ""rbi_mpr_2026_04_p031_c000"", ""rbi_mpr_2026_04_p064_c003"", ""rbi_mpr_2026_04_p062_c002""], ""rrf_candidate_pages"": [28, 46, 49, 50, 69, 28, 50, 46, 26, 26, 31, 59, 47, 50, 64, 62, 65, 18, 89, 50, 79, 63, 89, 63, 113, 7, 52, 31, 64, 62], ""rrf_first_evidence_rank"": 15, ""rrf_scores"": [0.031754032258064516, 0.02967032967032967, 0.029138513513513514, 0.02788769549651404, 0.02786377708978328, 0.025816993464052286, 0.02369281045751634, 0.023513328776486674, 0.02329652572044169, 0.023284147827264113, 0.02285714285714286, 0.022446689113355782, 0.022403003754693368, 0.021012101210121013, 0.01639344262295082, 0.016129032258064516, 0.015873015873015872, 0.015873015873015872, 0.015384615384615385, 0.015151515151515152, 0.015151515151515152, 0.014925373134328358, 0.014925373134328358, 0.014492753623188406, 0.014492753623188406, 0.014285714285714285, 0.014084507042253521, 0.014084507042253521, 0.013888888888888888, 0.0136986301369863], ""selected_chunk_ids_after_dedup"": [""rbi_mpr_2026_04_p065_c000"", ""rbi_mpr_2026_04_p064_c003""], ""selected_chunk_ids_before_dedup"": [""rbi_mpr_2026_04_p065_c000"", ""rbi_mpr_2026_04_p064_c003""], ""selected_pages"": [65, 64]}}","{""rbi_mpr_2025_04"": false, ""rbi_mpr_2025_10"": true, ""rbi_mpr_2026_04"": true}","{""rbi_mpr_2025_04"": 0.0, ""rbi_mpr_2025_10"": 1.0, ""rbi_mpr_2026_04"": 0.5}",[],[],0.1033000007737428,trend_all_reports,trend_dev_005,[],0.0,"{""rbi_mpr_2025_04"": 2, ""rbi_mpr_2025_10"": 2, ""rbi_mpr_2026_04"": 2}",1.0,"[""rbi_mpr_2025_04"", ""rbi_mpr_2025_10"", ""rbi_mpr_2026_04""]",5708.703199998126,0.09900001168716699,5912,6,0.006900008884258568,dev,6310.654200002318,6
False,6.673500000033528,1.0617999942041934,False,04a5ce7716e7f739c55089569953118657c56d931da37da67b3f680d0125b949,0,0.04189999890513718,bf7cf18e02abb87a6e22fe9b686d8f93fa34ceb3f67abc575741c0a63080b56d,0.41370000690221786,111.93549999734387,0,2184,0.3333333333333333,[],RRF_K60,[],0.4230999911669642,d063b65fcefc1858e3315b9e67356a80310b8ae9b4d0864e98dd7c18d8553c1a,0.3333333333333333,How did the neutral policy stance appear across the three reports?,How did the neutral policy stance appear across the three reports?,"{""rbi_mpr_2025_04"": {""accepted_evidence_found"": true, ""accepted_pages"": [13], ""bm25_candidate_ids"": [""rbi_mpr_2025_04_p013_c003"", ""rbi_mpr_2025_04_p069_c002"", ""rbi_mpr_2025_04_p013_c002"", ""rbi_mpr_2025_04_p012_c000"", ""rbi_mpr_2025_04_p078_c000"", ""rbi_mpr_2025_04_p113_c001"", ""rbi_mpr_2025_04_p078_c001"", ""rbi_mpr_2025_04_p073_c001"", ""rbi_mpr_2025_04_p113_c002"", ""rbi_mpr_2025_04_p012_c003"", ""rbi_mpr_2025_04_p013_c000"", ""rbi_mpr_2025_04_p069_c000"", ""rbi_mpr_2025_04_p015_c001"", ""rbi_mpr_2025_04_p069_c001"", ""rbi_mpr_2025_04_p073_c003"", ""rbi_mpr_2025_04_p027_c001"", ""rbi_mpr_2025_04_p113_c000"", ""rbi_mpr_2025_04_p111_c001"", ""rbi_mpr_2025_04_p015_c002"", ""rbi_mpr_2025_04_p073_c004"", ""rbi_mpr_2025_04_p044_c002"", ""rbi_mpr_2025_04_p012_c001"", ""rbi_mpr_2025_04_p027_c000"", ""rbi_mpr_2025_04_p011_c001"", ""rbi_mpr_2025_04_p100_c002"", ""rbi_mpr_2025_04_p113_c003"", ""rbi_mpr_2025_04_p055_c000"", ""rbi_mpr_2025_04_p078_c002"", ""rbi_mpr_2025_04_p044_c001"", ""rbi_mpr_2025_04_p074_c000"", ""rbi_mpr_2025_04_p073_c002"", ""rbi_mpr_2025_04_p060_c000"", ""rbi_mpr_2025_04_p100_c001"", ""rbi_mpr_2025_04_p075_c001"", ""rbi_mpr_2025_04_p094_c001"", ""rbi_mpr_2025_04_p075_c000"", ""rbi_mpr_2025_04_p028_c002"", ""rbi_mpr_2025_04_p101_c001"", ""rbi_mpr_2025_04_p074_c001"", ""rbi_mpr_2025_04_p028_c001"", ""rbi_mpr_2025_04_p108_c000"", ""rbi_mpr_2025_04_p101_c003"", ""rbi_mpr_2025_04_p027_c002"", ""rbi_mpr_2025_04_p039_c002"", ""rbi_mpr_2025_04_p106_c001"", ""rbi_mpr_2025_04_p029_c003"", ""rbi_mpr_2025_04_p075_c002"", ""rbi_mpr_2025_04_p028_c003"", ""rbi_mpr_2025_04_p019_c001"", ""rbi_mpr_2025_04_p108_c002""], ""bm25_candidate_pages"": [13, 69, 13, 12, 78, 113, 78, 73, 113, 12, 13, 69, 15, 69, 73, 27, 113, 111, 15, 73, 44, 12, 27, 11, 100, 113, 55, 78, 44, 74, 73, 60, 100, 75, 94, 75, 28, 101, 74, 28, 108, 101, 27, 39, 106, 29, 75, 28, 19, 108], ""bm25_candidate_scores"": [null, null, null, null, null, null, null, null, null, null, null, null, null, null, null, null, null, null, null, null, null, null, null, null, null, null, null, null, null, null, null, null, null, null, null, null, null, null, null, null, null, null, null, null, null, null, null, null, null, null], ""bm25_first_evidence_rank"": 1, ""candidate_source_expansion"": {""rbi_mpr_2025_04_p003_c000"": [], ""rbi_mpr_2025_04_p011_c001"": [], ""rbi_mpr_2025_04_p011_c003"": [], ""rbi_mpr_2025_04_p012_c000"": [], ""rbi_mpr_2025_04_p012_c001"": [], ""rbi_mpr_2025_04_p012_c003"": [], ""rbi_mpr_2025_04_p013_c000"": [], ""rbi_mpr_2025_04_p013_c002"": [], ""rbi_mpr_2025_04_p013_c003"": [], ""rbi_mpr_2025_04_p015_c001"": [], ""rbi_mpr_2025_04_p015_c002"": [], ""rbi_mpr_2025_04_p018_c000"": [], ""rbi_mpr_2025_04_p018_c001"": [], ""rbi_mpr_2025_04_p019_c000"": [], ""rbi_mpr_2025_04_p019_c001"": [], ""rbi_mpr_2025_04_p019_c003"": [], ""rbi_mpr_2025_04_p019_c004"": [], ""rbi_mpr_2025_04_p021_c001"": [], ""rbi_mpr_2025_04_p024_c000"": [], ""rbi_mpr_2025_04_p025_c003"": [], ""rbi_mpr_2025_04_p026_c000"": [], ""rbi_mpr_2025_04_p027_c000"": [], ""rbi_mpr_2025_04_p027_c001"": [], ""rbi_mpr_2025_04_p027_c002"": [], ""rbi_mpr_2025_04_p028_c001"": [], ""rbi_mpr_2025_04_p028_c002"": [], ""rbi_mpr_2025_04_p028_c003"": [], ""rbi_mpr_2025_04_p029_c003"": [], ""rbi_mpr_2025_04_p030_c000"": [], ""rbi_mpr_2025_04_p039_c002"": [], ""rbi_mpr_2025_04_p044_c001"": [], ""rbi_mpr_2025_04_p044_c002"": [], ""rbi_mpr_2025_04_p046_c000"": [], ""rbi_mpr_2025_04_p047_c002"": [], ""rbi_mpr_2025_04_p050_c000"": [], ""rbi_mpr_2025_04_p052_c000"": [], ""rbi_mpr_2025_04_p055_c000"": [], ""rbi_mpr_2025_04_p060_c000"": [], ""rbi_mpr_2025_04_p064_c000"": [], ""rbi_mpr_2025_04_p068_c000"": [], ""rbi_mpr_2025_04_p069_c000"": [], ""rbi_mpr_2025_04_p069_c001"": [], ""rbi_mpr_2025_04_p069_c002"": [], ""rbi_mpr_2025_04_p073_c001"": [], ""rbi_mpr_2025_04_p073_c002"": [], ""rbi_mpr_2025_04_p073_c003"": [], ""rbi_mpr_2025_04_p073_c004"": [], ""rbi_mpr_2025_04_p074_c000"": [], ""rbi_mpr_2025_04_p074_c001"": [], ""rbi_mpr_2025_04_p075_c000"": [], ""rbi_mpr_2025_04_p075_c001"": [], ""rbi_mpr_2025_04_p075_c002"": [], ""rbi_mpr_2025_04_p078_c000"": [], ""rbi_mpr_2025_04_p078_c001"": [], ""rbi_mpr_2025_04_p078_c002"": [], ""rbi_mpr_2025_04_p078_c003"": [], ""rbi_mpr_2025_04_p085_c002"": [], ""rbi_mpr_2025_04_p094_c001"": [], ""rbi_mpr_2025_04_p099_c001"": [], ""rbi_mpr_2025_04_p099_c002"": [], ""rbi_mpr_2025_04_p100_c001"": [], ""rbi_mpr_2025_04_p100_c002"": [], ""rbi_mpr_2025_04_p101_c001"": [], ""rbi_mpr_2025_04_p101_c003"": [], ""rbi_mpr_2025_04_p104_c000"": [], ""rbi_mpr_2025_04_p106_c001"": [], ""rbi_mpr_2025_04_p107_c000"": [], ""rbi_mpr_2025_04_p107_c001"": [], ""rbi_mpr_2025_04_p108_c000"": [], ""rbi_mpr_2025_04_p108_c002"": [], ""rbi_mpr_2025_04_p108_c003"": [], ""rbi_mpr_2025_04_p109_c003"": [], ""rbi_mpr_2025_04_p110_c000"": [], ""rbi_mpr_2025_04_p110_c001"": [], ""rbi_mpr_2025_04_p110_c003"": [], ""rbi_mpr_2025_04_p111_c001"": [], ""rbi_mpr_2025_04_p111_c002"": [], ""rbi_mpr_2025_04_p111_c003"": [], ""rbi_mpr_2025_04_p112_c000"": [], ""rbi_mpr_2025_04_p112_c001"": [], ""rbi_mpr_2025_04_p113_c000"": [], ""rbi_mpr_2025_04_p113_c001"": [], ""rbi_mpr_2025_04_p113_c002"": [], ""rbi_mpr_2025_04_p113_c003"": [], ""rbi_mpr_2025_04_p114_c000"": [], ""rbi_mpr_2025_04_p114_c001"": [], ""rbi_mpr_2025_10_p003_c000"": [], ""rbi_mpr_2025_10_p005_c001"": [], ""rbi_mpr_2025_10_p009_c000"": [], ""rbi_mpr_2025_10_p009_c001"": [], ""rbi_mpr_2025_10_p010_c000"": [], ""rbi_mpr_2025_10_p010_c001"": [], ""rbi_mpr_2025_10_p010_c002"": [], ""rbi_mpr_2025_10_p010_c004"": [], ""rbi_mpr_2025_10_p011_c000"": [], ""rbi_mpr_2025_10_p011_c001"": [], ""rbi_mpr_2025_10_p011_c003"": [], ""rbi_mpr_2025_10_p011_c004"": [], ""rbi_mpr_2025_10_p011_c005"": [], ""rbi_mpr_2025_10_p014_c000"": [], ""rbi_mpr_2025_10_p014_c001"": [], ""rbi_mpr_2025_10_p014_c003"": [], ""rbi_mpr_2025_10_p015_c003"": [], ""rbi_mpr_2025_10_p016_c003"": [], ""rbi_mpr_2025_10_p017_c000"": [], ""rbi_mpr_2025_10_p019_c000"": [], ""rbi_mpr_2025_10_p019_c002"": [], ""rbi_mpr_2025_10_p019_c003"": [], ""rbi_mpr_2025_10_p023_c000"": [], ""rbi_mpr_2025_10_p027_c002"": [], ""rbi_mpr_2025_10_p031_c000"": [], ""rbi_mpr_2025_10_p032_c003"": [], ""rbi_mpr_2025_10_p034_c003"": [], ""rbi_mpr_2025_10_p034_c005"": [], ""rbi_mpr_2025_10_p035_c000"": [], ""rbi_mpr_2025_10_p035_c002"": [], ""rbi_mpr_2025_10_p040_c001"": [], ""rbi_mpr_2025_10_p042_c002"": [], ""rbi_mpr_2025_10_p043_c001"": [], ""rbi_mpr_2025_10_p043_c002"": [], ""rbi_mpr_2025_10_p045_c000"": [], ""rbi_mpr_2025_10_p049_c002"": [], ""rbi_mpr_2025_10_p055_c000"": [], ""rbi_mpr_2025_10_p055_c003"": [], ""rbi_mpr_2025_10_p064_c001"": [], ""rbi_mpr_2025_10_p064_c002"": [], ""rbi_mpr_2025_10_p064_c005"": [], ""rbi_mpr_2025_10_p065_c001"": [], ""rbi_mpr_2025_10_p066_c000"": [], ""rbi_mpr_2025_10_p069_c003"": [], ""rbi_mpr_2025_10_p069_c004"": [], ""rbi_mpr_2025_10_p070_c000"": [], ""rbi_mpr_2025_10_p070_c001"": [], ""rbi_mpr_2025_10_p070_c002"": [], ""rbi_mpr_2025_10_p070_c003"": [], ""rbi_mpr_2025_10_p071_c000"": [], ""rbi_mpr_2025_10_p071_c001"": [], ""rbi_mpr_2025_10_p072_c000"": [], ""rbi_mpr_2025_10_p072_c001"": [], ""rbi_mpr_2025_10_p073_c002"": [], ""rbi_mpr_2025_10_p073_c003"": [], ""rbi_mpr_2025_10_p074_c000"": [], ""rbi_mpr_2025_10_p074_c001"": [], ""rbi_mpr_2025_10_p076_c000"": [], ""rbi_mpr_2025_10_p076_c001"": [], ""rbi_mpr_2025_10_p079_c000"": [], ""rbi_mpr_2025_10_p080_c002"": [], ""rbi_mpr_2025_10_p091_c000"": [], ""rbi_mpr_2025_10_p093_c000"": [], ""rbi_mpr_2025_10_p094_c003"": [], ""rbi_mpr_2025_10_p099_c002"": [], ""rbi_mpr_2025_10_p099_c003"": [], ""rbi_mpr_2025_10_p102_c001"": [], ""rbi_mpr_2025_10_p103_c000"": [], ""rbi_mpr_2025_10_p103_c001"": [], ""rbi_mpr_2025_10_p103_c002"": [], ""rbi_mpr_2025_10_p103_c003"": [], ""rbi_mpr_2025_10_p104_c000"": [], ""rbi_mpr_2025_10_p104_c001"": [], ""rbi_mpr_2025_10_p104_c003"": [], ""rbi_mpr_2025_10_p105_c000"": [], ""rbi_mpr_2025_10_p105_c001"": [], ""rbi_mpr_2025_10_p106_c000"": [], ""rbi_mpr_2025_10_p107_c000"": [], ""rbi_mpr_2025_10_p107_c001"": [], ""rbi_mpr_2025_10_p107_c003"": [], ""rbi_mpr_2025_10_p110_c000"": [], ""rbi_mpr_2026_04_p003_c000"": [], ""rbi_mpr_2026_04_p013_c000"": [], ""rbi_mpr_2026_04_p013_c001"": [], ""rbi_mpr_2026_04_p013_c003"": [], ""rbi_mpr_2026_04_p013_c004"": [], ""rbi_mpr_2026_04_p014_c000"": [], ""rbi_mpr_2026_04_p014_c002"": [], ""rbi_mpr_2026_04_p015_c001"": [], ""rbi_mpr_2026_04_p016_c002"": [], ""rbi_mpr_2026_04_p016_c003"": [], ""rbi_mpr_2026_04_p017_c000"": [], ""rbi_mpr_2026_04_p018_c002"": [], ""rbi_mpr_2026_04_p018_c003"": [], ""rbi_mpr_2026_04_p020_c000"": [], ""rbi_mpr_2026_04_p020_c001"": [], ""rbi_mpr_2026_04_p020_c002"": [], ""rbi_mpr_2026_04_p020_c003"": [], ""rbi_mpr_2026_04_p021_c000"": [], ""rbi_mpr_2026_04_p021_c003"": [], ""rbi_mpr_2026_04_p022_c000"": [], ""rbi_mpr_2026_04_p022_c001"": [], ""rbi_mpr_2026_04_p023_c000"": [], ""rbi_mpr_2026_04_p023_c001"": [], ""rbi_mpr_2026_04_p023_c002"": [], ""rbi_mpr_2026_04_p024_c000"": [], ""rbi_mpr_2026_04_p024_c002"": [], ""rbi_mpr_2026_04_p026_c000"": [], ""rbi_mpr_2026_04_p026_c002"": [], ""rbi_mpr_2026_04_p026_c003"": [], ""rbi_mpr_2026_04_p026_c004"": [], ""rbi_mpr_2026_04_p028_c000"": [], ""rbi_mpr_2026_04_p028_c001"": [], ""rbi_mpr_2026_04_p028_c002"": [], ""rbi_mpr_2026_04_p028_c003"": [], ""rbi_mpr_2026_04_p030_c001"": [], ""rbi_mpr_2026_04_p030_c002"": [], ""rbi_mpr_2026_04_p032_c003"": [], ""rbi_mpr_2026_04_p034_c000"": [], ""rbi_mpr_2026_04_p038_c000"": [], ""rbi_mpr_2026_04_p038_c001"": [], ""rbi_mpr_2026_04_p039_c002"": [], ""rbi_mpr_2026_04_p040_c000"": [], ""rbi_mpr_2026_04_p049_c000"": [], ""rbi_mpr_2026_04_p049_c001"": [], ""rbi_mpr_2026_04_p050_c000"": [], ""rbi_mpr_2026_04_p050_c002"": [], ""rbi_mpr_2026_04_p052_c001"": [], ""rbi_mpr_2026_04_p055_c000"": [], ""rbi_mpr_2026_04_p058_c000"": [], ""rbi_mpr_2026_04_p068_c001"": [], ""rbi_mpr_2026_04_p068_c002"": [], ""rbi_mpr_2026_04_p074_c002"": [], ""rbi_mpr_2026_04_p074_c003"": [], ""rbi_mpr_2026_04_p078_c000"": [], ""rbi_mpr_2026_04_p078_c001"": [], ""rbi_mpr_2026_04_p082_c000"": [], ""rbi_mpr_2026_04_p082_c004"": [], ""rbi_mpr_2026_04_p088_c000"": [], ""rbi_mpr_2026_04_p088_c004"": [], ""rbi_mpr_2026_04_p089_c002"": [], ""rbi_mpr_2026_04_p089_c003"": [], ""rbi_mpr_2026_04_p093_c003"": [], ""rbi_mpr_2026_04_p099_c003"": [], ""rbi_mpr_2026_04_p100_c000"": [], ""rbi_mpr_2026_04_p100_c001"": [], ""rbi_mpr_2026_04_p100_c003"": [], ""rbi_mpr_2026_04_p100_c004"": [], ""rbi_mpr_2026_04_p101_c002"": [], ""rbi_mpr_2026_04_p101_c005"": [], ""rbi_mpr_2026_04_p102_c002"": [], ""rbi_mpr_2026_04_p102_c004"": [], ""rbi_mpr_2026_04_p103_c001"": [], ""rbi_mpr_2026_04_p103_c002"": [], ""rbi_mpr_2026_04_p103_c003"": [], ""rbi_mpr_2026_04_p103_c004"": [], ""rbi_mpr_2026_04_p104_c000"": [], ""rbi_mpr_2026_04_p104_c002"": [], ""rbi_mpr_2026_04_p104_c004"": [], ""rbi_mpr_2026_04_p104_c005"": [], ""rbi_mpr_2026_04_p105_c000"": [], ""rbi_mpr_2026_04_p107_c001"": [], ""rbi_mpr_2026_04_p107_c004"": [], ""rbi_mpr_2026_04_p110_c000"": [], ""rbi_mpr_2026_04_p110_c002"": [], ""rbi_mpr_2026_04_p112_c000"": [], ""rbi_mpr_2026_04_p112_c003"": [], ""rbi_mpr_2026_04_p114_c000"": [], ""rbi_mpr_2026_04_p116_c000"": []}, ""candidate_source_facet"": {""rbi_mpr_2025_04_p003_c000"": [], ""rbi_mpr_2025_04_p011_c001"": [], ""rbi_mpr_2025_04_p011_c003"": [], ""rbi_mpr_2025_04_p012_c000"": [], ""rbi_mpr_2025_04_p012_c001"": [], ""rbi_mpr_2025_04_p012_c003"": [], ""rbi_mpr_2025_04_p013_c000"": [], ""rbi_mpr_2025_04_p013_c002"": [], ""rbi_mpr_2025_04_p013_c003"": [], ""rbi_mpr_2025_04_p015_c001"": [], ""rbi_mpr_2025_04_p015_c002"": [], ""rbi_mpr_2025_04_p018_c000"": [], ""rbi_mpr_2025_04_p018_c001"": [], ""rbi_mpr_2025_04_p019_c000"": [], ""rbi_mpr_2025_04_p019_c001"": [], ""rbi_mpr_2025_04_p019_c003"": [], ""rbi_mpr_2025_04_p019_c004"": [], ""rbi_mpr_2025_04_p021_c001"": [], ""rbi_mpr_2025_04_p024_c000"": [], ""rbi_mpr_2025_04_p025_c003"": [], ""rbi_mpr_2025_04_p026_c000"": [], ""rbi_mpr_2025_04_p027_c000"": [], ""rbi_mpr_2025_04_p027_c001"": [], ""rbi_mpr_2025_04_p027_c002"": [], ""rbi_mpr_2025_04_p028_c001"": [], ""rbi_mpr_2025_04_p028_c002"": [], ""rbi_mpr_2025_04_p028_c003"": [], ""rbi_mpr_2025_04_p029_c003"": [], ""rbi_mpr_2025_04_p030_c000"": [], ""rbi_mpr_2025_04_p039_c002"": [], ""rbi_mpr_2025_04_p044_c001"": [], ""rbi_mpr_2025_04_p044_c002"": [], ""rbi_mpr_2025_04_p046_c000"": [], ""rbi_mpr_2025_04_p047_c002"": [], ""rbi_mpr_2025_04_p050_c000"": [], ""rbi_mpr_2025_04_p052_c000"": [], ""rbi_mpr_2025_04_p055_c000"": [], ""rbi_mpr_2025_04_p060_c000"": [], ""rbi_mpr_2025_04_p064_c000"": [], ""rbi_mpr_2025_04_p068_c000"": [], ""rbi_mpr_2025_04_p069_c000"": [], ""rbi_mpr_2025_04_p069_c001"": [], ""rbi_mpr_2025_04_p069_c002"": [], ""rbi_mpr_2025_04_p073_c001"": [], ""rbi_mpr_2025_04_p073_c002"": [], ""rbi_mpr_2025_04_p073_c003"": [], ""rbi_mpr_2025_04_p073_c004"": [], ""rbi_mpr_2025_04_p074_c000"": [], ""rbi_mpr_2025_04_p074_c001"": [], ""rbi_mpr_2025_04_p075_c000"": [], ""rbi_mpr_2025_04_p075_c001"": [], ""rbi_mpr_2025_04_p075_c002"": [], ""rbi_mpr_2025_04_p078_c000"": [], ""rbi_mpr_2025_04_p078_c001"": [], ""rbi_mpr_2025_04_p078_c002"": [], ""rbi_mpr_2025_04_p078_c003"": [], ""rbi_mpr_2025_04_p085_c002"": [], ""rbi_mpr_2025_04_p094_c001"": [], ""rbi_mpr_2025_04_p099_c001"": [], ""rbi_mpr_2025_04_p099_c002"": [], ""rbi_mpr_2025_04_p100_c001"": [], ""rbi_mpr_2025_04_p100_c002"": [], ""rbi_mpr_2025_04_p101_c001"": [], ""rbi_mpr_2025_04_p101_c003"": [], ""rbi_mpr_2025_04_p104_c000"": [], ""rbi_mpr_2025_04_p106_c001"": [], ""rbi_mpr_2025_04_p107_c000"": [], ""rbi_mpr_2025_04_p107_c001"": [], ""rbi_mpr_2025_04_p108_c000"": [], ""rbi_mpr_2025_04_p108_c002"": [], ""rbi_mpr_2025_04_p108_c003"": [], ""rbi_mpr_2025_04_p109_c003"": [], ""rbi_mpr_2025_04_p110_c000"": [], ""rbi_mpr_2025_04_p110_c001"": [], ""rbi_mpr_2025_04_p110_c003"": [], ""rbi_mpr_2025_04_p111_c001"": [], ""rbi_mpr_2025_04_p111_c002"": [], ""rbi_mpr_2025_04_p111_c003"": [], ""rbi_mpr_2025_04_p112_c000"": [], ""rbi_mpr_2025_04_p112_c001"": [], ""rbi_mpr_2025_04_p113_c000"": [], ""rbi_mpr_2025_04_p113_c001"": [], ""rbi_mpr_2025_04_p113_c002"": [], ""rbi_mpr_2025_04_p113_c003"": [], ""rbi_mpr_2025_04_p114_c000"": [], ""rbi_mpr_2025_04_p114_c001"": [], ""rbi_mpr_2025_10_p003_c000"": [], ""rbi_mpr_2025_10_p005_c001"": [], ""rbi_mpr_2025_10_p009_c000"": [], ""rbi_mpr_2025_10_p009_c001"": [], ""rbi_mpr_2025_10_p010_c000"": [], ""rbi_mpr_2025_10_p010_c001"": [], ""rbi_mpr_2025_10_p010_c002"": [], ""rbi_mpr_2025_10_p010_c004"": [], ""rbi_mpr_2025_10_p011_c000"": [], ""rbi_mpr_2025_10_p011_c001"": [], ""rbi_mpr_2025_10_p011_c003"": [], ""rbi_mpr_2025_10_p011_c004"": [], ""rbi_mpr_2025_10_p011_c005"": [], ""rbi_mpr_2025_10_p014_c000"": [], ""rbi_mpr_2025_10_p014_c001"": [], ""rbi_mpr_2025_10_p014_c003"": [], ""rbi_mpr_2025_10_p015_c003"": [], ""rbi_mpr_2025_10_p016_c003"": [], ""rbi_mpr_2025_10_p017_c000"": [], ""rbi_mpr_2025_10_p019_c000"": [], ""rbi_mpr_2025_10_p019_c002"": [], ""rbi_mpr_2025_10_p019_c003"": [], ""rbi_mpr_2025_10_p023_c000"": [], ""rbi_mpr_2025_10_p027_c002"": [], ""rbi_mpr_2025_10_p031_c000"": [], ""rbi_mpr_2025_10_p032_c003"": [], ""rbi_mpr_2025_10_p034_c003"": [], ""rbi_mpr_2025_10_p034_c005"": [], ""rbi_mpr_2025_10_p035_c000"": [], ""rbi_mpr_2025_10_p035_c002"": [], ""rbi_mpr_2025_10_p040_c001"": [], ""rbi_mpr_2025_10_p042_c002"": [], ""rbi_mpr_2025_10_p043_c001"": [], ""rbi_mpr_2025_10_p043_c002"": [], ""rbi_mpr_2025_10_p045_c000"": [], ""rbi_mpr_2025_10_p049_c002"": [], ""rbi_mpr_2025_10_p055_c000"": [], ""rbi_mpr_2025_10_p055_c003"": [], ""rbi_mpr_2025_10_p064_c001"": [], ""rbi_mpr_2025_10_p064_c002"": [], ""rbi_mpr_2025_10_p064_c005"": [], ""rbi_mpr_2025_10_p065_c001"": [], ""rbi_mpr_2025_10_p066_c000"": [], ""rbi_mpr_2025_10_p069_c003"": [], ""rbi_mpr_2025_10_p069_c004"": [], ""rbi_mpr_2025_10_p070_c000"": [], ""rbi_mpr_2025_10_p070_c001"": [], ""rbi_mpr_2025_10_p070_c002"": [], ""rbi_mpr_2025_10_p070_c003"": [], ""rbi_mpr_2025_10_p071_c000"": [], ""rbi_mpr_2025_10_p071_c001"": [], ""rbi_mpr_2025_10_p072_c000"": [], ""rbi_mpr_2025_10_p072_c001"": [], ""rbi_mpr_2025_10_p073_c002"": [], ""rbi_mpr_2025_10_p073_c003"": [], ""rbi_mpr_2025_10_p074_c000"": [], ""rbi_mpr_2025_10_p074_c001"": [], ""rbi_mpr_2025_10_p076_c000"": [], ""rbi_mpr_2025_10_p076_c001"": [], ""rbi_mpr_2025_10_p079_c000"": [], ""rbi_mpr_2025_10_p080_c002"": [], ""rbi_mpr_2025_10_p091_c000"": [], ""rbi_mpr_2025_10_p093_c000"": [], ""rbi_mpr_2025_10_p094_c003"": [], ""rbi_mpr_2025_10_p099_c002"": [], ""rbi_mpr_2025_10_p099_c003"": [], ""rbi_mpr_2025_10_p102_c001"": [], ""rbi_mpr_2025_10_p103_c000"": [], ""rbi_mpr_2025_10_p103_c001"": [], ""rbi_mpr_2025_10_p103_c002"": [], ""rbi_mpr_2025_10_p103_c003"": [], ""rbi_mpr_2025_10_p104_c000"": [], ""rbi_mpr_2025_10_p104_c001"": [], ""rbi_mpr_2025_10_p104_c003"": [], ""rbi_mpr_2025_10_p105_c000"": [], ""rbi_mpr_2025_10_p105_c001"": [], ""rbi_mpr_2025_10_p106_c000"": [], ""rbi_mpr_2025_10_p107_c000"": [], ""rbi_mpr_2025_10_p107_c001"": [], ""rbi_mpr_2025_10_p107_c003"": [], ""rbi_mpr_2025_10_p110_c000"": [], ""rbi_mpr_2026_04_p003_c000"": [], ""rbi_mpr_2026_04_p013_c000"": [], ""rbi_mpr_2026_04_p013_c001"": [], ""rbi_mpr_2026_04_p013_c003"": [], ""rbi_mpr_2026_04_p013_c004"": [], ""rbi_mpr_2026_04_p014_c000"": [], ""rbi_mpr_2026_04_p014_c002"": [], ""rbi_mpr_2026_04_p015_c001"": [], ""rbi_mpr_2026_04_p016_c002"": [], ""rbi_mpr_2026_04_p016_c003"": [], ""rbi_mpr_2026_04_p017_c000"": [], ""rbi_mpr_2026_04_p018_c002"": [], ""rbi_mpr_2026_04_p018_c003"": [], ""rbi_mpr_2026_04_p020_c000"": [], ""rbi_mpr_2026_04_p020_c001"": [], ""rbi_mpr_2026_04_p020_c002"": [], ""rbi_mpr_2026_04_p020_c003"": [], ""rbi_mpr_2026_04_p021_c000"": [], ""rbi_mpr_2026_04_p021_c003"": [], ""rbi_mpr_2026_04_p022_c000"": [], ""rbi_mpr_2026_04_p022_c001"": [], ""rbi_mpr_2026_04_p023_c000"": [], ""rbi_mpr_2026_04_p023_c001"": [], ""rbi_mpr_2026_04_p023_c002"": [], ""rbi_mpr_2026_04_p024_c000"": [], ""rbi_mpr_2026_04_p024_c002"": [], ""rbi_mpr_2026_04_p026_c000"": [], ""rbi_mpr_2026_04_p026_c002"": [], ""rbi_mpr_2026_04_p026_c003"": [], ""rbi_mpr_2026_04_p026_c004"": [], ""rbi_mpr_2026_04_p028_c000"": [], ""rbi_mpr_2026_04_p028_c001"": [], ""rbi_mpr_2026_04_p028_c002"": [], ""rbi_mpr_2026_04_p028_c003"": [], ""rbi_mpr_2026_04_p030_c001"": [], ""rbi_mpr_2026_04_p030_c002"": [], ""rbi_mpr_2026_04_p032_c003"": [], ""rbi_mpr_2026_04_p034_c000"": [], ""rbi_mpr_2026_04_p038_c000"": [], ""rbi_mpr_2026_04_p038_c001"": [], ""rbi_mpr_2026_04_p039_c002"": [], ""rbi_mpr_2026_04_p040_c000"": [], ""rbi_mpr_2026_04_p049_c000"": [], ""rbi_mpr_2026_04_p049_c001"": [], ""rbi_mpr_2026_04_p050_c000"": [], ""rbi_mpr_2026_04_p050_c002"": [], ""rbi_mpr_2026_04_p052_c001"": [], ""rbi_mpr_2026_04_p055_c000"": [], ""rbi_mpr_2026_04_p058_c000"": [], ""rbi_mpr_2026_04_p068_c001"": [], ""rbi_mpr_2026_04_p068_c002"": [], ""rbi_mpr_2026_04_p074_c002"": [], ""rbi_mpr_2026_04_p074_c003"": [], ""rbi_mpr_2026_04_p078_c000"": [], ""rbi_mpr_2026_04_p078_c001"": [], ""rbi_mpr_2026_04_p082_c000"": [], ""rbi_mpr_2026_04_p082_c004"": [], ""rbi_mpr_2026_04_p088_c000"": [], ""rbi_mpr_2026_04_p088_c004"": [], ""rbi_mpr_2026_04_p089_c002"": [], ""rbi_mpr_2026_04_p089_c003"": [], ""rbi_mpr_2026_04_p093_c003"": [], ""rbi_mpr_2026_04_p099_c003"": [], ""rbi_mpr_2026_04_p100_c000"": [], ""rbi_mpr_2026_04_p100_c001"": [], ""rbi_mpr_2026_04_p100_c003"": [], ""rbi_mpr_2026_04_p100_c004"": [], ""rbi_mpr_2026_04_p101_c002"": [], ""rbi_mpr_2026_04_p101_c005"": [], ""rbi_mpr_2026_04_p102_c002"": [], ""rbi_mpr_2026_04_p102_c004"": [], ""rbi_mpr_2026_04_p103_c001"": [], ""rbi_mpr_2026_04_p103_c002"": [], ""rbi_mpr_2026_04_p103_c003"": [], ""rbi_mpr_2026_04_p103_c004"": [], ""rbi_mpr_2026_04_p104_c000"": [], ""rbi_mpr_2026_04_p104_c002"": [], ""rbi_mpr_2026_04_p104_c004"": [], ""rbi_mpr_2026_04_p104_c005"": [], ""rbi_mpr_2026_04_p105_c000"": [], ""rbi_mpr_2026_04_p107_c001"": [], ""rbi_mpr_2026_04_p107_c004"": [], ""rbi_mpr_2026_04_p110_c000"": [], ""rbi_mpr_2026_04_p110_c002"": [], ""rbi_mpr_2026_04_p112_c000"": [], ""rbi_mpr_2026_04_p112_c003"": [], ""rbi_mpr_2026_04_p114_c000"": [], ""rbi_mpr_2026_04_p116_c000"": []}, ""candidate_source_query"": {""rbi_mpr_2025_04_p003_c000"": [""How did the neutral policy stance appear across the three reports?""], ""rbi_mpr_2025_04_p011_c001"": [""How did the neutral policy stance appear across the three reports?""], ""rbi_mpr_2025_04_p011_c003"": [""How did the neutral policy stance appear across the three reports?""], ""rbi_mpr_2025_04_p012_c000"": [""How did the neutral policy stance appear across the three reports?""], ""rbi_mpr_2025_04_p012_c001"": [""How did the neutral policy stance appear across the three reports?""], ""rbi_mpr_2025_04_p012_c003"": [""How did the neutral policy stance appear across the three reports?""], ""rbi_mpr_2025_04_p013_c000"": [""How did the neutral policy stance appear across the three reports?""], ""rbi_mpr_2025_04_p013_c002"": [""How did the neutral policy stance appear across the three reports?""], ""rbi_mpr_2025_04_p013_c003"": [""How did the neutral policy stance appear across the three reports?""], ""rbi_mpr_2025_04_p015_c001"": [""How did the neutral policy stance appear across the three reports?""], ""rbi_mpr_2025_04_p015_c002"": [""How did the neutral policy stance appear across the three reports?""], ""rbi_mpr_2025_04_p018_c000"": [""How did the neutral policy stance appear across the three reports?""], ""rbi_mpr_2025_04_p018_c001"": [""How did the neutral policy stance appear across the three reports?""], ""rbi_mpr_2025_04_p019_c000"": [""How did the neutral policy stance appear across the three reports?""], ""rbi_mpr_2025_04_p019_c001"": [""How did the neutral policy stance appear across the three reports?""], ""rbi_mpr_2025_04_p019_c003"": [""How did the neutral policy stance appear across the three reports?""], ""rbi_mpr_2025_04_p019_c004"": [""How did the neutral policy stance appear across the three reports?""], ""rbi_mpr_2025_04_p021_c001"": [""How did the neutral policy stance appear across the three reports?""], ""rbi_mpr_2025_04_p024_c000"": [""How did the neutral policy stance appear across the three reports?""], ""rbi_mpr_2025_04_p025_c003"": [""How did the neutral policy stance appear across the three reports?""], ""rbi_mpr_2025_04_p026_c000"": [""How did the neutral policy stance appear across the three reports?""], ""rbi_mpr_2025_04_p027_c000"": [""How did the neutral policy stance appear across the three reports?""], ""rbi_mpr_2025_04_p027_c001"": [""How did the neutral policy stance appear across the three reports?""], ""rbi_mpr_2025_04_p027_c002"": [""How did the neutral policy stance appear across the three reports?""], ""rbi_mpr_2025_04_p028_c001"": [""How did the neutral policy stance appear across the three reports?""], ""rbi_mpr_2025_04_p028_c002"": [""How did the neutral policy stance appear across the three reports?""], ""rbi_mpr_2025_04_p028_c003"": [""How did the neutral policy stance appear across the three reports?""], ""rbi_mpr_2025_04_p029_c003"": [""How did the neutral policy stance appear across the three reports?""], ""rbi_mpr_2025_04_p030_c000"": [""How did the neutral policy stance appear across the three reports?""], ""rbi_mpr_2025_04_p039_c002"": [""How did the neutral policy stance appear across the three reports?""], ""rbi_mpr_2025_04_p044_c001"": [""How did the neutral policy stance appear across the three reports?""], ""rbi_mpr_2025_04_p044_c002"": [""How did the neutral policy stance appear across the three reports?""], ""rbi_mpr_2025_04_p046_c000"": [""How did the neutral policy stance appear across the three reports?""], ""rbi_mpr_2025_04_p047_c002"": [""How did the neutral policy stance appear across the three reports?""], ""rbi_mpr_2025_04_p050_c000"": [""How did the neutral policy stance appear across the three reports?""], ""rbi_mpr_2025_04_p052_c000"": [""How did the neutral policy stance appear across the three reports?""], ""rbi_mpr_2025_04_p055_c000"": [""How did the neutral policy stance appear across the three reports?""], ""rbi_mpr_2025_04_p060_c000"": [""How did the neutral policy stance appear across the three reports?""], ""rbi_mpr_2025_04_p064_c000"": [""How did the neutral policy stance appear across the three reports?""], ""rbi_mpr_2025_04_p068_c000"": [""How did the neutral policy stance appear across the three reports?""], ""rbi_mpr_2025_04_p069_c000"": [""How did the neutral policy stance appear across the three reports?""], ""rbi_mpr_2025_04_p069_c001"": [""How did the neutral policy stance appear across the three reports?""], ""rbi_mpr_2025_04_p069_c002"": [""How did the neutral policy stance appear across the three reports?""], ""rbi_mpr_2025_04_p073_c001"": [""How did the neutral policy stance appear across the three reports?""], ""rbi_mpr_2025_04_p073_c002"": [""How did the neutral policy stance appear across the three reports?""], ""rbi_mpr_2025_04_p073_c003"": [""How did the neutral policy stance appear across the three reports?""], ""rbi_mpr_2025_04_p073_c004"": [""How did the neutral policy stance appear across the three reports?""], ""rbi_mpr_2025_04_p074_c000"": [""How did the neutral policy stance appear across the three reports?""], ""rbi_mpr_2025_04_p074_c001"": [""How did the neutral policy stance appear across the three reports?""], ""rbi_mpr_2025_04_p075_c000"": [""How did the neutral policy stance appear across the three reports?""], ""rbi_mpr_2025_04_p075_c001"": [""How did the neutral policy stance appear across the three reports?""], ""rbi_mpr_2025_04_p075_c002"": [""How did the neutral policy stance appear across the three reports?""], ""rbi_mpr_2025_04_p078_c000"": [""How did the neutral policy stance appear across the three reports?""], ""rbi_mpr_2025_04_p078_c001"": [""How did the neutral policy stance appear across the three reports?""], ""rbi_mpr_2025_04_p078_c002"": [""How did the neutral policy stance appear across the three reports?""], ""rbi_mpr_2025_04_p078_c003"": [""How did the neutral policy stance appear across the three reports?""], ""rbi_mpr_2025_04_p085_c002"": [""How did the neutral policy stance appear across the three reports?""], ""rbi_mpr_2025_04_p094_c001"": [""How did the neutral policy stance appear across the three reports?""], ""rbi_mpr_2025_04_p099_c001"": [""How did the neutral policy stance appear across the three reports?""], ""rbi_mpr_2025_04_p099_c002"": [""How did the neutral policy stance appear across the three reports?""], ""rbi_mpr_2025_04_p100_c001"": [""How did the neutral policy stance appear across the three reports?""], ""rbi_mpr_2025_04_p100_c002"": [""How did the neutral policy stance appear across the three reports?""], ""rbi_mpr_2025_04_p101_c001"": [""How did the neutral policy stance appear across the three reports?""], ""rbi_mpr_2025_04_p101_c003"": [""How did the neutral policy stance appear across the three reports?""], ""rbi_mpr_2025_04_p104_c000"": [""How did the neutral policy stance appear across the three reports?""], ""rbi_mpr_2025_04_p106_c001"": [""How did the neutral policy stance appear across the three reports?""], ""rbi_mpr_2025_04_p107_c000"": [""How did the neutral policy stance appear across the three reports?""], ""rbi_mpr_2025_04_p107_c001"": [""How did the neutral policy stance appear across the three reports?""], ""rbi_mpr_2025_04_p108_c000"": [""How did the neutral policy stance appear across the three reports?""], ""rbi_mpr_2025_04_p108_c002"": [""How did the neutral policy stance appear across the three reports?""], ""rbi_mpr_2025_04_p108_c003"": [""How did the neutral policy stance appear across the three reports?""], ""rbi_mpr_2025_04_p109_c003"": [""How did the neutral policy stance appear across the three reports?""], ""rbi_mpr_2025_04_p110_c000"": [""How did the neutral policy stance appear across the three reports?""], ""rbi_mpr_2025_04_p110_c001"": [""How did the neutral policy stance appear across the three reports?""], ""rbi_mpr_2025_04_p110_c003"": [""How did the neutral policy stance appear across the three reports?""], ""rbi_mpr_2025_04_p111_c001"": [""How did the neutral policy stance appear across the three reports?""], ""rbi_mpr_2025_04_p111_c002"": [""How did the neutral policy stance appear across the three reports?""], ""rbi_mpr_2025_04_p111_c003"": [""How did the neutral policy stance appear across the three reports?""], ""rbi_mpr_2025_04_p112_c000"": [""How did the neutral policy stance appear across the three reports?""], ""rbi_mpr_2025_04_p112_c001"": [""How did the neutral policy stance appear across the three reports?""], ""rbi_mpr_2025_04_p113_c000"": [""How did the neutral policy stance appear across the three reports?""], ""rbi_mpr_2025_04_p113_c001"": [""How did the neutral policy stance appear across the three reports?""], ""rbi_mpr_2025_04_p113_c002"": [""How did the neutral policy stance appear across the three reports?""], ""rbi_mpr_2025_04_p113_c003"": [""How did the neutral policy stance appear across the three reports?""], ""rbi_mpr_2025_04_p114_c000"": [""How did the neutral policy stance appear across the three reports?""], ""rbi_mpr_2025_04_p114_c001"": [""How did the neutral policy stance appear across the three reports?""], ""rbi_mpr_2025_10_p003_c000"": [""How did the neutral policy stance appear across the three reports?""], ""rbi_mpr_2025_10_p005_c001"": [""How did the neutral policy stance appear across the three reports?""], ""rbi_mpr_2025_10_p009_c000"": [""How did the neutral policy stance appear across the three reports?""], ""rbi_mpr_2025_10_p009_c001"": [""How did the neutral policy stance appear across the three reports?""], ""rbi_mpr_2025_10_p010_c000"": [""How did the neutral policy stance appear across the three reports?""], ""rbi_mpr_2025_10_p010_c001"": [""How did the neutral policy stance appear across the three reports?""], ""rbi_mpr_2025_10_p010_c002"": [""How did the neutral policy stance appear across the three reports?""], ""rbi_mpr_2025_10_p010_c004"": [""How did the neutral policy stance appear across the three reports?""], ""rbi_mpr_2025_10_p011_c000"": [""How did the neutral policy stance appear across the three reports?""], ""rbi_mpr_2025_10_p011_c001"": [""How did the neutral policy stance appear across the three reports?""], ""rbi_mpr_2025_10_p011_c003"": [""How did the neutral policy stance appear across the three reports?""], ""rbi_mpr_2025_10_p011_c004"": [""How did the neutral policy stance appear across the three reports?""], ""rbi_mpr_2025_10_p011_c005"": [""How did the neutral policy stance appear across the three reports?""], ""rbi_mpr_2025_10_p014_c000"": [""How did the neutral policy stance appear across the three reports?""], ""rbi_mpr_2025_10_p014_c001"": [""How did the neutral policy stance appear across the three reports?""], ""rbi_mpr_2025_10_p014_c003"": [""How did the neutral policy stance appear across the three reports?""], ""rbi_mpr_2025_10_p015_c003"": [""How did the neutral policy stance appear across the three reports?""], ""rbi_mpr_2025_10_p016_c003"": [""How did the neutral policy stance appear across the three reports?""], ""rbi_mpr_2025_10_p017_c000"": [""How did the neutral policy stance appear across the three reports?""], ""rbi_mpr_2025_10_p019_c000"": [""How did the neutral policy stance appear across the three reports?""], ""rbi_mpr_2025_10_p019_c002"": [""How did the neutral policy stance appear across the three reports?""], ""rbi_mpr_2025_10_p019_c003"": [""How did the neutral policy stance appear across the three reports?""], ""rbi_mpr_2025_10_p023_c000"": [""How did the neutral policy stance appear across the three reports?""], ""rbi_mpr_2025_10_p027_c002"": [""How did the neutral policy stance appear across the three reports?""], ""rbi_mpr_2025_10_p031_c000"": [""How did the neutral policy stance appear across the three reports?""], ""rbi_mpr_2025_10_p032_c003"": [""How did the neutral policy stance appear across the three reports?""], ""rbi_mpr_2025_10_p034_c003"": [""How did the neutral policy stance appear across the three reports?""], ""rbi_mpr_2025_10_p034_c005"": [""How did the neutral policy stance appear across the three reports?""], ""rbi_mpr_2025_10_p035_c000"": [""How did the neutral policy stance appear across the three reports?""], ""rbi_mpr_2025_10_p035_c002"": [""How did the neutral policy stance appear across the three reports?""], ""rbi_mpr_2025_10_p040_c001"": [""How did the neutral policy stance appear across the three reports?""], ""rbi_mpr_2025_10_p042_c002"": [""How did the neutral policy stance appear across the three reports?""], ""rbi_mpr_2025_10_p043_c001"": [""How did the neutral policy stance appear across the three reports?""], ""rbi_mpr_2025_10_p043_c002"": [""How did the neutral policy stance appear across the three reports?""], ""rbi_mpr_2025_10_p045_c000"": [""How did the neutral policy stance appear across the three reports?""], ""rbi_mpr_2025_10_p049_c002"": [""How did the neutral policy stance appear across the three reports?""], ""rbi_mpr_2025_10_p055_c000"": [""How did the neutral policy stance appear across the three reports?""], ""rbi_mpr_2025_10_p055_c003"": [""How did the neutral policy stance appear across the three reports?""], ""rbi_mpr_2025_10_p064_c001"": [""How did the neutral policy stance appear across the three reports?""], ""rbi_mpr_2025_10_p064_c002"": [""How did the neutral policy stance appear across the three reports?""], ""rbi_mpr_2025_10_p064_c005"": [""How did the neutral policy stance appear across the three reports?""], ""rbi_mpr_2025_10_p065_c001"": [""How did the neutral policy stance appear across the three reports?""], ""rbi_mpr_2025_10_p066_c000"": [""How did the neutral policy stance appear across the three reports?""], ""rbi_mpr_2025_10_p069_c003"": [""How did the neutral policy stance appear across the three reports?""], ""rbi_mpr_2025_10_p069_c004"": [""How did the neutral policy stance appear across the three reports?""], ""rbi_mpr_2025_10_p070_c000"": [""How did the neutral policy stance appear across the three reports?""], ""rbi_mpr_2025_10_p070_c001"": [""How did the neutral policy stance appear across the three reports?""], ""rbi_mpr_2025_10_p070_c002"": [""How did the neutral policy stance appear across the three reports?""], ""rbi_mpr_2025_10_p070_c003"": [""How did the neutral policy stance appear across the three reports?""], ""rbi_mpr_2025_10_p071_c000"": [""How did the neutral policy stance appear across the three reports?""], ""rbi_mpr_2025_10_p071_c001"": [""How did the neutral policy stance appear across the three reports?""], ""rbi_mpr_2025_10_p072_c000"": [""How did the neutral policy stance appear across the three reports?""], ""rbi_mpr_2025_10_p072_c001"": [""How did the neutral policy stance appear across the three reports?""], ""rbi_mpr_2025_10_p073_c002"": [""How did the neutral policy stance appear across the three reports?""], ""rbi_mpr_2025_10_p073_c003"": [""How did the neutral policy stance appear across the three reports?""], ""rbi_mpr_2025_10_p074_c000"": [""How did the neutral policy stance appear across the three reports?""], ""rbi_mpr_2025_10_p074_c001"": [""How did the neutral policy stance appear across the three reports?""], ""rbi_mpr_2025_10_p076_c000"": [""How did the neutral policy stance appear across the three reports?""], ""rbi_mpr_2025_10_p076_c001"": [""How did the neutral policy stance appear across the three reports?""], ""rbi_mpr_2025_10_p079_c000"": [""How did the neutral policy stance appear across the three reports?""], ""rbi_mpr_2025_10_p080_c002"": [""How did the neutral policy stance appear across the three reports?""], ""rbi_mpr_2025_10_p091_c000"": [""How did the neutral policy stance appear across the three reports?""], ""rbi_mpr_2025_10_p093_c000"": [""How did the neutral policy stance appear across the three reports?""], ""rbi_mpr_2025_10_p094_c003"": [""How did the neutral policy stance appear across the three reports?""], ""rbi_mpr_2025_10_p099_c002"": [""How did the neutral policy stance appear across the three reports?""], ""rbi_mpr_2025_10_p099_c003"": [""How did the neutral policy stance appear across the three reports?""], ""rbi_mpr_2025_10_p102_c001"": [""How did the neutral policy stance appear across the three reports?""], ""rbi_mpr_2025_10_p103_c000"": [""How did the neutral policy stance appear across the three reports?""], ""rbi_mpr_2025_10_p103_c001"": [""How did the neutral policy stance appear across the three reports?""], ""rbi_mpr_2025_10_p103_c002"": [""How did the neutral policy stance appear across the three reports?""], ""rbi_mpr_2025_10_p103_c003"": [""How did the neutral policy stance appear across the three reports?""], ""rbi_mpr_2025_10_p104_c000"": [""How did the neutral policy stance appear across the three reports?""], ""rbi_mpr_2025_10_p104_c001"": [""How did the neutral policy stance appear across the three reports?""], ""rbi_mpr_2025_10_p104_c003"": [""How did the neutral policy stance appear across the three reports?""], ""rbi_mpr_2025_10_p105_c000"": [""How did the neutral policy stance appear across the three reports?""], ""rbi_mpr_2025_10_p105_c001"": [""How did the neutral policy stance appear across the three reports?""], ""rbi_mpr_2025_10_p106_c000"": [""How did the neutral policy stance appear across the three reports?""], ""rbi_mpr_2025_10_p107_c000"": [""How did the neutral policy stance appear across the three reports?""], ""rbi_mpr_2025_10_p107_c001"": [""How did the neutral policy stance appear across the three reports?""], ""rbi_mpr_2025_10_p107_c003"": [""How did the neutral policy stance appear across the three reports?""], ""rbi_mpr_2025_10_p110_c000"": [""How did the neutral policy stance appear across the three reports?""], ""rbi_mpr_2026_04_p003_c000"": [""How did the neutral policy stance appear across the three reports?""], ""rbi_mpr_2026_04_p013_c000"": [""How did the neutral policy stance appear across the three reports?""], ""rbi_mpr_2026_04_p013_c001"": [""How did the neutral policy stance appear across the three reports?""], ""rbi_mpr_2026_04_p013_c003"": [""How did the neutral policy stance appear across the three reports?""], ""rbi_mpr_2026_04_p013_c004"": [""How did the neutral policy stance appear across the three reports?""], ""rbi_mpr_2026_04_p014_c000"": [""How did the neutral policy stance appear across the three reports?""], ""rbi_mpr_2026_04_p014_c002"": [""How did the neutral policy stance appear across the three reports?""], ""rbi_mpr_2026_04_p015_c001"": [""How did the neutral policy stance appear across the three reports?""], ""rbi_mpr_2026_04_p016_c002"": [""How did the neutral policy stance appear across the three reports?""], ""rbi_mpr_2026_04_p016_c003"": [""How did the neutral policy stance appear across the three reports?""], ""rbi_mpr_2026_04_p017_c000"": [""How did the neutral policy stance appear across the three reports?""], ""rbi_mpr_2026_04_p018_c002"": [""How did the neutral policy stance appear across the three reports?""], ""rbi_mpr_2026_04_p018_c003"": [""How did the neutral policy stance appear across the three reports?""], ""rbi_mpr_2026_04_p020_c000"": [""How did the neutral policy stance appear across the three reports?""], ""rbi_mpr_2026_04_p020_c001"": [""How did the neutral policy stance appear across the three reports?""], ""rbi_mpr_2026_04_p020_c002"": [""How did the neutral policy stance appear across the three reports?""], ""rbi_mpr_2026_04_p020_c003"": [""How did the neutral policy stance appear across the three reports?""], ""rbi_mpr_2026_04_p021_c000"": [""How did the neutral policy stance appear across the three reports?""], ""rbi_mpr_2026_04_p021_c003"": [""How did the neutral policy stance appear across the three reports?""], ""rbi_mpr_2026_04_p022_c000"": [""How did the neutral policy stance appear across the three reports?""], ""rbi_mpr_2026_04_p022_c001"": [""How did the neutral policy stance appear across the three reports?""], ""rbi_mpr_2026_04_p023_c000"": [""How did the neutral policy stance appear across the three reports?""], ""rbi_mpr_2026_04_p023_c001"": [""How did the neutral policy stance appear across the three reports?""], ""rbi_mpr_2026_04_p023_c002"": [""How did the neutral policy stance appear across the three reports?""], ""rbi_mpr_2026_04_p024_c000"": [""How did the neutral policy stance appear across the three reports?""], ""rbi_mpr_2026_04_p024_c002"": [""How did the neutral policy stance appear across the three reports?""], ""rbi_mpr_2026_04_p026_c000"": [""How did the neutral policy stance appear across the three reports?""], ""rbi_mpr_2026_04_p026_c002"": [""How did the neutral policy stance appear across the three reports?""], ""rbi_mpr_2026_04_p026_c003"": [""How did the neutral policy stance appear across the three reports?""], ""rbi_mpr_2026_04_p026_c004"": [""How did the neutral policy stance appear across the three reports?""], ""rbi_mpr_2026_04_p028_c000"": [""How did the neutral policy stance appear across the three reports?""], ""rbi_mpr_2026_04_p028_c001"": [""How did the neutral policy stance appear across the three reports?""], ""rbi_mpr_2026_04_p028_c002"": [""How did the neutral policy stance appear across the three reports?""], ""rbi_mpr_2026_04_p028_c003"": [""How did the neutral policy stance appear across the three reports?""], ""rbi_mpr_2026_04_p030_c001"": [""How did the neutral policy stance appear across the three reports?""], ""rbi_mpr_2026_04_p030_c002"": [""How did the neutral policy stance appear across the three reports?""], ""rbi_mpr_2026_04_p032_c003"": [""How did the neutral policy stance appear across the three reports?""], ""rbi_mpr_2026_04_p034_c000"": [""How did the neutral policy stance appear across the three reports?""], ""rbi_mpr_2026_04_p038_c000"": [""How did the neutral policy stance appear across the three reports?""], ""rbi_mpr_2026_04_p038_c001"": [""How did the neutral policy stance appear across the three reports?""], ""rbi_mpr_2026_04_p039_c002"": [""How did the neutral policy stance appear across the three reports?""], ""rbi_mpr_2026_04_p040_c000"": [""How did the neutral policy stance appear across the three reports?""], ""rbi_mpr_2026_04_p049_c000"": [""How did the neutral policy stance appear across the three reports?""], ""rbi_mpr_2026_04_p049_c001"": [""How did the neutral policy stance appear across the three reports?""], ""rbi_mpr_2026_04_p050_c000"": [""How did the neutral policy stance appear across the three reports?""], ""rbi_mpr_2026_04_p050_c002"": [""How did the neutral policy stance appear across the three reports?""], ""rbi_mpr_2026_04_p052_c001"": [""How did the neutral policy stance appear across the three reports?""], ""rbi_mpr_2026_04_p055_c000"": [""How did the neutral policy stance appear across the three reports?""], ""rbi_mpr_2026_04_p058_c000"": [""How did the neutral policy stance appear across the three reports?""], ""rbi_mpr_2026_04_p068_c001"": [""How did the neutral policy stance appear across the three reports?""], ""rbi_mpr_2026_04_p068_c002"": [""How did the neutral policy stance appear across the three reports?""], ""rbi_mpr_2026_04_p074_c002"": [""How did the neutral policy stance appear across the three reports?""], ""rbi_mpr_2026_04_p074_c003"": [""How did the neutral policy stance appear across the three reports?""], ""rbi_mpr_2026_04_p078_c000"": [""How did the neutral policy stance appear across the three reports?""], ""rbi_mpr_2026_04_p078_c001"": [""How did the neutral policy stance appear across the three reports?""], ""rbi_mpr_2026_04_p082_c000"": [""How did the neutral policy stance appear across the three reports?""], ""rbi_mpr_2026_04_p082_c004"": [""How did the neutral policy stance appear across the three reports?""], ""rbi_mpr_2026_04_p088_c000"": [""How did the neutral policy stance appear across the three reports?""], ""rbi_mpr_2026_04_p088_c004"": [""How did the neutral policy stance appear across the three reports?""], ""rbi_mpr_2026_04_p089_c002"": [""How did the neutral policy stance appear across the three reports?""], ""rbi_mpr_2026_04_p089_c003"": [""How did the neutral policy stance appear across the three reports?""], ""rbi_mpr_2026_04_p093_c003"": [""How did the neutral policy stance appear across the three reports?""], ""rbi_mpr_2026_04_p099_c003"": [""How did the neutral policy stance appear across the three reports?""], ""rbi_mpr_2026_04_p100_c000"": [""How did the neutral policy stance appear across the three reports?""], ""rbi_mpr_2026_04_p100_c001"": [""How did the neutral policy stance appear across the three reports?""], ""rbi_mpr_2026_04_p100_c003"": [""How did the neutral policy stance appear across the three reports?""], ""rbi_mpr_2026_04_p100_c004"": [""How did the neutral policy stance appear across the three reports?""], ""rbi_mpr_2026_04_p101_c002"": [""How did the neutral policy stance appear across the three reports?""], ""rbi_mpr_2026_04_p101_c005"": [""How did the neutral policy stance appear across the three reports?""], ""rbi_mpr_2026_04_p102_c002"": [""How did the neutral policy stance appear across the three reports?""], ""rbi_mpr_2026_04_p102_c004"": [""How did the neutral policy stance appear across the three reports?""], ""rbi_mpr_2026_04_p103_c001"": [""How did the neutral policy stance appear across the three reports?""], ""rbi_mpr_2026_04_p103_c002"": [""How did the neutral policy stance appear across the three reports?""], ""rbi_mpr_2026_04_p103_c003"": [""How did the neutral policy stance appear across the three reports?""], ""rbi_mpr_2026_04_p103_c004"": [""How did the neutral policy stance appear across the three reports?""], ""rbi_mpr_2026_04_p104_c000"": [""How did the neutral policy stance appear across the three reports?""], ""rbi_mpr_2026_04_p104_c002"": [""How did the neutral policy stance appear across the three reports?""], ""rbi_mpr_2026_04_p104_c004"": [""How did the neutral policy stance appear across the three reports?""], ""rbi_mpr_2026_04_p104_c005"": [""How did the neutral policy stance appear across the three reports?""], ""rbi_mpr_2026_04_p105_c000"": [""How did the neutral policy stance appear across the three reports?""], ""rbi_mpr_2026_04_p107_c001"": [""How did the neutral policy stance appear across the three reports?""], ""rbi_mpr_2026_04_p107_c004"": [""How did the neutral policy stance appear across the three reports?""], ""rbi_mpr_2026_04_p110_c000"": [""How did the neutral policy stance appear across the three reports?""], ""rbi_mpr_2026_04_p110_c002"": [""How did the neutral policy stance appear across the three reports?""], ""rbi_mpr_2026_04_p112_c000"": [""How did the neutral policy stance appear across the three reports?""], ""rbi_mpr_2026_04_p112_c003"": [""How did the neutral policy stance appear across the three reports?""], ""rbi_mpr_2026_04_p114_c000"": [""How did the neutral policy stance appear across the three reports?""], ""rbi_mpr_2026_04_p116_c000"": [""How did the neutral policy stance appear across the three reports?""]}, ""candidate_source_retriever"": {""rbi_mpr_2025_04_p003_c000"": [""dense""], ""rbi_mpr_2025_04_p011_c001"": [""bm25"", ""dense""], ""rbi_mpr_2025_04_p011_c003"": [""dense""], ""rbi_mpr_2025_04_p012_c000"": [""bm25"", ""dense""], ""rbi_mpr_2025_04_p012_c001"": [""bm25""], ""rbi_mpr_2025_04_p012_c003"": [""bm25"", ""dense""], ""rbi_mpr_2025_04_p013_c000"": [""bm25"", ""dense""], ""rbi_mpr_2025_04_p013_c002"": [""bm25"", ""dense""], ""rbi_mpr_2025_04_p013_c003"": [""bm25"", ""dense""], ""rbi_mpr_2025_04_p015_c001"": [""bm25""], ""rbi_mpr_2025_04_p015_c002"": [""bm25""], ""rbi_mpr_2025_04_p018_c000"": [""dense""], ""rbi_mpr_2025_04_p018_c001"": [""dense""], ""rbi_mpr_2025_04_p019_c000"": [""dense""], ""rbi_mpr_2025_04_p019_c001"": [""bm25"", ""dense""], ""rbi_mpr_2025_04_p019_c003"": [""dense""], ""rbi_mpr_2025_04_p019_c004"": [""dense""], ""rbi_mpr_2025_04_p021_c001"": [""dense""], ""rbi_mpr_2025_04_p024_c000"": [""dense""], ""rbi_mpr_2025_04_p025_c003"": [""dense""], ""rbi_mpr_2025_04_p026_c000"": [""dense""], ""rbi_mpr_2025_04_p027_c000"": [""bm25""], ""rbi_mpr_2025_04_p027_c001"": [""bm25""], ""rbi_mpr_2025_04_p027_c002"": [""bm25""], ""rbi_mpr_2025_04_p028_c001"": [""bm25""], ""rbi_mpr_2025_04_p028_c002"": [""bm25""], ""rbi_mpr_2025_04_p028_c003"": [""bm25""], ""rbi_mpr_2025_04_p029_c003"": [""bm25""], ""rbi_mpr_2025_04_p030_c000"": [""dense""], ""rbi_mpr_2025_04_p039_c002"": [""bm25""], ""rbi_mpr_2025_04_p044_c001"": [""bm25""], ""rbi_mpr_2025_04_p044_c002"": [""bm25""], ""rbi_mpr_2025_04_p046_c000"": [""dense""], ""rbi_mpr_2025_04_p047_c002"": [""dense""], ""rbi_mpr_2025_04_p050_c000"": [""dense""], ""rbi_mpr_2025_04_p052_c000"": [""dense""], ""rbi_mpr_2025_04_p055_c000"": [""bm25""], ""rbi_mpr_2025_04_p060_c000"": [""bm25""], ""rbi_mpr_2025_04_p064_c000"": [""dense""], ""rbi_mpr_2025_04_p068_c000"": [""dense""], ""rbi_mpr_2025_04_p069_c000"": [""bm25""], ""rbi_mpr_2025_04_p069_c001"": [""bm25""], ""rbi_mpr_2025_04_p069_c002"": [""bm25""], ""rbi_mpr_2025_04_p073_c001"": [""bm25""], ""rbi_mpr_2025_04_p073_c002"": [""bm25""], ""rbi_mpr_2025_04_p073_c003"": [""bm25"", ""dense""], ""rbi_mpr_2025_04_p073_c004"": [""bm25""], ""rbi_mpr_2025_04_p074_c000"": [""bm25""], ""rbi_mpr_2025_04_p074_c001"": [""bm25""], ""rbi_mpr_2025_04_p075_c000"": [""bm25""], ""rbi_mpr_2025_04_p075_c001"": [""bm25"", ""dense""], ""rbi_mpr_2025_04_p075_c002"": [""bm25""], ""rbi_mpr_2025_04_p078_c000"": [""bm25"", ""dense""], ""rbi_mpr_2025_04_p078_c001"": [""bm25"", ""dense""], ""rbi_mpr_2025_04_p078_c002"": [""bm25""], ""rbi_mpr_2025_04_p078_c003"": [""dense""], ""rbi_mpr_2025_04_p085_c002"": [""dense""], ""rbi_mpr_2025_04_p094_c001"": [""bm25""], ""rbi_mpr_2025_04_p099_c001"": [""dense""], ""rbi_mpr_2025_04_p099_c002"": [""dense""], ""rbi_mpr_2025_04_p100_c001"": [""bm25""], ""rbi_mpr_2025_04_p100_c002"": [""bm25""], ""rbi_mpr_2025_04_p101_c001"": [""bm25""], ""rbi_mpr_2025_04_p101_c003"": [""bm25""], ""rbi_mpr_2025_04_p104_c000"": [""dense""], ""rbi_mpr_2025_04_p106_c001"": [""bm25""], ""rbi_mpr_2025_04_p107_c000"": [""dense""], ""rbi_mpr_2025_04_p107_c001"": [""dense""], ""rbi_mpr_2025_04_p108_c000"": [""bm25"", ""dense""], ""rbi_mpr_2025_04_p108_c002"": [""bm25"", ""dense""], ""rbi_mpr_2025_04_p108_c003"": [""dense""], ""rbi_mpr_2025_04_p109_c003"": [""dense""], ""rbi_mpr_2025_04_p110_c000"": [""dense""], ""rbi_mpr_2025_04_p110_c001"": [""dense""], ""rbi_mpr_2025_04_p110_c003"": [""dense""], ""rbi_mpr_2025_04_p111_c001"": [""bm25""], ""rbi_mpr_2025_04_p111_c002"": [""dense""], ""rbi_mpr_2025_04_p111_c003"": [""dense""], ""rbi_mpr_2025_04_p112_c000"": [""dense""], ""rbi_mpr_2025_04_p112_c001"": [""dense""], ""rbi_mpr_2025_04_p113_c000"": [""bm25""], ""rbi_mpr_2025_04_p113_c001"": [""bm25""], ""rbi_mpr_2025_04_p113_c002"": [""bm25""], ""rbi_mpr_2025_04_p113_c003"": [""bm25"", ""dense""], ""rbi_mpr_2025_04_p114_c000"": [""dense""], ""rbi_mpr_2025_04_p114_c001"": [""dense""], ""rbi_mpr_2025_10_p003_c000"": [""dense""], ""rbi_mpr_2025_10_p005_c001"": [""dense""], ""rbi_mpr_2025_10_p009_c000"": [""dense""], ""rbi_mpr_2025_10_p009_c001"": [""bm25"", ""dense""], ""rbi_mpr_2025_10_p010_c000"": [""dense""], ""rbi_mpr_2025_10_p010_c001"": [""bm25"", ""dense""], ""rbi_mpr_2025_10_p010_c002"": [""bm25"", ""dense""], ""rbi_mpr_2025_10_p010_c004"": [""bm25"", ""dense""], ""rbi_mpr_2025_10_p011_c000"": [""dense""], ""rbi_mpr_2025_10_p011_c001"": [""bm25"", ""dense""], ""rbi_mpr_2025_10_p011_c003"": [""bm25"", ""dense""], ""rbi_mpr_2025_10_p011_c004"": [""dense""], ""rbi_mpr_2025_10_p011_c005"": [""dense""], ""rbi_mpr_2025_10_p014_c000"": [""bm25""], ""rbi_mpr_2025_10_p014_c001"": [""bm25""], ""rbi_mpr_2025_10_p014_c003"": [""bm25""], ""rbi_mpr_2025_10_p015_c003"": [""dense""], ""rbi_mpr_2025_10_p016_c003"": [""dense""], ""rbi_mpr_2025_10_p017_c000"": [""bm25""], ""rbi_mpr_2025_10_p019_c000"": [""bm25""], ""rbi_mpr_2025_10_p019_c002"": [""bm25""], ""rbi_mpr_2025_10_p019_c003"": [""bm25""], ""rbi_mpr_2025_10_p023_c000"": [""bm25""], ""rbi_mpr_2025_10_p027_c002"": [""bm25""], ""rbi_mpr_2025_10_p031_c000"": [""bm25""], ""rbi_mpr_2025_10_p032_c003"": [""bm25""], ""rbi_mpr_2025_10_p034_c003"": [""bm25""], ""rbi_mpr_2025_10_p034_c005"": [""bm25""], ""rbi_mpr_2025_10_p035_c000"": [""bm25""], ""rbi_mpr_2025_10_p035_c002"": [""bm25""], ""rbi_mpr_2025_10_p040_c001"": [""bm25""], ""rbi_mpr_2025_10_p042_c002"": [""bm25""], ""rbi_mpr_2025_10_p043_c001"": [""bm25""], ""rbi_mpr_2025_10_p043_c002"": [""bm25""], ""rbi_mpr_2025_10_p045_c000"": [""bm25""], ""rbi_mpr_2025_10_p049_c002"": [""bm25"", ""dense""], ""rbi_mpr_2025_10_p055_c000"": [""dense""], ""rbi_mpr_2025_10_p055_c003"": [""bm25""], ""rbi_mpr_2025_10_p064_c001"": [""bm25""], ""rbi_mpr_2025_10_p064_c002"": [""bm25""], ""rbi_mpr_2025_10_p064_c005"": [""dense""], ""rbi_mpr_2025_10_p065_c001"": [""dense""], ""rbi_mpr_2025_10_p066_c000"": [""bm25"", ""dense""], ""rbi_mpr_2025_10_p069_c003"": [""bm25""], ""rbi_mpr_2025_10_p069_c004"": [""bm25""], ""rbi_mpr_2025_10_p070_c000"": [""dense""], ""rbi_mpr_2025_10_p070_c001"": [""bm25"", ""dense""], ""rbi_mpr_2025_10_p070_c002"": [""dense""], ""rbi_mpr_2025_10_p070_c003"": [""bm25"", ""dense""], ""rbi_mpr_2025_10_p071_c000"": [""dense""], ""rbi_mpr_2025_10_p071_c001"": [""bm25"", ""dense""], ""rbi_mpr_2025_10_p072_c000"": [""bm25"", ""dense""], ""rbi_mpr_2025_10_p072_c001"": [""bm25""], ""rbi_mpr_2025_10_p073_c002"": [""bm25"", ""dense""], ""rbi_mpr_2025_10_p073_c003"": [""bm25"", ""dense""], ""rbi_mpr_2025_10_p074_c000"": [""dense""], ""rbi_mpr_2025_10_p074_c001"": [""bm25""], ""rbi_mpr_2025_10_p076_c000"": [""bm25"", ""dense""], ""rbi_mpr_2025_10_p076_c001"": [""bm25""], ""rbi_mpr_2025_10_p079_c000"": [""dense""], ""rbi_mpr_2025_10_p080_c002"": [""dense""], ""rbi_mpr_2025_10_p091_c000"": [""bm25""], ""rbi_mpr_2025_10_p093_c000"": [""bm25""], ""rbi_mpr_2025_10_p094_c003"": [""bm25""], ""rbi_mpr_2025_10_p099_c002"": [""dense""], ""rbi_mpr_2025_10_p099_c003"": [""dense""], ""rbi_mpr_2025_10_p102_c001"": [""dense""], ""rbi_mpr_2025_10_p103_c000"": [""bm25"", ""dense""], ""rbi_mpr_2025_10_p103_c001"": [""bm25"", ""dense""], ""rbi_mpr_2025_10_p103_c002"": [""dense""], ""rbi_mpr_2025_10_p103_c003"": [""dense""], ""rbi_mpr_2025_10_p104_c000"": [""dense""], ""rbi_mpr_2025_10_p104_c001"": [""dense""], ""rbi_mpr_2025_10_p104_c003"": [""dense""], ""rbi_mpr_2025_10_p105_c000"": [""dense""], ""rbi_mpr_2025_10_p105_c001"": [""bm25"", ""dense""], ""rbi_mpr_2025_10_p106_c000"": [""dense""], ""rbi_mpr_2025_10_p107_c000"": [""bm25"", ""dense""], ""rbi_mpr_2025_10_p107_c001"": [""dense""], ""rbi_mpr_2025_10_p107_c003"": [""dense""], ""rbi_mpr_2025_10_p110_c000"": [""dense""], ""rbi_mpr_2026_04_p003_c000"": [""dense""], ""rbi_mpr_2026_04_p013_c000"": [""dense""], ""rbi_mpr_2026_04_p013_c001"": [""bm25""], ""rbi_mpr_2026_04_p013_c003"": [""dense""], ""rbi_mpr_2026_04_p013_c004"": [""dense""], ""rbi_mpr_2026_04_p014_c000"": [""bm25"", ""dense""], ""rbi_mpr_2026_04_p014_c002"": [""dense""], ""rbi_mpr_2026_04_p015_c001"": [""bm25""], ""rbi_mpr_2026_04_p016_c002"": [""dense""], ""rbi_mpr_2026_04_p016_c003"": [""dense""], ""rbi_mpr_2026_04_p017_c000"": [""bm25""], ""rbi_mpr_2026_04_p018_c002"": [""bm25""], ""rbi_mpr_2026_04_p018_c003"": [""bm25""], ""rbi_mpr_2026_04_p020_c000"": [""bm25"", ""dense""], ""rbi_mpr_2026_04_p020_c001"": [""bm25"", ""dense""], ""rbi_mpr_2026_04_p020_c002"": [""bm25"", ""dense""], ""rbi_mpr_2026_04_p020_c003"": [""bm25"", ""dense""], ""rbi_mpr_2026_04_p021_c000"": [""dense""], ""rbi_mpr_2026_04_p021_c003"": [""dense""], ""rbi_mpr_2026_04_p022_c000"": [""dense""], ""rbi_mpr_2026_04_p022_c001"": [""bm25""], ""rbi_mpr_2026_04_p023_c000"": [""bm25""], ""rbi_mpr_2026_04_p023_c001"": [""bm25"", ""dense""], ""rbi_mpr_2026_04_p023_c002"": [""bm25""], ""rbi_mpr_2026_04_p024_c000"": [""dense""], ""rbi_mpr_2026_04_p024_c002"": [""dense""], ""rbi_mpr_2026_04_p026_c000"": [""bm25""], ""rbi_mpr_2026_04_p026_c002"": [""bm25"", ""dense""], ""rbi_mpr_2026_04_p026_c003"": [""dense""], ""rbi_mpr_2026_04_p026_c004"": [""dense""], ""rbi_mpr_2026_04_p028_c000"": [""dense""], ""rbi_mpr_2026_04_p028_c001"": [""bm25""], ""rbi_mpr_2026_04_p028_c002"": [""bm25""], ""rbi_mpr_2026_04_p028_c003"": [""bm25""], ""rbi_mpr_2026_04_p030_c001"": [""bm25""], ""rbi_mpr_2026_04_p030_c002"": [""bm25""], ""rbi_mpr_2026_04_p032_c003"": [""dense""], ""rbi_mpr_2026_04_p034_c000"": [""dense""], ""rbi_mpr_2026_04_p038_c000"": [""dense""], ""rbi_mpr_2026_04_p038_c001"": [""dense""], ""rbi_mpr_2026_04_p039_c002"": [""dense""], ""rbi_mpr_2026_04_p040_c000"": [""dense""], ""rbi_mpr_2026_04_p049_c000"": [""bm25""], ""rbi_mpr_2026_04_p049_c001"": [""bm25""], ""rbi_mpr_2026_04_p050_c000"": [""bm25""], ""rbi_mpr_2026_04_p050_c002"": [""bm25""], ""rbi_mpr_2026_04_p052_c001"": [""bm25""], ""rbi_mpr_2026_04_p055_c000"": [""dense""], ""rbi_mpr_2026_04_p058_c000"": [""dense""], ""rbi_mpr_2026_04_p068_c001"": [""dense""], ""rbi_mpr_2026_04_p068_c002"": [""dense""], ""rbi_mpr_2026_04_p074_c002"": [""bm25""], ""rbi_mpr_2026_04_p074_c003"": [""bm25""], ""rbi_mpr_2026_04_p078_c000"": [""dense""], ""rbi_mpr_2026_04_p078_c001"": [""dense""], ""rbi_mpr_2026_04_p082_c000"": [""dense""], ""rbi_mpr_2026_04_p082_c004"": [""bm25""], ""rbi_mpr_2026_04_p088_c000"": [""bm25""], ""rbi_mpr_2026_04_p088_c004"": [""bm25""], ""rbi_mpr_2026_04_p089_c002"": [""bm25""], ""rbi_mpr_2026_04_p089_c003"": [""bm25""], ""rbi_mpr_2026_04_p093_c003"": [""bm25""], ""rbi_mpr_2026_04_p099_c003"": [""bm25""], ""rbi_mpr_2026_04_p100_c000"": [""dense""], ""rbi_mpr_2026_04_p100_c001"": [""dense""], ""rbi_mpr_2026_04_p100_c003"": [""bm25"", ""dense""], ""rbi_mpr_2026_04_p100_c004"": [""bm25""], ""rbi_mpr_2026_04_p101_c002"": [""dense""], ""rbi_mpr_2026_04_p101_c005"": [""dense""], ""rbi_mpr_2026_04_p102_c002"": [""bm25"", ""dense""], ""rbi_mpr_2026_04_p102_c004"": [""bm25"", ""dense""], ""rbi_mpr_2026_04_p103_c001"": [""bm25"", ""dense""], ""rbi_mpr_2026_04_p103_c002"": [""bm25""], ""rbi_mpr_2026_04_p103_c003"": [""bm25"", ""dense""], ""rbi_mpr_2026_04_p103_c004"": [""dense""], ""rbi_mpr_2026_04_p104_c000"": [""bm25""], ""rbi_mpr_2026_04_p104_c002"": [""bm25""], ""rbi_mpr_2026_04_p104_c004"": [""bm25""], ""rbi_mpr_2026_04_p104_c005"": [""dense""], ""rbi_mpr_2026_04_p105_c000"": [""bm25""], ""rbi_mpr_2026_04_p107_c001"": [""bm25""], ""rbi_mpr_2026_04_p107_c004"": [""bm25""], ""rbi_mpr_2026_04_p110_c000"": [""dense""], ""rbi_mpr_2026_04_p110_c002"": [""bm25""], ""rbi_mpr_2026_04_p112_c000"": [""dense""], ""rbi_mpr_2026_04_p112_c003"": [""dense""], ""rbi_mpr_2026_04_p114_c000"": [""dense""], ""rbi_mpr_2026_04_p116_c000"": [""bm25""]}, ""candidate_union_ids"": [""rbi_mpr_2025_04_p012_c003"", ""rbi_mpr_2025_04_p078_c003"", ""rbi_mpr_2025_04_p013_c003"", ""rbi_mpr_2025_04_p112_c000"", ""rbi_mpr_2025_04_p012_c000"", ""rbi_mpr_2025_04_p108_c003"", ""rbi_mpr_2025_04_p078_c000"", ""rbi_mpr_2025_04_p003_c000"", ""rbi_mpr_2025_04_p112_c001"", ""rbi_mpr_2025_04_p107_c000"", ""rbi_mpr_2025_04_p013_c002"", ""rbi_mpr_2025_04_p110_c003"", ""rbi_mpr_2025_04_p113_c003"", ""rbi_mpr_2025_04_p104_c000"", ""rbi_mpr_2025_04_p110_c001"", ""rbi_mpr_2025_04_p078_c001"", ""rbi_mpr_2025_04_p108_c000"", ""rbi_mpr_2025_04_p024_c000"", ""rbi_mpr_2025_04_p114_c001"", ""rbi_mpr_2025_04_p047_c002"", ""rbi_mpr_2025_04_p018_c001"", ""rbi_mpr_2025_04_p075_c001"", ""rbi_mpr_2025_04_p110_c000"", ""rbi_mpr_2025_04_p114_c000"", ""rbi_mpr_2025_04_p018_c000"", ""rbi_mpr_2025_04_p109_c003"", ""rbi_mpr_2025_04_p013_c000"", ""rbi_mpr_2025_04_p019_c000"", ""rbi_mpr_2025_04_p026_c000"", ""rbi_mpr_2025_04_p111_c002"", ""rbi_mpr_2025_04_p107_c001"", ""rbi_mpr_2025_04_p085_c002"", ""rbi_mpr_2025_04_p011_c003"", ""rbi_mpr_2025_04_p068_c000"", ""rbi_mpr_2025_04_p052_c000"", ""rbi_mpr_2025_04_p019_c003"", ""rbi_mpr_2025_04_p011_c001"", ""rbi_mpr_2025_04_p021_c001"", ""rbi_mpr_2025_04_p046_c000"", ""rbi_mpr_2025_04_p099_c002"", ""rbi_mpr_2025_04_p019_c004"", ""rbi_mpr_2025_04_p064_c000"", ""rbi_mpr_2025_04_p025_c003"", ""rbi_mpr_2025_04_p099_c001"", ""rbi_mpr_2025_04_p050_c000"", ""rbi_mpr_2025_04_p111_c003"", ""rbi_mpr_2025_04_p030_c000"", ""rbi_mpr_2025_04_p073_c003"", ""rbi_mpr_2025_04_p108_c002"", ""rbi_mpr_2025_04_p019_c001"", ""rbi_mpr_2025_04_p069_c002"", ""rbi_mpr_2025_04_p113_c001"", ""rbi_mpr_2025_04_p073_c001"", ""rbi_mpr_2025_04_p113_c002"", ""rbi_mpr_2025_04_p069_c000"", ""rbi_mpr_2025_04_p015_c001"", ""rbi_mpr_2025_04_p069_c001"", ""rbi_mpr_2025_04_p027_c001"", ""rbi_mpr_2025_04_p113_c000"", ""rbi_mpr_2025_04_p111_c001"", ""rbi_mpr_2025_04_p015_c002"", ""rbi_mpr_2025_04_p073_c004"", ""rbi_mpr_2025_04_p044_c002"", ""rbi_mpr_2025_04_p012_c001"", ""rbi_mpr_2025_04_p027_c000"", ""rbi_mpr_2025_04_p100_c002"", ""rbi_mpr_2025_04_p055_c000"", ""rbi_mpr_2025_04_p078_c002"", ""rbi_mpr_2025_04_p044_c001"", ""rbi_mpr_2025_04_p074_c000"", ""rbi_mpr_2025_04_p073_c002"", ""rbi_mpr_2025_04_p060_c000"", ""rbi_mpr_2025_04_p100_c001"", ""rbi_mpr_2025_04_p094_c001"", ""rbi_mpr_2025_04_p075_c000"", ""rbi_mpr_2025_04_p028_c002"", ""rbi_mpr_2025_04_p101_c001"", ""rbi_mpr_2025_04_p074_c001"", ""rbi_mpr_2025_04_p028_c001"", ""rbi_mpr_2025_04_p101_c003"", ""rbi_mpr_2025_04_p027_c002"", ""rbi_mpr_2025_04_p039_c002"", ""rbi_mpr_2025_04_p106_c001"", ""rbi_mpr_2025_04_p029_c003"", ""rbi_mpr_2025_04_p075_c002"", ""rbi_mpr_2025_04_p028_c003""], ""candidate_union_pages"": [12, 78, 13, 112, 12, 108, 78, 3, 112, 107, 13, 110, 113, 104, 110, 78, 108, 24, 114, 47, 18, 75, 110, 114, 18, 109, 13, 19, 26, 111, 107, 85, 11, 68, 52, 19, 11, 21, 46, 99, 19, 64, 25, 99, 50, 111, 30, 73, 108, 19, 69, 113, 73, 113, 69, 15, 69, 27, 113, 111, 15, 73, 44, 12, 27, 100, 55, 78, 44, 74, 73, 60, 100, 94, 75, 28, 101, 74, 28, 101, 27, 39, 106, 29, 75, 28], ""dense_candidate_ids"": [""rbi_mpr_2025_04_p012_c003"", ""rbi_mpr_2025_04_p078_c003"", ""rbi_mpr_2025_04_p013_c003"", ""rbi_mpr_2025_04_p112_c000"", ""rbi_mpr_2025_04_p012_c000"", ""rbi_mpr_2025_04_p108_c003"", ""rbi_mpr_2025_04_p078_c000"", ""rbi_mpr_2025_04_p003_c000"", ""rbi_mpr_2025_04_p112_c001"", ""rbi_mpr_2025_04_p107_c000"", ""rbi_mpr_2025_04_p013_c002"", ""rbi_mpr_2025_04_p110_c003"", ""rbi_mpr_2025_04_p113_c003"", ""rbi_mpr_2025_04_p104_c000"", ""rbi_mpr_2025_04_p110_c001"", ""rbi_mpr_2025_04_p078_c001"", ""rbi_mpr_2025_04_p108_c000"", ""rbi_mpr_2025_04_p024_c000"", ""rbi_mpr_2025_04_p114_c001"", ""rbi_mpr_2025_04_p047_c002"", ""rbi_mpr_2025_04_p018_c001"", ""rbi_mpr_2025_04_p075_c001"", ""rbi_mpr_2025_04_p110_c000"", ""rbi_mpr_2025_04_p114_c000"", ""rbi_mpr_2025_04_p018_c000"", ""rbi_mpr_2025_04_p109_c003"", ""rbi_mpr_2025_04_p013_c000"", ""rbi_mpr_2025_04_p019_c000"", ""rbi_mpr_2025_04_p026_c000"", ""rbi_mpr_2025_04_p111_c002"", ""rbi_mpr_2025_04_p107_c001"", ""rbi_mpr_2025_04_p085_c002"", ""rbi_mpr_2025_04_p011_c003"", ""rbi_mpr_2025_04_p068_c000"", ""rbi_mpr_2025_04_p052_c000"", ""rbi_mpr_2025_04_p019_c003"", ""rbi_mpr_2025_04_p011_c001"", ""rbi_mpr_2025_04_p021_c001"", ""rbi_mpr_2025_04_p046_c000"", ""rbi_mpr_2025_04_p099_c002"", ""rbi_mpr_2025_04_p019_c004"", ""rbi_mpr_2025_04_p064_c000"", ""rbi_mpr_2025_04_p025_c003"", ""rbi_mpr_2025_04_p099_c001"", ""rbi_mpr_2025_04_p050_c000"", ""rbi_mpr_2025_04_p111_c003"", ""rbi_mpr_2025_04_p030_c000"", ""rbi_mpr_2025_04_p073_c003"", ""rbi_mpr_2025_04_p108_c002"", ""rbi_mpr_2025_04_p019_c001""], ""dense_candidate_pages"": [12, 78, 13, 112, 12, 108, 78, 3, 112, 107, 13, 110, 113, 104, 110, 78, 108, 24, 114, 47, 18, 75, 110, 114, 18, 109, 13, 19, 26, 111, 107, 85, 11, 68, 52, 19, 11, 21, 46, 99, 19, 64, 25, 99, 50, 111, 30, 73, 108, 19], ""dense_candidate_scores"": [0.1418518949797497, 0.11609924330892618, 0.11575397632592499, 0.08085309830472087, 0.057616360608906625, 0.04964116534628127, 0.03988543432146463, 0.035722421506649504, 0.03332848051123083, 0.030919450944045135, 0.021301877288647186, 0.018144909747787152, 0.01592124202035239, 0.012509454633395478, 0.011744405039225803, 0.00617276025347957, 0.0038856193721874543, -0.00509755991942451, -0.006061121170080508, -0.006282982180641827, -0.013740951318341743, -0.014376020031703796, -0.015974565702024934, -0.017279937894104425, -0.021143370909703973, -0.021753151513959512, -0.023317305355895934, -0.024935997219805328, -0.03426950111623972, -0.03763298821480321, -0.038325376642140085, -0.04077857610656532, -0.04348946140278587, -0.046887340329734295, -0.047338311608800865, -0.05083321258102114, -0.05394601022464185, -0.05487635975867122, -0.05550873107372878, -0.05568869811687027, -0.055870351033952215, -0.05639019026348557, -0.056479120113843484, -0.05654933676346263, -0.05816642704712871, -0.0594315911457286, -0.06002813763955195, -0.06019815802644479, -0.06168973499524544, -0.06251943785503089], ""dense_first_evidence_rank"": 3, ""evidence_rank_after_reranking"": 1, ""evidence_rank_before_reranking"": 1, ""expected_evidence"": [""continue with the neutral stance""], ""loss_stage"": ""evidence_found"", ""report_id"": ""rbi_mpr_2025_04"", ""reranker_input_ids"": [""rbi_mpr_2025_04_p013_c003"", ""rbi_mpr_2025_04_p012_c000"", ""rbi_mpr_2025_04_p012_c003"", ""rbi_mpr_2025_04_p078_c000"", ""rbi_mpr_2025_04_p013_c002"", ""rbi_mpr_2025_04_p078_c001"", ""rbi_mpr_2025_04_p013_c000"", ""rbi_mpr_2025_04_p113_c003"", ""rbi_mpr_2025_04_p108_c000"", ""rbi_mpr_2025_04_p075_c001"", ""rbi_mpr_2025_04_p073_c003"", ""rbi_mpr_2025_04_p011_c001"", ""rbi_mpr_2025_04_p108_c002"", ""rbi_mpr_2025_04_p019_c001"", ""rbi_mpr_2025_04_p078_c003"", ""rbi_mpr_2025_04_p069_c002"", ""rbi_mpr_2025_04_p112_c000"", ""rbi_mpr_2025_04_p108_c003"", ""rbi_mpr_2025_04_p113_c001"", ""rbi_mpr_2025_04_p003_c000"", ""rbi_mpr_2025_04_p073_c001"", ""rbi_mpr_2025_04_p112_c001"", ""rbi_mpr_2025_04_p113_c002"", ""rbi_mpr_2025_04_p107_c000"", ""rbi_mpr_2025_04_p110_c003"", ""rbi_mpr_2025_04_p069_c000"", ""rbi_mpr_2025_04_p015_c001"", ""rbi_mpr_2025_04_p104_c000"", ""rbi_mpr_2025_04_p069_c001"", ""rbi_mpr_2025_04_p110_c001""], ""reranker_input_pages"": [13, 12, 12, 78, 13, 78, 13, 113, 108, 75, 73, 11, 108, 19, 78, 69, 112, 108, 113, 3, 73, 112, 113, 107, 110, 69, 15, 104, 69, 110], ""reranker_input_ranks"": [1, 2, 3, 4, 5, 6, 7, 8, 9, 10, 11, 12, 13, 14, 15, 16, 17, 18, 19, 20, 21, 22, 23, 24, 25, 26, 27, 28, 29, 30], ""reranker_output_ids"": [""rbi_mpr_2025_04_p013_c000"", ""rbi_mpr_2025_04_p078_c001"", ""rbi_mpr_2025_04_p013_c003"", ""rbi_mpr_2025_04_p078_c000"", ""rbi_mpr_2025_04_p012_c000"", ""rbi_mpr_2025_04_p069_c002"", ""rbi_mpr_2025_04_p078_c003"", ""rbi_mpr_2025_04_p013_c002"", ""rbi_mpr_2025_04_p012_c003"", ""rbi_mpr_2025_04_p104_c000"", ""rbi_mpr_2025_04_p108_c000"", ""rbi_mpr_2025_04_p069_c000"", ""rbi_mpr_2025_04_p112_c000"", ""rbi_mpr_2025_04_p113_c002"", ""rbi_mpr_2025_04_p113_c003"", ""rbi_mpr_2025_04_p073_c001"", ""rbi_mpr_2025_04_p011_c001"", ""rbi_mpr_2025_04_p110_c001"", ""rbi_mpr_2025_04_p113_c001"", ""rbi_mpr_2025_04_p069_c001"", ""rbi_mpr_2025_04_p107_c000"", ""rbi_mpr_2025_04_p075_c001"", ""rbi_mpr_2025_04_p003_c000"", ""rbi_mpr_2025_04_p019_c001"", ""rbi_mpr_2025_04_p073_c003"", ""rbi_mpr_2025_04_p015_c001"", ""rbi_mpr_2025_04_p112_c001"", ""rbi_mpr_2025_04_p108_c003"", ""rbi_mpr_2025_04_p108_c002"", ""rbi_mpr_2025_04_p110_c003""], ""reranker_output_pages"": [13, 78, 13, 78, 12, 69, 78, 13, 12, 104, 108, 69, 112, 113, 113, 73, 11, 110, 113, 69, 107, 75, 3, 19, 73, 15, 112, 108, 108, 110], ""reranker_scores"": [0.7069991827011108, 0.16154739260673523, -0.680122971534729, -1.8540397882461548, -2.225397825241089, -3.4396138191223145, -3.9225804805755615, -4.194200038909912, -4.273271560668945, -8.152276992797852, -8.359895706176758, -8.763172149658203, -8.86617660522461, -9.148975372314453, -9.23522663116455, -9.266175270080566, -9.5052490234375, -9.862836837768555, -9.866216659545898, -9.904558181762695, -9.970231056213379, -10.104503631591797, -10.35667610168457, -10.473078727722168, -10.66856575012207, -10.764333724975586, -10.764640808105469, -10.816376686096191, -10.817444801330566, -11.157618522644043], ""rrf_candidate_ids"": [""rbi_mpr_2025_04_p013_c003"", ""rbi_mpr_2025_04_p012_c000"", ""rbi_mpr_2025_04_p012_c003"", ""rbi_mpr_2025_04_p078_c000"", ""rbi_mpr_2025_04_p013_c002"", ""rbi_mpr_2025_04_p078_c001"", ""rbi_mpr_2025_04_p013_c000"", ""rbi_mpr_2025_04_p113_c003"", ""rbi_mpr_2025_04_p108_c000"", ""rbi_mpr_2025_04_p075_c001"", ""rbi_mpr_2025_04_p073_c003"", ""rbi_mpr_2025_04_p011_c001"", ""rbi_mpr_2025_04_p108_c002"", ""rbi_mpr_2025_04_p019_c001"", ""rbi_mpr_2025_04_p078_c003"", ""rbi_mpr_2025_04_p069_c002"", ""rbi_mpr_2025_04_p112_c000"", ""rbi_mpr_2025_04_p108_c003"", ""rbi_mpr_2025_04_p113_c001"", ""rbi_mpr_2025_04_p003_c000"", ""rbi_mpr_2025_04_p073_c001"", ""rbi_mpr_2025_04_p112_c001"", ""rbi_mpr_2025_04_p113_c002"", ""rbi_mpr_2025_04_p107_c000"", ""rbi_mpr_2025_04_p110_c003"", ""rbi_mpr_2025_04_p069_c000"", ""rbi_mpr_2025_04_p015_c001"", ""rbi_mpr_2025_04_p104_c000"", ""rbi_mpr_2025_04_p069_c001"", ""rbi_mpr_2025_04_p110_c001""], ""rrf_candidate_pages"": [13, 12, 12, 78, 13, 78, 13, 113, 108, 75, 73, 11, 108, 19, 78, 69, 112, 108, 113, 3, 73, 112, 113, 107, 110, 69, 15, 104, 69, 110], ""rrf_first_evidence_rank"": 1, ""rrf_scores"": [0.032266458495966696, 0.031009615384615385, 0.030679156908665108, 0.030309988518943745, 0.029957522915269395, 0.028083267871170464, 0.02557875991581674, 0.025326537113730486, 0.022888003086022887, 0.022833419823559936, 0.022592592592592595, 0.022214040255277366, 0.018265221017514596, 0.018265221017514596, 0.016129032258064516, 0.016129032258064516, 0.015625, 0.015151515151515152, 0.015151515151515152, 0.014705882352941176, 0.014705882352941176, 0.014492753623188406, 0.014492753623188406, 0.014285714285714285, 0.013888888888888888, 0.013888888888888888, 0.0136986301369863, 0.013513513513513514, 0.013513513513513514, 0.013333333333333334], ""selected_chunk_ids_after_dedup"": [""rbi_mpr_2025_04_p013_c000"", ""rbi_mpr_2025_04_p078_c001"", ""rbi_mpr_2025_04_p013_c003""], ""selected_chunk_ids_before_dedup"": [""rbi_mpr_2025_04_p013_c000"", ""rbi_mpr_2025_04_p078_c001"", ""rbi_mpr_2025_04_p013_c003""], ""selected_pages"": [13, 78, 13]}, ""rbi_mpr_2025_10"": {""accepted_evidence_found"": false, ""accepted_pages"": [11], ""bm25_candidate_ids"": [""rbi_mpr_2025_10_p010_c001"", ""rbi_mpr_2025_10_p073_c002"", ""rbi_mpr_2025_10_p066_c000"", ""rbi_mpr_2025_10_p010_c004"", ""rbi_mpr_2025_10_p011_c001"", ""rbi_mpr_2025_10_p009_c001"", ""rbi_mpr_2025_10_p011_c003"", ""rbi_mpr_2025_10_p019_c002"", ""rbi_mpr_2025_10_p010_c002"", ""rbi_mpr_2025_10_p014_c000"", ""rbi_mpr_2025_10_p014_c003"", ""rbi_mpr_2025_10_p019_c003"", ""rbi_mpr_2025_10_p043_c001"", ""rbi_mpr_2025_10_p031_c000"", ""rbi_mpr_2025_10_p074_c001"", ""rbi_mpr_2025_10_p069_c003"", ""rbi_mpr_2025_10_p069_c004"", ""rbi_mpr_2025_10_p076_c000"", ""rbi_mpr_2025_10_p091_c000"", ""rbi_mpr_2025_10_p014_c001"", ""rbi_mpr_2025_10_p073_c003"", ""rbi_mpr_2025_10_p045_c000"", ""rbi_mpr_2025_10_p105_c001"", ""rbi_mpr_2025_10_p043_c002"", ""rbi_mpr_2025_10_p055_c003"", ""rbi_mpr_2025_10_p023_c000"", ""rbi_mpr_2025_10_p107_c000"", ""rbi_mpr_2025_10_p027_c002"", ""rbi_mpr_2025_10_p042_c002"", ""rbi_mpr_2025_10_p034_c005"", ""rbi_mpr_2025_10_p076_c001"", ""rbi_mpr_2025_10_p032_c003"", ""rbi_mpr_2025_10_p094_c003"", ""rbi_mpr_2025_10_p093_c000"", ""rbi_mpr_2025_10_p034_c003"", ""rbi_mpr_2025_10_p070_c003"", ""rbi_mpr_2025_10_p049_c002"", ""rbi_mpr_2025_10_p070_c001"", ""rbi_mpr_2025_10_p064_c001"", ""rbi_mpr_2025_10_p064_c002"", ""rbi_mpr_2025_10_p040_c001"", ""rbi_mpr_2025_10_p103_c001"", ""rbi_mpr_2025_10_p103_c000"", ""rbi_mpr_2025_10_p035_c000"", ""rbi_mpr_2025_10_p072_c000"", ""rbi_mpr_2025_10_p017_c000"", ""rbi_mpr_2025_10_p019_c000"", ""rbi_mpr_2025_10_p072_c001"", ""rbi_mpr_2025_10_p035_c002"", ""rbi_mpr_2025_10_p071_c001""], ""bm25_candidate_pages"": [10, 73, 66, 10, 11, 9, 11, 19, 10, 14, 14, 19, 43, 31, 74, 69, 69, 76, 91, 14, 73, 45, 105, 43, 55, 23, 107, 27, 42, 34, 76, 32, 94, 93, 34, 70, 49, 70, 64, 64, 40, 103, 103, 35, 72, 17, 19, 72, 35, 71], ""bm25_candidate_scores"": [null, null, null, null, null, null, null, null, null, null, null, null, null, null, null, null, null, null, null, null, null, null, null, null, null, null, null, null, null, null, null, null, null, null, null, null, null, null, null, null, null, null, null, null, null, null, null, null, null, null], ""bm25_first_evidence_rank"": 5, ""candidate_source_expansion"": {""rbi_mpr_2025_04_p003_c000"": [], ""rbi_mpr_2025_04_p011_c001"": [], ""rbi_mpr_2025_04_p011_c003"": [], ""rbi_mpr_2025_04_p012_c000"": [], ""rbi_mpr_2025_04_p012_c001"": [], ""rbi_mpr_2025_04_p012_c003"": [], ""rbi_mpr_2025_04_p013_c000"": [], ""rbi_mpr_2025_04_p013_c002"": [], ""rbi_mpr_2025_04_p013_c003"": [], ""rbi_mpr_2025_04_p015_c001"": [], ""rbi_mpr_2025_04_p015_c002"": [], ""rbi_mpr_2025_04_p018_c000"": [], ""rbi_mpr_2025_04_p018_c001"": [], ""rbi_mpr_2025_04_p019_c000"": [], ""rbi_mpr_2025_04_p019_c001"": [], ""rbi_mpr_2025_04_p019_c003"": [], ""rbi_mpr_2025_04_p019_c004"": [], ""rbi_mpr_2025_04_p021_c001"": [], ""rbi_mpr_2025_04_p024_c000"": [], ""rbi_mpr_2025_04_p025_c003"": [], ""rbi_mpr_2025_04_p026_c000"": [], ""rbi_mpr_2025_04_p027_c000"": [], ""rbi_mpr_2025_04_p027_c001"": [], ""rbi_mpr_2025_04_p027_c002"": [], ""rbi_mpr_2025_04_p028_c001"": [], ""rbi_mpr_2025_04_p028_c002"": [], ""rbi_mpr_2025_04_p028_c003"": [], ""rbi_mpr_2025_04_p029_c003"": [], ""rbi_mpr_2025_04_p030_c000"": [], ""rbi_mpr_2025_04_p039_c002"": [], ""rbi_mpr_2025_04_p044_c001"": [], ""rbi_mpr_2025_04_p044_c002"": [], ""rbi_mpr_2025_04_p046_c000"": [], ""rbi_mpr_2025_04_p047_c002"": [], ""rbi_mpr_2025_04_p050_c000"": [], ""rbi_mpr_2025_04_p052_c000"": [], ""rbi_mpr_2025_04_p055_c000"": [], ""rbi_mpr_2025_04_p060_c000"": [], ""rbi_mpr_2025_04_p064_c000"": [], ""rbi_mpr_2025_04_p068_c000"": [], ""rbi_mpr_2025_04_p069_c000"": [], ""rbi_mpr_2025_04_p069_c001"": [], ""rbi_mpr_2025_04_p069_c002"": [], ""rbi_mpr_2025_04_p073_c001"": [], ""rbi_mpr_2025_04_p073_c002"": [], ""rbi_mpr_2025_04_p073_c003"": [], ""rbi_mpr_2025_04_p073_c004"": [], ""rbi_mpr_2025_04_p074_c000"": [], ""rbi_mpr_2025_04_p074_c001"": [], ""rbi_mpr_2025_04_p075_c000"": [], ""rbi_mpr_2025_04_p075_c001"": [], ""rbi_mpr_2025_04_p075_c002"": [], ""rbi_mpr_2025_04_p078_c000"": [], ""rbi_mpr_2025_04_p078_c001"": [], ""rbi_mpr_2025_04_p078_c002"": [], ""rbi_mpr_2025_04_p078_c003"": [], ""rbi_mpr_2025_04_p085_c002"": [], ""rbi_mpr_2025_04_p094_c001"": [], ""rbi_mpr_2025_04_p099_c001"": [], ""rbi_mpr_2025_04_p099_c002"": [], ""rbi_mpr_2025_04_p100_c001"": [], ""rbi_mpr_2025_04_p100_c002"": [], ""rbi_mpr_2025_04_p101_c001"": [], ""rbi_mpr_2025_04_p101_c003"": [], ""rbi_mpr_2025_04_p104_c000"": [], ""rbi_mpr_2025_04_p106_c001"": [], ""rbi_mpr_2025_04_p107_c000"": [], ""rbi_mpr_2025_04_p107_c001"": [], ""rbi_mpr_2025_04_p108_c000"": [], ""rbi_mpr_2025_04_p108_c002"": [], ""rbi_mpr_2025_04_p108_c003"": [], ""rbi_mpr_2025_04_p109_c003"": [], ""rbi_mpr_2025_04_p110_c000"": [], ""rbi_mpr_2025_04_p110_c001"": [], ""rbi_mpr_2025_04_p110_c003"": [], ""rbi_mpr_2025_04_p111_c001"": [], ""rbi_mpr_2025_04_p111_c002"": [], ""rbi_mpr_2025_04_p111_c003"": [], ""rbi_mpr_2025_04_p112_c000"": [], ""rbi_mpr_2025_04_p112_c001"": [], ""rbi_mpr_2025_04_p113_c000"": [], ""rbi_mpr_2025_04_p113_c001"": [], ""rbi_mpr_2025_04_p113_c002"": [], ""rbi_mpr_2025_04_p113_c003"": [], ""rbi_mpr_2025_04_p114_c000"": [], ""rbi_mpr_2025_04_p114_c001"": [], ""rbi_mpr_2025_10_p003_c000"": [], ""rbi_mpr_2025_10_p005_c001"": [], ""rbi_mpr_2025_10_p009_c000"": [], ""rbi_mpr_2025_10_p009_c001"": [], ""rbi_mpr_2025_10_p010_c000"": [], ""rbi_mpr_2025_10_p010_c001"": [], ""rbi_mpr_2025_10_p010_c002"": [], ""rbi_mpr_2025_10_p010_c004"": [], ""rbi_mpr_2025_10_p011_c000"": [], ""rbi_mpr_2025_10_p011_c001"": [], ""rbi_mpr_2025_10_p011_c003"": [], ""rbi_mpr_2025_10_p011_c004"": [], ""rbi_mpr_2025_10_p011_c005"": [], ""rbi_mpr_2025_10_p014_c000"": [], ""rbi_mpr_2025_10_p014_c001"": [], ""rbi_mpr_2025_10_p014_c003"": [], ""rbi_mpr_2025_10_p015_c003"": [], ""rbi_mpr_2025_10_p016_c003"": [], ""rbi_mpr_2025_10_p017_c000"": [], ""rbi_mpr_2025_10_p019_c000"": [], ""rbi_mpr_2025_10_p019_c002"": [], ""rbi_mpr_2025_10_p019_c003"": [], ""rbi_mpr_2025_10_p023_c000"": [], ""rbi_mpr_2025_10_p027_c002"": [], ""rbi_mpr_2025_10_p031_c000"": [], ""rbi_mpr_2025_10_p032_c003"": [], ""rbi_mpr_2025_10_p034_c003"": [], ""rbi_mpr_2025_10_p034_c005"": [], ""rbi_mpr_2025_10_p035_c000"": [], ""rbi_mpr_2025_10_p035_c002"": [], ""rbi_mpr_2025_10_p040_c001"": [], ""rbi_mpr_2025_10_p042_c002"": [], ""rbi_mpr_2025_10_p043_c001"": [], ""rbi_mpr_2025_10_p043_c002"": [], ""rbi_mpr_2025_10_p045_c000"": [], ""rbi_mpr_2025_10_p049_c002"": [], ""rbi_mpr_2025_10_p055_c000"": [], ""rbi_mpr_2025_10_p055_c003"": [], ""rbi_mpr_2025_10_p064_c001"": [], ""rbi_mpr_2025_10_p064_c002"": [], ""rbi_mpr_2025_10_p064_c005"": [], ""rbi_mpr_2025_10_p065_c001"": [], ""rbi_mpr_2025_10_p066_c000"": [], ""rbi_mpr_2025_10_p069_c003"": [], ""rbi_mpr_2025_10_p069_c004"": [], ""rbi_mpr_2025_10_p070_c000"": [], ""rbi_mpr_2025_10_p070_c001"": [], ""rbi_mpr_2025_10_p070_c002"": [], ""rbi_mpr_2025_10_p070_c003"": [], ""rbi_mpr_2025_10_p071_c000"": [], ""rbi_mpr_2025_10_p071_c001"": [], ""rbi_mpr_2025_10_p072_c000"": [], ""rbi_mpr_2025_10_p072_c001"": [], ""rbi_mpr_2025_10_p073_c002"": [], ""rbi_mpr_2025_10_p073_c003"": [], ""rbi_mpr_2025_10_p074_c000"": [], ""rbi_mpr_2025_10_p074_c001"": [], ""rbi_mpr_2025_10_p076_c000"": [], ""rbi_mpr_2025_10_p076_c001"": [], ""rbi_mpr_2025_10_p079_c000"": [], ""rbi_mpr_2025_10_p080_c002"": [], ""rbi_mpr_2025_10_p091_c000"": [], ""rbi_mpr_2025_10_p093_c000"": [], ""rbi_mpr_2025_10_p094_c003"": [], ""rbi_mpr_2025_10_p099_c002"": [], ""rbi_mpr_2025_10_p099_c003"": [], ""rbi_mpr_2025_10_p102_c001"": [], ""rbi_mpr_2025_10_p103_c000"": [], ""rbi_mpr_2025_10_p103_c001"": [], ""rbi_mpr_2025_10_p103_c002"": [], ""rbi_mpr_2025_10_p103_c003"": [], ""rbi_mpr_2025_10_p104_c000"": [], ""rbi_mpr_2025_10_p104_c001"": [], ""rbi_mpr_2025_10_p104_c003"": [], ""rbi_mpr_2025_10_p105_c000"": [], ""rbi_mpr_2025_10_p105_c001"": [], ""rbi_mpr_2025_10_p106_c000"": [], ""rbi_mpr_2025_10_p107_c000"": [], ""rbi_mpr_2025_10_p107_c001"": [], ""rbi_mpr_2025_10_p107_c003"": [], ""rbi_mpr_2025_10_p110_c000"": [], ""rbi_mpr_2026_04_p003_c000"": [], ""rbi_mpr_2026_04_p013_c000"": [], ""rbi_mpr_2026_04_p013_c001"": [], ""rbi_mpr_2026_04_p013_c003"": [], ""rbi_mpr_2026_04_p013_c004"": [], ""rbi_mpr_2026_04_p014_c000"": [], ""rbi_mpr_2026_04_p014_c002"": [], ""rbi_mpr_2026_04_p015_c001"": [], ""rbi_mpr_2026_04_p016_c002"": [], ""rbi_mpr_2026_04_p016_c003"": [], ""rbi_mpr_2026_04_p017_c000"": [], ""rbi_mpr_2026_04_p018_c002"": [], ""rbi_mpr_2026_04_p018_c003"": [], ""rbi_mpr_2026_04_p020_c000"": [], ""rbi_mpr_2026_04_p020_c001"": [], ""rbi_mpr_2026_04_p020_c002"": [], ""rbi_mpr_2026_04_p020_c003"": [], ""rbi_mpr_2026_04_p021_c000"": [], ""rbi_mpr_2026_04_p021_c003"": [], ""rbi_mpr_2026_04_p022_c000"": [], ""rbi_mpr_2026_04_p022_c001"": [], ""rbi_mpr_2026_04_p023_c000"": [], ""rbi_mpr_2026_04_p023_c001"": [], ""rbi_mpr_2026_04_p023_c002"": [], ""rbi_mpr_2026_04_p024_c000"": [], ""rbi_mpr_2026_04_p024_c002"": [], ""rbi_mpr_2026_04_p026_c000"": [], ""rbi_mpr_2026_04_p026_c002"": [], ""rbi_mpr_2026_04_p026_c003"": [], ""rbi_mpr_2026_04_p026_c004"": [], ""rbi_mpr_2026_04_p028_c000"": [], ""rbi_mpr_2026_04_p028_c001"": [], ""rbi_mpr_2026_04_p028_c002"": [], ""rbi_mpr_2026_04_p028_c003"": [], ""rbi_mpr_2026_04_p030_c001"": [], ""rbi_mpr_2026_04_p030_c002"": [], ""rbi_mpr_2026_04_p032_c003"": [], ""rbi_mpr_2026_04_p034_c000"": [], ""rbi_mpr_2026_04_p038_c000"": [], ""rbi_mpr_2026_04_p038_c001"": [], ""rbi_mpr_2026_04_p039_c002"": [], ""rbi_mpr_2026_04_p040_c000"": [], ""rbi_mpr_2026_04_p049_c000"": [], ""rbi_mpr_2026_04_p049_c001"": [], ""rbi_mpr_2026_04_p050_c000"": [], ""rbi_mpr_2026_04_p050_c002"": [], ""rbi_mpr_2026_04_p052_c001"": [], ""rbi_mpr_2026_04_p055_c000"": [], ""rbi_mpr_2026_04_p058_c000"": [], ""rbi_mpr_2026_04_p068_c001"": [], ""rbi_mpr_2026_04_p068_c002"": [], ""rbi_mpr_2026_04_p074_c002"": [], ""rbi_mpr_2026_04_p074_c003"": [], ""rbi_mpr_2026_04_p078_c000"": [], ""rbi_mpr_2026_04_p078_c001"": [], ""rbi_mpr_2026_04_p082_c000"": [], ""rbi_mpr_2026_04_p082_c004"": [], ""rbi_mpr_2026_04_p088_c000"": [], ""rbi_mpr_2026_04_p088_c004"": [], ""rbi_mpr_2026_04_p089_c002"": [], ""rbi_mpr_2026_04_p089_c003"": [], ""rbi_mpr_2026_04_p093_c003"": [], ""rbi_mpr_2026_04_p099_c003"": [], ""rbi_mpr_2026_04_p100_c000"": [], ""rbi_mpr_2026_04_p100_c001"": [], ""rbi_mpr_2026_04_p100_c003"": [], ""rbi_mpr_2026_04_p100_c004"": [], ""rbi_mpr_2026_04_p101_c002"": [], ""rbi_mpr_2026_04_p101_c005"": [], ""rbi_mpr_2026_04_p102_c002"": [], ""rbi_mpr_2026_04_p102_c004"": [], ""rbi_mpr_2026_04_p103_c001"": [], ""rbi_mpr_2026_04_p103_c002"": [], ""rbi_mpr_2026_04_p103_c003"": [], ""rbi_mpr_2026_04_p103_c004"": [], ""rbi_mpr_2026_04_p104_c000"": [], ""rbi_mpr_2026_04_p104_c002"": [], ""rbi_mpr_2026_04_p104_c004"": [], ""rbi_mpr_2026_04_p104_c005"": [], ""rbi_mpr_2026_04_p105_c000"": [], ""rbi_mpr_2026_04_p107_c001"": [], ""rbi_mpr_2026_04_p107_c004"": [], ""rbi_mpr_2026_04_p110_c000"": [], ""rbi_mpr_2026_04_p110_c002"": [], ""rbi_mpr_2026_04_p112_c000"": [], ""rbi_mpr_2026_04_p112_c003"": [], ""rbi_mpr_2026_04_p114_c000"": [], ""rbi_mpr_2026_04_p116_c000"": []}, ""candidate_source_facet"": {""rbi_mpr_2025_04_p003_c000"": [], ""rbi_mpr_2025_04_p011_c001"": [], ""rbi_mpr_2025_04_p011_c003"": [], ""rbi_mpr_2025_04_p012_c000"": [], ""rbi_mpr_2025_04_p012_c001"": [], ""rbi_mpr_2025_04_p012_c003"": [], ""rbi_mpr_2025_04_p013_c000"": [], ""rbi_mpr_2025_04_p013_c002"": [], ""rbi_mpr_2025_04_p013_c003"": [], ""rbi_mpr_2025_04_p015_c001"": [], ""rbi_mpr_2025_04_p015_c002"": [], ""rbi_mpr_2025_04_p018_c000"": [], ""rbi_mpr_2025_04_p018_c001"": [], ""rbi_mpr_2025_04_p019_c000"": [], ""rbi_mpr_2025_04_p019_c001"": [], ""rbi_mpr_2025_04_p019_c003"": [], ""rbi_mpr_2025_04_p019_c004"": [], ""rbi_mpr_2025_04_p021_c001"": [], ""rbi_mpr_2025_04_p024_c000"": [], ""rbi_mpr_2025_04_p025_c003"": [], ""rbi_mpr_2025_04_p026_c000"": [], ""rbi_mpr_2025_04_p027_c000"": [], ""rbi_mpr_2025_04_p027_c001"": [], ""rbi_mpr_2025_04_p027_c002"": [], ""rbi_mpr_2025_04_p028_c001"": [], ""rbi_mpr_2025_04_p028_c002"": [], ""rbi_mpr_2025_04_p028_c003"": [], ""rbi_mpr_2025_04_p029_c003"": [], ""rbi_mpr_2025_04_p030_c000"": [], ""rbi_mpr_2025_04_p039_c002"": [], ""rbi_mpr_2025_04_p044_c001"": [], ""rbi_mpr_2025_04_p044_c002"": [], ""rbi_mpr_2025_04_p046_c000"": [], ""rbi_mpr_2025_04_p047_c002"": [], ""rbi_mpr_2025_04_p050_c000"": [], ""rbi_mpr_2025_04_p052_c000"": [], ""rbi_mpr_2025_04_p055_c000"": [], ""rbi_mpr_2025_04_p060_c000"": [], ""rbi_mpr_2025_04_p064_c000"": [], ""rbi_mpr_2025_04_p068_c000"": [], ""rbi_mpr_2025_04_p069_c000"": [], ""rbi_mpr_2025_04_p069_c001"": [], ""rbi_mpr_2025_04_p069_c002"": [], ""rbi_mpr_2025_04_p073_c001"": [], ""rbi_mpr_2025_04_p073_c002"": [], ""rbi_mpr_2025_04_p073_c003"": [], ""rbi_mpr_2025_04_p073_c004"": [], ""rbi_mpr_2025_04_p074_c000"": [], ""rbi_mpr_2025_04_p074_c001"": [], ""rbi_mpr_2025_04_p075_c000"": [], ""rbi_mpr_2025_04_p075_c001"": [], ""rbi_mpr_2025_04_p075_c002"": [], ""rbi_mpr_2025_04_p078_c000"": [], ""rbi_mpr_2025_04_p078_c001"": [], ""rbi_mpr_2025_04_p078_c002"": [], ""rbi_mpr_2025_04_p078_c003"": [], ""rbi_mpr_2025_04_p085_c002"": [], ""rbi_mpr_2025_04_p094_c001"": [], ""rbi_mpr_2025_04_p099_c001"": [], ""rbi_mpr_2025_04_p099_c002"": [], ""rbi_mpr_2025_04_p100_c001"": [], ""rbi_mpr_2025_04_p100_c002"": [], ""rbi_mpr_2025_04_p101_c001"": [], ""rbi_mpr_2025_04_p101_c003"": [], ""rbi_mpr_2025_04_p104_c000"": [], ""rbi_mpr_2025_04_p106_c001"": [], ""rbi_mpr_2025_04_p107_c000"": [], ""rbi_mpr_2025_04_p107_c001"": [], ""rbi_mpr_2025_04_p108_c000"": [], ""rbi_mpr_2025_04_p108_c002"": [], ""rbi_mpr_2025_04_p108_c003"": [], ""rbi_mpr_2025_04_p109_c003"": [], ""rbi_mpr_2025_04_p110_c000"": [], ""rbi_mpr_2025_04_p110_c001"": [], ""rbi_mpr_2025_04_p110_c003"": [], ""rbi_mpr_2025_04_p111_c001"": [], ""rbi_mpr_2025_04_p111_c002"": [], ""rbi_mpr_2025_04_p111_c003"": [], ""rbi_mpr_2025_04_p112_c000"": [], ""rbi_mpr_2025_04_p112_c001"": [], ""rbi_mpr_2025_04_p113_c000"": [], ""rbi_mpr_2025_04_p113_c001"": [], ""rbi_mpr_2025_04_p113_c002"": [], ""rbi_mpr_2025_04_p113_c003"": [], ""rbi_mpr_2025_04_p114_c000"": [], ""rbi_mpr_2025_04_p114_c001"": [], ""rbi_mpr_2025_10_p003_c000"": [], ""rbi_mpr_2025_10_p005_c001"": [], ""rbi_mpr_2025_10_p009_c000"": [], ""rbi_mpr_2025_10_p009_c001"": [], ""rbi_mpr_2025_10_p010_c000"": [], ""rbi_mpr_2025_10_p010_c001"": [], ""rbi_mpr_2025_10_p010_c002"": [], ""rbi_mpr_2025_10_p010_c004"": [], ""rbi_mpr_2025_10_p011_c000"": [], ""rbi_mpr_2025_10_p011_c001"": [], ""rbi_mpr_2025_10_p011_c003"": [], ""rbi_mpr_2025_10_p011_c004"": [], ""rbi_mpr_2025_10_p011_c005"": [], ""rbi_mpr_2025_10_p014_c000"": [], ""rbi_mpr_2025_10_p014_c001"": [], ""rbi_mpr_2025_10_p014_c003"": [], ""rbi_mpr_2025_10_p015_c003"": [], ""rbi_mpr_2025_10_p016_c003"": [], ""rbi_mpr_2025_10_p017_c000"": [], ""rbi_mpr_2025_10_p019_c000"": [], ""rbi_mpr_2025_10_p019_c002"": [], ""rbi_mpr_2025_10_p019_c003"": [], ""rbi_mpr_2025_10_p023_c000"": [], ""rbi_mpr_2025_10_p027_c002"": [], ""rbi_mpr_2025_10_p031_c000"": [], ""rbi_mpr_2025_10_p032_c003"": [], ""rbi_mpr_2025_10_p034_c003"": [], ""rbi_mpr_2025_10_p034_c005"": [], ""rbi_mpr_2025_10_p035_c000"": [], ""rbi_mpr_2025_10_p035_c002"": [], ""rbi_mpr_2025_10_p040_c001"": [], ""rbi_mpr_2025_10_p042_c002"": [], ""rbi_mpr_2025_10_p043_c001"": [], ""rbi_mpr_2025_10_p043_c002"": [], ""rbi_mpr_2025_10_p045_c000"": [], ""rbi_mpr_2025_10_p049_c002"": [], ""rbi_mpr_2025_10_p055_c000"": [], ""rbi_mpr_2025_10_p055_c003"": [], ""rbi_mpr_2025_10_p064_c001"": [], ""rbi_mpr_2025_10_p064_c002"": [], ""rbi_mpr_2025_10_p064_c005"": [], ""rbi_mpr_2025_10_p065_c001"": [], ""rbi_mpr_2025_10_p066_c000"": [], ""rbi_mpr_2025_10_p069_c003"": [], ""rbi_mpr_2025_10_p069_c004"": [], ""rbi_mpr_2025_10_p070_c000"": [], ""rbi_mpr_2025_10_p070_c001"": [], ""rbi_mpr_2025_10_p070_c002"": [], ""rbi_mpr_2025_10_p070_c003"": [], ""rbi_mpr_2025_10_p071_c000"": [], ""rbi_mpr_2025_10_p071_c001"": [], ""rbi_mpr_2025_10_p072_c000"": [], ""rbi_mpr_2025_10_p072_c001"": [], ""rbi_mpr_2025_10_p073_c002"": [], ""rbi_mpr_2025_10_p073_c003"": [], ""rbi_mpr_2025_10_p074_c000"": [], ""rbi_mpr_2025_10_p074_c001"": [], ""rbi_mpr_2025_10_p076_c000"": [], ""rbi_mpr_2025_10_p076_c001"": [], ""rbi_mpr_2025_10_p079_c000"": [], ""rbi_mpr_2025_10_p080_c002"": [], ""rbi_mpr_2025_10_p091_c000"": [], ""rbi_mpr_2025_10_p093_c000"": [], ""rbi_mpr_2025_10_p094_c003"": [], ""rbi_mpr_2025_10_p099_c002"": [], ""rbi_mpr_2025_10_p099_c003"": [], ""rbi_mpr_2025_10_p102_c001"": [], ""rbi_mpr_2025_10_p103_c000"": [], ""rbi_mpr_2025_10_p103_c001"": [], ""rbi_mpr_2025_10_p103_c002"": [], ""rbi_mpr_2025_10_p103_c003"": [], ""rbi_mpr_2025_10_p104_c000"": [], ""rbi_mpr_2025_10_p104_c001"": [], ""rbi_mpr_2025_10_p104_c003"": [], ""rbi_mpr_2025_10_p105_c000"": [], ""rbi_mpr_2025_10_p105_c001"": [], ""rbi_mpr_2025_10_p106_c000"": [], ""rbi_mpr_2025_10_p107_c000"": [], ""rbi_mpr_2025_10_p107_c001"": [], ""rbi_mpr_2025_10_p107_c003"": [], ""rbi_mpr_2025_10_p110_c000"": [], ""rbi_mpr_2026_04_p003_c000"": [], ""rbi_mpr_2026_04_p013_c000"": [], ""rbi_mpr_2026_04_p013_c001"": [], ""rbi_mpr_2026_04_p013_c003"": [], ""rbi_mpr_2026_04_p013_c004"": [], ""rbi_mpr_2026_04_p014_c000"": [], ""rbi_mpr_2026_04_p014_c002"": [], ""rbi_mpr_2026_04_p015_c001"": [], ""rbi_mpr_2026_04_p016_c002"": [], ""rbi_mpr_2026_04_p016_c003"": [], ""rbi_mpr_2026_04_p017_c000"": [], ""rbi_mpr_2026_04_p018_c002"": [], ""rbi_mpr_2026_04_p018_c003"": [], ""rbi_mpr_2026_04_p020_c000"": [], ""rbi_mpr_2026_04_p020_c001"": [], ""rbi_mpr_2026_04_p020_c002"": [], ""rbi_mpr_2026_04_p020_c003"": [], ""rbi_mpr_2026_04_p021_c000"": [], ""rbi_mpr_2026_04_p021_c003"": [], ""rbi_mpr_2026_04_p022_c000"": [], ""rbi_mpr_2026_04_p022_c001"": [], ""rbi_mpr_2026_04_p023_c000"": [], ""rbi_mpr_2026_04_p023_c001"": [], ""rbi_mpr_2026_04_p023_c002"": [], ""rbi_mpr_2026_04_p024_c000"": [], ""rbi_mpr_2026_04_p024_c002"": [], ""rbi_mpr_2026_04_p026_c000"": [], ""rbi_mpr_2026_04_p026_c002"": [], ""rbi_mpr_2026_04_p026_c003"": [], ""rbi_mpr_2026_04_p026_c004"": [], ""rbi_mpr_2026_04_p028_c000"": [], ""rbi_mpr_2026_04_p028_c001"": [], ""rbi_mpr_2026_04_p028_c002"": [], ""rbi_mpr_2026_04_p028_c003"": [], ""rbi_mpr_2026_04_p030_c001"": [], ""rbi_mpr_2026_04_p030_c002"": [], ""rbi_mpr_2026_04_p032_c003"": [], ""rbi_mpr_2026_04_p034_c000"": [], ""rbi_mpr_2026_04_p038_c000"": [], ""rbi_mpr_2026_04_p038_c001"": [], ""rbi_mpr_2026_04_p039_c002"": [], ""rbi_mpr_2026_04_p040_c000"": [], ""rbi_mpr_2026_04_p049_c000"": [], ""rbi_mpr_2026_04_p049_c001"": [], ""rbi_mpr_2026_04_p050_c000"": [], ""rbi_mpr_2026_04_p050_c002"": [], ""rbi_mpr_2026_04_p052_c001"": [], ""rbi_mpr_2026_04_p055_c000"": [], ""rbi_mpr_2026_04_p058_c000"": [], ""rbi_mpr_2026_04_p068_c001"": [], ""rbi_mpr_2026_04_p068_c002"": [], ""rbi_mpr_2026_04_p074_c002"": [], ""rbi_mpr_2026_04_p074_c003"": [], ""rbi_mpr_2026_04_p078_c000"": [], ""rbi_mpr_2026_04_p078_c001"": [], ""rbi_mpr_2026_04_p082_c000"": [], ""rbi_mpr_2026_04_p082_c004"": [], ""rbi_mpr_2026_04_p088_c000"": [], ""rbi_mpr_2026_04_p088_c004"": [], ""rbi_mpr_2026_04_p089_c002"": [], ""rbi_mpr_2026_04_p089_c003"": [], ""rbi_mpr_2026_04_p093_c003"": [], ""rbi_mpr_2026_04_p099_c003"": [], ""rbi_mpr_2026_04_p100_c000"": [], ""rbi_mpr_2026_04_p100_c001"": [], ""rbi_mpr_2026_04_p100_c003"": [], ""rbi_mpr_2026_04_p100_c004"": [], ""rbi_mpr_2026_04_p101_c002"": [], ""rbi_mpr_2026_04_p101_c005"": [], ""rbi_mpr_2026_04_p102_c002"": [], ""rbi_mpr_2026_04_p102_c004"": [], ""rbi_mpr_2026_04_p103_c001"": [], ""rbi_mpr_2026_04_p103_c002"": [], ""rbi_mpr_2026_04_p103_c003"": [], ""rbi_mpr_2026_04_p103_c004"": [], ""rbi_mpr_2026_04_p104_c000"": [], ""rbi_mpr_2026_04_p104_c002"": [], ""rbi_mpr_2026_04_p104_c004"": [], ""rbi_mpr_2026_04_p104_c005"": [], ""rbi_mpr_2026_04_p105_c000"": [], ""rbi_mpr_2026_04_p107_c001"": [], ""rbi_mpr_2026_04_p107_c004"": [], ""rbi_mpr_2026_04_p110_c000"": [], ""rbi_mpr_2026_04_p110_c002"": [], ""rbi_mpr_2026_04_p112_c000"": [], ""rbi_mpr_2026_04_p112_c003"": [], ""rbi_mpr_2026_04_p114_c000"": [], ""rbi_mpr_2026_04_p116_c000"": []}, ""candidate_source_query"": {""rbi_mpr_2025_04_p003_c000"": [""How did the neutral policy stance appear across the three reports?""], ""rbi_mpr_2025_04_p011_c001"": [""How did the neutral policy stance appear across the three reports?""], ""rbi_mpr_2025_04_p011_c003"": [""How did the neutral policy stance appear across the three reports?""], ""rbi_mpr_2025_04_p012_c000"": [""How did the neutral policy stance appear across the three reports?""], ""rbi_mpr_2025_04_p012_c001"": [""How did the neutral policy stance appear across the three reports?""], ""rbi_mpr_2025_04_p012_c003"": [""How did the neutral policy stance appear across the three reports?""], ""rbi_mpr_2025_04_p013_c000"": [""How did the neutral policy stance appear across the three reports?""], ""rbi_mpr_2025_04_p013_c002"": [""How did the neutral policy stance appear across the three reports?""], ""rbi_mpr_2025_04_p013_c003"": [""How did the neutral policy stance appear across the three reports?""], ""rbi_mpr_2025_04_p015_c001"": [""How did the neutral policy stance appear across the three reports?""], ""rbi_mpr_2025_04_p015_c002"": [""How did the neutral policy stance appear across the three reports?""], ""rbi_mpr_2025_04_p018_c000"": [""How did the neutral policy stance appear across the three reports?""], ""rbi_mpr_2025_04_p018_c001"": [""How did the neutral policy stance appear across the three reports?""], ""rbi_mpr_2025_04_p019_c000"": [""How did the neutral policy stance appear across the three reports?""], ""rbi_mpr_2025_04_p019_c001"": [""How did the neutral policy stance appear across the three reports?""], ""rbi_mpr_2025_04_p019_c003"": [""How did the neutral policy stance appear across the three reports?""], ""rbi_mpr_2025_04_p019_c004"": [""How did the neutral policy stance appear across the three reports?""], ""rbi_mpr_2025_04_p021_c001"": [""How did the neutral policy stance appear across the three reports?""], ""rbi_mpr_2025_04_p024_c000"": [""How did the neutral policy stance appear across the three reports?""], ""rbi_mpr_2025_04_p025_c003"": [""How did the neutral policy stance appear across the three reports?""], ""rbi_mpr_2025_04_p026_c000"": [""How did the neutral policy stance appear across the three reports?""], ""rbi_mpr_2025_04_p027_c000"": [""How did the neutral policy stance appear across the three reports?""], ""rbi_mpr_2025_04_p027_c001"": [""How did the neutral policy stance appear across the three reports?""], ""rbi_mpr_2025_04_p027_c002"": [""How did the neutral policy stance appear across the three reports?""], ""rbi_mpr_2025_04_p028_c001"": [""How did the neutral policy stance appear across the three reports?""], ""rbi_mpr_2025_04_p028_c002"": [""How did the neutral policy stance appear across the three reports?""], ""rbi_mpr_2025_04_p028_c003"": [""How did the neutral policy stance appear across the three reports?""], ""rbi_mpr_2025_04_p029_c003"": [""How did the neutral policy stance appear across the three reports?""], ""rbi_mpr_2025_04_p030_c000"": [""How did the neutral policy stance appear across the three reports?""], ""rbi_mpr_2025_04_p039_c002"": [""How did the neutral policy stance appear across the three reports?""], ""rbi_mpr_2025_04_p044_c001"": [""How did the neutral policy stance appear across the three reports?""], ""rbi_mpr_2025_04_p044_c002"": [""How did the neutral policy stance appear across the three reports?""], ""rbi_mpr_2025_04_p046_c000"": [""How did the neutral policy stance appear across the three reports?""], ""rbi_mpr_2025_04_p047_c002"": [""How did the neutral policy stance appear across the three reports?""], ""rbi_mpr_2025_04_p050_c000"": [""How did the neutral policy stance appear across the three reports?""], ""rbi_mpr_2025_04_p052_c000"": [""How did the neutral policy stance appear across the three reports?""], ""rbi_mpr_2025_04_p055_c000"": [""How did the neutral policy stance appear across the three reports?""], ""rbi_mpr_2025_04_p060_c000"": [""How did the neutral policy stance appear across the three reports?""], ""rbi_mpr_2025_04_p064_c000"": [""How did the neutral policy stance appear across the three reports?""], ""rbi_mpr_2025_04_p068_c000"": [""How did the neutral policy stance appear across the three reports?""], ""rbi_mpr_2025_04_p069_c000"": [""How did the neutral policy stance appear across the three reports?""], ""rbi_mpr_2025_04_p069_c001"": [""How did the neutral policy stance appear across the three reports?""], ""rbi_mpr_2025_04_p069_c002"": [""How did the neutral policy stance appear across the three reports?""], ""rbi_mpr_2025_04_p073_c001"": [""How did the neutral policy stance appear across the three reports?""], ""rbi_mpr_2025_04_p073_c002"": [""How did the neutral policy stance appear across the three reports?""], ""rbi_mpr_2025_04_p073_c003"": [""How did the neutral policy stance appear across the three reports?""], ""rbi_mpr_2025_04_p073_c004"": [""How did the neutral policy stance appear across the three reports?""], ""rbi_mpr_2025_04_p074_c000"": [""How did the neutral policy stance appear across the three reports?""], ""rbi_mpr_2025_04_p074_c001"": [""How did the neutral policy stance appear across the three reports?""], ""rbi_mpr_2025_04_p075_c000"": [""How did the neutral policy stance appear across the three reports?""], ""rbi_mpr_2025_04_p075_c001"": [""How did the neutral policy stance appear across the three reports?""], ""rbi_mpr_2025_04_p075_c002"": [""How did the neutral policy stance appear across the three reports?""], ""rbi_mpr_2025_04_p078_c000"": [""How did the neutral policy stance appear across the three reports?""], ""rbi_mpr_2025_04_p078_c001"": [""How did the neutral policy stance appear across the three reports?""], ""rbi_mpr_2025_04_p078_c002"": [""How did the neutral policy stance appear across the three reports?""], ""rbi_mpr_2025_04_p078_c003"": [""How did the neutral policy stance appear across the three reports?""], ""rbi_mpr_2025_04_p085_c002"": [""How did the neutral policy stance appear across the three reports?""], ""rbi_mpr_2025_04_p094_c001"": [""How did the neutral policy stance appear across the three reports?""], ""rbi_mpr_2025_04_p099_c001"": [""How did the neutral policy stance appear across the three reports?""], ""rbi_mpr_2025_04_p099_c002"": [""How did the neutral policy stance appear across the three reports?""], ""rbi_mpr_2025_04_p100_c001"": [""How did the neutral policy stance appear across the three reports?""], ""rbi_mpr_2025_04_p100_c002"": [""How did the neutral policy stance appear across the three reports?""], ""rbi_mpr_2025_04_p101_c001"": [""How did the neutral policy stance appear across the three reports?""], ""rbi_mpr_2025_04_p101_c003"": [""How did the neutral policy stance appear across the three reports?""], ""rbi_mpr_2025_04_p104_c000"": [""How did the neutral policy stance appear across the three reports?""], ""rbi_mpr_2025_04_p106_c001"": [""How did the neutral policy stance appear across the three reports?""], ""rbi_mpr_2025_04_p107_c000"": [""How did the neutral policy stance appear across the three reports?""], ""rbi_mpr_2025_04_p107_c001"": [""How did the neutral policy stance appear across the three reports?""], ""rbi_mpr_2025_04_p108_c000"": [""How did the neutral policy stance appear across the three reports?""], ""rbi_mpr_2025_04_p108_c002"": [""How did the neutral policy stance appear across the three reports?""], ""rbi_mpr_2025_04_p108_c003"": [""How did the neutral policy stance appear across the three reports?""], ""rbi_mpr_2025_04_p109_c003"": [""How did the neutral policy stance appear across the three reports?""], ""rbi_mpr_2025_04_p110_c000"": [""How did the neutral policy stance appear across the three reports?""], ""rbi_mpr_2025_04_p110_c001"": [""How did the neutral policy stance appear across the three reports?""], ""rbi_mpr_2025_04_p110_c003"": [""How did the neutral policy stance appear across the three reports?""], ""rbi_mpr_2025_04_p111_c001"": [""How did the neutral policy stance appear across the three reports?""], ""rbi_mpr_2025_04_p111_c002"": [""How did the neutral policy stance appear across the three reports?""], ""rbi_mpr_2025_04_p111_c003"": [""How did the neutral policy stance appear across the three reports?""], ""rbi_mpr_2025_04_p112_c000"": [""How did the neutral policy stance appear across the three reports?""], ""rbi_mpr_2025_04_p112_c001"": [""How did the neutral policy stance appear across the three reports?""], ""rbi_mpr_2025_04_p113_c000"": [""How did the neutral policy stance appear across the three reports?""], ""rbi_mpr_2025_04_p113_c001"": [""How did the neutral policy stance appear across the three reports?""], ""rbi_mpr_2025_04_p113_c002"": [""How did the neutral policy stance appear across the three reports?""], ""rbi_mpr_2025_04_p113_c003"": [""How did the neutral policy stance appear across the three reports?""], ""rbi_mpr_2025_04_p114_c000"": [""How did the neutral policy stance appear across the three reports?""], ""rbi_mpr_2025_04_p114_c001"": [""How did the neutral policy stance appear across the three reports?""], ""rbi_mpr_2025_10_p003_c000"": [""How did the neutral policy stance appear across the three reports?""], ""rbi_mpr_2025_10_p005_c001"": [""How did the neutral policy stance appear across the three reports?""], ""rbi_mpr_2025_10_p009_c000"": [""How did the neutral policy stance appear across the three reports?""], ""rbi_mpr_2025_10_p009_c001"": [""How did the neutral policy stance appear across the three reports?""], ""rbi_mpr_2025_10_p010_c000"": [""How did the neutral policy stance appear across the three reports?""], ""rbi_mpr_2025_10_p010_c001"": [""How did the neutral policy stance appear across the three reports?""], ""rbi_mpr_2025_10_p010_c002"": [""How did the neutral policy stance appear across the three reports?""], ""rbi_mpr_2025_10_p010_c004"": [""How did the neutral policy stance appear across the three reports?""], ""rbi_mpr_2025_10_p011_c000"": [""How did the neutral policy stance appear across the three reports?""], ""rbi_mpr_2025_10_p011_c001"": [""How did the neutral policy stance appear across the three reports?""], ""rbi_mpr_2025_10_p011_c003"": [""How did the neutral policy stance appear across the three reports?""], ""rbi_mpr_2025_10_p011_c004"": [""How did the neutral policy stance appear across the three reports?""], ""rbi_mpr_2025_10_p011_c005"": [""How did the neutral policy stance appear across the three reports?""], ""rbi_mpr_2025_10_p014_c000"": [""How did the neutral policy stance appear across the three reports?""], ""rbi_mpr_2025_10_p014_c001"": [""How did the neutral policy stance appear across the three reports?""], ""rbi_mpr_2025_10_p014_c003"": [""How did the neutral policy stance appear across the three reports?""], ""rbi_mpr_2025_10_p015_c003"": [""How did the neutral policy stance appear across the three reports?""], ""rbi_mpr_2025_10_p016_c003"": [""How did the neutral policy stance appear across the three reports?""], ""rbi_mpr_2025_10_p017_c000"": [""How did the neutral policy stance appear across the three reports?""], ""rbi_mpr_2025_10_p019_c000"": [""How did the neutral policy stance appear across the three reports?""], ""rbi_mpr_2025_10_p019_c002"": [""How did the neutral policy stance appear across the three reports?""], ""rbi_mpr_2025_10_p019_c003"": [""How did the neutral policy stance appear across the three reports?""], ""rbi_mpr_2025_10_p023_c000"": [""How did the neutral policy stance appear across the three reports?""], ""rbi_mpr_2025_10_p027_c002"": [""How did the neutral policy stance appear across the three reports?""], ""rbi_mpr_2025_10_p031_c000"": [""How did the neutral policy stance appear across the three reports?""], ""rbi_mpr_2025_10_p032_c003"": [""How did the neutral policy stance appear across the three reports?""], ""rbi_mpr_2025_10_p034_c003"": [""How did the neutral policy stance appear across the three reports?""], ""rbi_mpr_2025_10_p034_c005"": [""How did the neutral policy stance appear across the three reports?""], ""rbi_mpr_2025_10_p035_c000"": [""How did the neutral policy stance appear across the three reports?""], ""rbi_mpr_2025_10_p035_c002"": [""How did the neutral policy stance appear across the three reports?""], ""rbi_mpr_2025_10_p040_c001"": [""How did the neutral policy stance appear across the three reports?""], ""rbi_mpr_2025_10_p042_c002"": [""How did the neutral policy stance appear across the three reports?""], ""rbi_mpr_2025_10_p043_c001"": [""How did the neutral policy stance appear across the three reports?""], ""rbi_mpr_2025_10_p043_c002"": [""How did the neutral policy stance appear across the three reports?""], ""rbi_mpr_2025_10_p045_c000"": [""How did the neutral policy stance appear across the three reports?""], ""rbi_mpr_2025_10_p049_c002"": [""How did the neutral policy stance appear across the three reports?""], ""rbi_mpr_2025_10_p055_c000"": [""How did the neutral policy stance appear across the three reports?""], ""rbi_mpr_2025_10_p055_c003"": [""How did the neutral policy stance appear across the three reports?""], ""rbi_mpr_2025_10_p064_c001"": [""How did the neutral policy stance appear across the three reports?""], ""rbi_mpr_2025_10_p064_c002"": [""How did the neutral policy stance appear across the three reports?""], ""rbi_mpr_2025_10_p064_c005"": [""How did the neutral policy stance appear across the three reports?""], ""rbi_mpr_2025_10_p065_c001"": [""How did the neutral policy stance appear across the three reports?""], ""rbi_mpr_2025_10_p066_c000"": [""How did the neutral policy stance appear across the three reports?""], ""rbi_mpr_2025_10_p069_c003"": [""How did the neutral policy stance appear across the three reports?""], ""rbi_mpr_2025_10_p069_c004"": [""How did the neutral policy stance appear across the three reports?""], ""rbi_mpr_2025_10_p070_c000"": [""How did the neutral policy stance appear across the three reports?""], ""rbi_mpr_2025_10_p070_c001"": [""How did the neutral policy stance appear across the three reports?""], ""rbi_mpr_2025_10_p070_c002"": [""How did the neutral policy stance appear across the three reports?""], ""rbi_mpr_2025_10_p070_c003"": [""How did the neutral policy stance appear across the three reports?""], ""rbi_mpr_2025_10_p071_c000"": [""How did the neutral policy stance appear across the three reports?""], ""rbi_mpr_2025_10_p071_c001"": [""How did the neutral policy stance appear across the three reports?""], ""rbi_mpr_2025_10_p072_c000"": [""How did the neutral policy stance appear across the three reports?""], ""rbi_mpr_2025_10_p072_c001"": [""How did the neutral policy stance appear across the three reports?""], ""rbi_mpr_2025_10_p073_c002"": [""How did the neutral policy stance appear across the three reports?""], ""rbi_mpr_2025_10_p073_c003"": [""How did the neutral policy stance appear across the three reports?""], ""rbi_mpr_2025_10_p074_c000"": [""How did the neutral policy stance appear across the three reports?""], ""rbi_mpr_2025_10_p074_c001"": [""How did the neutral policy stance appear across the three reports?""], ""rbi_mpr_2025_10_p076_c000"": [""How did the neutral policy stance appear across the three reports?""], ""rbi_mpr_2025_10_p076_c001"": [""How did the neutral policy stance appear across the three reports?""], ""rbi_mpr_2025_10_p079_c000"": [""How did the neutral policy stance appear across the three reports?""], ""rbi_mpr_2025_10_p080_c002"": [""How did the neutral policy stance appear across the three reports?""], ""rbi_mpr_2025_10_p091_c000"": [""How did the neutral policy stance appear across the three reports?""], ""rbi_mpr_2025_10_p093_c000"": [""How did the neutral policy stance appear across the three reports?""], ""rbi_mpr_2025_10_p094_c003"": [""How did the neutral policy stance appear across the three reports?""], ""rbi_mpr_2025_10_p099_c002"": [""How did the neutral policy stance appear across the three reports?""], ""rbi_mpr_2025_10_p099_c003"": [""How did the neutral policy stance appear across the three reports?""], ""rbi_mpr_2025_10_p102_c001"": [""How did the neutral policy stance appear across the three reports?""], ""rbi_mpr_2025_10_p103_c000"": [""How did the neutral policy stance appear across the three reports?""], ""rbi_mpr_2025_10_p103_c001"": [""How did the neutral policy stance appear across the three reports?""], ""rbi_mpr_2025_10_p103_c002"": [""How did the neutral policy stance appear across the three reports?""], ""rbi_mpr_2025_10_p103_c003"": [""How did the neutral policy stance appear across the three reports?""], ""rbi_mpr_2025_10_p104_c000"": [""How did the neutral policy stance appear across the three reports?""], ""rbi_mpr_2025_10_p104_c001"": [""How did the neutral policy stance appear across the three reports?""], ""rbi_mpr_2025_10_p104_c003"": [""How did the neutral policy stance appear across the three reports?""], ""rbi_mpr_2025_10_p105_c000"": [""How did the neutral policy stance appear across the three reports?""], ""rbi_mpr_2025_10_p105_c001"": [""How did the neutral policy stance appear across the three reports?""], ""rbi_mpr_2025_10_p106_c000"": [""How did the neutral policy stance appear across the three reports?""], ""rbi_mpr_2025_10_p107_c000"": [""How did the neutral policy stance appear across the three reports?""], ""rbi_mpr_2025_10_p107_c001"": [""How did the neutral policy stance appear across the three reports?""], ""rbi_mpr_2025_10_p107_c003"": [""How did the neutral policy stance appear across the three reports?""], ""rbi_mpr_2025_10_p110_c000"": [""How did the neutral policy stance appear across the three reports?""], ""rbi_mpr_2026_04_p003_c000"": [""How did the neutral policy stance appear across the three reports?""], ""rbi_mpr_2026_04_p013_c000"": [""How did the neutral policy stance appear across the three reports?""], ""rbi_mpr_2026_04_p013_c001"": [""How did the neutral policy stance appear across the three reports?""], ""rbi_mpr_2026_04_p013_c003"": [""How did the neutral policy stance appear across the three reports?""], ""rbi_mpr_2026_04_p013_c004"": [""How did the neutral policy stance appear across the three reports?""], ""rbi_mpr_2026_04_p014_c000"": [""How did the neutral policy stance appear across the three reports?""], ""rbi_mpr_2026_04_p014_c002"": [""How did the neutral policy stance appear across the three reports?""], ""rbi_mpr_2026_04_p015_c001"": [""How did the neutral policy stance appear across the three reports?""], ""rbi_mpr_2026_04_p016_c002"": [""How did the neutral policy stance appear across the three reports?""], ""rbi_mpr_2026_04_p016_c003"": [""How did the neutral policy stance appear across the three reports?""], ""rbi_mpr_2026_04_p017_c000"": [""How did the neutral policy stance appear across the three reports?""], ""rbi_mpr_2026_04_p018_c002"": [""How did the neutral policy stance appear across the three reports?""], ""rbi_mpr_2026_04_p018_c003"": [""How did the neutral policy stance appear across the three reports?""], ""rbi_mpr_2026_04_p020_c000"": [""How did the neutral policy stance appear across the three reports?""], ""rbi_mpr_2026_04_p020_c001"": [""How did the neutral policy stance appear across the three reports?""], ""rbi_mpr_2026_04_p020_c002"": [""How did the neutral policy stance appear across the three reports?""], ""rbi_mpr_2026_04_p020_c003"": [""How did the neutral policy stance appear across the three reports?""], ""rbi_mpr_2026_04_p021_c000"": [""How did the neutral policy stance appear across the three reports?""], ""rbi_mpr_2026_04_p021_c003"": [""How did the neutral policy stance appear across the three reports?""], ""rbi_mpr_2026_04_p022_c000"": [""How did the neutral policy stance appear across the three reports?""], ""rbi_mpr_2026_04_p022_c001"": [""How did the neutral policy stance appear across the three reports?""], ""rbi_mpr_2026_04_p023_c000"": [""How did the neutral policy stance appear across the three reports?""], ""rbi_mpr_2026_04_p023_c001"": [""How did the neutral policy stance appear across the three reports?""], ""rbi_mpr_2026_04_p023_c002"": [""How did the neutral policy stance appear across the three reports?""], ""rbi_mpr_2026_04_p024_c000"": [""How did the neutral policy stance appear across the three reports?""], ""rbi_mpr_2026_04_p024_c002"": [""How did the neutral policy stance appear across the three reports?""], ""rbi_mpr_2026_04_p026_c000"": [""How did the neutral policy stance appear across the three reports?""], ""rbi_mpr_2026_04_p026_c002"": [""How did the neutral policy stance appear across the three reports?""], ""rbi_mpr_2026_04_p026_c003"": [""How did the neutral policy stance appear across the three reports?""], ""rbi_mpr_2026_04_p026_c004"": [""How did the neutral policy stance appear across the three reports?""], ""rbi_mpr_2026_04_p028_c000"": [""How did the neutral policy stance appear across the three reports?""], ""rbi_mpr_2026_04_p028_c001"": [""How did the neutral policy stance appear across the three reports?""], ""rbi_mpr_2026_04_p028_c002"": [""How did the neutral policy stance appear across the three reports?""], ""rbi_mpr_2026_04_p028_c003"": [""How did the neutral policy stance appear across the three reports?""], ""rbi_mpr_2026_04_p030_c001"": [""How did the neutral policy stance appear across the three reports?""], ""rbi_mpr_2026_04_p030_c002"": [""How did the neutral policy stance appear across the three reports?""], ""rbi_mpr_2026_04_p032_c003"": [""How did the neutral policy stance appear across the three reports?""], ""rbi_mpr_2026_04_p034_c000"": [""How did the neutral policy stance appear across the three reports?""], ""rbi_mpr_2026_04_p038_c000"": [""How did the neutral policy stance appear across the three reports?""], ""rbi_mpr_2026_04_p038_c001"": [""How did the neutral policy stance appear across the three reports?""], ""rbi_mpr_2026_04_p039_c002"": [""How did the neutral policy stance appear across the three reports?""], ""rbi_mpr_2026_04_p040_c000"": [""How did the neutral policy stance appear across the three reports?""], ""rbi_mpr_2026_04_p049_c000"": [""How did the neutral policy stance appear across the three reports?""], ""rbi_mpr_2026_04_p049_c001"": [""How did the neutral policy stance appear across the three reports?""], ""rbi_mpr_2026_04_p050_c000"": [""How did the neutral policy stance appear across the three reports?""], ""rbi_mpr_2026_04_p050_c002"": [""How did the neutral policy stance appear across the three reports?""], ""rbi_mpr_2026_04_p052_c001"": [""How did the neutral policy stance appear across the three reports?""], ""rbi_mpr_2026_04_p055_c000"": [""How did the neutral policy stance appear across the three reports?""], ""rbi_mpr_2026_04_p058_c000"": [""How did the neutral policy stance appear across the three reports?""], ""rbi_mpr_2026_04_p068_c001"": [""How did the neutral policy stance appear across the three reports?""], ""rbi_mpr_2026_04_p068_c002"": [""How did the neutral policy stance appear across the three reports?""], ""rbi_mpr_2026_04_p074_c002"": [""How did the neutral policy stance appear across the three reports?""], ""rbi_mpr_2026_04_p074_c003"": [""How did the neutral policy stance appear across the three reports?""], ""rbi_mpr_2026_04_p078_c000"": [""How did the neutral policy stance appear across the three reports?""], ""rbi_mpr_2026_04_p078_c001"": [""How did the neutral policy stance appear across the three reports?""], ""rbi_mpr_2026_04_p082_c000"": [""How did the neutral policy stance appear across the three reports?""], ""rbi_mpr_2026_04_p082_c004"": [""How did the neutral policy stance appear across the three reports?""], ""rbi_mpr_2026_04_p088_c000"": [""How did the neutral policy stance appear across the three reports?""], ""rbi_mpr_2026_04_p088_c004"": [""How did the neutral policy stance appear across the three reports?""], ""rbi_mpr_2026_04_p089_c002"": [""How did the neutral policy stance appear across the three reports?""], ""rbi_mpr_2026_04_p089_c003"": [""How did the neutral policy stance appear across the three reports?""], ""rbi_mpr_2026_04_p093_c003"": [""How did the neutral policy stance appear across the three reports?""], ""rbi_mpr_2026_04_p099_c003"": [""How did the neutral policy stance appear across the three reports?""], ""rbi_mpr_2026_04_p100_c000"": [""How did the neutral policy stance appear across the three reports?""], ""rbi_mpr_2026_04_p100_c001"": [""How did the neutral policy stance appear across the three reports?""], ""rbi_mpr_2026_04_p100_c003"": [""How did the neutral policy stance appear across the three reports?""], ""rbi_mpr_2026_04_p100_c004"": [""How did the neutral policy stance appear across the three reports?""], ""rbi_mpr_2026_04_p101_c002"": [""How did the neutral policy stance appear across the three reports?""], ""rbi_mpr_2026_04_p101_c005"": [""How did the neutral policy stance appear across the three reports?""], ""rbi_mpr_2026_04_p102_c002"": [""How did the neutral policy stance appear across the three reports?""], ""rbi_mpr_2026_04_p102_c004"": [""How did the neutral policy stance appear across the three reports?""], ""rbi_mpr_2026_04_p103_c001"": [""How did the neutral policy stance appear across the three reports?""], ""rbi_mpr_2026_04_p103_c002"": [""How did the neutral policy stance appear across the three reports?""], ""rbi_mpr_2026_04_p103_c003"": [""How did the neutral policy stance appear across the three reports?""], ""rbi_mpr_2026_04_p103_c004"": [""How did the neutral policy stance appear across the three reports?""], ""rbi_mpr_2026_04_p104_c000"": [""How did the neutral policy stance appear across the three reports?""], ""rbi_mpr_2026_04_p104_c002"": [""How did the neutral policy stance appear across the three reports?""], ""rbi_mpr_2026_04_p104_c004"": [""How did the neutral policy stance appear across the three reports?""], ""rbi_mpr_2026_04_p104_c005"": [""How did the neutral policy stance appear across the three reports?""], ""rbi_mpr_2026_04_p105_c000"": [""How did the neutral policy stance appear across the three reports?""], ""rbi_mpr_2026_04_p107_c001"": [""How did the neutral policy stance appear across the three reports?""], ""rbi_mpr_2026_04_p107_c004"": [""How did the neutral policy stance appear across the three reports?""], ""rbi_mpr_2026_04_p110_c000"": [""How did the neutral policy stance appear across the three reports?""], ""rbi_mpr_2026_04_p110_c002"": [""How did the neutral policy stance appear across the three reports?""], ""rbi_mpr_2026_04_p112_c000"": [""How did the neutral policy stance appear across the three reports?""], ""rbi_mpr_2026_04_p112_c003"": [""How did the neutral policy stance appear across the three reports?""], ""rbi_mpr_2026_04_p114_c000"": [""How did the neutral policy stance appear across the three reports?""], ""rbi_mpr_2026_04_p116_c000"": [""How did the neutral policy stance appear across the three reports?""]}, ""candidate_source_retriever"": {""rbi_mpr_2025_04_p003_c000"": [""dense""], ""rbi_mpr_2025_04_p011_c001"": [""bm25"", ""dense""], ""rbi_mpr_2025_04_p011_c003"": [""dense""], ""rbi_mpr_2025_04_p012_c000"": [""bm25"", ""dense""], ""rbi_mpr_2025_04_p012_c001"": [""bm25""], ""rbi_mpr_2025_04_p012_c003"": [""bm25"", ""dense""], ""rbi_mpr_2025_04_p013_c000"": [""bm25"", ""dense""], ""rbi_mpr_2025_04_p013_c002"": [""bm25"", ""dense""], ""rbi_mpr_2025_04_p013_c003"": [""bm25"", ""dense""], ""rbi_mpr_2025_04_p015_c001"": [""bm25""], ""rbi_mpr_2025_04_p015_c002"": [""bm25""], ""rbi_mpr_2025_04_p018_c000"": [""dense""], ""rbi_mpr_2025_04_p018_c001"": [""dense""], ""rbi_mpr_2025_04_p019_c000"": [""dense""], ""rbi_mpr_2025_04_p019_c001"": [""bm25"", ""dense""], ""rbi_mpr_2025_04_p019_c003"": [""dense""], ""rbi_mpr_2025_04_p019_c004"": [""dense""], ""rbi_mpr_2025_04_p021_c001"": [""dense""], ""rbi_mpr_2025_04_p024_c000"": [""dense""], ""rbi_mpr_2025_04_p025_c003"": [""dense""], ""rbi_mpr_2025_04_p026_c000"": [""dense""], ""rbi_mpr_2025_04_p027_c000"": [""bm25""], ""rbi_mpr_2025_04_p027_c001"": [""bm25""], ""rbi_mpr_2025_04_p027_c002"": [""bm25""], ""rbi_mpr_2025_04_p028_c001"": [""bm25""], ""rbi_mpr_2025_04_p028_c002"": [""bm25""], ""rbi_mpr_2025_04_p028_c003"": [""bm25""], ""rbi_mpr_2025_04_p029_c003"": [""bm25""], ""rbi_mpr_2025_04_p030_c000"": [""dense""], ""rbi_mpr_2025_04_p039_c002"": [""bm25""], ""rbi_mpr_2025_04_p044_c001"": [""bm25""], ""rbi_mpr_2025_04_p044_c002"": [""bm25""], ""rbi_mpr_2025_04_p046_c000"": [""dense""], ""rbi_mpr_2025_04_p047_c002"": [""dense""], ""rbi_mpr_2025_04_p050_c000"": [""dense""], ""rbi_mpr_2025_04_p052_c000"": [""dense""], ""rbi_mpr_2025_04_p055_c000"": [""bm25""], ""rbi_mpr_2025_04_p060_c000"": [""bm25""], ""rbi_mpr_2025_04_p064_c000"": [""dense""], ""rbi_mpr_2025_04_p068_c000"": [""dense""], ""rbi_mpr_2025_04_p069_c000"": [""bm25""], ""rbi_mpr_2025_04_p069_c001"": [""bm25""], ""rbi_mpr_2025_04_p069_c002"": [""bm25""], ""rbi_mpr_2025_04_p073_c001"": [""bm25""], ""rbi_mpr_2025_04_p073_c002"": [""bm25""], ""rbi_mpr_2025_04_p073_c003"": [""bm25"", ""dense""], ""rbi_mpr_2025_04_p073_c004"": [""bm25""], ""rbi_mpr_2025_04_p074_c000"": [""bm25""], ""rbi_mpr_2025_04_p074_c001"": [""bm25""], ""rbi_mpr_2025_04_p075_c000"": [""bm25""], ""rbi_mpr_2025_04_p075_c001"": [""bm25"", ""dense""], ""rbi_mpr_2025_04_p075_c002"": [""bm25""], ""rbi_mpr_2025_04_p078_c000"": [""bm25"", ""dense""], ""rbi_mpr_2025_04_p078_c001"": [""bm25"", ""dense""], ""rbi_mpr_2025_04_p078_c002"": [""bm25""], ""rbi_mpr_2025_04_p078_c003"": [""dense""], ""rbi_mpr_2025_04_p085_c002"": [""dense""], ""rbi_mpr_2025_04_p094_c001"": [""bm25""], ""rbi_mpr_2025_04_p099_c001"": [""dense""], ""rbi_mpr_2025_04_p099_c002"": [""dense""], ""rbi_mpr_2025_04_p100_c001"": [""bm25""], ""rbi_mpr_2025_04_p100_c002"": [""bm25""], ""rbi_mpr_2025_04_p101_c001"": [""bm25""], ""rbi_mpr_2025_04_p101_c003"": [""bm25""], ""rbi_mpr_2025_04_p104_c000"": [""dense""], ""rbi_mpr_2025_04_p106_c001"": [""bm25""], ""rbi_mpr_2025_04_p107_c000"": [""dense""], ""rbi_mpr_2025_04_p107_c001"": [""dense""], ""rbi_mpr_2025_04_p108_c000"": [""bm25"", ""dense""], ""rbi_mpr_2025_04_p108_c002"": [""bm25"", ""dense""], ""rbi_mpr_2025_04_p108_c003"": [""dense""], ""rbi_mpr_2025_04_p109_c003"": [""dense""], ""rbi_mpr_2025_04_p110_c000"": [""dense""], ""rbi_mpr_2025_04_p110_c001"": [""dense""], ""rbi_mpr_2025_04_p110_c003"": [""dense""], ""rbi_mpr_2025_04_p111_c001"": [""bm25""], ""rbi_mpr_2025_04_p111_c002"": [""dense""], ""rbi_mpr_2025_04_p111_c003"": [""dense""], ""rbi_mpr_2025_04_p112_c000"": [""dense""], ""rbi_mpr_2025_04_p112_c001"": [""dense""], ""rbi_mpr_2025_04_p113_c000"": [""bm25""], ""rbi_mpr_2025_04_p113_c001"": [""bm25""], ""rbi_mpr_2025_04_p113_c002"": [""bm25""], ""rbi_mpr_2025_04_p113_c003"": [""bm25"", ""dense""], ""rbi_mpr_2025_04_p114_c000"": [""dense""], ""rbi_mpr_2025_04_p114_c001"": [""dense""], ""rbi_mpr_2025_10_p003_c000"": [""dense""], ""rbi_mpr_2025_10_p005_c001"": [""dense""], ""rbi_mpr_2025_10_p009_c000"": [""dense""], ""rbi_mpr_2025_10_p009_c001"": [""bm25"", ""dense""], ""rbi_mpr_2025_10_p010_c000"": [""dense""], ""rbi_mpr_2025_10_p010_c001"": [""bm25"", ""dense""], ""rbi_mpr_2025_10_p010_c002"": [""bm25"", ""dense""], ""rbi_mpr_2025_10_p010_c004"": [""bm25"", ""dense""], ""rbi_mpr_2025_10_p011_c000"": [""dense""], ""rbi_mpr_2025_10_p011_c001"": [""bm25"", ""dense""], ""rbi_mpr_2025_10_p011_c003"": [""bm25"", ""dense""], ""rbi_mpr_2025_10_p011_c004"": [""dense""], ""rbi_mpr_2025_10_p011_c005"": [""dense""], ""rbi_mpr_2025_10_p014_c000"": [""bm25""], ""rbi_mpr_2025_10_p014_c001"": [""bm25""], ""rbi_mpr_2025_10_p014_c003"": [""bm25""], ""rbi_mpr_2025_10_p015_c003"": [""dense""], ""rbi_mpr_2025_10_p016_c003"": [""dense""], ""rbi_mpr_2025_10_p017_c000"": [""bm25""], ""rbi_mpr_2025_10_p019_c000"": [""bm25""], ""rbi_mpr_2025_10_p019_c002"": [""bm25""], ""rbi_mpr_2025_10_p019_c003"": [""bm25""], ""rbi_mpr_2025_10_p023_c000"": [""bm25""], ""rbi_mpr_2025_10_p027_c002"": [""bm25""], ""rbi_mpr_2025_10_p031_c000"": [""bm25""], ""rbi_mpr_2025_10_p032_c003"": [""bm25""], ""rbi_mpr_2025_10_p034_c003"": [""bm25""], ""rbi_mpr_2025_10_p034_c005"": [""bm25""], ""rbi_mpr_2025_10_p035_c000"": [""bm25""], ""rbi_mpr_2025_10_p035_c002"": [""bm25""], ""rbi_mpr_2025_10_p040_c001"": [""bm25""], ""rbi_mpr_2025_10_p042_c002"": [""bm25""], ""rbi_mpr_2025_10_p043_c001"": [""bm25""], ""rbi_mpr_2025_10_p043_c002"": [""bm25""], ""rbi_mpr_2025_10_p045_c000"": [""bm25""], ""rbi_mpr_2025_10_p049_c002"": [""bm25"", ""dense""], ""rbi_mpr_2025_10_p055_c000"": [""dense""], ""rbi_mpr_2025_10_p055_c003"": [""bm25""], ""rbi_mpr_2025_10_p064_c001"": [""bm25""], ""rbi_mpr_2025_10_p064_c002"": [""bm25""], ""rbi_mpr_2025_10_p064_c005"": [""dense""], ""rbi_mpr_2025_10_p065_c001"": [""dense""], ""rbi_mpr_2025_10_p066_c000"": [""bm25"", ""dense""], ""rbi_mpr_2025_10_p069_c003"": [""bm25""], ""rbi_mpr_2025_10_p069_c004"": [""bm25""], ""rbi_mpr_2025_10_p070_c000"": [""dense""], ""rbi_mpr_2025_10_p070_c001"": [""bm25"", ""dense""], ""rbi_mpr_2025_10_p070_c002"": [""dense""], ""rbi_mpr_2025_10_p070_c003"": [""bm25"", ""dense""], ""rbi_mpr_2025_10_p071_c000"": [""dense""], ""rbi_mpr_2025_10_p071_c001"": [""bm25"", ""dense""], ""rbi_mpr_2025_10_p072_c000"": [""bm25"", ""dense""], ""rbi_mpr_2025_10_p072_c001"": [""bm25""], ""rbi_mpr_2025_10_p073_c002"": [""bm25"", ""dense""], ""rbi_mpr_2025_10_p073_c003"": [""bm25"", ""dense""], ""rbi_mpr_2025_10_p074_c000"": [""dense""], ""rbi_mpr_2025_10_p074_c001"": [""bm25""], ""rbi_mpr_2025_10_p076_c000"": [""bm25"", ""dense""], ""rbi_mpr_2025_10_p076_c001"": [""bm25""], ""rbi_mpr_2025_10_p079_c000"": [""dense""], ""rbi_mpr_2025_10_p080_c002"": [""dense""], ""rbi_mpr_2025_10_p091_c000"": [""bm25""], ""rbi_mpr_2025_10_p093_c000"": [""bm25""], ""rbi_mpr_2025_10_p094_c003"": [""bm25""], ""rbi_mpr_2025_10_p099_c002"": [""dense""], ""rbi_mpr_2025_10_p099_c003"": [""dense""], ""rbi_mpr_2025_10_p102_c001"": [""dense""], ""rbi_mpr_2025_10_p103_c000"": [""bm25"", ""dense""], ""rbi_mpr_2025_10_p103_c001"": [""bm25"", ""dense""], ""rbi_mpr_2025_10_p103_c002"": [""dense""], ""rbi_mpr_2025_10_p103_c003"": [""dense""], ""rbi_mpr_2025_10_p104_c000"": [""dense""], ""rbi_mpr_2025_10_p104_c001"": [""dense""], ""rbi_mpr_2025_10_p104_c003"": [""dense""], ""rbi_mpr_2025_10_p105_c000"": [""dense""], ""rbi_mpr_2025_10_p105_c001"": [""bm25"", ""dense""], ""rbi_mpr_2025_10_p106_c000"": [""dense""], ""rbi_mpr_2025_10_p107_c000"": [""bm25"", ""dense""], ""rbi_mpr_2025_10_p107_c001"": [""dense""], ""rbi_mpr_2025_10_p107_c003"": [""dense""], ""rbi_mpr_2025_10_p110_c000"": [""dense""], ""rbi_mpr_2026_04_p003_c000"": [""dense""], ""rbi_mpr_2026_04_p013_c000"": [""dense""], ""rbi_mpr_2026_04_p013_c001"": [""bm25""], ""rbi_mpr_2026_04_p013_c003"": [""dense""], ""rbi_mpr_2026_04_p013_c004"": [""dense""], ""rbi_mpr_2026_04_p014_c000"": [""bm25"", ""dense""], ""rbi_mpr_2026_04_p014_c002"": [""dense""], ""rbi_mpr_2026_04_p015_c001"": [""bm25""], ""rbi_mpr_2026_04_p016_c002"": [""dense""], ""rbi_mpr_2026_04_p016_c003"": [""dense""], ""rbi_mpr_2026_04_p017_c000"": [""bm25""], ""rbi_mpr_2026_04_p018_c002"": [""bm25""], ""rbi_mpr_2026_04_p018_c003"": [""bm25""], ""rbi_mpr_2026_04_p020_c000"": [""bm25"", ""dense""], ""rbi_mpr_2026_04_p020_c001"": [""bm25"", ""dense""], ""rbi_mpr_2026_04_p020_c002"": [""bm25"", ""dense""], ""rbi_mpr_2026_04_p020_c003"": [""bm25"", ""dense""], ""rbi_mpr_2026_04_p021_c000"": [""dense""], ""rbi_mpr_2026_04_p021_c003"": [""dense""], ""rbi_mpr_2026_04_p022_c000"": [""dense""], ""rbi_mpr_2026_04_p022_c001"": [""bm25""], ""rbi_mpr_2026_04_p023_c000"": [""bm25""], ""rbi_mpr_2026_04_p023_c001"": [""bm25"", ""dense""], ""rbi_mpr_2026_04_p023_c002"": [""bm25""], ""rbi_mpr_2026_04_p024_c000"": [""dense""], ""rbi_mpr_2026_04_p024_c002"": [""dense""], ""rbi_mpr_2026_04_p026_c000"": [""bm25""], ""rbi_mpr_2026_04_p026_c002"": [""bm25"", ""dense""], ""rbi_mpr_2026_04_p026_c003"": [""dense""], ""rbi_mpr_2026_04_p026_c004"": [""dense""], ""rbi_mpr_2026_04_p028_c000"": [""dense""], ""rbi_mpr_2026_04_p028_c001"": [""bm25""], ""rbi_mpr_2026_04_p028_c002"": [""bm25""], ""rbi_mpr_2026_04_p028_c003"": [""bm25""], ""rbi_mpr_2026_04_p030_c001"": [""bm25""], ""rbi_mpr_2026_04_p030_c002"": [""bm25""], ""rbi_mpr_2026_04_p032_c003"": [""dense""], ""rbi_mpr_2026_04_p034_c000"": [""dense""], ""rbi_mpr_2026_04_p038_c000"": [""dense""], ""rbi_mpr_2026_04_p038_c001"": [""dense""], ""rbi_mpr_2026_04_p039_c002"": [""dense""], ""rbi_mpr_2026_04_p040_c000"": [""dense""], ""rbi_mpr_2026_04_p049_c000"": [""bm25""], ""rbi_mpr_2026_04_p049_c001"": [""bm25""], ""rbi_mpr_2026_04_p050_c000"": [""bm25""], ""rbi_mpr_2026_04_p050_c002"": [""bm25""], ""rbi_mpr_2026_04_p052_c001"": [""bm25""], ""rbi_mpr_2026_04_p055_c000"": [""dense""], ""rbi_mpr_2026_04_p058_c000"": [""dense""], ""rbi_mpr_2026_04_p068_c001"": [""dense""], ""rbi_mpr_2026_04_p068_c002"": [""dense""], ""rbi_mpr_2026_04_p074_c002"": [""bm25""], ""rbi_mpr_2026_04_p074_c003"": [""bm25""], ""rbi_mpr_2026_04_p078_c000"": [""dense""], ""rbi_mpr_2026_04_p078_c001"": [""dense""], ""rbi_mpr_2026_04_p082_c000"": [""dense""], ""rbi_mpr_2026_04_p082_c004"": [""bm25""], ""rbi_mpr_2026_04_p088_c000"": [""bm25""], ""rbi_mpr_2026_04_p088_c004"": [""bm25""], ""rbi_mpr_2026_04_p089_c002"": [""bm25""], ""rbi_mpr_2026_04_p089_c003"": [""bm25""], ""rbi_mpr_2026_04_p093_c003"": [""bm25""], ""rbi_mpr_2026_04_p099_c003"": [""bm25""], ""rbi_mpr_2026_04_p100_c000"": [""dense""], ""rbi_mpr_2026_04_p100_c001"": [""dense""], ""rbi_mpr_2026_04_p100_c003"": [""bm25"", ""dense""], ""rbi_mpr_2026_04_p100_c004"": [""bm25""], ""rbi_mpr_2026_04_p101_c002"": [""dense""], ""rbi_mpr_2026_04_p101_c005"": [""dense""], ""rbi_mpr_2026_04_p102_c002"": [""bm25"", ""dense""], ""rbi_mpr_2026_04_p102_c004"": [""bm25"", ""dense""], ""rbi_mpr_2026_04_p103_c001"": [""bm25"", ""dense""], ""rbi_mpr_2026_04_p103_c002"": [""bm25""], ""rbi_mpr_2026_04_p103_c003"": [""bm25"", ""dense""], ""rbi_mpr_2026_04_p103_c004"": [""dense""], ""rbi_mpr_2026_04_p104_c000"": [""bm25""], ""rbi_mpr_2026_04_p104_c002"": [""bm25""], ""rbi_mpr_2026_04_p104_c004"": [""bm25""], ""rbi_mpr_2026_04_p104_c005"": [""dense""], ""rbi_mpr_2026_04_p105_c000"": [""bm25""], ""rbi_mpr_2026_04_p107_c001"": [""bm25""], ""rbi_mpr_2026_04_p107_c004"": [""bm25""], ""rbi_mpr_2026_04_p110_c000"": [""dense""], ""rbi_mpr_2026_04_p110_c002"": [""bm25""], ""rbi_mpr_2026_04_p112_c000"": [""dense""], ""rbi_mpr_2026_04_p112_c003"": [""dense""], ""rbi_mpr_2026_04_p114_c000"": [""dense""], ""rbi_mpr_2026_04_p116_c000"": [""bm25""]}, ""candidate_union_ids"": [""rbi_mpr_2025_10_p010_c001"", ""rbi_mpr_2025_10_p011_c001"", ""rbi_mpr_2025_10_p103_c002"", ""rbi_mpr_2025_10_p011_c005"", ""rbi_mpr_2025_10_p073_c002"", ""rbi_mpr_2025_10_p010_c002"", ""rbi_mpr_2025_10_p070_c003"", ""rbi_mpr_2025_10_p106_c000"", ""rbi_mpr_2025_10_p104_c001"", ""rbi_mpr_2025_10_p009_c001"", ""rbi_mpr_2025_10_p070_c000"", ""rbi_mpr_2025_10_p011_c003"", ""rbi_mpr_2025_10_p104_c000"", ""rbi_mpr_2025_10_p066_c000"", ""rbi_mpr_2025_10_p003_c000"", ""rbi_mpr_2025_10_p073_c003"", ""rbi_mpr_2025_10_p011_c004"", ""rbi_mpr_2025_10_p055_c000"", ""rbi_mpr_2025_10_p074_c000"", ""rbi_mpr_2025_10_p110_c000"", ""rbi_mpr_2025_10_p010_c004"", ""rbi_mpr_2025_10_p064_c005"", ""rbi_mpr_2025_10_p011_c000"", ""rbi_mpr_2025_10_p010_c000"", ""rbi_mpr_2025_10_p102_c001"", ""rbi_mpr_2025_10_p103_c001"", ""rbi_mpr_2025_10_p070_c002"", ""rbi_mpr_2025_10_p015_c003"", ""rbi_mpr_2025_10_p049_c002"", ""rbi_mpr_2025_10_p009_c000"", ""rbi_mpr_2025_10_p071_c000"", ""rbi_mpr_2025_10_p105_c001"", ""rbi_mpr_2025_10_p099_c002"", ""rbi_mpr_2025_10_p065_c001"", ""rbi_mpr_2025_10_p072_c000"", ""rbi_mpr_2025_10_p103_c003"", ""rbi_mpr_2025_10_p071_c001"", ""rbi_mpr_2025_10_p005_c001"", ""rbi_mpr_2025_10_p099_c003"", ""rbi_mpr_2025_10_p104_c003"", ""rbi_mpr_2025_10_p103_c000"", ""rbi_mpr_2025_10_p079_c000"", ""rbi_mpr_2025_10_p016_c003"", ""rbi_mpr_2025_10_p107_c000"", ""rbi_mpr_2025_10_p107_c001"", ""rbi_mpr_2025_10_p105_c000"", ""rbi_mpr_2025_10_p076_c000"", ""rbi_mpr_2025_10_p107_c003"", ""rbi_mpr_2025_10_p070_c001"", ""rbi_mpr_2025_10_p080_c002"", ""rbi_mpr_2025_10_p019_c002"", ""rbi_mpr_2025_10_p014_c000"", ""rbi_mpr_2025_10_p014_c003"", ""rbi_mpr_2025_10_p019_c003"", ""rbi_mpr_2025_10_p043_c001"", ""rbi_mpr_2025_10_p031_c000"", ""rbi_mpr_2025_10_p074_c001"", ""rbi_mpr_2025_10_p069_c003"", ""rbi_mpr_2025_10_p069_c004"", ""rbi_mpr_2025_10_p091_c000"", ""rbi_mpr_2025_10_p014_c001"", ""rbi_mpr_2025_10_p045_c000"", ""rbi_mpr_2025_10_p043_c002"", ""rbi_mpr_2025_10_p055_c003"", ""rbi_mpr_2025_10_p023_c000"", ""rbi_mpr_2025_10_p027_c002"", ""rbi_mpr_2025_10_p042_c002"", ""rbi_mpr_2025_10_p034_c005"", ""rbi_mpr_2025_10_p076_c001"", ""rbi_mpr_2025_10_p032_c003"", ""rbi_mpr_2025_10_p094_c003"", ""rbi_mpr_2025_10_p093_c000"", ""rbi_mpr_2025_10_p034_c003"", ""rbi_mpr_2025_10_p064_c001"", ""rbi_mpr_2025_10_p064_c002"", ""rbi_mpr_2025_10_p040_c001"", ""rbi_mpr_2025_10_p035_c000"", ""rbi_mpr_2025_10_p017_c000"", ""rbi_mpr_2025_10_p019_c000"", ""rbi_mpr_2025_10_p072_c001"", ""rbi_mpr_2025_10_p035_c002""], ""candidate_union_pages"": [10, 11, 103, 11, 73, 10, 70, 106, 104, 9, 70, 11, 104, 66, 3, 73, 11, 55, 74, 110, 10, 64, 11, 10, 102, 103, 70, 15, 49, 9, 71, 105, 99, 65, 72, 103, 71, 5, 99, 104, 103, 79, 16, 107, 107, 105, 76, 107, 70, 80, 19, 14, 14, 19, 43, 31, 74, 69, 69, 91, 14, 45, 43, 55, 23, 27, 42, 34, 76, 32, 94, 93, 34, 64, 64, 40, 35, 17, 19, 72, 35], ""dense_candidate_ids"": [""rbi_mpr_2025_10_p010_c001"", ""rbi_mpr_2025_10_p011_c001"", ""rbi_mpr_2025_10_p103_c002"", ""rbi_mpr_2025_10_p011_c005"", ""rbi_mpr_2025_10_p073_c002"", ""rbi_mpr_2025_10_p010_c002"", ""rbi_mpr_2025_10_p070_c003"", ""rbi_mpr_2025_10_p106_c000"", ""rbi_mpr_2025_10_p104_c001"", ""rbi_mpr_2025_10_p009_c001"", ""rbi_mpr_2025_10_p070_c000"", ""rbi_mpr_2025_10_p011_c003"", ""rbi_mpr_2025_10_p104_c000"", ""rbi_mpr_2025_10_p066_c000"", ""rbi_mpr_2025_10_p003_c000"", ""rbi_mpr_2025_10_p073_c003"", ""rbi_mpr_2025_10_p011_c004"", ""rbi_mpr_2025_10_p055_c000"", ""rbi_mpr_2025_10_p074_c000"", ""rbi_mpr_2025_10_p110_c000"", ""rbi_mpr_2025_10_p010_c004"", ""rbi_mpr_2025_10_p064_c005"", ""rbi_mpr_2025_10_p011_c000"", ""rbi_mpr_2025_10_p010_c000"", ""rbi_mpr_2025_10_p102_c001"", ""rbi_mpr_2025_10_p103_c001"", ""rbi_mpr_2025_10_p070_c002"", ""rbi_mpr_2025_10_p015_c003"", ""rbi_mpr_2025_10_p049_c002"", ""rbi_mpr_2025_10_p009_c000"", ""rbi_mpr_2025_10_p071_c000"", ""rbi_mpr_2025_10_p105_c001"", ""rbi_mpr_2025_10_p099_c002"", ""rbi_mpr_2025_10_p065_c001"", ""rbi_mpr_2025_10_p072_c000"", ""rbi_mpr_2025_10_p103_c003"", ""rbi_mpr_2025_10_p071_c001"", ""rbi_mpr_2025_10_p005_c001"", ""rbi_mpr_2025_10_p099_c003"", ""rbi_mpr_2025_10_p104_c003"", ""rbi_mpr_2025_10_p103_c000"", ""rbi_mpr_2025_10_p079_c000"", ""rbi_mpr_2025_10_p016_c003"", ""rbi_mpr_2025_10_p107_c000"", ""rbi_mpr_2025_10_p107_c001"", ""rbi_mpr_2025_10_p105_c000"", ""rbi_mpr_2025_10_p076_c000"", ""rbi_mpr_2025_10_p107_c003"", ""rbi_mpr_2025_10_p070_c001"", ""rbi_mpr_2025_10_p080_c002""], ""dense_candidate_pages"": [10, 11, 103, 11, 73, 10, 70, 106, 104, 9, 70, 11, 104, 66, 3, 73, 11, 55, 74, 110, 10, 64, 11, 10, 102, 103, 70, 15, 49, 9, 71, 105, 99, 65, 72, 103, 71, 5, 99, 104, 103, 79, 16, 107, 107, 105, 76, 107, 70, 80], ""dense_candidate_scores"": [0.15760099215651246, 0.12041255178553112, 0.10037602429714909, 0.08947406758023013, 0.0875227527878728, 0.08606733781509457, 0.07727609527160129, 0.04728026748009495, 0.04086838312243568, 0.03688533735076216, 0.03658929788682164, 0.03359198260812091, 0.03349251604563519, 0.027628372131223378, 0.024675732511944215, 0.02365856046998227, 0.014538319627012908, 0.010984834535362475, 0.01056985666492416, 0.009914641757973852, 0.0005588000318285102, -0.0036721535027861574, -0.016342170514737075, -0.019289499631103713, -0.021328142693575858, -0.02250142666242194, -0.02491062481700168, -0.03282411709340716, -0.03352906528160049, -0.0338597494550168, -0.03425146226507714, -0.03751008800454536, -0.039401638565714325, -0.03999371749359537, -0.04105994846722405, -0.04287824780568106, -0.043954172554466986, -0.04472950597967351, -0.045321500613857424, -0.04574878536406102, -0.0463413700541242, -0.04732887071473435, -0.04736848875233468, -0.04954764940774181, -0.050354255794543334, -0.05083068377011046, -0.053084360053685, -0.05349048708593607, -0.05409116397091318, -0.05529175909759454], ""dense_first_evidence_rank"": 2, ""evidence_rank_after_reranking"": 6, ""evidence_rank_before_reranking"": 2, ""expected_evidence"": [""keep the repo rate unchanged at 5.5 per cent and to maintain the neutral stance""], ""loss_stage"": ""lost_by_quota"", ""report_id"": ""rbi_mpr_2025_10"", ""reranker_input_ids"": [""rbi_mpr_2025_10_p010_c001"", ""rbi_mpr_2025_10_p011_c001"", ""rbi_mpr_2025_10_p073_c002"", ""rbi_mpr_2025_10_p010_c002"", ""rbi_mpr_2025_10_p009_c001"", ""rbi_mpr_2025_10_p066_c000"", ""rbi_mpr_2025_10_p011_c003"", ""rbi_mpr_2025_10_p010_c004"", ""rbi_mpr_2025_10_p073_c003"", ""rbi_mpr_2025_10_p070_c003"", ""rbi_mpr_2025_10_p105_c001"", ""rbi_mpr_2025_10_p076_c000"", ""rbi_mpr_2025_10_p049_c002"", ""rbi_mpr_2025_10_p103_c001"", ""rbi_mpr_2025_10_p107_c000"", ""rbi_mpr_2025_10_p072_c000"", ""rbi_mpr_2025_10_p103_c000"", ""rbi_mpr_2025_10_p071_c001"", ""rbi_mpr_2025_10_p070_c001"", ""rbi_mpr_2025_10_p103_c002"", ""rbi_mpr_2025_10_p011_c005"", ""rbi_mpr_2025_10_p106_c000"", ""rbi_mpr_2025_10_p019_c002"", ""rbi_mpr_2025_10_p104_c001"", ""rbi_mpr_2025_10_p014_c000"", ""rbi_mpr_2025_10_p070_c000"", ""rbi_mpr_2025_10_p014_c003"", ""rbi_mpr_2025_10_p019_c003"", ""rbi_mpr_2025_10_p104_c000"", ""rbi_mpr_2025_10_p043_c001""], ""reranker_input_pages"": [10, 11, 73, 10, 9, 66, 11, 10, 73, 70, 105, 76, 49, 103, 107, 72, 103, 71, 70, 103, 11, 106, 19, 104, 14, 70, 14, 19, 104, 43], ""reranker_input_ranks"": [1, 2, 3, 4, 5, 6, 7, 8, 9, 10, 11, 12, 13, 14, 15, 16, 17, 18, 19, 20, 21, 22, 23, 24, 25, 26, 27, 28, 29, 30], ""reranker_output_ids"": [""rbi_mpr_2025_10_p010_c002"", ""rbi_mpr_2025_10_p066_c000"", ""rbi_mpr_2025_10_p010_c001"", ""rbi_mpr_2025_10_p073_c002"", ""rbi_mpr_2025_10_p073_c003"", ""rbi_mpr_2025_10_p011_c001"", ""rbi_mpr_2025_10_p011_c003"", ""rbi_mpr_2025_10_p009_c001"", ""rbi_mpr_2025_10_p010_c004"", ""rbi_mpr_2025_10_p076_c000"", ""rbi_mpr_2025_10_p070_c000"", ""rbi_mpr_2025_10_p070_c001"", ""rbi_mpr_2025_10_p105_c001"", ""rbi_mpr_2025_10_p104_c000"", ""rbi_mpr_2025_10_p070_c003"", ""rbi_mpr_2025_10_p103_c001"", ""rbi_mpr_2025_10_p107_c000"", ""rbi_mpr_2025_10_p043_c001"", ""rbi_mpr_2025_10_p072_c000"", ""rbi_mpr_2025_10_p106_c000"", ""rbi_mpr_2025_10_p103_c002"", ""rbi_mpr_2025_10_p019_c003"", ""rbi_mpr_2025_10_p014_c000"", ""rbi_mpr_2025_10_p011_c005"", ""rbi_mpr_2025_10_p103_c000"", ""rbi_mpr_2025_10_p071_c001"", ""rbi_mpr_2025_10_p014_c003"", ""rbi_mpr_2025_10_p104_c001"", ""rbi_mpr_2025_10_p019_c002"", ""rbi_mpr_2025_10_p049_c002""], ""reranker_output_pages"": [10, 66, 10, 73, 73, 11, 11, 9, 10, 76, 70, 70, 105, 104, 70, 103, 107, 43, 72, 106, 103, 19, 14, 11, 103, 71, 14, 104, 19, 49], ""reranker_scores"": [-1.0836255550384521, -1.0877020359039307, -1.2833536863327026, -2.497105360031128, -2.5132670402526855, -2.928542137145996, -2.975872039794922, -4.523351669311523, -5.111907005310059, -8.15341567993164, -8.166473388671875, -8.215635299682617, -9.270576477050781, -9.554571151733398, -9.714020729064941, -9.726042747497559, -9.8099946975708, -9.884601593017578, -9.905559539794922, -9.957171440124512, -10.114742279052734, -10.403202056884766, -10.428686141967773, -10.571537017822266, -10.578481674194336, -10.594796180725098, -10.879449844360352, -10.892553329467773, -10.943717956542969, -11.04446792602539], ""rrf_candidate_ids"": [""rbi_mpr_2025_10_p010_c001"", ""rbi_mpr_2025_10_p011_c001"", ""rbi_mpr_2025_10_p073_c002"", ""rbi_mpr_2025_10_p010_c002"", ""rbi_mpr_2025_10_p009_c001"", ""rbi_mpr_2025_10_p066_c000"", ""rbi_mpr_2025_10_p011_c003"", ""rbi_mpr_2025_10_p010_c004"", ""rbi_mpr_2025_10_p073_c003"", ""rbi_mpr_2025_10_p070_c003"", ""rbi_mpr_2025_10_p105_c001"", ""rbi_mpr_2025_10_p076_c000"", ""rbi_mpr_2025_10_p049_c002"", ""rbi_mpr_2025_10_p103_c001"", ""rbi_mpr_2025_10_p107_c000"", ""rbi_mpr_2025_10_p072_c000"", ""rbi_mpr_2025_10_p103_c000"", ""rbi_mpr_2025_10_p071_c001"", ""rbi_mpr_2025_10_p070_c001"", ""rbi_mpr_2025_10_p103_c002"", ""rbi_mpr_2025_10_p011_c005"", ""rbi_mpr_2025_10_p106_c000"", ""rbi_mpr_2025_10_p019_c002"", ""rbi_mpr_2025_10_p104_c001"", ""rbi_mpr_2025_10_p014_c000"", ""rbi_mpr_2025_10_p070_c000"", ""rbi_mpr_2025_10_p014_c003"", ""rbi_mpr_2025_10_p019_c003"", ""rbi_mpr_2025_10_p104_c000"", ""rbi_mpr_2025_10_p043_c001""], ""rrf_candidate_pages"": [10, 11, 73, 10, 9, 66, 11, 10, 73, 70, 105, 76, 49, 103, 107, 72, 103, 71, 70, 103, 11, 106, 19, 104, 14, 70, 14, 19, 104, 43], ""rrf_first_evidence_rank"": 2, ""rrf_scores"": [0.03278688524590164, 0.0315136476426799, 0.0315136476426799, 0.02964426877470356, 0.029437229437229435, 0.029386529386529386, 0.028814262023217248, 0.02797067901234568, 0.025503573749187783, 0.025342039800995024, 0.022917757988475642, 0.022166307213036182, 0.021545233406695237, 0.021431828545371637, 0.021109637488947834, 0.020050125313283207, 0.01960972796308757, 0.019400187441424556, 0.019378393559258564, 0.015873015873015872, 0.015625, 0.014705882352941176, 0.014705882352941176, 0.014492753623188406, 0.014285714285714285, 0.014084507042253521, 0.014084507042253521, 0.013888888888888888, 0.0136986301369863, 0.0136986301369863], ""selected_chunk_ids_after_dedup"": [""rbi_mpr_2025_10_p010_c002"", ""rbi_mpr_2025_10_p066_c000"", ""rbi_mpr_2025_10_p010_c001""], ""selected_chunk_ids_before_dedup"": [""rbi_mpr_2025_10_p010_c002"", ""rbi_mpr_2025_10_p066_c000"", ""rbi_mpr_2025_10_p010_c001""], ""selected_pages"": [10, 66, 10]}, ""rbi_mpr_2026_04"": {""accepted_evidence_found"": false, ""accepted_pages"": [26], ""bm25_candidate_ids"": [""rbi_mpr_2026_04_p026_c002"", ""rbi_mpr_2026_04_p103_c001"", ""rbi_mpr_2026_04_p050_c002"", ""rbi_mpr_2026_04_p020_c003"", ""rbi_mpr_2026_04_p105_c000"", ""rbi_mpr_2026_04_p020_c002"", ""rbi_mpr_2026_04_p107_c004"", ""rbi_mpr_2026_04_p102_c002"", ""rbi_mpr_2026_04_p102_c004"", ""rbi_mpr_2026_04_p020_c001"", ""rbi_mpr_2026_04_p110_c002"", ""rbi_mpr_2026_04_p074_c002"", ""rbi_mpr_2026_04_p015_c001"", ""rbi_mpr_2026_04_p018_c002"", ""rbi_mpr_2026_04_p089_c003"", ""rbi_mpr_2026_04_p074_c003"", ""rbi_mpr_2026_04_p023_c001"", ""rbi_mpr_2026_04_p089_c002"", ""rbi_mpr_2026_04_p023_c000"", ""rbi_mpr_2026_04_p104_c004"", ""rbi_mpr_2026_04_p107_c001"", ""rbi_mpr_2026_04_p028_c003"", ""rbi_mpr_2026_04_p103_c003"", ""rbi_mpr_2026_04_p103_c002"", ""rbi_mpr_2026_04_p088_c000"", ""rbi_mpr_2026_04_p017_c000"", ""rbi_mpr_2026_04_p014_c000"", ""rbi_mpr_2026_04_p049_c000"", ""rbi_mpr_2026_04_p049_c001"", ""rbi_mpr_2026_04_p030_c001"", ""rbi_mpr_2026_04_p022_c001"", ""rbi_mpr_2026_04_p026_c000"", ""rbi_mpr_2026_04_p104_c000"", ""rbi_mpr_2026_04_p018_c003"", ""rbi_mpr_2026_04_p052_c001"", ""rbi_mpr_2026_04_p020_c000"", ""rbi_mpr_2026_04_p028_c002"", ""rbi_mpr_2026_04_p104_c002"", ""rbi_mpr_2026_04_p030_c002"", ""rbi_mpr_2026_04_p028_c001"", ""rbi_mpr_2026_04_p100_c004"", ""rbi_mpr_2026_04_p100_c003"", ""rbi_mpr_2026_04_p023_c002"", ""rbi_mpr_2026_04_p093_c003"", ""rbi_mpr_2026_04_p013_c001"", ""rbi_mpr_2026_04_p082_c004"", ""rbi_mpr_2026_04_p050_c000"", ""rbi_mpr_2026_04_p088_c004"", ""rbi_mpr_2026_04_p099_c003"", ""rbi_mpr_2026_04_p116_c000""], ""bm25_candidate_pages"": [26, 103, 50, 20, 105, 20, 107, 102, 102, 20, 110, 74, 15, 18, 89, 74, 23, 89, 23, 104, 107, 28, 103, 103, 88, 17, 14, 49, 49, 30, 22, 26, 104, 18, 52, 20, 28, 104, 30, 28, 100, 100, 23, 93, 13, 82, 50, 88, 99, 116], ""bm25_candidate_scores"": [null, null, null, null, null, null, null, null, null, null, null, null, null, null, null, null, null, null, null, null, null, null, null, null, null, null, null, null, null, null, null, null, null, null, null, null, null, null, null, null, null, null, null, null, null, null, null, null, null, null], ""bm25_first_evidence_rank"": 1, ""candidate_source_expansion"": {""rbi_mpr_2025_04_p003_c000"": [], ""rbi_mpr_2025_04_p011_c001"": [], ""rbi_mpr_2025_04_p011_c003"": [], ""rbi_mpr_2025_04_p012_c000"": [], ""rbi_mpr_2025_04_p012_c001"": [], ""rbi_mpr_2025_04_p012_c003"": [], ""rbi_mpr_2025_04_p013_c000"": [], ""rbi_mpr_2025_04_p013_c002"": [], ""rbi_mpr_2025_04_p013_c003"": [], ""rbi_mpr_2025_04_p015_c001"": [], ""rbi_mpr_2025_04_p015_c002"": [], ""rbi_mpr_2025_04_p018_c000"": [], ""rbi_mpr_2025_04_p018_c001"": [], ""rbi_mpr_2025_04_p019_c000"": [], ""rbi_mpr_2025_04_p019_c001"": [], ""rbi_mpr_2025_04_p019_c003"": [], ""rbi_mpr_2025_04_p019_c004"": [], ""rbi_mpr_2025_04_p021_c001"": [], ""rbi_mpr_2025_04_p024_c000"": [], ""rbi_mpr_2025_04_p025_c003"": [], ""rbi_mpr_2025_04_p026_c000"": [], ""rbi_mpr_2025_04_p027_c000"": [], ""rbi_mpr_2025_04_p027_c001"": [], ""rbi_mpr_2025_04_p027_c002"": [], ""rbi_mpr_2025_04_p028_c001"": [], ""rbi_mpr_2025_04_p028_c002"": [], ""rbi_mpr_2025_04_p028_c003"": [], ""rbi_mpr_2025_04_p029_c003"": [], ""rbi_mpr_2025_04_p030_c000"": [], ""rbi_mpr_2025_04_p039_c002"": [], ""rbi_mpr_2025_04_p044_c001"": [], ""rbi_mpr_2025_04_p044_c002"": [], ""rbi_mpr_2025_04_p046_c000"": [], ""rbi_mpr_2025_04_p047_c002"": [], ""rbi_mpr_2025_04_p050_c000"": [], ""rbi_mpr_2025_04_p052_c000"": [], ""rbi_mpr_2025_04_p055_c000"": [], ""rbi_mpr_2025_04_p060_c000"": [], ""rbi_mpr_2025_04_p064_c000"": [], ""rbi_mpr_2025_04_p068_c000"": [], ""rbi_mpr_2025_04_p069_c000"": [], ""rbi_mpr_2025_04_p069_c001"": [], ""rbi_mpr_2025_04_p069_c002"": [], ""rbi_mpr_2025_04_p073_c001"": [], ""rbi_mpr_2025_04_p073_c002"": [], ""rbi_mpr_2025_04_p073_c003"": [], ""rbi_mpr_2025_04_p073_c004"": [], ""rbi_mpr_2025_04_p074_c000"": [], ""rbi_mpr_2025_04_p074_c001"": [], ""rbi_mpr_2025_04_p075_c000"": [], ""rbi_mpr_2025_04_p075_c001"": [], ""rbi_mpr_2025_04_p075_c002"": [], ""rbi_mpr_2025_04_p078_c000"": [], ""rbi_mpr_2025_04_p078_c001"": [], ""rbi_mpr_2025_04_p078_c002"": [], ""rbi_mpr_2025_04_p078_c003"": [], ""rbi_mpr_2025_04_p085_c002"": [], ""rbi_mpr_2025_04_p094_c001"": [], ""rbi_mpr_2025_04_p099_c001"": [], ""rbi_mpr_2025_04_p099_c002"": [], ""rbi_mpr_2025_04_p100_c001"": [], ""rbi_mpr_2025_04_p100_c002"": [], ""rbi_mpr_2025_04_p101_c001"": [], ""rbi_mpr_2025_04_p101_c003"": [], ""rbi_mpr_2025_04_p104_c000"": [], ""rbi_mpr_2025_04_p106_c001"": [], ""rbi_mpr_2025_04_p107_c000"": [], ""rbi_mpr_2025_04_p107_c001"": [], ""rbi_mpr_2025_04_p108_c000"": [], ""rbi_mpr_2025_04_p108_c002"": [], ""rbi_mpr_2025_04_p108_c003"": [], ""rbi_mpr_2025_04_p109_c003"": [], ""rbi_mpr_2025_04_p110_c000"": [], ""rbi_mpr_2025_04_p110_c001"": [], ""rbi_mpr_2025_04_p110_c003"": [], ""rbi_mpr_2025_04_p111_c001"": [], ""rbi_mpr_2025_04_p111_c002"": [], ""rbi_mpr_2025_04_p111_c003"": [], ""rbi_mpr_2025_04_p112_c000"": [], ""rbi_mpr_2025_04_p112_c001"": [], ""rbi_mpr_2025_04_p113_c000"": [], ""rbi_mpr_2025_04_p113_c001"": [], ""rbi_mpr_2025_04_p113_c002"": [], ""rbi_mpr_2025_04_p113_c003"": [], ""rbi_mpr_2025_04_p114_c000"": [], ""rbi_mpr_2025_04_p114_c001"": [], ""rbi_mpr_2025_10_p003_c000"": [], ""rbi_mpr_2025_10_p005_c001"": [], ""rbi_mpr_2025_10_p009_c000"": [], ""rbi_mpr_2025_10_p009_c001"": [], ""rbi_mpr_2025_10_p010_c000"": [], ""rbi_mpr_2025_10_p010_c001"": [], ""rbi_mpr_2025_10_p010_c002"": [], ""rbi_mpr_2025_10_p010_c004"": [], ""rbi_mpr_2025_10_p011_c000"": [], ""rbi_mpr_2025_10_p011_c001"": [], ""rbi_mpr_2025_10_p011_c003"": [], ""rbi_mpr_2025_10_p011_c004"": [], ""rbi_mpr_2025_10_p011_c005"": [], ""rbi_mpr_2025_10_p014_c000"": [], ""rbi_mpr_2025_10_p014_c001"": [], ""rbi_mpr_2025_10_p014_c003"": [], ""rbi_mpr_2025_10_p015_c003"": [], ""rbi_mpr_2025_10_p016_c003"": [], ""rbi_mpr_2025_10_p017_c000"": [], ""rbi_mpr_2025_10_p019_c000"": [], ""rbi_mpr_2025_10_p019_c002"": [], ""rbi_mpr_2025_10_p019_c003"": [], ""rbi_mpr_2025_10_p023_c000"": [], ""rbi_mpr_2025_10_p027_c002"": [], ""rbi_mpr_2025_10_p031_c000"": [], ""rbi_mpr_2025_10_p032_c003"": [], ""rbi_mpr_2025_10_p034_c003"": [], ""rbi_mpr_2025_10_p034_c005"": [], ""rbi_mpr_2025_10_p035_c000"": [], ""rbi_mpr_2025_10_p035_c002"": [], ""rbi_mpr_2025_10_p040_c001"": [], ""rbi_mpr_2025_10_p042_c002"": [], ""rbi_mpr_2025_10_p043_c001"": [], ""rbi_mpr_2025_10_p043_c002"": [], ""rbi_mpr_2025_10_p045_c000"": [], ""rbi_mpr_2025_10_p049_c002"": [], ""rbi_mpr_2025_10_p055_c000"": [], ""rbi_mpr_2025_10_p055_c003"": [], ""rbi_mpr_2025_10_p064_c001"": [], ""rbi_mpr_2025_10_p064_c002"": [], ""rbi_mpr_2025_10_p064_c005"": [], ""rbi_mpr_2025_10_p065_c001"": [], ""rbi_mpr_2025_10_p066_c000"": [], ""rbi_mpr_2025_10_p069_c003"": [], ""rbi_mpr_2025_10_p069_c004"": [], ""rbi_mpr_2025_10_p070_c000"": [], ""rbi_mpr_2025_10_p070_c001"": [], ""rbi_mpr_2025_10_p070_c002"": [], ""rbi_mpr_2025_10_p070_c003"": [], ""rbi_mpr_2025_10_p071_c000"": [], ""rbi_mpr_2025_10_p071_c001"": [], ""rbi_mpr_2025_10_p072_c000"": [], ""rbi_mpr_2025_10_p072_c001"": [], ""rbi_mpr_2025_10_p073_c002"": [], ""rbi_mpr_2025_10_p073_c003"": [], ""rbi_mpr_2025_10_p074_c000"": [], ""rbi_mpr_2025_10_p074_c001"": [], ""rbi_mpr_2025_10_p076_c000"": [], ""rbi_mpr_2025_10_p076_c001"": [], ""rbi_mpr_2025_10_p079_c000"": [], ""rbi_mpr_2025_10_p080_c002"": [], ""rbi_mpr_2025_10_p091_c000"": [], ""rbi_mpr_2025_10_p093_c000"": [], ""rbi_mpr_2025_10_p094_c003"": [], ""rbi_mpr_2025_10_p099_c002"": [], ""rbi_mpr_2025_10_p099_c003"": [], ""rbi_mpr_2025_10_p102_c001"": [], ""rbi_mpr_2025_10_p103_c000"": [], ""rbi_mpr_2025_10_p103_c001"": [], ""rbi_mpr_2025_10_p103_c002"": [], ""rbi_mpr_2025_10_p103_c003"": [], ""rbi_mpr_2025_10_p104_c000"": [], ""rbi_mpr_2025_10_p104_c001"": [], ""rbi_mpr_2025_10_p104_c003"": [], ""rbi_mpr_2025_10_p105_c000"": [], ""rbi_mpr_2025_10_p105_c001"": [], ""rbi_mpr_2025_10_p106_c000"": [], ""rbi_mpr_2025_10_p107_c000"": [], ""rbi_mpr_2025_10_p107_c001"": [], ""rbi_mpr_2025_10_p107_c003"": [], ""rbi_mpr_2025_10_p110_c000"": [], ""rbi_mpr_2026_04_p003_c000"": [], ""rbi_mpr_2026_04_p013_c000"": [], ""rbi_mpr_2026_04_p013_c001"": [], ""rbi_mpr_2026_04_p013_c003"": [], ""rbi_mpr_2026_04_p013_c004"": [], ""rbi_mpr_2026_04_p014_c000"": [], ""rbi_mpr_2026_04_p014_c002"": [], ""rbi_mpr_2026_04_p015_c001"": [], ""rbi_mpr_2026_04_p016_c002"": [], ""rbi_mpr_2026_04_p016_c003"": [], ""rbi_mpr_2026_04_p017_c000"": [], ""rbi_mpr_2026_04_p018_c002"": [], ""rbi_mpr_2026_04_p018_c003"": [], ""rbi_mpr_2026_04_p020_c000"": [], ""rbi_mpr_2026_04_p020_c001"": [], ""rbi_mpr_2026_04_p020_c002"": [], ""rbi_mpr_2026_04_p020_c003"": [], ""rbi_mpr_2026_04_p021_c000"": [], ""rbi_mpr_2026_04_p021_c003"": [], ""rbi_mpr_2026_04_p022_c000"": [], ""rbi_mpr_2026_04_p022_c001"": [], ""rbi_mpr_2026_04_p023_c000"": [], ""rbi_mpr_2026_04_p023_c001"": [], ""rbi_mpr_2026_04_p023_c002"": [], ""rbi_mpr_2026_04_p024_c000"": [], ""rbi_mpr_2026_04_p024_c002"": [], ""rbi_mpr_2026_04_p026_c000"": [], ""rbi_mpr_2026_04_p026_c002"": [], ""rbi_mpr_2026_04_p026_c003"": [], ""rbi_mpr_2026_04_p026_c004"": [], ""rbi_mpr_2026_04_p028_c000"": [], ""rbi_mpr_2026_04_p028_c001"": [], ""rbi_mpr_2026_04_p028_c002"": [], ""rbi_mpr_2026_04_p028_c003"": [], ""rbi_mpr_2026_04_p030_c001"": [], ""rbi_mpr_2026_04_p030_c002"": [], ""rbi_mpr_2026_04_p032_c003"": [], ""rbi_mpr_2026_04_p034_c000"": [], ""rbi_mpr_2026_04_p038_c000"": [], ""rbi_mpr_2026_04_p038_c001"": [], ""rbi_mpr_2026_04_p039_c002"": [], ""rbi_mpr_2026_04_p040_c000"": [], ""rbi_mpr_2026_04_p049_c000"": [], ""rbi_mpr_2026_04_p049_c001"": [], ""rbi_mpr_2026_04_p050_c000"": [], ""rbi_mpr_2026_04_p050_c002"": [], ""rbi_mpr_2026_04_p052_c001"": [], ""rbi_mpr_2026_04_p055_c000"": [], ""rbi_mpr_2026_04_p058_c000"": [], ""rbi_mpr_2026_04_p068_c001"": [], ""rbi_mpr_2026_04_p068_c002"": [], ""rbi_mpr_2026_04_p074_c002"": [], ""rbi_mpr_2026_04_p074_c003"": [], ""rbi_mpr_2026_04_p078_c000"": [], ""rbi_mpr_2026_04_p078_c001"": [], ""rbi_mpr_2026_04_p082_c000"": [], ""rbi_mpr_2026_04_p082_c004"": [], ""rbi_mpr_2026_04_p088_c000"": [], ""rbi_mpr_2026_04_p088_c004"": [], ""rbi_mpr_2026_04_p089_c002"": [], ""rbi_mpr_2026_04_p089_c003"": [], ""rbi_mpr_2026_04_p093_c003"": [], ""rbi_mpr_2026_04_p099_c003"": [], ""rbi_mpr_2026_04_p100_c000"": [], ""rbi_mpr_2026_04_p100_c001"": [], ""rbi_mpr_2026_04_p100_c003"": [], ""rbi_mpr_2026_04_p100_c004"": [], ""rbi_mpr_2026_04_p101_c002"": [], ""rbi_mpr_2026_04_p101_c005"": [], ""rbi_mpr_2026_04_p102_c002"": [], ""rbi_mpr_2026_04_p102_c004"": [], ""rbi_mpr_2026_04_p103_c001"": [], ""rbi_mpr_2026_04_p103_c002"": [], ""rbi_mpr_2026_04_p103_c003"": [], ""rbi_mpr_2026_04_p103_c004"": [], ""rbi_mpr_2026_04_p104_c000"": [], ""rbi_mpr_2026_04_p104_c002"": [], ""rbi_mpr_2026_04_p104_c004"": [], ""rbi_mpr_2026_04_p104_c005"": [], ""rbi_mpr_2026_04_p105_c000"": [], ""rbi_mpr_2026_04_p107_c001"": [], ""rbi_mpr_2026_04_p107_c004"": [], ""rbi_mpr_2026_04_p110_c000"": [], ""rbi_mpr_2026_04_p110_c002"": [], ""rbi_mpr_2026_04_p112_c000"": [], ""rbi_mpr_2026_04_p112_c003"": [], ""rbi_mpr_2026_04_p114_c000"": [], ""rbi_mpr_2026_04_p116_c000"": []}, ""candidate_source_facet"": {""rbi_mpr_2025_04_p003_c000"": [], ""rbi_mpr_2025_04_p011_c001"": [], ""rbi_mpr_2025_04_p011_c003"": [], ""rbi_mpr_2025_04_p012_c000"": [], ""rbi_mpr_2025_04_p012_c001"": [], ""rbi_mpr_2025_04_p012_c003"": [], ""rbi_mpr_2025_04_p013_c000"": [], ""rbi_mpr_2025_04_p013_c002"": [], ""rbi_mpr_2025_04_p013_c003"": [], ""rbi_mpr_2025_04_p015_c001"": [], ""rbi_mpr_2025_04_p015_c002"": [], ""rbi_mpr_2025_04_p018_c000"": [], ""rbi_mpr_2025_04_p018_c001"": [], ""rbi_mpr_2025_04_p019_c000"": [], ""rbi_mpr_2025_04_p019_c001"": [], ""rbi_mpr_2025_04_p019_c003"": [], ""rbi_mpr_2025_04_p019_c004"": [], ""rbi_mpr_2025_04_p021_c001"": [], ""rbi_mpr_2025_04_p024_c000"": [], ""rbi_mpr_2025_04_p025_c003"": [], ""rbi_mpr_2025_04_p026_c000"": [], ""rbi_mpr_2025_04_p027_c000"": [], ""rbi_mpr_2025_04_p027_c001"": [], ""rbi_mpr_2025_04_p027_c002"": [], ""rbi_mpr_2025_04_p028_c001"": [], ""rbi_mpr_2025_04_p028_c002"": [], ""rbi_mpr_2025_04_p028_c003"": [], ""rbi_mpr_2025_04_p029_c003"": [], ""rbi_mpr_2025_04_p030_c000"": [], ""rbi_mpr_2025_04_p039_c002"": [], ""rbi_mpr_2025_04_p044_c001"": [], ""rbi_mpr_2025_04_p044_c002"": [], ""rbi_mpr_2025_04_p046_c000"": [], ""rbi_mpr_2025_04_p047_c002"": [], ""rbi_mpr_2025_04_p050_c000"": [], ""rbi_mpr_2025_04_p052_c000"": [], ""rbi_mpr_2025_04_p055_c000"": [], ""rbi_mpr_2025_04_p060_c000"": [], ""rbi_mpr_2025_04_p064_c000"": [], ""rbi_mpr_2025_04_p068_c000"": [], ""rbi_mpr_2025_04_p069_c000"": [], ""rbi_mpr_2025_04_p069_c001"": [], ""rbi_mpr_2025_04_p069_c002"": [], ""rbi_mpr_2025_04_p073_c001"": [], ""rbi_mpr_2025_04_p073_c002"": [], ""rbi_mpr_2025_04_p073_c003"": [], ""rbi_mpr_2025_04_p073_c004"": [], ""rbi_mpr_2025_04_p074_c000"": [], ""rbi_mpr_2025_04_p074_c001"": [], ""rbi_mpr_2025_04_p075_c000"": [], ""rbi_mpr_2025_04_p075_c001"": [], ""rbi_mpr_2025_04_p075_c002"": [], ""rbi_mpr_2025_04_p078_c000"": [], ""rbi_mpr_2025_04_p078_c001"": [], ""rbi_mpr_2025_04_p078_c002"": [], ""rbi_mpr_2025_04_p078_c003"": [], ""rbi_mpr_2025_04_p085_c002"": [], ""rbi_mpr_2025_04_p094_c001"": [], ""rbi_mpr_2025_04_p099_c001"": [], ""rbi_mpr_2025_04_p099_c002"": [], ""rbi_mpr_2025_04_p100_c001"": [], ""rbi_mpr_2025_04_p100_c002"": [], ""rbi_mpr_2025_04_p101_c001"": [], ""rbi_mpr_2025_04_p101_c003"": [], ""rbi_mpr_2025_04_p104_c000"": [], ""rbi_mpr_2025_04_p106_c001"": [], ""rbi_mpr_2025_04_p107_c000"": [], ""rbi_mpr_2025_04_p107_c001"": [], ""rbi_mpr_2025_04_p108_c000"": [], ""rbi_mpr_2025_04_p108_c002"": [], ""rbi_mpr_2025_04_p108_c003"": [], ""rbi_mpr_2025_04_p109_c003"": [], ""rbi_mpr_2025_04_p110_c000"": [], ""rbi_mpr_2025_04_p110_c001"": [], ""rbi_mpr_2025_04_p110_c003"": [], ""rbi_mpr_2025_04_p111_c001"": [], ""rbi_mpr_2025_04_p111_c002"": [], ""rbi_mpr_2025_04_p111_c003"": [], ""rbi_mpr_2025_04_p112_c000"": [], ""rbi_mpr_2025_04_p112_c001"": [], ""rbi_mpr_2025_04_p113_c000"": [], ""rbi_mpr_2025_04_p113_c001"": [], ""rbi_mpr_2025_04_p113_c002"": [], ""rbi_mpr_2025_04_p113_c003"": [], ""rbi_mpr_2025_04_p114_c000"": [], ""rbi_mpr_2025_04_p114_c001"": [], ""rbi_mpr_2025_10_p003_c000"": [], ""rbi_mpr_2025_10_p005_c001"": [], ""rbi_mpr_2025_10_p009_c000"": [], ""rbi_mpr_2025_10_p009_c001"": [], ""rbi_mpr_2025_10_p010_c000"": [], ""rbi_mpr_2025_10_p010_c001"": [], ""rbi_mpr_2025_10_p010_c002"": [], ""rbi_mpr_2025_10_p010_c004"": [], ""rbi_mpr_2025_10_p011_c000"": [], ""rbi_mpr_2025_10_p011_c001"": [], ""rbi_mpr_2025_10_p011_c003"": [], ""rbi_mpr_2025_10_p011_c004"": [], ""rbi_mpr_2025_10_p011_c005"": [], ""rbi_mpr_2025_10_p014_c000"": [], ""rbi_mpr_2025_10_p014_c001"": [], ""rbi_mpr_2025_10_p014_c003"": [], ""rbi_mpr_2025_10_p015_c003"": [], ""rbi_mpr_2025_10_p016_c003"": [], ""rbi_mpr_2025_10_p017_c000"": [], ""rbi_mpr_2025_10_p019_c000"": [], ""rbi_mpr_2025_10_p019_c002"": [], ""rbi_mpr_2025_10_p019_c003"": [], ""rbi_mpr_2025_10_p023_c000"": [], ""rbi_mpr_2025_10_p027_c002"": [], ""rbi_mpr_2025_10_p031_c000"": [], ""rbi_mpr_2025_10_p032_c003"": [], ""rbi_mpr_2025_10_p034_c003"": [], ""rbi_mpr_2025_10_p034_c005"": [], ""rbi_mpr_2025_10_p035_c000"": [], ""rbi_mpr_2025_10_p035_c002"": [], ""rbi_mpr_2025_10_p040_c001"": [], ""rbi_mpr_2025_10_p042_c002"": [], ""rbi_mpr_2025_10_p043_c001"": [], ""rbi_mpr_2025_10_p043_c002"": [], ""rbi_mpr_2025_10_p045_c000"": [], ""rbi_mpr_2025_10_p049_c002"": [], ""rbi_mpr_2025_10_p055_c000"": [], ""rbi_mpr_2025_10_p055_c003"": [], ""rbi_mpr_2025_10_p064_c001"": [], ""rbi_mpr_2025_10_p064_c002"": [], ""rbi_mpr_2025_10_p064_c005"": [], ""rbi_mpr_2025_10_p065_c001"": [], ""rbi_mpr_2025_10_p066_c000"": [], ""rbi_mpr_2025_10_p069_c003"": [], ""rbi_mpr_2025_10_p069_c004"": [], ""rbi_mpr_2025_10_p070_c000"": [], ""rbi_mpr_2025_10_p070_c001"": [], ""rbi_mpr_2025_10_p070_c002"": [], ""rbi_mpr_2025_10_p070_c003"": [], ""rbi_mpr_2025_10_p071_c000"": [], ""rbi_mpr_2025_10_p071_c001"": [], ""rbi_mpr_2025_10_p072_c000"": [], ""rbi_mpr_2025_10_p072_c001"": [], ""rbi_mpr_2025_10_p073_c002"": [], ""rbi_mpr_2025_10_p073_c003"": [], ""rbi_mpr_2025_10_p074_c000"": [], ""rbi_mpr_2025_10_p074_c001"": [], ""rbi_mpr_2025_10_p076_c000"": [], ""rbi_mpr_2025_10_p076_c001"": [], ""rbi_mpr_2025_10_p079_c000"": [], ""rbi_mpr_2025_10_p080_c002"": [], ""rbi_mpr_2025_10_p091_c000"": [], ""rbi_mpr_2025_10_p093_c000"": [], ""rbi_mpr_2025_10_p094_c003"": [], ""rbi_mpr_2025_10_p099_c002"": [], ""rbi_mpr_2025_10_p099_c003"": [], ""rbi_mpr_2025_10_p102_c001"": [], ""rbi_mpr_2025_10_p103_c000"": [], ""rbi_mpr_2025_10_p103_c001"": [], ""rbi_mpr_2025_10_p103_c002"": [], ""rbi_mpr_2025_10_p103_c003"": [], ""rbi_mpr_2025_10_p104_c000"": [], ""rbi_mpr_2025_10_p104_c001"": [], ""rbi_mpr_2025_10_p104_c003"": [], ""rbi_mpr_2025_10_p105_c000"": [], ""rbi_mpr_2025_10_p105_c001"": [], ""rbi_mpr_2025_10_p106_c000"": [], ""rbi_mpr_2025_10_p107_c000"": [], ""rbi_mpr_2025_10_p107_c001"": [], ""rbi_mpr_2025_10_p107_c003"": [], ""rbi_mpr_2025_10_p110_c000"": [], ""rbi_mpr_2026_04_p003_c000"": [], ""rbi_mpr_2026_04_p013_c000"": [], ""rbi_mpr_2026_04_p013_c001"": [], ""rbi_mpr_2026_04_p013_c003"": [], ""rbi_mpr_2026_04_p013_c004"": [], ""rbi_mpr_2026_04_p014_c000"": [], ""rbi_mpr_2026_04_p014_c002"": [], ""rbi_mpr_2026_04_p015_c001"": [], ""rbi_mpr_2026_04_p016_c002"": [], ""rbi_mpr_2026_04_p016_c003"": [], ""rbi_mpr_2026_04_p017_c000"": [], ""rbi_mpr_2026_04_p018_c002"": [], ""rbi_mpr_2026_04_p018_c003"": [], ""rbi_mpr_2026_04_p020_c000"": [], ""rbi_mpr_2026_04_p020_c001"": [], ""rbi_mpr_2026_04_p020_c002"": [], ""rbi_mpr_2026_04_p020_c003"": [], ""rbi_mpr_2026_04_p021_c000"": [], ""rbi_mpr_2026_04_p021_c003"": [], ""rbi_mpr_2026_04_p022_c000"": [], ""rbi_mpr_2026_04_p022_c001"": [], ""rbi_mpr_2026_04_p023_c000"": [], ""rbi_mpr_2026_04_p023_c001"": [], ""rbi_mpr_2026_04_p023_c002"": [], ""rbi_mpr_2026_04_p024_c000"": [], ""rbi_mpr_2026_04_p024_c002"": [], ""rbi_mpr_2026_04_p026_c000"": [], ""rbi_mpr_2026_04_p026_c002"": [], ""rbi_mpr_2026_04_p026_c003"": [], ""rbi_mpr_2026_04_p026_c004"": [], ""rbi_mpr_2026_04_p028_c000"": [], ""rbi_mpr_2026_04_p028_c001"": [], ""rbi_mpr_2026_04_p028_c002"": [], ""rbi_mpr_2026_04_p028_c003"": [], ""rbi_mpr_2026_04_p030_c001"": [], ""rbi_mpr_2026_04_p030_c002"": [], ""rbi_mpr_2026_04_p032_c003"": [], ""rbi_mpr_2026_04_p034_c000"": [], ""rbi_mpr_2026_04_p038_c000"": [], ""rbi_mpr_2026_04_p038_c001"": [], ""rbi_mpr_2026_04_p039_c002"": [], ""rbi_mpr_2026_04_p040_c000"": [], ""rbi_mpr_2026_04_p049_c000"": [], ""rbi_mpr_2026_04_p049_c001"": [], ""rbi_mpr_2026_04_p050_c000"": [], ""rbi_mpr_2026_04_p050_c002"": [], ""rbi_mpr_2026_04_p052_c001"": [], ""rbi_mpr_2026_04_p055_c000"": [], ""rbi_mpr_2026_04_p058_c000"": [], ""rbi_mpr_2026_04_p068_c001"": [], ""rbi_mpr_2026_04_p068_c002"": [], ""rbi_mpr_2026_04_p074_c002"": [], ""rbi_mpr_2026_04_p074_c003"": [], ""rbi_mpr_2026_04_p078_c000"": [], ""rbi_mpr_2026_04_p078_c001"": [], ""rbi_mpr_2026_04_p082_c000"": [], ""rbi_mpr_2026_04_p082_c004"": [], ""rbi_mpr_2026_04_p088_c000"": [], ""rbi_mpr_2026_04_p088_c004"": [], ""rbi_mpr_2026_04_p089_c002"": [], ""rbi_mpr_2026_04_p089_c003"": [], ""rbi_mpr_2026_04_p093_c003"": [], ""rbi_mpr_2026_04_p099_c003"": [], ""rbi_mpr_2026_04_p100_c000"": [], ""rbi_mpr_2026_04_p100_c001"": [], ""rbi_mpr_2026_04_p100_c003"": [], ""rbi_mpr_2026_04_p100_c004"": [], ""rbi_mpr_2026_04_p101_c002"": [], ""rbi_mpr_2026_04_p101_c005"": [], ""rbi_mpr_2026_04_p102_c002"": [], ""rbi_mpr_2026_04_p102_c004"": [], ""rbi_mpr_2026_04_p103_c001"": [], ""rbi_mpr_2026_04_p103_c002"": [], ""rbi_mpr_2026_04_p103_c003"": [], ""rbi_mpr_2026_04_p103_c004"": [], ""rbi_mpr_2026_04_p104_c000"": [], ""rbi_mpr_2026_04_p104_c002"": [], ""rbi_mpr_2026_04_p104_c004"": [], ""rbi_mpr_2026_04_p104_c005"": [], ""rbi_mpr_2026_04_p105_c000"": [], ""rbi_mpr_2026_04_p107_c001"": [], ""rbi_mpr_2026_04_p107_c004"": [], ""rbi_mpr_2026_04_p110_c000"": [], ""rbi_mpr_2026_04_p110_c002"": [], ""rbi_mpr_2026_04_p112_c000"": [], ""rbi_mpr_2026_04_p112_c003"": [], ""rbi_mpr_2026_04_p114_c000"": [], ""rbi_mpr_2026_04_p116_c000"": []}, ""candidate_source_query"": {""rbi_mpr_2025_04_p003_c000"": [""How did the neutral policy stance appear across the three reports?""], ""rbi_mpr_2025_04_p011_c001"": [""How did the neutral policy stance appear across the three reports?""], ""rbi_mpr_2025_04_p011_c003"": [""How did the neutral policy stance appear across the three reports?""], ""rbi_mpr_2025_04_p012_c000"": [""How did the neutral policy stance appear across the three reports?""], ""rbi_mpr_2025_04_p012_c001"": [""How did the neutral policy stance appear across the three reports?""], ""rbi_mpr_2025_04_p012_c003"": [""How did the neutral policy stance appear across the three reports?""], ""rbi_mpr_2025_04_p013_c000"": [""How did the neutral policy stance appear across the three reports?""], ""rbi_mpr_2025_04_p013_c002"": [""How did the neutral policy stance appear across the three reports?""], ""rbi_mpr_2025_04_p013_c003"": [""How did the neutral policy stance appear across the three reports?""], ""rbi_mpr_2025_04_p015_c001"": [""How did the neutral policy stance appear across the three reports?""], ""rbi_mpr_2025_04_p015_c002"": [""How did the neutral policy stance appear across the three reports?""], ""rbi_mpr_2025_04_p018_c000"": [""How did the neutral policy stance appear across the three reports?""], ""rbi_mpr_2025_04_p018_c001"": [""How did the neutral policy stance appear across the three reports?""], ""rbi_mpr_2025_04_p019_c000"": [""How did the neutral policy stance appear across the three reports?""], ""rbi_mpr_2025_04_p019_c001"": [""How did the neutral policy stance appear across the three reports?""], ""rbi_mpr_2025_04_p019_c003"": [""How did the neutral policy stance appear across the three reports?""], ""rbi_mpr_2025_04_p019_c004"": [""How did the neutral policy stance appear across the three reports?""], ""rbi_mpr_2025_04_p021_c001"": [""How did the neutral policy stance appear across the three reports?""], ""rbi_mpr_2025_04_p024_c000"": [""How did the neutral policy stance appear across the three reports?""], ""rbi_mpr_2025_04_p025_c003"": [""How did the neutral policy stance appear across the three reports?""], ""rbi_mpr_2025_04_p026_c000"": [""How did the neutral policy stance appear across the three reports?""], ""rbi_mpr_2025_04_p027_c000"": [""How did the neutral policy stance appear across the three reports?""], ""rbi_mpr_2025_04_p027_c001"": [""How did the neutral policy stance appear across the three reports?""], ""rbi_mpr_2025_04_p027_c002"": [""How did the neutral policy stance appear across the three reports?""], ""rbi_mpr_2025_04_p028_c001"": [""How did the neutral policy stance appear across the three reports?""], ""rbi_mpr_2025_04_p028_c002"": [""How did the neutral policy stance appear across the three reports?""], ""rbi_mpr_2025_04_p028_c003"": [""How did the neutral policy stance appear across the three reports?""], ""rbi_mpr_2025_04_p029_c003"": [""How did the neutral policy stance appear across the three reports?""], ""rbi_mpr_2025_04_p030_c000"": [""How did the neutral policy stance appear across the three reports?""], ""rbi_mpr_2025_04_p039_c002"": [""How did the neutral policy stance appear across the three reports?""], ""rbi_mpr_2025_04_p044_c001"": [""How did the neutral policy stance appear across the three reports?""], ""rbi_mpr_2025_04_p044_c002"": [""How did the neutral policy stance appear across the three reports?""], ""rbi_mpr_2025_04_p046_c000"": [""How did the neutral policy stance appear across the three reports?""], ""rbi_mpr_2025_04_p047_c002"": [""How did the neutral policy stance appear across the three reports?""], ""rbi_mpr_2025_04_p050_c000"": [""How did the neutral policy stance appear across the three reports?""], ""rbi_mpr_2025_04_p052_c000"": [""How did the neutral policy stance appear across the three reports?""], ""rbi_mpr_2025_04_p055_c000"": [""How did the neutral policy stance appear across the three reports?""], ""rbi_mpr_2025_04_p060_c000"": [""How did the neutral policy stance appear across the three reports?""], ""rbi_mpr_2025_04_p064_c000"": [""How did the neutral policy stance appear across the three reports?""], ""rbi_mpr_2025_04_p068_c000"": [""How did the neutral policy stance appear across the three reports?""], ""rbi_mpr_2025_04_p069_c000"": [""How did the neutral policy stance appear across the three reports?""], ""rbi_mpr_2025_04_p069_c001"": [""How did the neutral policy stance appear across the three reports?""], ""rbi_mpr_2025_04_p069_c002"": [""How did the neutral policy stance appear across the three reports?""], ""rbi_mpr_2025_04_p073_c001"": [""How did the neutral policy stance appear across the three reports?""], ""rbi_mpr_2025_04_p073_c002"": [""How did the neutral policy stance appear across the three reports?""], ""rbi_mpr_2025_04_p073_c003"": [""How did the neutral policy stance appear across the three reports?""], ""rbi_mpr_2025_04_p073_c004"": [""How did the neutral policy stance appear across the three reports?""], ""rbi_mpr_2025_04_p074_c000"": [""How did the neutral policy stance appear across the three reports?""], ""rbi_mpr_2025_04_p074_c001"": [""How did the neutral policy stance appear across the three reports?""], ""rbi_mpr_2025_04_p075_c000"": [""How did the neutral policy stance appear across the three reports?""], ""rbi_mpr_2025_04_p075_c001"": [""How did the neutral policy stance appear across the three reports?""], ""rbi_mpr_2025_04_p075_c002"": [""How did the neutral policy stance appear across the three reports?""], ""rbi_mpr_2025_04_p078_c000"": [""How did the neutral policy stance appear across the three reports?""], ""rbi_mpr_2025_04_p078_c001"": [""How did the neutral policy stance appear across the three reports?""], ""rbi_mpr_2025_04_p078_c002"": [""How did the neutral policy stance appear across the three reports?""], ""rbi_mpr_2025_04_p078_c003"": [""How did the neutral policy stance appear across the three reports?""], ""rbi_mpr_2025_04_p085_c002"": [""How did the neutral policy stance appear across the three reports?""], ""rbi_mpr_2025_04_p094_c001"": [""How did the neutral policy stance appear across the three reports?""], ""rbi_mpr_2025_04_p099_c001"": [""How did the neutral policy stance appear across the three reports?""], ""rbi_mpr_2025_04_p099_c002"": [""How did the neutral policy stance appear across the three reports?""], ""rbi_mpr_2025_04_p100_c001"": [""How did the neutral policy stance appear across the three reports?""], ""rbi_mpr_2025_04_p100_c002"": [""How did the neutral policy stance appear across the three reports?""], ""rbi_mpr_2025_04_p101_c001"": [""How did the neutral policy stance appear across the three reports?""], ""rbi_mpr_2025_04_p101_c003"": [""How did the neutral policy stance appear across the three reports?""], ""rbi_mpr_2025_04_p104_c000"": [""How did the neutral policy stance appear across the three reports?""], ""rbi_mpr_2025_04_p106_c001"": [""How did the neutral policy stance appear across the three reports?""], ""rbi_mpr_2025_04_p107_c000"": [""How did the neutral policy stance appear across the three reports?""], ""rbi_mpr_2025_04_p107_c001"": [""How did the neutral policy stance appear across the three reports?""], ""rbi_mpr_2025_04_p108_c000"": [""How did the neutral policy stance appear across the three reports?""], ""rbi_mpr_2025_04_p108_c002"": [""How did the neutral policy stance appear across the three reports?""], ""rbi_mpr_2025_04_p108_c003"": [""How did the neutral policy stance appear across the three reports?""], ""rbi_mpr_2025_04_p109_c003"": [""How did the neutral policy stance appear across the three reports?""], ""rbi_mpr_2025_04_p110_c000"": [""How did the neutral policy stance appear across the three reports?""], ""rbi_mpr_2025_04_p110_c001"": [""How did the neutral policy stance appear across the three reports?""], ""rbi_mpr_2025_04_p110_c003"": [""How did the neutral policy stance appear across the three reports?""], ""rbi_mpr_2025_04_p111_c001"": [""How did the neutral policy stance appear across the three reports?""], ""rbi_mpr_2025_04_p111_c002"": [""How did the neutral policy stance appear across the three reports?""], ""rbi_mpr_2025_04_p111_c003"": [""How did the neutral policy stance appear across the three reports?""], ""rbi_mpr_2025_04_p112_c000"": [""How did the neutral policy stance appear across the three reports?""], ""rbi_mpr_2025_04_p112_c001"": [""How did the neutral policy stance appear across the three reports?""], ""rbi_mpr_2025_04_p113_c000"": [""How did the neutral policy stance appear across the three reports?""], ""rbi_mpr_2025_04_p113_c001"": [""How did the neutral policy stance appear across the three reports?""], ""rbi_mpr_2025_04_p113_c002"": [""How did the neutral policy stance appear across the three reports?""], ""rbi_mpr_2025_04_p113_c003"": [""How did the neutral policy stance appear across the three reports?""], ""rbi_mpr_2025_04_p114_c000"": [""How did the neutral policy stance appear across the three reports?""], ""rbi_mpr_2025_04_p114_c001"": [""How did the neutral policy stance appear across the three reports?""], ""rbi_mpr_2025_10_p003_c000"": [""How did the neutral policy stance appear across the three reports?""], ""rbi_mpr_2025_10_p005_c001"": [""How did the neutral policy stance appear across the three reports?""], ""rbi_mpr_2025_10_p009_c000"": [""How did the neutral policy stance appear across the three reports?""], ""rbi_mpr_2025_10_p009_c001"": [""How did the neutral policy stance appear across the three reports?""], ""rbi_mpr_2025_10_p010_c000"": [""How did the neutral policy stance appear across the three reports?""], ""rbi_mpr_2025_10_p010_c001"": [""How did the neutral policy stance appear across the three reports?""], ""rbi_mpr_2025_10_p010_c002"": [""How did the neutral policy stance appear across the three reports?""], ""rbi_mpr_2025_10_p010_c004"": [""How did the neutral policy stance appear across the three reports?""], ""rbi_mpr_2025_10_p011_c000"": [""How did the neutral policy stance appear across the three reports?""], ""rbi_mpr_2025_10_p011_c001"": [""How did the neutral policy stance appear across the three reports?""], ""rbi_mpr_2025_10_p011_c003"": [""How did the neutral policy stance appear across the three reports?""], ""rbi_mpr_2025_10_p011_c004"": [""How did the neutral policy stance appear across the three reports?""], ""rbi_mpr_2025_10_p011_c005"": [""How did the neutral policy stance appear across the three reports?""], ""rbi_mpr_2025_10_p014_c000"": [""How did the neutral policy stance appear across the three reports?""], ""rbi_mpr_2025_10_p014_c001"": [""How did the neutral policy stance appear across the three reports?""], ""rbi_mpr_2025_10_p014_c003"": [""How did the neutral policy stance appear across the three reports?""], ""rbi_mpr_2025_10_p015_c003"": [""How did the neutral policy stance appear across the three reports?""], ""rbi_mpr_2025_10_p016_c003"": [""How did the neutral policy stance appear across the three reports?""], ""rbi_mpr_2025_10_p017_c000"": [""How did the neutral policy stance appear across the three reports?""], ""rbi_mpr_2025_10_p019_c000"": [""How did the neutral policy stance appear across the three reports?""], ""rbi_mpr_2025_10_p019_c002"": [""How did the neutral policy stance appear across the three reports?""], ""rbi_mpr_2025_10_p019_c003"": [""How did the neutral policy stance appear across the three reports?""], ""rbi_mpr_2025_10_p023_c000"": [""How did the neutral policy stance appear across the three reports?""], ""rbi_mpr_2025_10_p027_c002"": [""How did the neutral policy stance appear across the three reports?""], ""rbi_mpr_2025_10_p031_c000"": [""How did the neutral policy stance appear across the three reports?""], ""rbi_mpr_2025_10_p032_c003"": [""How did the neutral policy stance appear across the three reports?""], ""rbi_mpr_2025_10_p034_c003"": [""How did the neutral policy stance appear across the three reports?""], ""rbi_mpr_2025_10_p034_c005"": [""How did the neutral policy stance appear across the three reports?""], ""rbi_mpr_2025_10_p035_c000"": [""How did the neutral policy stance appear across the three reports?""], ""rbi_mpr_2025_10_p035_c002"": [""How did the neutral policy stance appear across the three reports?""], ""rbi_mpr_2025_10_p040_c001"": [""How did the neutral policy stance appear across the three reports?""], ""rbi_mpr_2025_10_p042_c002"": [""How did the neutral policy stance appear across the three reports?""], ""rbi_mpr_2025_10_p043_c001"": [""How did the neutral policy stance appear across the three reports?""], ""rbi_mpr_2025_10_p043_c002"": [""How did the neutral policy stance appear across the three reports?""], ""rbi_mpr_2025_10_p045_c000"": [""How did the neutral policy stance appear across the three reports?""], ""rbi_mpr_2025_10_p049_c002"": [""How did the neutral policy stance appear across the three reports?""], ""rbi_mpr_2025_10_p055_c000"": [""How did the neutral policy stance appear across the three reports?""], ""rbi_mpr_2025_10_p055_c003"": [""How did the neutral policy stance appear across the three reports?""], ""rbi_mpr_2025_10_p064_c001"": [""How did the neutral policy stance appear across the three reports?""], ""rbi_mpr_2025_10_p064_c002"": [""How did the neutral policy stance appear across the three reports?""], ""rbi_mpr_2025_10_p064_c005"": [""How did the neutral policy stance appear across the three reports?""], ""rbi_mpr_2025_10_p065_c001"": [""How did the neutral policy stance appear across the three reports?""], ""rbi_mpr_2025_10_p066_c000"": [""How did the neutral policy stance appear across the three reports?""], ""rbi_mpr_2025_10_p069_c003"": [""How did the neutral policy stance appear across the three reports?""], ""rbi_mpr_2025_10_p069_c004"": [""How did the neutral policy stance appear across the three reports?""], ""rbi_mpr_2025_10_p070_c000"": [""How did the neutral policy stance appear across the three reports?""], ""rbi_mpr_2025_10_p070_c001"": [""How did the neutral policy stance appear across the three reports?""], ""rbi_mpr_2025_10_p070_c002"": [""How did the neutral policy stance appear across the three reports?""], ""rbi_mpr_2025_10_p070_c003"": [""How did the neutral policy stance appear across the three reports?""], ""rbi_mpr_2025_10_p071_c000"": [""How did the neutral policy stance appear across the three reports?""], ""rbi_mpr_2025_10_p071_c001"": [""How did the neutral policy stance appear across the three reports?""], ""rbi_mpr_2025_10_p072_c000"": [""How did the neutral policy stance appear across the three reports?""], ""rbi_mpr_2025_10_p072_c001"": [""How did the neutral policy stance appear across the three reports?""], ""rbi_mpr_2025_10_p073_c002"": [""How did the neutral policy stance appear across the three reports?""], ""rbi_mpr_2025_10_p073_c003"": [""How did the neutral policy stance appear across the three reports?""], ""rbi_mpr_2025_10_p074_c000"": [""How did the neutral policy stance appear across the three reports?""], ""rbi_mpr_2025_10_p074_c001"": [""How did the neutral policy stance appear across the three reports?""], ""rbi_mpr_2025_10_p076_c000"": [""How did the neutral policy stance appear across the three reports?""], ""rbi_mpr_2025_10_p076_c001"": [""How did the neutral policy stance appear across the three reports?""], ""rbi_mpr_2025_10_p079_c000"": [""How did the neutral policy stance appear across the three reports?""], ""rbi_mpr_2025_10_p080_c002"": [""How did the neutral policy stance appear across the three reports?""], ""rbi_mpr_2025_10_p091_c000"": [""How did the neutral policy stance appear across the three reports?""], ""rbi_mpr_2025_10_p093_c000"": [""How did the neutral policy stance appear across the three reports?""], ""rbi_mpr_2025_10_p094_c003"": [""How did the neutral policy stance appear across the three reports?""], ""rbi_mpr_2025_10_p099_c002"": [""How did the neutral policy stance appear across the three reports?""], ""rbi_mpr_2025_10_p099_c003"": [""How did the neutral policy stance appear across the three reports?""], ""rbi_mpr_2025_10_p102_c001"": [""How did the neutral policy stance appear across the three reports?""], ""rbi_mpr_2025_10_p103_c000"": [""How did the neutral policy stance appear across the three reports?""], ""rbi_mpr_2025_10_p103_c001"": [""How did the neutral policy stance appear across the three reports?""], ""rbi_mpr_2025_10_p103_c002"": [""How did the neutral policy stance appear across the three reports?""], ""rbi_mpr_2025_10_p103_c003"": [""How did the neutral policy stance appear across the three reports?""], ""rbi_mpr_2025_10_p104_c000"": [""How did the neutral policy stance appear across the three reports?""], ""rbi_mpr_2025_10_p104_c001"": [""How did the neutral policy stance appear across the three reports?""], ""rbi_mpr_2025_10_p104_c003"": [""How did the neutral policy stance appear across the three reports?""], ""rbi_mpr_2025_10_p105_c000"": [""How did the neutral policy stance appear across the three reports?""], ""rbi_mpr_2025_10_p105_c001"": [""How did the neutral policy stance appear across the three reports?""], ""rbi_mpr_2025_10_p106_c000"": [""How did the neutral policy stance appear across the three reports?""], ""rbi_mpr_2025_10_p107_c000"": [""How did the neutral policy stance appear across the three reports?""], ""rbi_mpr_2025_10_p107_c001"": [""How did the neutral policy stance appear across the three reports?""], ""rbi_mpr_2025_10_p107_c003"": [""How did the neutral policy stance appear across the three reports?""], ""rbi_mpr_2025_10_p110_c000"": [""How did the neutral policy stance appear across the three reports?""], ""rbi_mpr_2026_04_p003_c000"": [""How did the neutral policy stance appear across the three reports?""], ""rbi_mpr_2026_04_p013_c000"": [""How did the neutral policy stance appear across the three reports?""], ""rbi_mpr_2026_04_p013_c001"": [""How did the neutral policy stance appear across the three reports?""], ""rbi_mpr_2026_04_p013_c003"": [""How did the neutral policy stance appear across the three reports?""], ""rbi_mpr_2026_04_p013_c004"": [""How did the neutral policy stance appear across the three reports?""], ""rbi_mpr_2026_04_p014_c000"": [""How did the neutral policy stance appear across the three reports?""], ""rbi_mpr_2026_04_p014_c002"": [""How did the neutral policy stance appear across the three reports?""], ""rbi_mpr_2026_04_p015_c001"": [""How did the neutral policy stance appear across the three reports?""], ""rbi_mpr_2026_04_p016_c002"": [""How did the neutral policy stance appear across the three reports?""], ""rbi_mpr_2026_04_p016_c003"": [""How did the neutral policy stance appear across the three reports?""], ""rbi_mpr_2026_04_p017_c000"": [""How did the neutral policy stance appear across the three reports?""], ""rbi_mpr_2026_04_p018_c002"": [""How did the neutral policy stance appear across the three reports?""], ""rbi_mpr_2026_04_p018_c003"": [""How did the neutral policy stance appear across the three reports?""], ""rbi_mpr_2026_04_p020_c000"": [""How did the neutral policy stance appear across the three reports?""], ""rbi_mpr_2026_04_p020_c001"": [""How did the neutral policy stance appear across the three reports?""], ""rbi_mpr_2026_04_p020_c002"": [""How did the neutral policy stance appear across the three reports?""], ""rbi_mpr_2026_04_p020_c003"": [""How did the neutral policy stance appear across the three reports?""], ""rbi_mpr_2026_04_p021_c000"": [""How did the neutral policy stance appear across the three reports?""], ""rbi_mpr_2026_04_p021_c003"": [""How did the neutral policy stance appear across the three reports?""], ""rbi_mpr_2026_04_p022_c000"": [""How did the neutral policy stance appear across the three reports?""], ""rbi_mpr_2026_04_p022_c001"": [""How did the neutral policy stance appear across the three reports?""], ""rbi_mpr_2026_04_p023_c000"": [""How did the neutral policy stance appear across the three reports?""], ""rbi_mpr_2026_04_p023_c001"": [""How did the neutral policy stance appear across the three reports?""], ""rbi_mpr_2026_04_p023_c002"": [""How did the neutral policy stance appear across the three reports?""], ""rbi_mpr_2026_04_p024_c000"": [""How did the neutral policy stance appear across the three reports?""], ""rbi_mpr_2026_04_p024_c002"": [""How did the neutral policy stance appear across the three reports?""], ""rbi_mpr_2026_04_p026_c000"": [""How did the neutral policy stance appear across the three reports?""], ""rbi_mpr_2026_04_p026_c002"": [""How did the neutral policy stance appear across the three reports?""], ""rbi_mpr_2026_04_p026_c003"": [""How did the neutral policy stance appear across the three reports?""], ""rbi_mpr_2026_04_p026_c004"": [""How did the neutral policy stance appear across the three reports?""], ""rbi_mpr_2026_04_p028_c000"": [""How did the neutral policy stance appear across the three reports?""], ""rbi_mpr_2026_04_p028_c001"": [""How did the neutral policy stance appear across the three reports?""], ""rbi_mpr_2026_04_p028_c002"": [""How did the neutral policy stance appear across the three reports?""], ""rbi_mpr_2026_04_p028_c003"": [""How did the neutral policy stance appear across the three reports?""], ""rbi_mpr_2026_04_p030_c001"": [""How did the neutral policy stance appear across the three reports?""], ""rbi_mpr_2026_04_p030_c002"": [""How did the neutral policy stance appear across the three reports?""], ""rbi_mpr_2026_04_p032_c003"": [""How did the neutral policy stance appear across the three reports?""], ""rbi_mpr_2026_04_p034_c000"": [""How did the neutral policy stance appear across the three reports?""], ""rbi_mpr_2026_04_p038_c000"": [""How did the neutral policy stance appear across the three reports?""], ""rbi_mpr_2026_04_p038_c001"": [""How did the neutral policy stance appear across the three reports?""], ""rbi_mpr_2026_04_p039_c002"": [""How did the neutral policy stance appear across the three reports?""], ""rbi_mpr_2026_04_p040_c000"": [""How did the neutral policy stance appear across the three reports?""], ""rbi_mpr_2026_04_p049_c000"": [""How did the neutral policy stance appear across the three reports?""], ""rbi_mpr_2026_04_p049_c001"": [""How did the neutral policy stance appear across the three reports?""], ""rbi_mpr_2026_04_p050_c000"": [""How did the neutral policy stance appear across the three reports?""], ""rbi_mpr_2026_04_p050_c002"": [""How did the neutral policy stance appear across the three reports?""], ""rbi_mpr_2026_04_p052_c001"": [""How did the neutral policy stance appear across the three reports?""], ""rbi_mpr_2026_04_p055_c000"": [""How did the neutral policy stance appear across the three reports?""], ""rbi_mpr_2026_04_p058_c000"": [""How did the neutral policy stance appear across the three reports?""], ""rbi_mpr_2026_04_p068_c001"": [""How did the neutral policy stance appear across the three reports?""], ""rbi_mpr_2026_04_p068_c002"": [""How did the neutral policy stance appear across the three reports?""], ""rbi_mpr_2026_04_p074_c002"": [""How did the neutral policy stance appear across the three reports?""], ""rbi_mpr_2026_04_p074_c003"": [""How did the neutral policy stance appear across the three reports?""], ""rbi_mpr_2026_04_p078_c000"": [""How did the neutral policy stance appear across the three reports?""], ""rbi_mpr_2026_04_p078_c001"": [""How did the neutral policy stance appear across the three reports?""], ""rbi_mpr_2026_04_p082_c000"": [""How did the neutral policy stance appear across the three reports?""], ""rbi_mpr_2026_04_p082_c004"": [""How did the neutral policy stance appear across the three reports?""], ""rbi_mpr_2026_04_p088_c000"": [""How did the neutral policy stance appear across the three reports?""], ""rbi_mpr_2026_04_p088_c004"": [""How did the neutral policy stance appear across the three reports?""], ""rbi_mpr_2026_04_p089_c002"": [""How did the neutral policy stance appear across the three reports?""], ""rbi_mpr_2026_04_p089_c003"": [""How did the neutral policy stance appear across the three reports?""], ""rbi_mpr_2026_04_p093_c003"": [""How did the neutral policy stance appear across the three reports?""], ""rbi_mpr_2026_04_p099_c003"": [""How did the neutral policy stance appear across the three reports?""], ""rbi_mpr_2026_04_p100_c000"": [""How did the neutral policy stance appear across the three reports?""], ""rbi_mpr_2026_04_p100_c001"": [""How did the neutral policy stance appear across the three reports?""], ""rbi_mpr_2026_04_p100_c003"": [""How did the neutral policy stance appear across the three reports?""], ""rbi_mpr_2026_04_p100_c004"": [""How did the neutral policy stance appear across the three reports?""], ""rbi_mpr_2026_04_p101_c002"": [""How did the neutral policy stance appear across the three reports?""], ""rbi_mpr_2026_04_p101_c005"": [""How did the neutral policy stance appear across the three reports?""], ""rbi_mpr_2026_04_p102_c002"": [""How did the neutral policy stance appear across the three reports?""], ""rbi_mpr_2026_04_p102_c004"": [""How did the neutral policy stance appear across the three reports?""], ""rbi_mpr_2026_04_p103_c001"": [""How did the neutral policy stance appear across the three reports?""], ""rbi_mpr_2026_04_p103_c002"": [""How did the neutral policy stance appear across the three reports?""], ""rbi_mpr_2026_04_p103_c003"": [""How did the neutral policy stance appear across the three reports?""], ""rbi_mpr_2026_04_p103_c004"": [""How did the neutral policy stance appear across the three reports?""], ""rbi_mpr_2026_04_p104_c000"": [""How did the neutral policy stance appear across the three reports?""], ""rbi_mpr_2026_04_p104_c002"": [""How did the neutral policy stance appear across the three reports?""], ""rbi_mpr_2026_04_p104_c004"": [""How did the neutral policy stance appear across the three reports?""], ""rbi_mpr_2026_04_p104_c005"": [""How did the neutral policy stance appear across the three reports?""], ""rbi_mpr_2026_04_p105_c000"": [""How did the neutral policy stance appear across the three reports?""], ""rbi_mpr_2026_04_p107_c001"": [""How did the neutral policy stance appear across the three reports?""], ""rbi_mpr_2026_04_p107_c004"": [""How did the neutral policy stance appear across the three reports?""], ""rbi_mpr_2026_04_p110_c000"": [""How did the neutral policy stance appear across the three reports?""], ""rbi_mpr_2026_04_p110_c002"": [""How did the neutral policy stance appear across the three reports?""], ""rbi_mpr_2026_04_p112_c000"": [""How did the neutral policy stance appear across the three reports?""], ""rbi_mpr_2026_04_p112_c003"": [""How did the neutral policy stance appear across the three reports?""], ""rbi_mpr_2026_04_p114_c000"": [""How did the neutral policy stance appear across the three reports?""], ""rbi_mpr_2026_04_p116_c000"": [""How did the neutral policy stance appear across the three reports?""]}, ""candidate_source_retriever"": {""rbi_mpr_2025_04_p003_c000"": [""dense""], ""rbi_mpr_2025_04_p011_c001"": [""bm25"", ""dense""], ""rbi_mpr_2025_04_p011_c003"": [""dense""], ""rbi_mpr_2025_04_p012_c000"": [""bm25"", ""dense""], ""rbi_mpr_2025_04_p012_c001"": [""bm25""], ""rbi_mpr_2025_04_p012_c003"": [""bm25"", ""dense""], ""rbi_mpr_2025_04_p013_c000"": [""bm25"", ""dense""], ""rbi_mpr_2025_04_p013_c002"": [""bm25"", ""dense""], ""rbi_mpr_2025_04_p013_c003"": [""bm25"", ""dense""], ""rbi_mpr_2025_04_p015_c001"": [""bm25""], ""rbi_mpr_2025_04_p015_c002"": [""bm25""], ""rbi_mpr_2025_04_p018_c000"": [""dense""], ""rbi_mpr_2025_04_p018_c001"": [""dense""], ""rbi_mpr_2025_04_p019_c000"": [""dense""], ""rbi_mpr_2025_04_p019_c001"": [""bm25"", ""dense""], ""rbi_mpr_2025_04_p019_c003"": [""dense""], ""rbi_mpr_2025_04_p019_c004"": [""dense""], ""rbi_mpr_2025_04_p021_c001"": [""dense""], ""rbi_mpr_2025_04_p024_c000"": [""dense""], ""rbi_mpr_2025_04_p025_c003"": [""dense""], ""rbi_mpr_2025_04_p026_c000"": [""dense""], ""rbi_mpr_2025_04_p027_c000"": [""bm25""], ""rbi_mpr_2025_04_p027_c001"": [""bm25""], ""rbi_mpr_2025_04_p027_c002"": [""bm25""], ""rbi_mpr_2025_04_p028_c001"": [""bm25""], ""rbi_mpr_2025_04_p028_c002"": [""bm25""], ""rbi_mpr_2025_04_p028_c003"": [""bm25""], ""rbi_mpr_2025_04_p029_c003"": [""bm25""], ""rbi_mpr_2025_04_p030_c000"": [""dense""], ""rbi_mpr_2025_04_p039_c002"": [""bm25""], ""rbi_mpr_2025_04_p044_c001"": [""bm25""], ""rbi_mpr_2025_04_p044_c002"": [""bm25""], ""rbi_mpr_2025_04_p046_c000"": [""dense""], ""rbi_mpr_2025_04_p047_c002"": [""dense""], ""rbi_mpr_2025_04_p050_c000"": [""dense""], ""rbi_mpr_2025_04_p052_c000"": [""dense""], ""rbi_mpr_2025_04_p055_c000"": [""bm25""], ""rbi_mpr_2025_04_p060_c000"": [""bm25""], ""rbi_mpr_2025_04_p064_c000"": [""dense""], ""rbi_mpr_2025_04_p068_c000"": [""dense""], ""rbi_mpr_2025_04_p069_c000"": [""bm25""], ""rbi_mpr_2025_04_p069_c001"": [""bm25""], ""rbi_mpr_2025_04_p069_c002"": [""bm25""], ""rbi_mpr_2025_04_p073_c001"": [""bm25""], ""rbi_mpr_2025_04_p073_c002"": [""bm25""], ""rbi_mpr_2025_04_p073_c003"": [""bm25"", ""dense""], ""rbi_mpr_2025_04_p073_c004"": [""bm25""], ""rbi_mpr_2025_04_p074_c000"": [""bm25""], ""rbi_mpr_2025_04_p074_c001"": [""bm25""], ""rbi_mpr_2025_04_p075_c000"": [""bm25""], ""rbi_mpr_2025_04_p075_c001"": [""bm25"", ""dense""], ""rbi_mpr_2025_04_p075_c002"": [""bm25""], ""rbi_mpr_2025_04_p078_c000"": [""bm25"", ""dense""], ""rbi_mpr_2025_04_p078_c001"": [""bm25"", ""dense""], ""rbi_mpr_2025_04_p078_c002"": [""bm25""], ""rbi_mpr_2025_04_p078_c003"": [""dense""], ""rbi_mpr_2025_04_p085_c002"": [""dense""], ""rbi_mpr_2025_04_p094_c001"": [""bm25""], ""rbi_mpr_2025_04_p099_c001"": [""dense""], ""rbi_mpr_2025_04_p099_c002"": [""dense""], ""rbi_mpr_2025_04_p100_c001"": [""bm25""], ""rbi_mpr_2025_04_p100_c002"": [""bm25""], ""rbi_mpr_2025_04_p101_c001"": [""bm25""], ""rbi_mpr_2025_04_p101_c003"": [""bm25""], ""rbi_mpr_2025_04_p104_c000"": [""dense""], ""rbi_mpr_2025_04_p106_c001"": [""bm25""], ""rbi_mpr_2025_04_p107_c000"": [""dense""], ""rbi_mpr_2025_04_p107_c001"": [""dense""], ""rbi_mpr_2025_04_p108_c000"": [""bm25"", ""dense""], ""rbi_mpr_2025_04_p108_c002"": [""bm25"", ""dense""], ""rbi_mpr_2025_04_p108_c003"": [""dense""], ""rbi_mpr_2025_04_p109_c003"": [""dense""], ""rbi_mpr_2025_04_p110_c000"": [""dense""], ""rbi_mpr_2025_04_p110_c001"": [""dense""], ""rbi_mpr_2025_04_p110_c003"": [""dense""], ""rbi_mpr_2025_04_p111_c001"": [""bm25""], ""rbi_mpr_2025_04_p111_c002"": [""dense""], ""rbi_mpr_2025_04_p111_c003"": [""dense""], ""rbi_mpr_2025_04_p112_c000"": [""dense""], ""rbi_mpr_2025_04_p112_c001"": [""dense""], ""rbi_mpr_2025_04_p113_c000"": [""bm25""], ""rbi_mpr_2025_04_p113_c001"": [""bm25""], ""rbi_mpr_2025_04_p113_c002"": [""bm25""], ""rbi_mpr_2025_04_p113_c003"": [""bm25"", ""dense""], ""rbi_mpr_2025_04_p114_c000"": [""dense""], ""rbi_mpr_2025_04_p114_c001"": [""dense""], ""rbi_mpr_2025_10_p003_c000"": [""dense""], ""rbi_mpr_2025_10_p005_c001"": [""dense""], ""rbi_mpr_2025_10_p009_c000"": [""dense""], ""rbi_mpr_2025_10_p009_c001"": [""bm25"", ""dense""], ""rbi_mpr_2025_10_p010_c000"": [""dense""], ""rbi_mpr_2025_10_p010_c001"": [""bm25"", ""dense""], ""rbi_mpr_2025_10_p010_c002"": [""bm25"", ""dense""], ""rbi_mpr_2025_10_p010_c004"": [""bm25"", ""dense""], ""rbi_mpr_2025_10_p011_c000"": [""dense""], ""rbi_mpr_2025_10_p011_c001"": [""bm25"", ""dense""], ""rbi_mpr_2025_10_p011_c003"": [""bm25"", ""dense""], ""rbi_mpr_2025_10_p011_c004"": [""dense""], ""rbi_mpr_2025_10_p011_c005"": [""dense""], ""rbi_mpr_2025_10_p014_c000"": [""bm25""], ""rbi_mpr_2025_10_p014_c001"": [""bm25""], ""rbi_mpr_2025_10_p014_c003"": [""bm25""], ""rbi_mpr_2025_10_p015_c003"": [""dense""], ""rbi_mpr_2025_10_p016_c003"": [""dense""], ""rbi_mpr_2025_10_p017_c000"": [""bm25""], ""rbi_mpr_2025_10_p019_c000"": [""bm25""], ""rbi_mpr_2025_10_p019_c002"": [""bm25""], ""rbi_mpr_2025_10_p019_c003"": [""bm25""], ""rbi_mpr_2025_10_p023_c000"": [""bm25""], ""rbi_mpr_2025_10_p027_c002"": [""bm25""], ""rbi_mpr_2025_10_p031_c000"": [""bm25""], ""rbi_mpr_2025_10_p032_c003"": [""bm25""], ""rbi_mpr_2025_10_p034_c003"": [""bm25""], ""rbi_mpr_2025_10_p034_c005"": [""bm25""], ""rbi_mpr_2025_10_p035_c000"": [""bm25""], ""rbi_mpr_2025_10_p035_c002"": [""bm25""], ""rbi_mpr_2025_10_p040_c001"": [""bm25""], ""rbi_mpr_2025_10_p042_c002"": [""bm25""], ""rbi_mpr_2025_10_p043_c001"": [""bm25""], ""rbi_mpr_2025_10_p043_c002"": [""bm25""], ""rbi_mpr_2025_10_p045_c000"": [""bm25""], ""rbi_mpr_2025_10_p049_c002"": [""bm25"", ""dense""], ""rbi_mpr_2025_10_p055_c000"": [""dense""], ""rbi_mpr_2025_10_p055_c003"": [""bm25""], ""rbi_mpr_2025_10_p064_c001"": [""bm25""], ""rbi_mpr_2025_10_p064_c002"": [""bm25""], ""rbi_mpr_2025_10_p064_c005"": [""dense""], ""rbi_mpr_2025_10_p065_c001"": [""dense""], ""rbi_mpr_2025_10_p066_c000"": [""bm25"", ""dense""], ""rbi_mpr_2025_10_p069_c003"": [""bm25""], ""rbi_mpr_2025_10_p069_c004"": [""bm25""], ""rbi_mpr_2025_10_p070_c000"": [""dense""], ""rbi_mpr_2025_10_p070_c001"": [""bm25"", ""dense""], ""rbi_mpr_2025_10_p070_c002"": [""dense""], ""rbi_mpr_2025_10_p070_c003"": [""bm25"", ""dense""], ""rbi_mpr_2025_10_p071_c000"": [""dense""], ""rbi_mpr_2025_10_p071_c001"": [""bm25"", ""dense""], ""rbi_mpr_2025_10_p072_c000"": [""bm25"", ""dense""], ""rbi_mpr_2025_10_p072_c001"": [""bm25""], ""rbi_mpr_2025_10_p073_c002"": [""bm25"", ""dense""], ""rbi_mpr_2025_10_p073_c003"": [""bm25"", ""dense""], ""rbi_mpr_2025_10_p074_c000"": [""dense""], ""rbi_mpr_2025_10_p074_c001"": [""bm25""], ""rbi_mpr_2025_10_p076_c000"": [""bm25"", ""dense""], ""rbi_mpr_2025_10_p076_c001"": [""bm25""], ""rbi_mpr_2025_10_p079_c000"": [""dense""], ""rbi_mpr_2025_10_p080_c002"": [""dense""], ""rbi_mpr_2025_10_p091_c000"": [""bm25""], ""rbi_mpr_2025_10_p093_c000"": [""bm25""], ""rbi_mpr_2025_10_p094_c003"": [""bm25""], ""rbi_mpr_2025_10_p099_c002"": [""dense""], ""rbi_mpr_2025_10_p099_c003"": [""dense""], ""rbi_mpr_2025_10_p102_c001"": [""dense""], ""rbi_mpr_2025_10_p103_c000"": [""bm25"", ""dense""], ""rbi_mpr_2025_10_p103_c001"": [""bm25"", ""dense""], ""rbi_mpr_2025_10_p103_c002"": [""dense""], ""rbi_mpr_2025_10_p103_c003"": [""dense""], ""rbi_mpr_2025_10_p104_c000"": [""dense""], ""rbi_mpr_2025_10_p104_c001"": [""dense""], ""rbi_mpr_2025_10_p104_c003"": [""dense""], ""rbi_mpr_2025_10_p105_c000"": [""dense""], ""rbi_mpr_2025_10_p105_c001"": [""bm25"", ""dense""], ""rbi_mpr_2025_10_p106_c000"": [""dense""], ""rbi_mpr_2025_10_p107_c000"": [""bm25"", ""dense""], ""rbi_mpr_2025_10_p107_c001"": [""dense""], ""rbi_mpr_2025_10_p107_c003"": [""dense""], ""rbi_mpr_2025_10_p110_c000"": [""dense""], ""rbi_mpr_2026_04_p003_c000"": [""dense""], ""rbi_mpr_2026_04_p013_c000"": [""dense""], ""rbi_mpr_2026_04_p013_c001"": [""bm25""], ""rbi_mpr_2026_04_p013_c003"": [""dense""], ""rbi_mpr_2026_04_p013_c004"": [""dense""], ""rbi_mpr_2026_04_p014_c000"": [""bm25"", ""dense""], ""rbi_mpr_2026_04_p014_c002"": [""dense""], ""rbi_mpr_2026_04_p015_c001"": [""bm25""], ""rbi_mpr_2026_04_p016_c002"": [""dense""], ""rbi_mpr_2026_04_p016_c003"": [""dense""], ""rbi_mpr_2026_04_p017_c000"": [""bm25""], ""rbi_mpr_2026_04_p018_c002"": [""bm25""], ""rbi_mpr_2026_04_p018_c003"": [""bm25""], ""rbi_mpr_2026_04_p020_c000"": [""bm25"", ""dense""], ""rbi_mpr_2026_04_p020_c001"": [""bm25"", ""dense""], ""rbi_mpr_2026_04_p020_c002"": [""bm25"", ""dense""], ""rbi_mpr_2026_04_p020_c003"": [""bm25"", ""dense""], ""rbi_mpr_2026_04_p021_c000"": [""dense""], ""rbi_mpr_2026_04_p021_c003"": [""dense""], ""rbi_mpr_2026_04_p022_c000"": [""dense""], ""rbi_mpr_2026_04_p022_c001"": [""bm25""], ""rbi_mpr_2026_04_p023_c000"": [""bm25""], ""rbi_mpr_2026_04_p023_c001"": [""bm25"", ""dense""], ""rbi_mpr_2026_04_p023_c002"": [""bm25""], ""rbi_mpr_2026_04_p024_c000"": [""dense""], ""rbi_mpr_2026_04_p024_c002"": [""dense""], ""rbi_mpr_2026_04_p026_c000"": [""bm25""], ""rbi_mpr_2026_04_p026_c002"": [""bm25"", ""dense""], ""rbi_mpr_2026_04_p026_c003"": [""dense""], ""rbi_mpr_2026_04_p026_c004"": [""dense""], ""rbi_mpr_2026_04_p028_c000"": [""dense""], ""rbi_mpr_2026_04_p028_c001"": [""bm25""], ""rbi_mpr_2026_04_p028_c002"": [""bm25""], ""rbi_mpr_2026_04_p028_c003"": [""bm25""], ""rbi_mpr_2026_04_p030_c001"": [""bm25""], ""rbi_mpr_2026_04_p030_c002"": [""bm25""], ""rbi_mpr_2026_04_p032_c003"": [""dense""], ""rbi_mpr_2026_04_p034_c000"": [""dense""], ""rbi_mpr_2026_04_p038_c000"": [""dense""], ""rbi_mpr_2026_04_p038_c001"": [""dense""], ""rbi_mpr_2026_04_p039_c002"": [""dense""], ""rbi_mpr_2026_04_p040_c000"": [""dense""], ""rbi_mpr_2026_04_p049_c000"": [""bm25""], ""rbi_mpr_2026_04_p049_c001"": [""bm25""], ""rbi_mpr_2026_04_p050_c000"": [""bm25""], ""rbi_mpr_2026_04_p050_c002"": [""bm25""], ""rbi_mpr_2026_04_p052_c001"": [""bm25""], ""rbi_mpr_2026_04_p055_c000"": [""dense""], ""rbi_mpr_2026_04_p058_c000"": [""dense""], ""rbi_mpr_2026_04_p068_c001"": [""dense""], ""rbi_mpr_2026_04_p068_c002"": [""dense""], ""rbi_mpr_2026_04_p074_c002"": [""bm25""], ""rbi_mpr_2026_04_p074_c003"": [""bm25""], ""rbi_mpr_2026_04_p078_c000"": [""dense""], ""rbi_mpr_2026_04_p078_c001"": [""dense""], ""rbi_mpr_2026_04_p082_c000"": [""dense""], ""rbi_mpr_2026_04_p082_c004"": [""bm25""], ""rbi_mpr_2026_04_p088_c000"": [""bm25""], ""rbi_mpr_2026_04_p088_c004"": [""bm25""], ""rbi_mpr_2026_04_p089_c002"": [""bm25""], ""rbi_mpr_2026_04_p089_c003"": [""bm25""], ""rbi_mpr_2026_04_p093_c003"": [""bm25""], ""rbi_mpr_2026_04_p099_c003"": [""bm25""], ""rbi_mpr_2026_04_p100_c000"": [""dense""], ""rbi_mpr_2026_04_p100_c001"": [""dense""], ""rbi_mpr_2026_04_p100_c003"": [""bm25"", ""dense""], ""rbi_mpr_2026_04_p100_c004"": [""bm25""], ""rbi_mpr_2026_04_p101_c002"": [""dense""], ""rbi_mpr_2026_04_p101_c005"": [""dense""], ""rbi_mpr_2026_04_p102_c002"": [""bm25"", ""dense""], ""rbi_mpr_2026_04_p102_c004"": [""bm25"", ""dense""], ""rbi_mpr_2026_04_p103_c001"": [""bm25"", ""dense""], ""rbi_mpr_2026_04_p103_c002"": [""bm25""], ""rbi_mpr_2026_04_p103_c003"": [""bm25"", ""dense""], ""rbi_mpr_2026_04_p103_c004"": [""dense""], ""rbi_mpr_2026_04_p104_c000"": [""bm25""], ""rbi_mpr_2026_04_p104_c002"": [""bm25""], ""rbi_mpr_2026_04_p104_c004"": [""bm25""], ""rbi_mpr_2026_04_p104_c005"": [""dense""], ""rbi_mpr_2026_04_p105_c000"": [""bm25""], ""rbi_mpr_2026_04_p107_c001"": [""bm25""], ""rbi_mpr_2026_04_p107_c004"": [""bm25""], ""rbi_mpr_2026_04_p110_c000"": [""dense""], ""rbi_mpr_2026_04_p110_c002"": [""bm25""], ""rbi_mpr_2026_04_p112_c000"": [""dense""], ""rbi_mpr_2026_04_p112_c003"": [""dense""], ""rbi_mpr_2026_04_p114_c000"": [""dense""], ""rbi_mpr_2026_04_p116_c000"": [""bm25""]}, ""candidate_union_ids"": [""rbi_mpr_2026_04_p020_c000"", ""rbi_mpr_2026_04_p014_c000"", ""rbi_mpr_2026_04_p103_c004"", ""rbi_mpr_2026_04_p021_c000"", ""rbi_mpr_2026_04_p026_c002"", ""rbi_mpr_2026_04_p103_c001"", ""rbi_mpr_2026_04_p102_c004"", ""rbi_mpr_2026_04_p040_c000"", ""rbi_mpr_2026_04_p034_c000"", ""rbi_mpr_2026_04_p020_c003"", ""rbi_mpr_2026_04_p055_c000"", ""rbi_mpr_2026_04_p102_c002"", ""rbi_mpr_2026_04_p003_c000"", ""rbi_mpr_2026_04_p078_c001"", ""rbi_mpr_2026_04_p022_c000"", ""rbi_mpr_2026_04_p101_c005"", ""rbi_mpr_2026_04_p020_c001"", ""rbi_mpr_2026_04_p026_c004"", ""rbi_mpr_2026_04_p024_c000"", ""rbi_mpr_2026_04_p016_c002"", ""rbi_mpr_2026_04_p013_c003"", ""rbi_mpr_2026_04_p038_c001"", ""rbi_mpr_2026_04_p110_c000"", ""rbi_mpr_2026_04_p103_c003"", ""rbi_mpr_2026_04_p112_c000"", ""rbi_mpr_2026_04_p020_c002"", ""rbi_mpr_2026_04_p078_c000"", ""rbi_mpr_2026_04_p100_c003"", ""rbi_mpr_2026_04_p068_c002"", ""rbi_mpr_2026_04_p038_c000"", ""rbi_mpr_2026_04_p104_c005"", ""rbi_mpr_2026_04_p100_c000"", ""rbi_mpr_2026_04_p068_c001"", ""rbi_mpr_2026_04_p112_c003"", ""rbi_mpr_2026_04_p021_c003"", ""rbi_mpr_2026_04_p058_c000"", ""rbi_mpr_2026_04_p039_c002"", ""rbi_mpr_2026_04_p016_c003"", ""rbi_mpr_2026_04_p026_c003"", ""rbi_mpr_2026_04_p013_c004"", ""rbi_mpr_2026_04_p028_c000"", ""rbi_mpr_2026_04_p100_c001"", ""rbi_mpr_2026_04_p082_c000"", ""rbi_mpr_2026_04_p114_c000"", ""rbi_mpr_2026_04_p013_c000"", ""rbi_mpr_2026_04_p024_c002"", ""rbi_mpr_2026_04_p101_c002"", ""rbi_mpr_2026_04_p014_c002"", ""rbi_mpr_2026_04_p032_c003"", ""rbi_mpr_2026_04_p023_c001"", ""rbi_mpr_2026_04_p050_c002"", ""rbi_mpr_2026_04_p105_c000"", ""rbi_mpr_2026_04_p107_c004"", ""rbi_mpr_2026_04_p110_c002"", ""rbi_mpr_2026_04_p074_c002"", ""rbi_mpr_2026_04_p015_c001"", ""rbi_mpr_2026_04_p018_c002"", ""rbi_mpr_2026_04_p089_c003"", ""rbi_mpr_2026_04_p074_c003"", ""rbi_mpr_2026_04_p089_c002"", ""rbi_mpr_2026_04_p023_c000"", ""rbi_mpr_2026_04_p104_c004"", ""rbi_mpr_2026_04_p107_c001"", ""rbi_mpr_2026_04_p028_c003"", ""rbi_mpr_2026_04_p103_c002"", ""rbi_mpr_2026_04_p088_c000"", ""rbi_mpr_2026_04_p017_c000"", ""rbi_mpr_2026_04_p049_c000"", ""rbi_mpr_2026_04_p049_c001"", ""rbi_mpr_2026_04_p030_c001"", ""rbi_mpr_2026_04_p022_c001"", ""rbi_mpr_2026_04_p026_c000"", ""rbi_mpr_2026_04_p104_c000"", ""rbi_mpr_2026_04_p018_c003"", ""rbi_mpr_2026_04_p052_c001"", ""rbi_mpr_2026_04_p028_c002"", ""rbi_mpr_2026_04_p104_c002"", ""rbi_mpr_2026_04_p030_c002"", ""rbi_mpr_2026_04_p028_c001"", ""rbi_mpr_2026_04_p100_c004"", ""rbi_mpr_2026_04_p023_c002"", ""rbi_mpr_2026_04_p093_c003"", ""rbi_mpr_2026_04_p013_c001"", ""rbi_mpr_2026_04_p082_c004"", ""rbi_mpr_2026_04_p050_c000"", ""rbi_mpr_2026_04_p088_c004"", ""rbi_mpr_2026_04_p099_c003"", ""rbi_mpr_2026_04_p116_c000""], ""candidate_union_pages"": [20, 14, 103, 21, 26, 103, 102, 40, 34, 20, 55, 102, 3, 78, 22, 101, 20, 26, 24, 16, 13, 38, 110, 103, 112, 20, 78, 100, 68, 38, 104, 100, 68, 112, 21, 58, 39, 16, 26, 13, 28, 100, 82, 114, 13, 24, 101, 14, 32, 23, 50, 105, 107, 110, 74, 15, 18, 89, 74, 89, 23, 104, 107, 28, 103, 88, 17, 49, 49, 30, 22, 26, 104, 18, 52, 28, 104, 30, 28, 100, 23, 93, 13, 82, 50, 88, 99, 116], ""dense_candidate_ids"": [""rbi_mpr_2026_04_p020_c000"", ""rbi_mpr_2026_04_p014_c000"", ""rbi_mpr_2026_04_p103_c004"", ""rbi_mpr_2026_04_p021_c000"", ""rbi_mpr_2026_04_p026_c002"", ""rbi_mpr_2026_04_p103_c001"", ""rbi_mpr_2026_04_p102_c004"", ""rbi_mpr_2026_04_p040_c000"", ""rbi_mpr_2026_04_p034_c000"", ""rbi_mpr_2026_04_p020_c003"", ""rbi_mpr_2026_04_p055_c000"", ""rbi_mpr_2026_04_p102_c002"", ""rbi_mpr_2026_04_p003_c000"", ""rbi_mpr_2026_04_p078_c001"", ""rbi_mpr_2026_04_p022_c000"", ""rbi_mpr_2026_04_p101_c005"", ""rbi_mpr_2026_04_p020_c001"", ""rbi_mpr_2026_04_p026_c004"", ""rbi_mpr_2026_04_p024_c000"", ""rbi_mpr_2026_04_p016_c002"", ""rbi_mpr_2026_04_p013_c003"", ""rbi_mpr_2026_04_p038_c001"", ""rbi_mpr_2026_04_p110_c000"", ""rbi_mpr_2026_04_p103_c003"", ""rbi_mpr_2026_04_p112_c000"", ""rbi_mpr_2026_04_p020_c002"", ""rbi_mpr_2026_04_p078_c000"", ""rbi_mpr_2026_04_p100_c003"", ""rbi_mpr_2026_04_p068_c002"", ""rbi_mpr_2026_04_p038_c000"", ""rbi_mpr_2026_04_p104_c005"", ""rbi_mpr_2026_04_p100_c000"", ""rbi_mpr_2026_04_p068_c001"", ""rbi_mpr_2026_04_p112_c003"", ""rbi_mpr_2026_04_p021_c003"", ""rbi_mpr_2026_04_p058_c000"", ""rbi_mpr_2026_04_p039_c002"", ""rbi_mpr_2026_04_p016_c003"", ""rbi_mpr_2026_04_p026_c003"", ""rbi_mpr_2026_04_p013_c004"", ""rbi_mpr_2026_04_p028_c000"", ""rbi_mpr_2026_04_p100_c001"", ""rbi_mpr_2026_04_p082_c000"", ""rbi_mpr_2026_04_p114_c000"", ""rbi_mpr_2026_04_p013_c000"", ""rbi_mpr_2026_04_p024_c002"", ""rbi_mpr_2026_04_p101_c002"", ""rbi_mpr_2026_04_p014_c002"", ""rbi_mpr_2026_04_p032_c003"", ""rbi_mpr_2026_04_p023_c001""], ""dense_candidate_pages"": [20, 14, 103, 21, 26, 103, 102, 40, 34, 20, 55, 102, 3, 78, 22, 101, 20, 26, 24, 16, 13, 38, 110, 103, 112, 20, 78, 100, 68, 38, 104, 100, 68, 112, 21, 58, 39, 16, 26, 13, 28, 100, 82, 114, 13, 24, 101, 14, 32, 23], ""dense_candidate_scores"": [0.11958209028247246, 0.1131762750709987, 0.09683467749786967, 0.07273392940758217, 0.06629549253536104, 0.0656631212203036, 0.06039434368795671, 0.05515414171890021, 0.054060936762224676, 0.047058153588442564, 0.04690305318592247, 0.04417539344399446, 0.042980783169801695, 0.041393954323366566, 0.0363519268360083, 0.02734834846971701, 0.02597267533432146, 0.025156712347150556, 0.02043896271223511, 0.020264053290914963, 0.012861127937370376, 0.006734662037826911, 0.0062022630474372065, 0.0060125179354412195, 0.0020958113033238135, -0.005534032682603218, -0.00734069949087135, -0.017516297420553384, -0.01780694208788458, -0.01974451700762736, -0.019888069173655598, -0.022608563951336702, -0.024053189330896174, -0.03082045591519922, -0.03231456169491054, -0.03252782474837557, -0.03595647087473686, -0.037521889122128504, -0.03757052658531013, -0.038571682824837916, -0.039290033710857486, -0.04189504612361894, -0.04747798626476585, -0.050075159363704325, -0.05144939950625038, -0.05364761053718459, -0.05390538066267725, -0.06027107207436866, -0.06181187656222997, -0.06414327163445854], ""dense_first_evidence_rank"": 5, ""evidence_rank_after_reranking"": 4, ""evidence_rank_before_reranking"": 1, ""expected_evidence"": [""maintain the neutral stance adopted in June 2025""], ""loss_stage"": ""lost_by_quota"", ""report_id"": ""rbi_mpr_2026_04"", ""reranker_input_ids"": [""rbi_mpr_2026_04_p026_c002"", ""rbi_mpr_2026_04_p103_c001"", ""rbi_mpr_2026_04_p020_c003"", ""rbi_mpr_2026_04_p102_c004"", ""rbi_mpr_2026_04_p102_c002"", ""rbi_mpr_2026_04_p014_c000"", ""rbi_mpr_2026_04_p020_c001"", ""rbi_mpr_2026_04_p020_c000"", ""rbi_mpr_2026_04_p020_c002"", ""rbi_mpr_2026_04_p103_c003"", ""rbi_mpr_2026_04_p023_c001"", ""rbi_mpr_2026_04_p100_c003"", ""rbi_mpr_2026_04_p103_c004"", ""rbi_mpr_2026_04_p050_c002"", ""rbi_mpr_2026_04_p021_c000"", ""rbi_mpr_2026_04_p105_c000"", ""rbi_mpr_2026_04_p107_c004"", ""rbi_mpr_2026_04_p040_c000"", ""rbi_mpr_2026_04_p034_c000"", ""rbi_mpr_2026_04_p055_c000"", ""rbi_mpr_2026_04_p110_c002"", ""rbi_mpr_2026_04_p074_c002"", ""rbi_mpr_2026_04_p003_c000"", ""rbi_mpr_2026_04_p015_c001"", ""rbi_mpr_2026_04_p078_c001"", ""rbi_mpr_2026_04_p018_c002"", ""rbi_mpr_2026_04_p022_c000"", ""rbi_mpr_2026_04_p089_c003"", ""rbi_mpr_2026_04_p101_c005"", ""rbi_mpr_2026_04_p074_c003""], ""reranker_input_pages"": [26, 103, 20, 102, 102, 14, 20, 20, 20, 103, 23, 100, 103, 50, 21, 105, 107, 40, 34, 55, 110, 74, 3, 15, 78, 18, 22, 89, 101, 74], ""reranker_input_ranks"": [1, 2, 3, 4, 5, 6, 7, 8, 9, 10, 11, 12, 13, 14, 15, 16, 17, 18, 19, 20, 21, 22, 23, 24, 25, 26, 27, 28, 29, 30], ""reranker_output_ids"": [""rbi_mpr_2026_04_p102_c002"", ""rbi_mpr_2026_04_p020_c000"", ""rbi_mpr_2026_04_p103_c001"", ""rbi_mpr_2026_04_p026_c002"", ""rbi_mpr_2026_04_p102_c004"", ""rbi_mpr_2026_04_p105_c000"", ""rbi_mpr_2026_04_p020_c003"", ""rbi_mpr_2026_04_p023_c001"", ""rbi_mpr_2026_04_p015_c001"", ""rbi_mpr_2026_04_p074_c003"", ""rbi_mpr_2026_04_p014_c000"", ""rbi_mpr_2026_04_p022_c000"", ""rbi_mpr_2026_04_p020_c001"", ""rbi_mpr_2026_04_p050_c002"", ""rbi_mpr_2026_04_p040_c000"", ""rbi_mpr_2026_04_p074_c002"", ""rbi_mpr_2026_04_p100_c003"", ""rbi_mpr_2026_04_p110_c002"", ""rbi_mpr_2026_04_p034_c000"", ""rbi_mpr_2026_04_p020_c002"", ""rbi_mpr_2026_04_p021_c000"", ""rbi_mpr_2026_04_p103_c003"", ""rbi_mpr_2026_04_p078_c001"", ""rbi_mpr_2026_04_p055_c000"", ""rbi_mpr_2026_04_p003_c000"", ""rbi_mpr_2026_04_p103_c004"", ""rbi_mpr_2026_04_p101_c005"", ""rbi_mpr_2026_04_p018_c002"", ""rbi_mpr_2026_04_p107_c004"", ""rbi_mpr_2026_04_p089_c003""], ""reranker_output_pages"": [102, 20, 103, 26, 102, 105, 20, 23, 15, 74, 14, 22, 20, 50, 40, 74, 100, 110, 34, 20, 21, 103, 78, 55, 3, 103, 101, 18, 107, 89], ""reranker_scores"": [-1.9926669597625732, -2.1455583572387695, -2.5288875102996826, -2.591360092163086, -3.6888647079467773, -4.7143988609313965, -5.349786758422852, -6.709418773651123, -7.469582557678223, -7.4850358963012695, -7.8896026611328125, -7.902010917663574, -7.964716911315918, -8.029417037963867, -8.119304656982422, -8.201637268066406, -8.453734397888184, -8.7098388671875, -8.884281158447266, -9.015663146972656, -9.58226490020752, -9.698587417602539, -9.784711837768555, -10.084583282470703, -10.29830551147461, -10.301797866821289, -10.639262199401855, -10.836670875549316, -10.991893768310547, -11.225954055786133], ""rrf_candidate_ids"": [""rbi_mpr_2026_04_p026_c002"", ""rbi_mpr_2026_04_p103_c001"", ""rbi_mpr_2026_04_p020_c003"", ""rbi_mpr_2026_04_p102_c004"", ""rbi_mpr_2026_04_p102_c002"", ""rbi_mpr_2026_04_p014_c000"", ""rbi_mpr_2026_04_p020_c001"", ""rbi_mpr_2026_04_p020_c000"", ""rbi_mpr_2026_04_p020_c002"", ""rbi_mpr_2026_04_p103_c003"", ""rbi_mpr_2026_04_p023_c001"", ""rbi_mpr_2026_04_p100_c003"", ""rbi_mpr_2026_04_p103_c004"", ""rbi_mpr_2026_04_p050_c002"", ""rbi_mpr_2026_04_p021_c000"", ""rbi_mpr_2026_04_p105_c000"", ""rbi_mpr_2026_04_p107_c004"", ""rbi_mpr_2026_04_p040_c000"", ""rbi_mpr_2026_04_p034_c000"", ""rbi_mpr_2026_04_p055_c000"", ""rbi_mpr_2026_04_p110_c002"", ""rbi_mpr_2026_04_p074_c002"", ""rbi_mpr_2026_04_p003_c000"", ""rbi_mpr_2026_04_p015_c001"", ""rbi_mpr_2026_04_p078_c001"", ""rbi_mpr_2026_04_p018_c002"", ""rbi_mpr_2026_04_p022_c000"", ""rbi_mpr_2026_04_p089_c003"", ""rbi_mpr_2026_04_p101_c005"", ""rbi_mpr_2026_04_p074_c003""], ""rrf_candidate_pages"": [26, 103, 20, 102, 102, 14, 20, 20, 20, 103, 23, 100, 103, 50, 21, 105, 107, 40, 34, 55, 110, 74, 3, 15, 78, 18, 22, 89, 101, 74], ""rrf_first_evidence_rank"": 1, ""rrf_scores"": [0.03177805800756621, 0.03128054740957967, 0.029910714285714284, 0.029418126757516764, 0.028594771241830064, 0.027623285131627734, 0.027272727272727275, 0.02681010928961749, 0.026779422128259338, 0.023952954675846242, 0.02207792207792208, 0.021167557932263815, 0.015873015873015872, 0.015873015873015872, 0.015625, 0.015384615384615385, 0.014925373134328358, 0.014705882352941176, 0.014492753623188406, 0.014084507042253521, 0.014084507042253521, 0.013888888888888888, 0.0136986301369863, 0.0136986301369863, 0.013513513513513514, 0.013513513513513514, 0.013333333333333334, 0.013333333333333334, 0.013157894736842105, 0.013157894736842105], ""selected_chunk_ids_after_dedup"": [""rbi_mpr_2026_04_p102_c002"", ""rbi_mpr_2026_04_p020_c000"", ""rbi_mpr_2026_04_p103_c001""], ""selected_chunk_ids_before_dedup"": [""rbi_mpr_2026_04_p102_c002"", ""rbi_mpr_2026_04_p020_c000"", ""rbi_mpr_2026_04_p103_c001""], ""selected_pages"": [102, 20, 103]}}","{""rbi_mpr_2025_04"": true, ""rbi_mpr_2025_10"": false, ""rbi_mpr_2026_04"": false}","{""rbi_mpr_2025_04"": 1.0, ""rbi_mpr_2025_10"": 0.0, ""rbi_mpr_2026_04"": 0.0}",[],[],0.10900000052060932,trend_all_reports,trend_dev_006,"[""across the three reports""]",0.0,"{""rbi_mpr_2025_04"": 3, ""rbi_mpr_2025_10"": 3, ""rbi_mpr_2026_04"": 3}",1.0,"[""rbi_mpr_2025_04"", ""rbi_mpr_2025_10"", ""rbi_mpr_2026_04""]",5625.8997000113595,0.14709999959450215,8735,9,0.014200006262399256,dev,5747.020099996007,7
,0.0,0.0,,04a5ce7716e7f739c55089569953118657c56d931da37da67b3f680d0125b949,0,0.0,bf7cf18e02abb87a6e22fe9b686d8f93fa34ceb3f67abc575741c0a63080b56d,0.0,0.0,0,0,,[],RRF_K60,[],0.0,d063b65fcefc1858e3315b9e67356a80310b8ae9b4d0864e98dd7c18d8553c1a,0.0,What did the April 2024 MPR project?,What did the April 2024 MPR project?,{},,,[],"[""2024""]",0.09290000889450312,unsupported_period,unsupported_dev_001,[],0.0,,0.0,[],0.0,0.12759999663103372,0,0,0.0,dev,0.42810000013560057,0
,0.0,0.0,,04a5ce7716e7f739c55089569953118657c56d931da37da67b3f680d0125b949,0,0.0,bf7cf18e02abb87a6e22fe9b686d8f93fa34ceb3f67abc575741c0a63080b56d,0.0,0.0,0,0,,[],RRF_K60,[],0.0,d063b65fcefc1858e3315b9e67356a80310b8ae9b4d0864e98dd7c18d8553c1a,0.0,Compare October 2024 with April 2025.,Compare October 2024 with April 2025.,{},,,[],"[""2024"", ""2025""]",0.08990000060293823,unsupported_period,unsupported_dev_002,"[""Compare""]",0.0,,0.0,[],0.0,0.060399994254112244,0,0,0.0,dev,0.17460000526625663,0
,0.0,0.0,,04a5ce7716e7f739c55089569953118657c56d931da37da67b3f680d0125b949,0,0.0,bf7cf18e02abb87a6e22fe9b686d8f93fa34ceb3f67abc575741c0a63080b56d,0.0,0.0,0,0,,[],RRF_K60,[],0.0,d063b65fcefc1858e3315b9e67356a80310b8ae9b4d0864e98dd7c18d8553c1a,0.0,What was RBI's forecast in October 2026?,What was RBI's forecast in October 2026?,{},,,[],"[""2026""]",0.06230000872164965,unsupported_period,unsupported_dev_003,[],0.0,,0.0,[],0.0,0.045900000259280205,0,0,0.0,dev,0.16450000111944973,0
,0.0,0.0,,04a5ce7716e7f739c55089569953118657c56d931da37da67b3f680d0125b949,0,0.0,bf7cf18e02abb87a6e22fe9b686d8f93fa34ceb3f67abc575741c0a63080b56d,0.0,0.0,0,0,,[],RRF_K60,[],0.0,d063b65fcefc1858e3315b9e67356a80310b8ae9b4d0864e98dd7c18d8553c1a,0.0,Did the April 2025 MPR report an April 2027 policy decision?,Did the April 2025 MPR report an April 2027 policy decision?,{},,,[],"[""2025"", ""2027""]",0.07399999594781548,unsupported_period,unsupported_dev_004,[],0.0,,0.0,[],0.0,0.05329999839887023,0,0,0.0,dev,0.1466999965487048,0
